550.834 25.6398 542.14 5.50777
543.122 45.4913 534.852 64.3732
557.984 60.0133 546.493 46.5786
626.13 24.0206 617.58 78.0917
138.034 98.9382 59.9946 53.0091
421.524 318.853 417.078 302.978
489.298 208.717 457.174 174.835
456.364 1.62393 444.668 21.3952
499.68 20.8115 494.433 1.87992
243.744 10.44 325.916 120.061
466.952 6.9266 444.445 21.6784
233.791 111.001 173.67 63.4167
417.55 0.568466 400.907 17.911
505.628 26.1369 498.955 8.01675
221.063 146.893 173.395 119.034
276.908 2.05776 382.013 170.99
452.02 20.0402 431.108 30.2218
605.09 27.0685 583.955 54.9655
153.65 322.016 152.941 306.047
413.552 1.59472 397.474 16.5106
276.026 143.967 244.739 119.331
481.538 194.618 470.766 179.456
452.415 306.112 448.76 287.046
471.458 15.6419 462.749 28.834
157.859 51.1809 93.8475 1.19535
481.35 6.55104 459.757 37.8325
595.639 32.7619 586.479 46.6564
468.672 75.4903 457.434 60.6712
511.255 64.0079 511.844 45.0262
562.48 93.3442 540.813 123.583
324 220.999 324 293.006
418.531 338.964 420.232 316.941
226.954 32.042 198.63 1.3415
516.895 40.0039 516.233 22.0282
556.59 96.2958 565.207 79.104
148.955 155.107 57.4607 116.271
437.841 154.404 417.802 146.502
363.629 406.257 352.579 390.291
448.592 11.808 427.648 18.9705
619.584 30.6972 607.844 75.9376
328.219 291.996 326.832 223.003
453.31 0.621725 442.523 20.2869
136.009 100.986 58.9932 57.0152
508.63 89.339 493.805 75.2042
242.999 120 243 193
287.459 149.292 354.022 205.957
559.14 142.102 542.823 164.597
304.931 246.293 281.078 240.669
324.001 346 324 249.001
485.11 81.978 482.53 69.0942
363.848 18.5295 324.898 7.35468
58.9994 0.989128 59.0001 73
171.269 111.96 167.716 87.8943
277.01 253.786 239.991 254.256
282.026 318 281.948 242.999
449.439 327.041 451.325 306.937
506.567 62.0371 507.678 45.0443
170.195 105.258 146 109.002
472.001 231.1 452.996 231.2
329.312 327.985 328.045 300.998
397.986 19.6098 384.004 20.1052
284.001 122 284 20.0012
161.755 283.995 160.731 120.008
277.503 182.115 245.159 163.72
232.623 229.604 170.977 215.099
248.997 231.091 236.978 230.741
394.494 360.194 389.844 348.06
396.838 375.072 386.288 351.316
386.066 398.012 378.59 440.105
450.184 204.495 426.987 196.036
153.002 301.996 153 133
481.517 216.593 469.897 207.126
547.197 230.083 541.26 244.11
410.802 341.997 411.067 324.001
84.9698 67.9735 86.6675 1.99145
469.099 116.871 450.859 99.1174
240 331 240 255
598.805 53.8743 591.006 66.0037
159.988 117.876 144.04 119.416
474.445 167.816 470.332 157.863
408.09 195.78 391.58 189.026
455.002 204.977 426.043 202.498
476.878 226.445 463.102 229.465
431.45 365.065 427.693 333.154
401.53 406.769 396.1 370.834
376.85 25.3184 319.02 7.95367
422.231 38.7734 408.007 43.0223
255.517 64.9921 256.086 29.9851
232.028 155.95 173.979 123.037
149.91 210.38 58.1072 188.549
215.527 23.5207 195.031 0.971809
173.999 64.9748 174 165
31.0985 139.704 1.99512 130.015
283.952 182 284.111 155.001
277.008 233.811 231.003 234.285
444.995 232.994 436.349 240.407
352.403 389.912 356.978 358.997
612.276 24.2359 593.331 46.4286
277.435 91.6045 257.882 70.1077
288.304 100.079 326.986 146.968
310.248 313.997 309.349 247.995
398.394 325.024 396.424 276.023
416 340 416 324
441.406 359.031 443.152 335.936
587.065 477.956 514.141 371.22
228.8 70.2116 174.842 19.1668
465.253 43.7449 444.685 23.3171
374.83 57.9191 382.142 42.5907
250.067 139.001 249.845 166.999
553.322 165.557 542.705 181.807
551.658 199.889 556.132 186.043
591.593 2.63702 576.072 17.0772
244.341 49.9901 242.977 2.97167
576.297 130.606 568.417 144.673
306.369 198.284 284.504 187.021
329.58 210.867 311.471 202.091
54.6332 377.996 56.71 179.997
362.044 300.999 361.058 265.026
452.019 271.719 437.003 272.124
434.911 150.12 414.131 134.822
331 166 331 132
305.528 315.006 304.678 247.004
395.052 266.6 381.031 264.766
58.9838 121.04 149.985 158.036
550.397 161.696 541.546 179.275
208.998 180.004 173.603 164.931
355.887 166.084 358.219 197.038
163.415 414.994 162.15 326.998
399.122 15.916 372.071 19.5298
254.999 129.991 255 197
450.076 164.02 432.029 162.62
429.017 193.432 409.974 192.867
356.155 210.048 358.224 243.039
370.006 261.145 332.001 260.857
306.024 317.117 284.112 321.551
265.993 332.068 253.023 330.767
368.052 445.851 361.814 401.885
421.067 21.3601 402.953 24.7473
561.297 165.711 567.3 151.124
461.301 218.861 444.177 214.331
169.198 345.002 168.897 217.998
450.003 247.104 417.035 248.121
330 296 330 261
499.277 370.84 477.35 332.798
151.729 416 151.902 321
587.582 9.58198 575.576 21.5756
109.273 116.076 83.5337 98.6903
310.999 54.9839 311 146
215.999 97.0003 216 221.999
310.872 193.992 312.253 172.951
310.252 324.993 349.017 315.062
435 366 435 351
382.236 41.2205 368.719 55.6727
267.693 77.2681 254.139 61.7519
221.946 143 222.13 112.995
442.089 197.676 417.98 191.075
577.211 188.316 556.47 202.209
575.987 198.866 552.088 226.077
503.908 299.01 501.205 272.979
276.828 32.4789 263.963 12.0232
413.98 31.372 391.034 32.0885
387.84 200.124 366.95 173.039
275.998 223.827 252.001 224.069
342.029 311.309 311.018 314.197
304.072 321.216 279.171 329.513
394.18 35.662 370.863 23.2568
274.013 112.986 255.631 95.3852
295.951 134.05 283.867 122.135
437.444 148.358 422.149 137.784
312 225 312 201
399.15 301.007 398.85 263.993
234.906 354.998 235.205 337.986
249.65 60.0115 249.985 41.0174
274.999 115.949 276.33 90.0169
331.2 212.997 330.923 192.001
560.98 253.89 543.031 257.168
489.994 305.045 460.081 301.344
149.97 361.838 132.033 365.175
480.932 404.255 499.123 476.967
217 1.00482 217 57
232.764 38.7922 229.856 70.0795
304.798 218.993 305.485 198.982
538.037 207.94 539.099 190.944
360 227 360 213
187.841 345.277 171.95 348.771
21.0371 381.157 0.972633 385.884
320.887 6.57854 302.796 3.04374
305.979 5.97295 288.393 19.5104
242.928 81.9994 243.189 49.9934
31.9326 89.1475 0.99568 75.0094
464.628 88.4753 454.044 75.7983
417.895 122.036 408.139 93.292
210.343 143.036 211.28 108.007
325.86 160.995 326.414 145.978
573.162 209.094 554.448 226.403
512.699 310.98 511.599 272.983
360.962 323.851 330.896 331.596
513.037 371.416 497.971 370.459
173.572 24.5146 233.084 78.8515
252.824 63.9925 251.719 89.9881
530.678 123.936 522.945 162.79
418.656 147.169 408.597 126.706
613.966 169.148 597.543 150.521
580.075 172.002 580.729 149.992
579.798 180.865 566.296 193.321
275.999 227.001 276 324.994
354 238 354 206.011
485.258 243.64 466.543 230.241
413.724 339.024 414.089 328.003
22.0884 371.403 1.96078 375.821
22.0364 376.161 0.980463 380.913
59.9819 405.933 0.731651 422.011
175.356 1.01488 172.771 62.9593
364.977 34.4198 345.008 35.1999
252.395 168.985 251.719 197.017
433.317 179.91 406.453 159.728
278.412 209.083 255.163 198.637
422.428 209.805 411.81 202.267
557.831 252.275 546.727 245.443
392 289 392 267
489.981 326.36 460.956 324.825
324.012 335.063 304.182 338.932
344.404 370.684 356.13 348.6
21.9919 373.962 1.08171 378.386
44.9873 405.959 0.911568 419.717
210.445 17.0211 211.157 2.00746
374.412 61.7264 342.105 69.4407
152.601 123.762 86.8222 89.3397
25.0099 348.921 32.2367 89.0054
213.636 146.92 211.759 178.986
341.758 174.992 342.122 164.004
505.075 200.991 505.3 178.993
341.859 239.997 342.217 219.986
401.185 242.049 376.873 223.164
458.997 253.071 439.033 252.224
542.722 293.03 540.111 269.097
21.9617 366.809 0.999847 370.999
21.827 369.872 1.00958 373.063
21.9224 378.649 1.05846 383.264
421.017 32.0722 394.81 38.1871
511.157 76.9432 505.468 61.1923
29.0015 90.9967 2.03702 78.9174
300.031 136 299.963 114.997
57.5382 123.072 151.99 162.022
305.206 145.997 304.937 127.001
232.988 192.029 174.359 168.112
275.7 206.014 276.225 180.025
300.08 216.999 300.103 194.999
517.613 266.088 509.39 229.911
373 280 373 266
366.059 315.865 347.188 307.572
308.252 339.052 257.306 351.275
207.036 358.002 172.009 359.258
142.013 363.28 104.955 365.053
352.375 30.645 341.192 18.8182
254.86 92.9916 256.24 70.0144
338.699 154.022 339.131 140.004
395.113 176.629 387.715 166.202
584.009 194.006 590.712 183.452
297.663 217.994 298.053 196.001
317 222 317 182
371.11 245.999 370.889 223.001
255.991 299.91 242.023 301.245
324.006 8.33097 305.008 8.16034
222.811 30.999 222.964 1.00491
125.8 89.9961 126.544 51.9911
244.022 86.0223 306.992 148.992
301.217 112.987 299.547 84.9674
295.727 105.986 296.784 85.9359
345.11 301.998 344.522 265.008
254.919 351.55 202.004 361.023
26.0236 361.116 1.04563 366.223
302.377 191.961 299.764 167.025
368.284 242.969 366.981 231.002
264.007 239.86 238.001 240.066
243.604 286.012 244.032 265.021
379.674 293.058 375.568 270.077
519.49 293.665 532.284 274.186
161 322 161 308
18.0308 365.151 0.926704 368.641
212.616 54.024 213.669 26.9871
411.786 77.5646 383.662 66.8919
317 112 317 153.999
173.257 171.974 307.991 224.018
229.723 187.99 230.727 159.99
368.115 207.072 365.505 175.04
424.998 213.974 404.016 215.258
346 236 346 211
264 237 245 237
415.998 241.212 397.989 241.011
203.914 324 204.213 264.001
256.956 312.776 240.978 315.885
259.99 314.937 241.002 318.014
477.378 410.922 462.003 336.205
152.171 358.24 125.135 361.974
274.549 27.0266 275.667 3.98385
34.6553 2.01785 30.7634 141.993
425.958 57.9022 400.002 69.0039
453.72 85.3696 441.768 76.3062
563.294 112.375 549.203 128.294
583.122 173.002 583.054 149.003
363.534 194.99 364.073 170.002
295.871 189.002 295.925 168.002
290 185 290 169
315.414 203.978 314.823 219.993
581.854 218.325 572.978 233.398
200.358 252.019 197.787 311.966
385.098 290.999 384.775 260.992
23.03 357.165 1.03128 361.172
82.9996 1.00001 83.0002 60.9998
303.863 74.2209 298.777 48.0434
63.3432 99.3233 38.102 86.7944
297.375 115.981 296.836 133.995
257.689 170.994 258.103 149.002
271.059 325 270.877 294.995
44.0819 397.292 2.02203 409.079
75.8464 58.9983 76.341 13.9928
298.386 62.7415 284.335 41.7754
638.181 57.6216 623.013 62.044
313.778 80.9906 314.539 62.9805
316 84 316 69
74.8164 75.3104 58.5819 65.7068
345 130 345 79.991
313.837 198.996 314.441 176.985
624.101 187.604 612.046 209.574
364.853 250.931 361.764 216.018
521.118 324.032 519.884 290.041
490.064 301.858 477.38 296.154
460.799 324.046 457.589 310.095
90.6418 384.618 55.9015 393.62
134.911 54.1224 87.9185 20.1127
305.447 73.9869 304.891 55.0032
33.4965 85.9593 2.02674 70.9439
530.265 129.993 529.579 102.01
594.159 150.216 564.659 171.897
568.92 236.961 579.112 216.055
311.753 291.992 312.604 264.988
353.962 300 353.857 264.997
32.0847 348.544 1.05809 353.373
21.933 359.662 0.962984 363.813
91.0212 388.069 55.3049 398.996
557.871 400.468 539.193 395.302
211.091 107.87 177.059 83.9166
511.352 107.344 503.379 92.3298
228.842 150.008 229.158 114.992
501.254 199.948 497.2 179.959
383 252 383 234
149.051 85.9998 148.898 52.0005
74.9714 93.0632 63.1295 87.7133
610.706 202.098 605.728 187.09
106.991 241.088 84.0129 238.866
597.801 261.185 580.986 243.084
302.167 314.995 301.561 294.013
229.944 29.9996 230.136 3.99363
296.906 55.9983 297.205 38.986
102.61 127.904 84.0442 119.898
272 176 272 153
401.986 221.184 374.991 219.122
339 230 339 198
637.104 261.963 630.09 242.325
356 291 356 280
258.217 313.02 257.931 302.002
493.008 318.921 476.969 317.31
496.964 323.488 469.965 321.469
28.0998 350.996 27.95 386
147.036 50.9529 90.0165 6.97858
80.6212 73.7645 61.7858 64.4324
141.489 112.112 86.9634 82.0665
227.087 146.999 226.796 111.993
538.799 148.274 530.086 173.687
79.0077 319.859 83.2275 230.009
288.049 293 287.899 255.996
499.272 330.984 498.243 312.986
504.73 317.015 506.159 342.991
381 348 361 348
107.169 365.685 56.0806 378.326
84.7799 124.531 150.98 152.038
12.4124 333.992 15.0981 140.015
201.012 313.074 178.103 316.658
554.017 392.999 551.79 367.018
82.0002 113 81.9998 75
142.623 115.847 87.0984 85.8181
218.325 104.576 178.181 73.7646
273.931 173.999 274.146 148.993
612.454 245.307 590.991 276.994
254.695 310.998 255.013 258.006
574.894 382.288 555.019 374.947
137.897 107.182 86.7982 78.3577
425.305 100.879 419.019 84.9925
325 205 325 188
609.676 245.481 589.738 273.525
117.634 320.997 118.219 258.993
618.303 279.249 593.981 308.807
606.36 339.575 594.536 326.417
91.0531 328.361 58.0315 333.214
46.1237 388.487 1.92904 399.721
84.1027 91.6577 151.048 125.908
115.915 211.415 60.0014 199.993
109 243.997 109 288.997
260.009 251.158 238.001 250.932
261.097 308.997 260.719 294.981
542.23 371.995 542.612 389.987
368.948 433.998 370.709 395.987
627.965 463.051 604.88 447.175
303.899 115.998 304.221 96.9868
262.008 248.268 238.001 249.026
371.111 287.998 370.752 270.984
341.992 295 341.877 265
201.988 329.933 170.117 335.654
26.9439 343.585 1.99396 346.955
598.142 425.982 594.63 397.921
381.106 18.8979 363.428 0.586712
227.181 35.9976 226.718 0.990501
81.4737 190.006 82.201 133.003
110.999 242.993 111 357.998
268 246 252 246
428.064 297.051 428.786 282.038
576.235 292.588 562.097 298.244
45.9959 385.984 1.10812 397.424
1.81313 406.275 41.0063 396.034
155.766 44.994 156.667 9.99144
345.497 35.7685 329.253 25.1412
160.002 83 160.292 58.0034
28.708 131.992 29.8206 92.9949
235.996 109 237.229 47.0046
151.046 128.908 131.446 119.107
23.1838 171.059 24.6936 140.985
304 193 304 173
206.025 229.879 172.009 222.955
196.145 338.621 172.057 344.243
633.762 349.846 606.922 342.277
158.123 51.0408 159.722 7.02623
17.8674 50.9991 18.1523 10.0011
80 275 61 275
234.154 335.002 234.05 284.002
198.993 327.953 180.971 330.815
25.0069 353.043 0.984352 356.903
72.9991 387.055 56.0034 386.784
16.218 20.6149 0.999494 12.0009
92.0088 271.692 59.0014 272.11
638.026 311.978 622.581 293.347
21.5075 341.994 23.4189 174.016
387.01 351.827 363.971 350.514
384.987 364.728 363.987 365.73
121.883 367.552 60.1678 383.644
151.938 82.9994 152.151 59.9921
386.772 124.421 372.6 116.739
236.869 222.002 235.737 156.005
211.99 325.671 188.981 326.347
114.841 343.072 58.9389 352.643
576.045 400.809 557.164 396.312
157.255 162.003 157.681 124.996
210.058 148.891 176.92 131.15
79.0003 189 78.9997 135
137.851 354.001 137.633 323.995
235 39 235 11
213.939 90.9996 214.139 63.001
239.845 216 239.965 14
206.987 116.837 180.001 119.015
231.055 285 230.874 255.001
192.203 314.019 191.328 278.016
162.76 51.9959 163.628 0.993671
31.0001 41 30.9998 11
26.2453 60.0418 27.2873 29.0096
582.71 84.2147 559.276 52.5354
213.529 154.048 173.542 131.824
117.124 245.01 115.876 259.99
578.03 306.548 554.067 304.979
197.854 333.249 172.054 338.278
26.0001 384 25.9999 359
47.0052 399.019 14.0658 408.235
123.034 28.9565 90.954 4.05927
273.5 79.9356 276.334 57.9143
230.875 104.998 231.273 78.9889
232.713 105.986 234.029 78.0014
36.0435 172.999 35.6908 142.992
202.058 171.869 177.05 160.887
109.052 230.653 59.9572 223.285
27.0002 240 26.9998 194
181.914 296.997 182.029 257
533.998 405.836 496.991 406.352
280 118 280 94
356.163 121.996 355.559 99.9847
278.097 178.998 277.752 157.004
38.0052 56.0001 39.5048 0.9865
109.02 332.132 57.9686 339.791
