98.6442 84.4844 74.4395 101.188
35.6773 419.74 7.2121 345.535
70.1472 78.0053 43.2198 101.09
79.1447 78.8197 51.2824 99.0097
169.557 110.493 147.655 129.604
512.309 1.2075 428.206 126.467
68.48 171.637 56.6549 180.542
139.819 333.231 81.8933 324.727
194.988 118.678 100.028 82.9209
490.074 151.023 495.202 134.748
523.029 112.055 442.079 155.149
207.062 169.988 156.945 173.11
276.139 292.007 278.066 255.003
237.639 296.046 240.68 254.049
78.0004 424.899 37.9973 424.759
506.872 450.315 437.94 443.614
66.8342 168.657 57.97 172.938
519.219 178.769 508.433 168.543
93.0604 119.67 33.0556 108.696
518.884 128.713 500.978 135.946
135.944 169.965 76.0669 173.228
522.995 0.996211 435.877 120.18
232.504 295.034 235.37 253.025
139.434 130.331 114.07 123.733
486.585 111.136 461.556 94.179
512.185 168.581 430.048 164.124
279.031 175.499 255.934 176.92
429.048 290 428.895 256
273.376 296.017 275.223 256.01
96.5531 134.014 72.8845 144.745
12.4853 373.792 0.281526 345.308
54.0019 459.928 1.00007 460.035
452.997 0.997369 403.979 54.0565
509.196 173.042 430.949 168.88
456 255 422 255
435 290 435 258
109.907 105.325 86.7959 98.7133
135.991 164.853 76.9769 168.64
70.9679 323.093 60.7955 319.594
511.182 332.798 419.114 342.125
503.966 447.304 443.066 440.417
524.455 32.7781 504.275 25.2606
54.5271 174.488 48.195 192.72
517.519 192.853 513.825 179.767
212.89 288.78 171.019 282.867
114.931 88.1897 2.00623 48.9822
159.997 145.029 144.092 143.199
52.6405 308.996 53.9311 183.989
107.191 125.104 209.99 147.04
451.625 145.222 430.112 156.219
272.961 178.987 258.982 179.523
278.992 253.34 236.017 252.295
134.875 66.0611 137.226 112.992
461.758 120.147 439.156 126.552
212.073 97.0002 211.924 147.003
230.862 155.506 218.028 159.101
325.12 179.001 324.727 219.017
5.45601 19.0687 250.336 127.182
95.9258 124.39 0.936584 106.334
415.686 477.989 417.028 441.001
131.979 87.0565 1.02133 38.942
236.918 131.883 221.713 142.593
104.903 425.564 41.0388 428.229
421.072 113 420.861 42.9974
64.8997 112.406 46.7698 107.933
491.566 119.811 471.753 133.646
181.088 175.999 182.108 241.983
231.11 150.443 272.991 159.054
477.201 174.207 420.065 170.095
276.024 241.857 257.05 238.701
55.1308 125.252 1.03535 115.798
198.927 277.892 201.741 250.075
614.011 431.466 588.902 477.947
348.056 154.918 123.053 0.923141
482.916 96.1311 462.612 83.0505
190.008 174.085 157.906 176.949
338.003 268 337.997 160
417.891 476.996 419.253 439.009
505.396 86.3003 476.565 70.0001
636.545 71.0719 580.111 99.1706
419 357.016 419 296
132.029 -3.14359 297.983 118.019
184.998 107.005 142.19 90.5059
278.022 244.854 254.949 241.334
474.128 286.151 420.129 292.156
266.219 118.583 41.2756 0.475159
140.291 66.9889 140.072 80.9855
459.819 139.54 431.926 130.221
215 147 215 120
169.003 163.863 149.003 163.922
423.875 109.999 424.282 60.0023
53.1187 127.408 35.0437 123.782
84.242 132.907 65.0746 128.663
473.082 176.651 422.027 173.552
146.773 275.971 148.973 181.976
66.1011 172.106 83.0004 473.944
412.34 132.99 411.054 90.9984
162.228 112.252 150.155 123.171
509 155 509 141
133.373 142.071 138.055 329.999
429.857 0.862573 410.755 20.7644
509.497 85.1261 477.582 66.9765
249.752 129.786 229.839 123.512
186.213 159.698 170.153 157.068
249.913 224.997 251.65 180.947
582.915 235.038 585.863 163.994
320 221.013 286 221.114
321.828 243.993 322.499 226.98
131.023 337.851 83.1047 330.332
111.999 176.067 91.9902 175.83
206.962 292.244 154.823 284.139
231.984 311.749 218.973 312.589
375.614 196.979 377.805 156.989
182.301 115.074 163.459 129.283
235.016 130.025 221.775 138.655
203.134 150.292 170.96 144.21
318 225 306 225
323.985 243.999 325.265 228.021
209.236 235.676 196.984 239.955
278.894 237.001 278.963 251
75.0654 329.777 57.7917 324.71
403.901 472.999 404.331 398.996
432.721 107.201 437.752 64.0878
603.954 227.999 607.708 88.019
462.865 142.6 446.253 138.872
438.272 151.79 428.613 139.299
475.138 290.229 419.936 296.427
226.999 304 266 304
134.829 95.3254 115.081 100.32
208.913 113.225 188.833 105.43
35.5973 320.015 28.2074 120.992
523.55 119.157 455.719 151.41
498.186 154.012 497.914 135.001
510.099 338.984 429.017 347.171
147.553 470.023 141.204 344.04
265.935 45.7356 274.074 101.109
252.901 116.213 228.964 105.076
126.025 138.807 95.0202 134.842
47.8792 310.989 49.1304 187.991
437.082 240.669 423.047 242.382
286 286 286 252
412.999 352.025 413 477.993
309.08 138.85 49.216 0.593933
405.88 112.995 406.057 147
164.961 162.003 163.708 148.026
486.012 154.285 462.013 155.315
437.043 243.306 423.038 245.27
197.756 267.986 198.621 252.978
522.698 101.995 523.808 33.013
383.692 477.009 388.802 66.985
251.649 154.016 252.275 128.982
471.001 257.143 436.001 257.099
418.766 290.986 420.256 266.015
485.995 414.041 432.05 407.583
638.102 50.1889 578.626 82.3065
590.907 297.029 597.511 92.9842
483.349 281.978 481.773 184.987
375.175 283.023 376.611 209.012
375.997 269.987 337.997 269.866
492.59 0.769154 446.049 83.4651
199.901 60.6443 107.997 1.00557
264.156 237.999 263.952 180
284.946 295.95 270.593 311.546
377.44 151.987 379.254 73.9827
76.2697 165.984 75.284 148.984
67.8493 152.759 63.8785 138.751
147.858 417.982 142.369 158.992
350.825 211.973 351.662 175.992
303.04 283.599 292.022 284.33
266.977 306.693 250.995 306.161
595.375 384.654 570.289 360.697
264.05 83.9997 263.884 52.9953
138.026 60.9448 14.4077 3.12835
636.882 62.7717 580.417 91.8686
577.926 155.998 579.281 110.008
376 154.866 307 155.002
193.471 238.006 192.795 179.002
269.496 217.959 272.695 178.975
504.447 330.012 508.714 175.992
399.159 318.003 400.386 251.989
440.265 0.343263 392.063 54.2683
380.724 71.9364 384.374 56.0861
521.717 100.251 507.165 83.8539
124.349 156.03 123.571 138.974
74.3458 174.156 86.0459 416.956
122.94 173.045 129.131 328.994
165.086 207.999 164.814 188.988
494.066 331.002 498.2 175.005
365.833 210.999 366.029 181
210.702 236.993 210.548 173.999
213.999 250.008 214 322.001
218.159 307.996 216.748 254.007
199 34 199 1
266.042 112.926 66.0921 0.835632
1.21517 32.4475 166.987 97.0338
408.631 147.004 408.904 105.006
409.512 374.01 413.845 142.978
440.528 235.975 438.033 183.998
154.868 207.123 150.913 270.994
9.57629 230.971 6.27781 165.986
291.314 283.007 290.856 237.001
476.999 389.009 434.996 384.033
213 387.992 148.999 385.017
395.77 42.0425 397.979 1.99885
162.95 58.091 59.0295 0.946369
196.036 48 196.011 0.999989
68.6512 146.023 78.0603 341.998
260.204 236.995 258.744 181.007
273 222 273 206
420.756 221.965 421.909 180.997
629.041 385.733 597.01 384.693
480.899 391.917 429.965 386.321
585.109 477.525 611.836 427.38
104.251 437.31 88.2382 450.294
210.315 93.3778 27.9912 1.0174
14.0213 3.25836 1.00329 2.8852
267.935 50.0209 270.21 96.9896
165.936 140.324 143.032 135.836
278.917 172.94 281.795 217.013
245.999 169.002 246 294.999
406.394 304.005 407.172 247.016
273 255 242 255
410.069 20.9575 410.981 0.999115
445.97 0.971642 399.197 50.2377
211.176 55.9684 207.039 32.993
267.503 103.208 201.929 61.5387
444.927 94.9959 448.467 32.0263
395.597 141.99 397.208 73.9812
588.809 287.024 594.499 94.9852
327 144.765 311 144.765
419.808 142.996 417.766 244.995
624.003 387.94 592.98 386.412
499.758 0.856406 447.622 88.776
506.239 29.1778 465.659 83.746
507.706 69.8287 482.093 60.7375
0.779138 112.191 142.182 138.051
100.871 133.634 71.0823 127.594
582.436 180.02 583.229 163.011
401.651 220.996 402.079 185.001
251.723 233.986 253.441 199.972
302.822 262.011 303.069 243.001
396.695 312 396.739 242
561.403 477.025 568.068 369.942
434.436 228.987 432.977 180.94
441.662 237.989 443.514 178.985
282.195 244.984 281.933 257.999
393.931 302 394.016 256
248.001 295 248 171.002
386.981 478 393.057 70.9859
388 47 388 1
339.802 152.293 271.736 106.392
199.956 153.264 169.963 148.22
243.055 240.994 242.611 163.996
290.488 306.983 288.502 250.982
19.4887 138.063 27.1317 316.995
137.064 335.527 125.013 333.904
506.993 335.941 485.047 338.417
637.075 397.913 626.277 388.676
135.184 412.208 117.717 427.68
447.62 36.0299 445.578 10.0332
203.229 40.0347 201.519 2.02165
397.406 119.932 404.493 57.9421
409.544 476.99 417.231 139.005
336.006 163.15 306.012 164.301
305.609 220.013 304.001 170
478.294 199.978 477.115 183.992
275.755 220.009 276.21 180.991
27.3193 317.813 1.05001 328.127
215.999 317.016 216 391.003
269.334 337.496 214.198 410.394
383.688 63.969 380.899 2.00457
191.968 87.0665 166.194 74.5982
267.163 61.0033 266.581 90.0117
627.726 426.271 570.129 367.873
430.923 478 422.88 416.017
136.07 52.8617 32.9854 1.02904
380.108 477.001 383.697 71.9884
133 153 133 141
375.001 164.289 337.999 164.359
226.044 201 225.91 158.997
309.582 211.971 311.741 180.912
513.347 268.046 516.249 183.043
291.533 220.998 291.744 179.004
175.251 242.996 174.293 179.996
448.294 245.007 448.594 193.003
118.066 470.981 117.294 427.012
84.6647 476.056 87.6089 440.967
638.683 26.4876 584.124 60.2008
637.734 30.5625 579.881 65.8053
602.03 91.0652 582.09 100.197
28.0209 323.054 2.03033 333.079
511.471 444.069 520.119 220.01
590.788 373.227 569.057 352.939
615.031 421.971 584.207 388.808
442.098 86.0031 444.193 20.0061
437.091 58.9997 436.966 25.0001
30.9288 324.04 23.7153 131.011
521.347 211.974 518.985 181.001
284 259 284 248
219.216 388.996 218.186 330.014
442.992 343.242 432.004 342.878
450.959 369.316 426.972 366.213
400.177 28.0133 402.134 2.01011
482.173 21.1398 450.059 23.7328
439.597 66.019 441.154 17.0049
236.17 184.857 240.442 160.076
299.977 210 299.904 174
257.294 235.985 254.564 184.023
170.998 260.001 170.959 203
469.084 368.191 423.062 363.403
412.981 9.99766 414.104 1.01298
604.916 4.89815 584.644 21.5671
315.218 125.994 315.477 91.0035
374 159.02 342.006 158.58
288 220 288 186
572.999 181.951 573 273.988
596.356 381.051 601.625 241.024
391 43 391 1
37.0534 21.0865 13.0621 22.2646
300.283 116.012 299.872 91.0021
410 148.006 410 208
585.097 276.003 590.213 113.975
339.977 159.866 315.994 159.234
545.346 431.093 559.079 58.0034
573.381 127.969 556.925 451.051
605.907 105.151 590.959 373.878
594.483 387.543 568.877 363.129
419.268 424.982 419.998 396.025
412.761 428.994 416.247 291.981
507.92 478 507.868 449
606.259 427.602 579.369 477.661
617.226 7.85025 581.339 32.0183
474.002 25.0336 453.013 26.2335
622.511 20.7394 590.107 43.1545
417.792 65.9902 416.754 88.0355
321.681 134.011 320.572 102.015
249.011 133.964 220.314 124.996
520 175 520 158
315.886 214.993 315.639 182.995
286.247 224.039 283.964 180.002
90.003 230 88.4355 210.964
212.179 245.473 197.944 250.853
9.83665 258.009 10.0654 237.001
440.298 287.98 438.981 268.001
23.8456 329.646 1.69996 339.313
415.901 10.985 417.262 2.03982
620.957 29.9348 598.058 45.0873
580.771 64.99 582.222 31.9658
218.103 248.033 215.068 165.997
140 166.978 140 213
124.299 327.991 119.591 175.013
474.946 240.953 476.243 211.966
417.34 249.009 414.771 349.994
32.0722 418.973 14.3953 370.855
405.682 395.993 407.22 330.028
541.463 461.034 543.536 433.04
603.956 10.9444 575.785 33.0029
11.3875 185.883 5.98608 122.001
230.105 213.003 229.951 159
307.644 205.981 309.035 179.948
169.115 200.999 169.033 189
238.902 211.999 238.868 185.999
179 235 179 206
195 270 195 255
393 345 393 329
128.046 397.715 88.02 400.308
628.231 430.773 585.155 386.848
60.0132 462.758 2.00908 462.143
208.778 77.3807 140.327 37.4394
60.0327 149.715 45.1141 148.005
322.916 201 322.971 182
330.222 264.068 327.332 230.971
117.851 407.608 88.8594 418.63
620.411 27.1155 594.556 44.3336
339 157 311 157
399.788 193.994 400.587 166.988
295.588 209.034 297.213 181.012
423.572 225.02 425.174 179.041
429.16 211.007 430.255 185.011
111.028 264.971 109.807 222.005
508.875 306.908 511.32 276.944
577.006 26.7113 549.918 415.99
381.025 58.9981 376.585 1.03181
201.97 97.3981 185.986 96.1896
99.8043 267.015 96.8178 227.014
143.021 470.974 141.83 425.03
375.001 477.999 375 392
36.0733 15.7609 20.0474 10.8456
154.977 30.4508 125.986 31.6688
620.512 17.3129 587.065 41.0908
72 38 47 38
295.944 108.999 296.152 88.0015
208.102 224.003 207.956 177
377.754 399 377.737 281
79.0001 360 78.9999 346
10.0942 343.572 38.8651 419.675
207.001 390.961 150.013 389.493
392 461.988 392 397
487.081 2.35322 463.188 7.82307
525.752 25.9945 526.304 0.984642
508.174 1.11446 481.18 42.1183
180.441 33.369 134.051 0.927586
637.985 97.5351 613.978 98.2875
374.998 143.819 350 144.051
317 161 306 161
117.565 258.986 115.696 186.008
214.235 212.995 213.462 177.99
456.521 235.994 456.835 211.01
96.6329 267.941 93.2051 230.889
60.7861 406.653 39.4858 419.788
30.0084 456.776 1.00098 457.09
129.614 468.691 98.0018 478.006
537.504 0.985465 530.891 237.024
363.988 24.7023 246.015 29.3703
637.999 89.1349 611 89.0252
606.676 340.028 616.586 100.983
538.714 240.991 546.277 1.97713
41.9339 65.2046 16.3426 56.9392
198.069 216 197.986 177
224.752 231.035 222.938 167.002
399.393 225.985 397.451 173.983
553 107.414 540.953 266.992
408.878 390.996 409.275 379.009
367.467 0.837225 376.046 79.9887
354.957 26.604 209.011 33.2424
81.7784 206.005 81.0596 177.023
196 233 196 200
73.521 396.183 47.7842 328.701
515.468 474.024 523.048 336.003
21.7936 432.671 2.04269 445.068
530.974 477.999 537.558 364.032
529.042 52.0012 529.765 26.0491
611.68 146.032 614.384 89.0182
530.672 197.162 516.952 446.997
479.305 213.018 478.058 234.003
34.9942 327.987 14.0758 337.173
529.138 359.008 522.965 477.997
506.669 384.874 496.751 410.905
492.63 255.997 493.318 182.994
