310.878 398.973 314.438 383.098
78.0705 400 20.0066 395.907
306.083 148.808 350.986 164.04
340.011 430.092 342.112 407.102
322.917 225.394 304.871 221.614
415.255 276.798 384.791 295.663
208.002 395.001 211.802 380.946
372.068 293.563 324.966 286.221
322.957 87.1005 308.947 81.1251
525.337 101.465 500.487 85.8147
55.0074 403.654 37.0097 403.858
402.858 87.2464 276.661 14.5881
378.653 173.051 363.938 168.188
423.541 281.967 425.168 308.93
24.6535 414.767 20.4085 402.854
408.98 281.973 384.621 300.502
539.147 109.79 525.536 100.236
324.654 17.6221 305.473 6.94631
275.602 151.401 237.041 161.135
392.992 360 507.987 360
54.9834 407.961 38.9882 407.685
412.35 307.965 410.159 286.084
638.178 32.7825 618.974 17.0323
415.072 184.787 447.982 196.047
323.177 222.139 305.116 218.434
47.9697 386.77 23.0083 385.788
355.324 40.4839 336.557 28.7061
333.968 386.995 337.277 364.04
16.0357 398.906 0.943 393.149
321.783 414.005 322.155 358.994
186.944 410.774 161.078 408.916
323.073 148.791 304.846 142.443
379.789 237.943 364.865 234.604
82.9952 358.931 48.9961 358.756
56.9473 422.378 0.990948 420.236
556.818 47.1447 553.73 21.9107
334.439 51.2605 273.544 15.0842
335.061 115.876 424.988 152.031
296.772 321.993 297.517 298.984
402.186 63.6523 387.558 55.8258
479.645 73.9559 439.513 49.1696
250.112 91.253 241.103 95.2335
274.997 145.992 262.989 149.967
324.511 152.526 306.277 146.201
571.853 174.336 557.895 168.24
456.266 257.323 439.156 250.603
278.173 328.017 280.405 305.039
460.59 358.028 457.757 316.016
300.155 419.199 303.816 397.968
378.16 15.7559 361.468 4.81178
324.271 113.401 305.945 105.121
336.062 152.818 377.986 167.039
295.936 171.728 259.827 180.267
612.283 270.983 610.883 248.007
83.0056 353 26 353
47.991 417.24 25.9845 416.412
548.348 36.9696 546.598 16.9478
351.031 160.899 337.127 156.59
352.959 226.171 335.966 222.144
533.032 241.884 509.209 235.251
537.246 443.94 532.196 423.196
568.374 16.9686 567.028 0.913799
401.753 29.3786 385.487 18.7871
352.421 96.9883 336.302 90.2759
335.369 182.824 428 211.98
455.038 351 394.001 351
530.696 442.827 522.354 409.16
324.224 47.5765 304.05 36.9057
559.449 84.9479 556.448 59.064
277.211 73.4794 264.104 79.2364
443.9 106.15 431.423 97.8694
402.625 115.821 387.571 108.939
252.494 113.987 239.295 120.589
446.997 161.008 434.292 156.225
52.2532 317.012 51.2281 339.011
18.3814 324.023 16.3499 357.022
574.935 413.96 574.379 400.984
340.958 417.201 421.934 411.889
298.896 420.303 218.011 413.861
216.28 410.014 215.618 423.031
571.469 57.9614 569.661 36.0279
23.0817 263.1 45.445 20.0409
188.294 302.995 188.043 287.999
394.366 328.981 393.007 302.947
581.87 66.0071 580.934 49.0036
552.267 78.9598 548.794 55.8805
320.092 82.7755 307.198 77.5138
252.517 84.1084 239.156 90.3354
378.051 169.84 365.083 165.737
256.08 180.206 235.114 188.295
595.803 265.014 594.197 241.986
301.999 299.992 302 380
210.507 12.7328 197.037 22.0536
568.38 53.9619 566.065 30.8931
379.072 234.666 365.075 231.65
611.957 271.142 584.082 262.728
295.09 274.803 23.9958 308.971
140.158 329.009 141.275 310.016
384.792 350.772 379.762 267.043
227.768 405.205 239.23 362.329
459.571 15.3246 447.239 4.8999
581.786 135.893 578.931 114.873
228.353 123.74 216.244 129.512
402.83 175.467 362.701 161.855
256.991 295.778 238.981 296.539
526.994 407.812 488.999 408.967
133.911 422.993 56.0003 415.997
377.668 45.6143 361.942 37.1079
253.575 48.9331 238.518 58.2179
560.256 254.986 558.815 228.01
627.211 245.922 556.005 215.986
579.223 262.986 577.75 239.015
50.9317 274.624 15.2029 281.116
273.607 324.992 274.243 295.005
513.296 339.037 511.793 310.014
357.729 404.01 357.969 387.014
325 17 325 1
351.553 35.065 334.879 25.2042
480.152 95.9901 478.783 75.0142
277.561 104.072 261.681 112.391
567.381 131.397 553.574 122.674
231.06 187.161 212.1 194.266
323.956 219.212 307.067 215.682
249.125 220.894 230.077 223.551
618.586 271.959 617.063 249.996
389.789 328.999 389.891 306.999
38.0194 383.767 25.0259 382.688
60.176 0.936917 56.8092 47.9865
99.2681 16.028 100.842 0.983451
585.903 29.0168 583.339 14.1138
422.725 42.3582 405.742 29.3368
376.99 48.0193 363.149 40.7174
261.717 157.008 262.192 111.991
585.086 262.996 583.585 234.021
187.032 317.71 162.01 314.911
187.509 343.988 186.908 317.979
240.666 399.988 242.044 362.002
213.005 422.976 195 419.001
335.157 23.0084 334.926 0.000738144
88.5599 5.06426 85.5626 31.1793
610.373 55.9632 608.792 39.9219
353 91 353 67
620.206 235.978 617.527 210.944
622.285 272.981 620.896 252.007
556.89 282.518 290.006 225.971
193.475 306.049 191.794 288.019
592.001 300 587.56 287.796
516.158 336.996 515.642 317.983
557.244 343.987 557.892 306.998
458.989 409.843 443.991 410.861
487.092 414.775 462.086 417.732
324.546 77.0101 325.085 48.0202
237.757 88.9892 239.136 58.006
335.21 86.0111 334.733 51.9897
596.157 117.017 551.201 79.7577
635.085 108.894 612.482 90.6418
630.043 135.995 627.915 116.009
613.862 231.014 611.503 207.949
589.438 263.031 588.215 240.988
563.096 301.997 562.389 276.017
205 324 205 314
586.816 343.732 563.061 337.756
123.072 405.26 86.0322 401.668
574.06 403.871 539.946 406.224
442.963 418.607 428.001 420.009
631.893 412.089 629.108 440.11
351.835 30.9972 352.354 0.988831
362.089 37.9977 362.183 1.00047
239.738 24.9899 240.624 1.98553
636.1 80.8829 562.883 18.136
637.555 76.9478 633.763 29.0203
523.23 76.9872 522.169 57.9906
537.167 88.9832 535.866 76.0135
574.838 91.0254 572.187 74.1276
335.001 221 335 100.001
498.019 144.998 499.275 157.973
517.154 212.99 515.566 187.964
273.462 213.89 277.24 151.017
501.22 210.958 500.231 181.958
404.067 237.704 392.005 234.979
389.13 412.935 383.759 302.037
597.946 78.0051 596.05 57.9952
613.496 91.063 610.988 71.0014
169.607 79.1069 166.923 94.3388
615.882 121.014 614.065 105.992
305 141 305 87
322.069 114.143 326.236 177.94
185.73 120.03 175.932 122.754
625.904 134.139 600.598 116.58
633.217 170.977 630.963 150.004
402.078 177.764 393.972 175.086
259.839 215.999 260.154 180.992
545.257 222.984 543.826 200.011
12.9728 302.743 1.00116 304.011
49.8856 311.99 47.6033 338.966
381.001 412.99 381 340
257.784 405.015 258.079 390.002
59.0352 409.59 174.992 422.039
595.459 16.1633 591.249 2.22706
79.8524 24.9869 81.177 10.0157
565.061 52.9943 563.011 30.9989
251.999 33.0021 252 114.01
510.696 91.9709 511.866 119.964
607.027 119.973 606.551 101.985
526.271 125.984 524.849 102.009
539.192 134.997 538.82 109.988
590.139 150.108 585.988 117.127
542 175 542 161
597.852 225.014 595.538 200.948
252.001 220.015 252 93.0009
602.48 266.979 601.291 240.031
608.472 268.838 601.88 206.021
385.373 296.977 383.913 273.005
582 339.022 582 305.018
544.999 348.042 506.973 346.866
472 384 472 370
491.006 396.682 467.008 396.893
573.045 23.9937 569.854 1.02028
44.1971 29.0221 47.2181 2.02441
74.069 37.0074 76.217 17.0233
525.44 34.9801 524.087 5.04125
305.231 74.003 305.085 36.9957
568.585 94.0422 566.138 69.986
495.804 84.0058 496.428 105.017
571.553 135.043 569.142 109.986
547.809 156.938 535.98 1.00307
583.27 142.523 551.651 124.617
506.987 202.001 505.847 173.006
531.341 217.986 530.408 194.983
637.297 221.039 638.173 236.99
379.868 232.466 363.746 227.895
573.444 256.974 572.091 233.995
199.699 234.15 170.21 244.594
478.309 385.033 480.444 365.047
622.494 398.054 620.345 377.963
91.9074 17.9904 93.5719 1.95556
67.5771 43.9661 69.6614 17.9729
378 45 378 16
263 75 263 48
517.75 122.079 515.727 90.0172
530.278 132.076 526.77 48.0106
237.001 160.997 237 102
490.864 202.004 489.755 165.007
547.016 168.062 554.196 277.986
534.35 266.977 532.722 241.953
165.638 242.238 142.187 253.393
245.999 304.922 225.989 305.2
615.358 318.001 615.338 296.001
254.99 311.978 233.992 311.77
463.233 333.977 461.833 320.017
96.9975 357 186 357
568.496 403.03 566.09 362.995
520.754 37.0146 519.322 12.9214
563.365 15.5769 546.21 0.756429
422.802 71.0051 422.992 41.0063
622.222 100.98 620.171 77.9847
363.074 162.001 363.006 112
426.65 181.978 425.675 152.977
623.401 204.197 589.399 187.202
583.736 223.025 581.193 195.982
537.335 221.048 535.67 198.024
323.85 219.007 324.15 183.001
504.054 259.943 502.641 233.965
582.304 260.982 580.999 239
547.911 268.005 546.561 245.966
555.945 311.395 425.966 293.242
80.2511 409.017 79.7354 385.984
254 19 254 5
608.573 26.0792 603.893 0.834454
387.131 51.006 386.938 23.0004
611.003 124 609.17 101.986
452.328 113.993 451.809 90.0258
353 158 353 126
514 161 514 148
303.923 213 304.044 155.998
406.239 233.988 404.739 204.962
364 226 364 195
469.255 250.988 467.937 224.003
633.274 244.293 593.1 228.742
475.678 254.007 474.67 204.007
510.212 262.054 508.627 239.026
525.026 264.999 523.827 228.006
378.992 356 302.989 356
459.804 415.999 459.92 393
621.104 34.9862 619.112 19.9851
575.411 59.9607 573.498 39.9524
616.995 66.1319 614.091 43.9881
606.535 54.093 602.918 36.0163
592.213 71.9783 590.379 53.9614
277.887 73.0045 278.049 41.0002
363.123 99.0053 362.947 70.0003
593.073 113.123 589.615 87.051
281.074 87.2086 275.797 175.039
405.874 114.765 401.791 66.0338
424.672 129.012 425.161 101.003
489.353 157.061 487.557 138.042
214.025 168 213.977 132
625.579 168.042 623.289 145.071
404 173.989 404 128
193 166.998 193 119.986
233.875 222.995 235.404 187.974
466.706 200.982 465.958 171.001
623.214 215.081 626.089 242.991
485.993 259.033 458.059 252.737
368.978 285.151 298.002 274.989
246.983 298.776 231.992 299.893
565.068 331.993 563.767 319.023
600.897 341.064 599.032 308.998
183.001 350.033 149.008 351.224
602.947 401.004 600.858 376.012
62.8777 44.9901 66.4519 0.955505
398.869 31.1688 403.211 82.9908
620.063 63.9892 617.301 47.9481
604.339 83.9677 602.344 63.0626
607.578 84.0386 606.018 66.9983
208 104.029 208 49.0007
618.17 93.9922 617.258 73.9883
216 108.008 216 51
635.373 138.962 633.561 121.044
533.236 154.997 533.013 137
505.094 159.996 502.861 116.007
587.292 222.976 585.214 197.982
522.25 213.992 521.162 178.995
608.2 208.086 611.185 235.98
226 225.011 226 169.003
354 226.004 354 172
634.406 237.946 631.622 216.918
457.321 250.024 455.711 203.975
539.967 273.067 538.074 244.06
102.219 254.002 149.972 242.917
130 310 114 310
192.905 396.996 194.454 361.02
185.875 363.128 182.661 385.097
145.989 384.842 133.978 385.684
559.294 43.9801 557.943 24.0039
218 35 218 10
469 92 469 79
501.135 81.9932 505.094 159.996
411 120.014 411 71.0014
464.696 142.967 463.948 127.002
614.048 157.995 612.099 137.99
412.388 172.008 411.901 135.001
570.788 209.018 569.081 188.993
493.271 258.015 492.465 218.99
519.468 262.985 518.691 238.978
22.8799 257.74 2.10219 254.37
490.051 349.307 472.075 347.98
136.969 351.016 99.0068 352.216
273.071 407.002 274.316 351.007
114.292 375.046 116.969 357.995
42.3092 384.021 44.0595 358.004
465.178 64.3673 453.11 70.2274
126.851 86.9898 128.149 68.0102
578.556 101.955 576.626 77.9496
430.137 87.1397 433.215 127.99
225.999 46.0071 226 188.016
638.217 170.983 636.988 155.001
486.898 156.641 463.104 163.367
98.0019 207.006 76.0242 214.075
199.507 229.798 204.205 180.028
549.676 219.852 622.987 247.023
558.06 345.29 518.059 342.783
271.991 347.639 209.979 349.137
562.079 402.052 560.034 365.998
221.021 405.877 225.241 330.013
565.294 15.9761 564.078 0.993656
577.345 64.569 545.277 38.903
443.6 74.0223 442.707 58.0163
638.988 108.904 631.013 29.9981
595.214 108.985 593.913 91.0063
486.25 103.018 485.75 81.9822
574.287 133.976 572.532 113.039
445.784 132.952 444.802 117.012
573.146 166.993 572.539 153.975
183.206 174.062 184.741 143.987
434.903 186.035 433.386 137.988
576.886 171.011 575.279 154.972
454.92 188.003 453.56 146.981
447 199.995 447 146
428 237.016 428 197
449.686 246.975 448.646 217.977
210.992 233 211.18 194.996
435.91 233.999 436.179 217.003
134.18 300.121 128.782 378.991
238.038 357.42 208.966 355.519
583.055 35.9951 580.945 12.0049
209.088 43.0025 210.252 2.00717
54.3322 31.0417 51.1825 56.1483
555.872 80.8863 552.892 58.0141
589.465 110.056 586.942 86.0061
631.812 102.018 630.307 86.0653
195 109 195 81
379 104 379 57
565.368 125.975 563.955 105.003
489.916 158.679 473.02 163.077
628.67 171.576 603.069 156.88
530.988 191.002 528.615 172.79
484.743 200.012 483.58 174.973
601.055 227.994 598.616 204.039
563.804 231.005 564.43 255.015
410.704 252.829 394.501 266.59
257 386 242 386
612.976 28.0027 611.189 11.9789
197.25 48.0087 198.156 22.0403
585.953 71.0044 583.799 48.0188
411 33.0157 411 89.0127
571.227 91.9846 569.943 73.0039
453.287 133.975 451.961 119.003
206 167.01 206 118.003
202.089 161.997 201.724 150.976
137 193 137 164
580.078 222.927 578.262 195.982
414.393 240.016 413.114 191.997
388.765 185.009 390.236 234.015
628.144 279.473 564.934 262.243
571.988 410.855 540.034 413.419
230.634 33.0085 231.063 1.01425
598.568 45.0414 596.842 27.0151
179 64.9971 179 17
431.498 74.0103 430.903 45.0225
102.115 90.0033 101.742 103.021
612.485 126.847 601.06 119.902
560.6 166.027 558.967 142.002
628.238 164.974 626.382 147.958
198.059 166.999 197.808 153.003
380 165.996 380 117
112.12 222.424 61.9094 236.681
600.013 266.999 598.326 245.974
196.037 290.297 100.048 302.378
271.965 354.396 225.008 357.145
46.0001 382 45.9999 369
186.08 405.235 165.987 403.123
272.972 411.316 219.044 406.504
523.027 431.501 461.987 428.236
562.633 85.0316 560.825 64.015
99.1613 85.0088 98.1863 102.956
166.891 119.994 168.696 86.9834
604.804 117.019 602.997 98.0002
558.335 122.074 555.768 99.0259
386.696 83.0376 389.237 171.022
594.199 176.982 592.961 163.003
153.66 181.992 154.359 153.984
120.872 192.999 121.044 169
187.707 222.827 191.217 180.945
381 236.993 381 181
289.851 225.263 196.049 244.242
487.304 255.984 485.954 230.002
177.074 248.36 60.1082 272.524
278.134 280.094 213.009 288.073
637.299 357.619 628.121 374.523
105.741 395.987 107.577 358.979
28.407 381.02 29.5627 357.027
460.609 47.6068 441.014 34.9779
169.868 62.9914 171.431 38.963
601.39 82.9736 599.974 62.0017
123.904 139.999 124.31 113.989
625.049 132.932 623.946 116.004
598.172 144.981 596.346 127.963
246.959 149.996 248.257 136.024
171.87 179.955 173.182 147.007
615.955 270.003 614.717 253.021
633.97 287.123 556.799 267.819
552.311 345.989 551.1 312.996
123.002 399.974 95.0325 397.615
378.999 407.969 341.023 408.91
188.203 48.1303 190.378 28.0409
44.774 67.9755 48.2331 36.0252
608.393 90.8116 581.965 71.0474
156.311 134.015 158.111 96.9568
568.419 168.965 566.558 146.953
163.906 180.049 165.49 151.027
473.202 199.011 472.615 157.991
117.655 238.025 118.316 220.973
169.063 236.96 170.377 205.974
152 239.015 152 195
224.079 289.011 218.797 383.98
85.5751 336.996 85.7582 316.998
157.278 353.927 159.69 296.987
179.836 379.141 182.216 365.036
137.082 383.999 136.822 363.989
376.991 404.839 358.99 405.817
435.983 421.579 374.042 424.045
133.888 422.263 204.99 425.23
449.06 427.811 396.991 425.187
514 432.728 470 432.707
595.627 11.9583 594.899 1.00673
151.08 70.1939 154.889 48.9801
159.972 70.9751 160.649 42.9915
133.032 137.058 134.494 110.972
113.702 137.978 114.967 120.998
471.205 146.014 470.906 129.002
583.872 173.011 582.708 160.026
180.766 229.986 182.328 204.02
23.0049 262.292 2.99376 262.627
184.999 402.01 164.011 400.809
140.067 138 139.885 108.001
102.965 149.943 101.613 126.964
85.8251 144.997 86.0597 132.001
612.832 324.01 611.7 304.017
257.887 304.552 236.954 309.818
259.88 383.998 261.282 310.005
634.722 321.855 620.813 325.231
191 390 191 372
491.909 382.047 492.898 363.047
588.468 70.9571 586.549 50.0413
143.409 84.0028 143.623 52.9974
120.518 92.0281 122.637 52.9803
185.576 114.033 187.235 85.0135
60.8806 127.945 62.1166 103.006
38.909 132.992 40.1123 119.01
129.307 192.103 131.51 164.04
354.616 169.122 309.001 154.993
567.971 215.911 565.881 193.011
160.687 240.038 162.31 211.017
86.0279 257.127 49.2623 265.195
573.131 299.986 571.52 284.944
75.8639 306.478 26.9865 310.849
258.131 348.004 259.097 318.003
612.909 397.015 612.367 358.009
86.4436 384.013 86.9536 367.029
131.958 419.419 74.928 413.72
336.971 431.983 283.019 430.374
163.754 21.0624 162.75 1.01252
402.941 16.6985 381.082 0.886992
326.281 28.4453 307.923 19.1528
419.845 36.2157 385.223 13.1617
622.197 160.985 620.883 144.009
235.372 165.958 234.163 183.944
149.726 142.133 143.782 213.072
98.4043 202.039 100.729 177.974
77.5369 207.976 78.8521 182.94
52.7442 216.984 54.1497 194.009
132.903 244.995 134.44 216.969
555.264 254.98 553.12 225.991
112.978 254.685 81.9881 256.828
90.3163 294.944 91.5375 279.962
155.792 320.987 157.078 301.005
488.999 355.076 472.986 354.795
508.998 400.103 493.983 399.771
369.267 453.801 357.33 437.754
230.321 475.903 101.175 454.948
429.234 1.01578 429.646 21.0073
155.656 22.0307 156.64 0.983177
130.21 38.0098 131.42 11.9731
354.735 44.8437 337.193 33.6964
470.832 57.8391 498.997 78.0111
261.474 89.9445 260.782 108.992
251.164 95.4095 237.034 101.085
149.256 129.015 151.914 83.9949
606.362 159.093 602.424 131.939
56.7489 169.984 58.2553 146.951
85.7481 203.987 86.8364 182.992
142.525 228.071 145.21 196.021
288.242 270.971 291.244 47.0033
75.0001 248 74.9999 234
568.244 252.988 567.183 231.991
610.947 285.219 555.07 271.712
502.961 307.303 452.169 300.698
569 292.007 569 337
495.27 352.99 493.86 313.005
363.059 345.999 361.769 294.031
577.021 348.556 561.005 349.147
542.994 362.068 518.001 359.988
146.885 396.88 152.141 312.011
99.494 370.024 98.3722 393.018
461.764 450.721 441.923 444.235
609.842 473.604 568.337 462.717
174.97 471.103 154.985 470.559
387.028 16.9575 362.196 0.700233
451.111 47.8329 433.069 35.8961
543 65 543 53
79.7904 112.986 81.0704 94.0047
354.164 121.995 353.625 103.981
557.106 162.992 555.763 146.019
71.3944 211.048 74.1732 188.021
576.121 214.996 575.139 187.03
105.785 348.988 108.458 302.969
600.238 363.983 598.809 344.014
508.033 350.882 565.996 353.119
597.142 362.843 577.075 360.388
131.535 384.017 132.248 361.008
187.413 369.972 186.685 384.985
555.187 402.992 553.442 362.981
401.425 411.066 399.478 394.06
357.947 436.59 510.997 450.029
55.837 457.47 1.0965 474.314
613.342 469.658 555.982 455.071
321.9 478.629 72.9892 439.068
201.003 474.876 183.016 474.398
590.861 40.0257 587.367 21.1169
139.494 33.0105 140.152 2.00322
72.5639 119.989 73.1499 96.0037
112.63 121.393 106.893 167.993
80.6769 161.977 82.7138 133.907
90.8517 203.991 92.4365 176.967
103.235 197.701 109.105 150.021
210.726 191.976 212.014 177.001
333.043 229.744 311.96 226.242
81.6809 256.976 83.4746 233.036
102.067 245.006 103.402 229.034
162.952 259.808 131.943 257.952
90.0238 323.999 89.3648 303.02
146.703 336.988 147.818 308.993
588.147 316.982 585.814 297.9
211.827 345.957 213.777 292.992
361.008 349.685 302.024 348.097
66.2696 452.332 20.1807 444.882
562.005 461.641 472.966 460.38
611.998 462.137 576.991 461.713
39.1197 458.426 1.96615 468.88
335.913 478.545 64.9427 435.359
94.9264 151.999 95.1704 127.992
81.7902 162.792 78.8368 179.972
60.0093 214.001 61.4713 191.965
594.029 225.938 593.252 212.985
61.5605 262.988 62.2923 236.98
272.99 282.919 254.034 285.271
68.8202 376.99 72.6917 305.983
423.047 406.646 402.014 408.191
510.991 435.162 477.982 433.319
538.745 4.01987 542.107 48.9942
141.372 5.42845 118.352 25.4056
548.949 78.0053 547.266 61.9721
49.9535 127.997 51.0736 107.948
117.122 144.112 119.716 118.071
114.341 195.012 115.726 156.99
427.331 194.099 416.022 189.941
135.85 194.983 133.703 213.966
628.321 236.972 626.593 217.035
365 298 365 343.013
57.2152 319.011 58.6481 289.983
77.7554 320.986 76.7226 338.984
426.748 387.016 425.725 371.018
448.652 407.051 446.331 391.097
619.998 406.975 606.026 408.282
345.973 434.957 305.999 435.979
564.047 439.482 538.982 437.199
528.993 453.234 485.003 451.902
164.923 471.405 93.2215 457.83
463.983 461.545 403.979 459.663
271.102 64.9983 270.766 44.9872
545 93 545 83
56.3314 122.022 58.1446 95.0097
213.562 127.969 215.237 103.947
68.863 163.997 69.304 140.987
490.12 280.356 401.216 263.836
61.5187 394.972 66.4621 309.969
119.996 348 119.186 333.989
265.92 361.276 261.795 404.968
355 390.016 345.002 390.14
397.486 392.013 396.784 364.005
258 392 244 392
503.996 415.887 490.976 416.404
39.0068 446.866 1.00396 444.923
526.02 448.744 386 437.016
564.021 452.762 537.959 450.462
22.9949 455.087 0.0156059 453.735
610.987 459.154 571.023 455.728
550.042 475.561 500.02 470.791
611.984 475.54 543.983 473.589
477.164 21.9864 476.333 11.9724
44.8092 134.088 46.9825 113.998
75.7338 162.087 78.5681 138.067
278.749 152.221 238.015 166.039
635.706 170.012 635.156 156.033
551.237 186.985 550.034 167.998
181.397 202.043 183.14 186.015
301.871 221.714 276.922 224.222
95.5421 249.053 97.3989 230.039
168.558 261.361 148.953 274.932
63.0095 283.057 40.1469 286.879
73.9114 331.995 75.0855 311.061
110.099 344 110.109 312
27.9225 350.993 30.2712 325.025
432.049 383 432.051 363
423 406 423 382
255.978 398.2 243.022 396.8
439.893 451.74 366.23 446.269
89.9901 459.268 55.9996 458.012
555.015 473.863 484.853 466.375
157.787 466.322 130.023 461.854
290.564 42.9605 292.097 26.0087
549 114.009 549 156
41.8364 222.957 42.7599 197.991
39.5483 186.028 38.1575 213.06
560.069 208.992 558.541 196.054
49.8303 258.991 50.7491 240.987
469.844 345.007 467.97 306.001
432.171 348.995 430.573 297.982
250 345 250 329
499.534 404.008 498.775 362.004
206.724 387.01 207.112 359.002
519.944 415.437 490.055 411.573
480.981 451.633 452.952 453.067
572.999 464.141 531.993 463.736
106.932 89.9968 108.309 61.0147
221.24 69.0241 219.639 84.9638
85.4807 101.976 86.7106 74.9868
67.0298 122.065 69.1756 87.9482
89.6497 148.965 91.2508 133.025
65.2905 208.02 67.9496 169.996
297.999 226.991 204.192 244.972
315.077 287.55 303.087 285.492
210.706 310.98 212.057 291.004
443.351 348.99 442.037 301.971
507.328 392.987 506.216 364.991
405.783 405.017 404.712 391.022
118.993 408.878 95.0147 410.256
521.027 421.368 459.066 425.906
268.961 439.81 208.956 436.905
83.919 456.674 61.021 455.566
31.9997 457.058 2.00065 456.886
353.934 457.654 438.992 466.059
515 463.085 485 463.097
109.946 252.116 113.271 225.033
376.955 259.243 292.869 243.709
131.111 260.555 102.071 266.354
506.522 352.981 505.45 323.983
127.687 348.975 129.066 332.005
366.208 388.008 365.907 359.001
522.004 424.05 488.033 426.464
573.019 425.162 540.008 429.07
348.998 443.092 281.007 441.675
457.091 477.193 270.006 454.96
291.906 18.9995 291.995 0.999977
599.089 53.8927 561.3 22.6371
379.086 184.365 352.158 190.675
154.097 269.149 131.511 283.788
128.068 286.212 97.3481 296.083
246.99 328.257 237.005 327.871
594.984 358.251 580.978 357.347
93.5653 379.019 94.1848 361.006
444.672 379.085 443.774 365.014
153.437 395.998 153.532 364.002
418.991 418.816 385.972 420.441
346.009 440.722 282.009 438.702
384.999 452.057 369.003 451.799
449.996 451.68 409.001 452.132
470.047 467.558 433.044 463.589
274.007 246.043 207.13 257.743
130.929 269.317 112.03 271.287
440.435 349.018 438.994 304
340 351 324 351
183.082 418.221 150.028 414.738
128.938 429.573 238.992 443.064
401 442 390 442
311.008 447.917 271.086 444.101
332.926 453.753 265.986 447.139
611.013 464.796 595.012 463.804
381.965 471.284 355.989 468.089
571.003 428.026 548.018 431.136
294.301 147.995 293.558 104.007
571.986 419.815 539.947 422.32
628.012 421.096 603.039 424.307
141.986 425.273 119.991 424.172
257.986 455.106 220.953 450.372
59.9936 426.071 134.858 438.054
