600.486 193.612 587.626 177.5
606.125 226.984 601.866 194.147
559.135 175.688 523.918 182.579
588.983 178.478 564.01 179.292
439.628 196.03 410.078 176.879
521.264 190.41 443.178 203.96
389.192 143.29 384.813 116.03
241.997 155.989 122.844 189.445
50.0602 242.199 33.081 240.923
515.93 275.897 494.063 274.189
520.493 330.956 517.973 302.913
618.288 112.599 604.178 119.371
404.271 154.7 388.534 140.518
118.308 206.156 28.9941 229.978
470.915 260.169 444.944 247.112
514.982 275.077 508.887 193.01
113.069 250.71 71.0719 240.698
305.179 119.605 243.912 137.702
506.755 304.014 505.565 282.968
118.82 215.16 110.959 302.067
503.277 307.974 500.516 278.951
500.978 310.735 489.971 311.648
68.9448 241.759 54.0415 245.181
360.885 39.054 342.838 22.1733
443.624 244.029 440.957 209.003
335.113 2.00595 333.536 31.9756
370.357 58.7572 360.54 44.3126
477.714 333.02 474.097 280.993
562.003 176 560.813 164.019
18.1818 279.113 22.3931 235.038
486.356 308.969 483.998 282
408.253 174.987 407.546 160.972
117.213 205.046 120.027 192.006
636.04 16.984 630.415 2.83503
637.963 358.877 634.148 328.981
307.228 89.9899 306.292 68.987
496.949 222.174 473.974 223.581
512.276 229.415 500.148 223.686
481.887 308.9 489.019 373.9
180.191 413.027 182.301 398.042
343.779 25.1498 340.819 1.02223
570.337 362.054 565.435 301.965
178.17 408.973 174.629 387.06
472.038 405.929 455.113 396.791
363 420 346 420
547.036 266.342 532.1 267.935
175.349 381.016 175.056 369.023
569.984 406.808 557.982 407.781
553.067 310.661 539.108 312.071
379.552 202.956 377.339 174.973
560.061 232.4 535.034 236.226
530.121 273.989 527.939 250.006
533.086 308.994 531.565 287.03
572.693 394.29 568.652 376.077
42.9211 416.862 29.3582 424.626
542.873 204.07 525.068 206.499
239.89 296.181 114.001 313.014
575.783 357.06 569.998 336.001
276.007 431.228 251.034 432.037
515.128 467.818 507.408 419.934
395.555 207.036 393.707 184.024
625.965 414.482 573.947 410.742
549.889 189.468 527.052 194.246
403.951 219.924 401.389 188.049
498.984 201.923 432.689 215.479
547.962 257.791 533.885 260.37
340.069 314.71 285.805 301.821
441.054 428.802 376.943 433.157
370.748 195.014 369.345 168.981
576.885 203.003 546.062 206.542
300.146 214.993 299.539 201.975
301.637 293.061 298.299 273.117
617.985 403.84 581.933 407.298
387.786 206.013 386.106 178.054
528.257 229.981 526.917 212.006
421.716 303.013 419.253 250.988
94.1002 351.891 61.2594 321.809
594.831 80.3504 390.12 133.464
287 157 287 145
559.963 208.775 533.042 213.255
333.241 261.997 332.71 213.992
415.066 310.949 412.05 247.998
496.956 458.999 497.439 427.991
179.992 448.754 243.996 442.965
600.763 82.0759 389.996 135.986
410.474 214.045 408.664 193.029
576.919 210.416 552.964 213.736
543.059 219.328 532.055 221.304
323.551 244.058 321.737 230.034
407.283 302.988 404.764 244.053
476.994 344.028 447.062 337.707
444.785 385.58 433.4 364.322
434.188 401.105 432.353 386.954
49.8627 424.149 18.863 429.151
507.002 428.019 162.166 459.803
423.873 231.25 329.05 182.902
563.018 228.109 532.171 233.065
399.467 299.979 397.013 244.999
344.9 266.962 342.755 216.975
382.711 295.034 381.275 241.019
425.54 364.01 422.763 253.035
89.5497 351.382 63.1818 327.919
498.961 426.565 154.944 457.372
390.787 460.525 299.114 473.788
358.019 462.134 278.179 473.284
260.617 167.536 121.96 203.847
215.605 213.083 211.812 261.03
272 216 272 260.015
286.3 238.025 285.7 220.975
373.916 294.973 372.229 236.993
14.4877 249.182 5.89654 318.963
323.338 267.039 322.453 252.032
462.357 331.978 458.528 270.967
149.574 295.959 151.11 280.011
438.169 205.719 315.845 132.259
198 236.015 198 194.003
354.836 295.98 352.999 220.976
388.468 245.075 391.133 297.995
454.988 302.036 455.516 317.017
110.076 325.999 109.795 309.986
454.558 397.017 453.598 372.015
298.906 457.209 202.082 468.69
498.607 468.147 503.298 448.83
390.856 463.152 323.118 474.693
464.946 467.682 400.116 478.686
546.849 472.364 521.113 478.478
350.075 138.882 325.001 122.998
291.823 171.402 270.547 162.028
322.308 206.316 253.353 175.218
279.999 193 280 278
305.999 203 306 292.006
579.981 238.313 567.964 237.602
364.221 293.998 363.877 251.993
67.207 267.016 47.2213 271.087
111.008 288.955 64.1714 280.992
465.429 301.028 464.069 272.997
123.566 300.088 126.042 284.162
194.729 345.01 194.969 328.014
177.778 364.994 178.704 330.019
20.0001 385.039 5.00019 385.076
501.96 424.266 452.056 427.015
57.0108 448.63 28.0062 447.787
160.992 457.907 135.002 460.02
355.886 459.187 277.042 470.294
452.943 464.69 384.045 477.249
513.983 467.864 482.014 467.253
348.082 50.2375 305.932 64.8046
332.96 178.009 329.475 162.115
356.057 190.963 356.61 177.024
375.795 201.01 374.771 179.011
122.377 233.019 123.394 212.969
578.975 223.272 565.901 222.093
328.437 272.006 327.779 210.002
152 230.024 152 269
584 250 571 250
469 268.999 444.7 257.641
111.982 275.091 73.8911 267.55
462.124 294.997 461.671 276.983
108.867 302.897 62.1494 295.99
449.708 333.08 445.692 268.019
146.632 379.024 148.243 336.009
107.81 361.989 108.866 342.993
161.806 373.993 163.459 327.981
493.175 411.775 484.971 337.008
326.989 460.908 234.171 472.384
416.909 462.451 341.175 475.054
531.983 472.727 505.961 474.388
504.056 470.274 463.115 478.568
324.148 88.009 323.957 70.011
366.771 190.001 366.661 172.996
184.608 223.205 180.816 266.067
272.023 284.87 248.221 280.731
592.018 299.699 576.003 300.1
325.416 328.99 325.029 312.022
424.112 321.55 367.859 307.566
464.269 363.983 462.982 344.001
603.025 426.55 580.028 427.603
160.9 446.997 161.429 429.013
328.849 457.814 243.949 468.595
287.96 460.676 216.08 469.645
313.106 88.9923 312.024 74.0708
252.804 175.239 115.64 210.604
407.259 208.961 404.276 189.109
320.196 200.565 251.196 169.564
505.005 195.029 447.005 206.026
239.456 211.221 235.793 254.942
349.639 279.005 348.801 218.016
418.098 306.047 415.2 250.989
402.244 293.991 400.526 245.981
410.304 301.028 408.13 247.035
126.001 275.091 127.363 260.033
443.333 314.059 438.841 263.014
590.089 277.196 576.018 278.247
64.0888 282.561 46.0657 285.415
119.461 300.025 118.807 286.009
468.024 300.999 466.745 269.969
106.941 317.418 64.0876 311.379
631.016 328.14 618.948 329.553
458.647 365.023 457.091 341.059
488.932 410.561 475.107 412.693
51.9939 436.066 37.0316 434.663
131.935 452.986 136.112 433.023
273.994 436.781 241.991 437.674
127.007 468 196.998 468
427.889 465.373 360.065 477.367
336.423 85.0437 334.754 63.0186
317.629 128.673 244.07 149.249
435.063 200.897 317.26 129.571
368.811 154.48 314.989 125.024
331.671 178.945 314.955 173.13
207.118 208 207.118 192
167.675 217.027 168.36 199.974
66.8678 217.504 25.8515 228.443
338.819 277.003 339.028 228.004
367.099 256.979 367.62 234.991
377.198 288.996 376.019 235.021
386.317 291.99 384.688 237.979
585 258.037 570.002 257.838
393.938 294.001 393.2 238.011
205.07 286.953 205.933 269.997
272.975 302.149 249.137 298.178
158.314 323.03 157.649 308.016
157 349 157 332
171.191 370.98 168.315 343.071
82.9969 449 150 449
60.4954 454.913 63.9315 434.988
348.619 41.9093 314.005 54.0138
315.925 124.742 238.985 146.947
316.683 131.878 263.013 147.046
367.828 136.023 351.969 138.822
236.919 197.998 237.229 183.983
509.993 237.954 447.017 248.104
359.185 284.963 357.319 225.958
66.9473 262.75 46.0343 267.163
475.492 274.888 444.382 261.135
563.001 246.009 572.015 331.893
323.018 297.919 310.005 294.979
188.186 347.012 187.914 328.001
172.256 354.996 171.849 325.988
632.981 341.742 620.972 342.617
488.47 403.963 483.654 343.027
194.062 417.004 198.117 357.008
20.8814 393.244 5.02557 391.732
2.04063 395.001 1.4105 419.011
115 429.484 86 429.484
493.091 466.442 435.065 478.32
366.974 126.848 364.338 109.947
371.916 133.197 368.101 112.163
142.873 270.993 145.202 227.011
561.899 263.948 560.799 245.012
112.05 270.763 76.9189 263.386
234.08 283.614 213.048 286.365
3.87013 310.993 4.92856 290.996
106.956 332.33 60.8381 326.222
634.993 350.924 622.016 352.166
638.023 371.564 624.006 372.143
124.004 441.134 87.0074 442.245
600.011 459.36 570.008 460.263
234.021 463.361 186.011 466.19
222.927 478.238 196.287 470.066
350.297 52.8621 308.833 66.4935
370.69 71.374 349.878 54.1474
330.132 151.573 305.084 157.365
443.597 204.066 407.855 181.228
69.073 273.403 45.927 277.597
172.692 289.964 174.445 274.935
115.806 296.226 63.1705 287.919
469.597 367.986 468.922 339.002
185.308 333.008 184.653 359.016
554.922 420.124 530.03 422.341
312.033 425.035 269.98 423.594
250.013 426.193 231.002 425.894
586.53 455.037 584.429 428.044
608.042 448.994 605.728 433.039
54.9827 455.453 0.985176 453.388
269.954 457.407 173.906 464.773
122.966 461.81 0.969513 456.732
118 464 50 464
342.935 35.8071 319.872 43.6214
355.208 129.833 352.863 112.881
312.418 292.006 311.785 233.002
325.899 250.997 326.354 237.012
110.975 281.138 64.2277 272.733
231.892 288.433 195.088 292.101
422.011 324.955 370.954 312.182
194.697 373.981 195.971 353.998
402.961 405.379 375.069 407.114
228.997 428.201 196.99 427.759
415 428 385 428
573.707 454.44 544.777 469.575
323.98 478.101 306.083 474.578
355 476 340 476
374.084 64.9024 346.683 41.2097
348.925 99.7036 316.002 108.006
403.995 166.007 368.926 143.113
409.538 165.204 367.263 136.612
508.04 236.303 496.968 237.76
256.848 289.882 111.94 309.555
163.063 293.394 126.051 299.32
112.937 310.433 65.0799 303.452
355.652 302.547 341.379 313.495
107.005 346.946 87.9968 345.032
155.665 377.021 153.801 347.012
175.914 429.998 176.258 417.979
636.009 450.179 611.021 451.424
372.104 68.8746 349.166 49.8004
205.93 184.711 192.024 188.1
317.344 193.275 253.095 162.799
225.013 274.974 227.237 192.005
107.987 324.11 62.1546 318.692
250.004 458.303 213.999 458.083
313.46 121.7 273.988 131.951
109.922 204.642 93.0686 208.315
484.951 239.695 448.916 245.478
442.663 312.001 442.59 268.999
253.963 284.736 218.958 289.703
342.006 310.973 251.229 290.01
231.984 300.846 213.974 302.754
395.935 311.255 373.839 305.635
18.9963 325.026 8.91704 323.577
367.267 387.512 341.719 373.513
329.104 436.934 298.922 440.299
350.716 142.875 317.255 121.598
196.954 295.287 176.983 292.105
107.976 339.206 80.0091 335.923
476.053 340.744 451.09 335.566
35.0021 418.146 19.0022 418.106
40.03 443.404 1.94316 446.235
114.996 471.881 61.0236 473.7
24.8964 477.233 0.981106 475.225
207.033 476.802 166.019 478.47
144.338 188.215 250.012 159.038
253.627 162.615 122.95 197.813
25.6281 289.972 28.7613 247.982
28.2842 294.946 31.8487 247.989
102.965 291.176 66.2145 283.915
267.871 305.975 250.05 303.621
203.985 351.996 203.871 321.004
443.312 367.772 436.89 294.012
182.003 472.144 131.018 473.035
506.009 207.049 445.943 217.678
94.0337 303.762 66.0305 299.786
266.025 310.868 252.923 308.408
266.012 322.912 249.067 320.525
327.358 364.503 320.952 347.017
245.959 440.117 201.011 442.228
187.958 470.036 130.984 471.256
399.374 176.353 391.634 162.642
560.118 194.427 546.088 198.316
271.036 236.178 252.967 239.836
286.953 293.206 249.116 284.496
325.072 303.687 278.042 292.819
265.963 313.228 250.062 310.619
103.957 320.293 65.0533 314.634
250.978 315.813 225.969 318.738
499.948 369.603 472.89 373.168
248.041 433.673 201.033 436.547
243.002 436.026 214.023 438.291
108 467.984 49.005 466.76
603.728 309.919 590.592 191.934
274.446 388.044 276.442 412.965
366.978 449.832 320.989 455.917
597.404 351.956 592.175 303.981
