
4.180208e+02	411	3.719773e+02	411	
4.169968e+02	414	3.669868e+02	414	
5.340191e+02	410	4.960059e+02	410	
4.200206e+02	473	3.850064e+02	473	
4.249956e+02	477	3.849831e+02	477	
4.759916e+02	4.314449e+02	4.220061e+02	4.298427e+02	
4.760262e+02	433	4.359763e+02	433	
4.869922e+02	412	4.569756e+02	412	
3.290016e+02	4.239606e+02	2.810057e+02	4.218651e+02	
5.069757e+02	4.406468e+02	2.649869e+02	4.313506e+02	
5.329855e+02	4.135416e+02	4.950030e+02	4.120161e+02	
3.249874e+02	4.214989e+02	2.850044e+02	4.199629e+02	
4.769976e+02	4.259639e+02	4.410153e+02	4.244558e+02	
3.250241e+02	4.264723e+02	2.780102e+02	4.248305e+02	
4.879958e+02	4.281119e+02	4.240071e+02	4.265480e+02	
4.759920e+02	4.501582e+02	3.889765e+02	4.465111e+02	
3.219939e+02	414	2.929767e+02	414	
3.339966e+02	4.290843e+02	2.750103e+02	4.267152e+02	
4.130292e+02	431	3.880092e+02	431	
3.789949e+02	4.341003e+02	3.389998e+02	4.320042e+02	
4.759921e+02	4.371870e+02	4.300092e+02	4.355813e+02	
3.779764e+02	4.395406e+02	2.590036e+02	4.339300e+02	
3.250285e+02	409	3.000085e+02	409	
3.190011e+02	4.189785e+02	2.859921e+02	4.171330e+02	
3.199873e+02	4.313197e+02	2.679945e+02	4.291406e+02	
2.209904e+02	441	1.969696e+02	441	
3.770173e+02	4.416232e+02	3.320092e+02	4.398155e+02	
3.190263e+02	416	2.930070e+02	416	
3.209905e+02	4.391966e+02	2.579999e+02	4.360056e+02	
4.889871e+02	4.443135e+02	3.880042e+02	4.399045e+02	
4.869834e+02	4.464093e+02	3.869912e+02	4.422184e+02	
4.199837e+02	4.355127e+02	3.880063e+02	4.339488e+02	
5.660282e+02	187	5.420074e+02	187	
5.229945e+02	4.070087e+02	4.960208e+02	4.054534e+02	
6.090306e+02	209	5.870078e+02	209	
2.209882e+02	434	2.019619e+02	434	
3.740251e+02	4.726870e+02	1.669685e+02	4.563912e+02	
1.479908e+02	479	1.279658e+02	479	
2.349021e+02	4.799836e+02	1.329560e+02	4.694485e+02	
4.889891e+02	3.961455e+02	4.610150e+02	3.945815e+02	
1.310409e+02	429	1.140116e+02	429	
3.739911e+02	4.661226e+02	1.810036e+02	4.519505e+02	
5.660340e+02	197	5.440113e+02	197	
5.219865e+02	4.041874e+02	4.950156e+02	4.025850e+02	
3.739708e+02	4.456167e+02	2.580223e+02	4.395401e+02	
96	445	96	445	
3.749808e+02	4.762315e+02	1.680123e+02	4.588519e+02	
3.478797e+02	4.804509e+02	1.879633e+02	4.664601e+02	
3.569925e+02	4.280070e+02	3.390279e+02	4.264985e+02	
2.698595e+01	4.501459e+02	5.019596e+00	4.485713e+02	
2.398526e+01	212	1.194367e+01	212	
3.506406e+01	269	2.401870e+01	269	
7.803939e+01	401	5.901309e+01	401	
6.140440e+02	409	5.970146e+02	409	
8.507078e+01	4.564462e+02	6.103007e+01	4.537921e+02	
2.802400e+01	4.577926e+02	2.014605e+00	4.548752e+02	
2.949208e+02	4.798585e+02	1.519921e+02	4.660960e+02	
1.939377e+02	4.795824e+02	1.369799e+02	4.731935e+02	
5.779844e+02	199	5.669391e+02	199	
3.160656e+02	223	2.989483e+02	223	
4.849836e+02	4.011653e+02	4.660186e+02	3.996394e+02	
5.089592e+02	4.165238e+02	4.960099e+02	4.150026e+02	
3.510700e+02	417	3.410201e+02	417	
6.197633e+01	4.492605e+02	1.601532e+01	4.448350e+02	
3.098547e+01	4.531798e+02	4.014526e+00	4.508202e+02	
8.597475e+01	4.592260e+02	5.603721e+01	4.556562e+02	
8.395402e+01	4.674121e+02	2.008289e+00	4.579307e+02	
1.989670e+02	4.644695e+02	1.850082e+02	4.630024e+02	
7.486587e+01	4.801873e+02	1.960705e+00	4.713648e+02	
3.640700e+02	478	3.540201e+02	478	
5.769836e+02	190	5.669337e+02	190	
6.100439e+02	2.016513e+02	5.930435e+02	1.996542e+02	
4.120663e+02	291	4.020164e+02	291	
1.980772e+02	433	1.890218e+02	433	
8.697506e+01	4.513968e+02	7.102311e+01	4.498045e+02	
2.697859e+01	4.661408e+02	2.075803e+00	4.624190e+02	
1.870001e+02	4.669980e+02	1.489833e+02	4.621280e+02	
8.399797e+01	4.730151e+02	3.200203e+01	4.659849e+02	
5.550000e+02	2.920044e+02	5.500000e+02	2.919956e+02	
9.895935e+01	3.043651e+02	8.000088e+01	3.020037e+02	
5.350001e+02	3.779995e+02	5.239999e+02	3.760005e+02	
3.098996e+01	4.440124e+02	1.903307e+01	4.425866e+02	
8.498553e+01	4.761145e+02	2.044499e+00	4.656366e+02	
5.940498e+02	301	5.790165e+02	301	
5.459462e+02	3.304877e+02	5.370124e+02	3.290088e+02	
3.990971e+02	350	3.920260e+02	350	
3.110904e+02	246	3.040194e+02	246	
4.246766e+02	3.120902e+02	3.251593e+02	2.814746e+02	
4.277044e+02	3.170402e+02	3.350672e+02	2.897756e+02	
3.459583e+02	3.342915e+02	3.090417e+02	3.287085e+02	
8.198634e+01	4.641161e+02	4.701366e+01	4.598839e+02	
1.798647e+01	1.709964e+02	1.105248e+01	1.696108e+02	
572	202	572	202	
1.599811e+02	2.149926e+02	1.540790e+02	2.135210e+02	
7.096837e+01	238	6.586935e+01	238	
5.070927e+02	3.167059e+02	4.911959e+02	3.113869e+02	
3.299177e+02	3.364228e+02	3.190024e+02	3.340029e+02	
442	360	442	360	
1.198106e+01	3.999926e+02	6.078981e+00	3.985210e+02	
1.959210e+02	4.414790e+02	1.900189e+02	4.400074e+02	
144	184	144	184	
5.659483e+02	2.092079e+02	5.590449e+02	2.076774e+02	
4.231141e+02	3.086379e+02	3.310658e+02	2.797917e+02	
6.297184e+02	2.937117e+02	6.118625e+02	2.863520e+02	
4.230014e+02	3.009952e+02	3.321036e+02	2.696966e+02	
4.999899e+02	3.079958e+02	4.912702e+02	3.042585e+02	
2.479811e+02	3.229916e+02	2.430771e+02	3.215947e+02	
5.349724e+02	3.531006e+02	4.930946e+02	3.416441e+02	
3.198557e+01	4.020026e+02	2.604930e+01	4.006757e+02	
3.294834e+01	4.042079e+02	2.604488e+01	4.026774e+02	
3.589595e+02	4.231249e+02	3.412258e+02	4.180733e+02	
5.811777e+02	4.585838e+02	4.899756e+02	4.200586e+02	
6.321679e+02	4.515243e+02	5.589420e+02	4.261675e+02	
8.599832e+01	4.489992e+02	7.305733e+01	4.466474e+02	
494	466	494	466	
4.350000e+02	4.660026e+02	4.320000e+02	4.659974e+02	
6.109738e+02	4.790709e+02	5.791364e+02	4.676088e+02	
1.609988e+02	1.950031e+02	1.530012e+02	1.919969e+02	
3.409987e+02	2.120029e+02	3.320013e+02	2.079971e+02	
4.049295e+02	2.651674e+02	3.669201e+02	2.491897e+02	
4.040671e+02	2.668430e+02	3.669329e+02	2.511570e+02	
3.440889e+02	2.677621e+02	3.280314e+02	2.619177e+02	
3.461025e+02	2.717092e+02	3.320047e+02	2.669921e+02	
4.008959e+02	2.903119e+02	3.611041e+02	2.766881e+02	
3.930015e+02	2.839954e+02	3.779985e+02	2.790046e+02	
6.258739e+02	2.963453e+02	6.120045e+02	2.909936e+02	
4.119981e+02	2.949973e+02	4.050902e+02	2.926994e+02	
5.378119e+02	3.173935e+02	5.209976e+02	3.090102e+02	
3.168129e+02	3.223968e+02	3.039994e+02	3.160082e+02	
5.389722e+02	3.240673e+02	5.170278e+02	3.149327e+02	
5.358735e+02	3.283431e+02	5.140043e+02	3.199921e+02	
5.339623e+02	3.301031e+02	5.200377e+02	3.248969e+02	
5.119098e+02	3.513006e+02	5.050019e+02	3.490027e+02	
5.238603e+02	4.323580e+02	5.051397e+02	4.246420e+02	
6.019966e+02	4.440102e+02	5.840034e+02	4.379898e+02	
5.978861e+02	4.773224e+02	5.801139e+02	4.706776e+02	
4.237709e+02	1.352816e+02	3.302291e+02	5.871843e+01	
4.201562e+02	1.368065e+02	3.298438e+02	6.419346e+01	
3.567336e+02	9.434613e+01	3.292664e+02	7.265387e+01	
3.822110e+02	1.087287e+02	3.371653e+02	7.378758e+01	
3.487327e+02	9.635518e+01	3.272673e+02	7.964482e+01	
3.449956e+02	9.900604e+01	3.300044e+02	8.799396e+01	
4.058064e+02	1.302433e+02	3.618060e+02	9.524383e+01	
4.051232e+02	1.318457e+02	3.638768e+02	9.915425e+01	
4.170001e+02	1.369998e+02	3.889999e+02	1.140002e+02	
5.419989e+02	1.949989e+02	4.854967e+02	1.384967e+02	
3.958899e+02	1.841799e+02	3.761101e+02	1.718201e+02	
3.949954e+02	1.860074e+02	3.740046e+02	1.729926e+02	
5.140111e+02	476	4.339861e+02	476	
4.930175e+02	466	4.359825e+02	466	
4.960104e+02	473	4.240035e+02	473	
4.250000e+02	4.240314e+02	3.890000e+02	4.239686e+02	
4.870000e+02	4.170305e+02	4.520000e+02	4.169695e+02	
4.870000e+02	4.150297e+02	4.530000e+02	4.149703e+02	
6.150000e+02	4.110271e+02	5.840000e+02	4.109729e+02	
4.190000e+02	4.260271e+02	3.880000e+02	4.259729e+02	
4.220000e+02	4.090253e+02	3.930000e+02	4.089747e+02	
6.190223e+02	349	5.880062e+02	349	
4.140000e+02	4.160236e+02	3.870000e+02	4.159764e+02	
4.280183e+02	466	3.870061e+02	466	
5.900000e+02	4.070227e+02	5.640000e+02	4.069773e+02	
3.260000e+02	4.120227e+02	3.000000e+02	4.119773e+02	
4.710000e+02	4.220227e+02	4.450000e+02	4.219773e+02	
423	474	423	474	
6.150250e+02	361	5.870072e+02	361	
5.499998e+01	4.000218e+02	3.000002e+01	3.999782e+02	
4.130000e+02	4.290209e+02	3.890000e+02	4.289791e+02	
4.110000e+02	4.210201e+02	3.880000e+02	4.209799e+02	
6.360083e+02	2.981682e+02	5.950086e+02	3.001734e+02	
4.110000e+02	4.190192e+02	3.890000e+02	4.189808e+02	
4.710000e+02	4.200192e+02	4.490000e+02	4.199808e+02	
4.470000e+02	4.120183e+02	4.260000e+02	4.119817e+02	
3.880000e+02	4.180183e+02	3.670000e+02	4.179817e+02	
4.869887e+02	329	4.669638e+02	329	
6.369902e+02	360	6.159664e+02	360	
5.860000e+02	4.090157e+02	5.680000e+02	4.089843e+02	
4.539908e+02	2.978903e+02	4.250160e+02	2.994595e+02	
6.390004e+02	3.060092e+02	5.600164e+02	3.112553e+02	
4.579908e+02	3.138903e+02	4.290160e+02	3.154595e+02	
5.130000e+02	4.210148e+02	4.960000e+02	4.209852e+02	
8.799999e+01	4.300148e+02	7.100001e+01	4.299852e+02	
1.220342e+02	437	1.020092e+02	437	
5.820000e+02	2.190131e+02	5.670000e+02	2.189869e+02	
3.560000e+02	4.130131e+02	3.410000e+02	4.129869e+02	
3.560000e+02	4.150131e+02	3.410000e+02	4.149869e+02	
6.009789e+02	2.896970e+02	5.560060e+02	2.930785e+02	
6.390042e+02	3.020754e+02	5.570325e+02	3.075199e+02	
6.130000e+02	3.810122e+02	5.990000e+02	3.809878e+02	
3.810000e+02	4.200122e+02	3.670000e+02	4.199878e+02	
4.880000e+02	4.200122e+02	4.740000e+02	4.199878e+02	
3.810000e+02	4.230122e+02	3.670000e+02	4.229878e+02	
3.800000e+02	4.280122e+02	3.660000e+02	4.279878e+02	
3.790000e+02	4.300122e+02	3.650000e+02	4.299878e+02	
3.239833e+02	2.828173e+02	2.799837e+02	2.868216e+02	
4.819736e+02	2.976364e+02	4.259746e+02	3.016505e+02	
1.410000e+02	3.160113e+02	1.280000e+02	3.159887e+02	
4.570000e+02	3.170113e+02	4.440000e+02	3.169887e+02	
6.130000e+02	3.830113e+02	6.000000e+02	3.829887e+02	
3.540000e+02	4.100113e+02	3.410000e+02	4.099887e+02	
6.300000e+02	4.110113e+02	6.170000e+02	4.109887e+02	
5.090000e+02	4.180113e+02	4.960000e+02	4.179887e+02	
5.150000e+02	4.230113e+02	5.020000e+02	4.229887e+02	
3.800000e+02	4.250113e+02	3.670000e+02	4.249887e+02	
1.620000e+02	4.310113e+02	1.490000e+02	4.309887e+02	
1.159927e+02	4.449949e+02	9.702773e+01	4.465207e+02	
5.750000e+02	2.710105e+02	5.630000e+02	2.709895e+02	
5.740490e+02	305	5.600133e+02	305	
8.000008e+01	3.100016e+02	5.001016e+01	3.131007e+02	
5.040000e+02	3.180105e+02	4.920000e+02	3.179895e+02	
6.110000e+02	4.010105e+02	5.990000e+02	4.009895e+02	
4.420000e+02	4.220105e+02	4.300000e+02	4.219895e+02	
4.280000e+02	4.320105e+02	4.160000e+02	4.319895e+02	
2.570449e+02	4.395191e+02	2.220155e+02	4.421530e+02	
6.389862e+02	2.078723e+02	6.109802e+02	2.108159e+02	
3.299773e+02	2.877754e+02	2.969527e+02	2.904905e+02	
5.710524e+02	297	5.580140e+02	297	
9.899999e+01	3.000096e+02	8.800001e+01	2.999904e+02	
4.529815e+02	3.078058e+02	4.259609e+02	3.095058e+02	
4.390000e+02	3.180096e+02	4.280000e+02	3.179904e+02	
6.390000e+02	3.230096e+02	6.280000e+02	3.229904e+02	
5.089925e+02	3.269945e+02	4.920279e+02	3.284787e+02	
5.820000e+02	4.110096e+02	5.710000e+02	4.109904e+02	
4.340000e+02	4.140096e+02	4.230000e+02	4.139904e+02	
4.270000e+02	4.210096e+02	4.160000e+02	4.209904e+02	
3.309350e+02	2.683607e+02	2.799999e+02	2.739840e+02	
5.780001e+02	2.850035e+02	5.629834e+02	2.868740e+02	
4.850000e+02	3.060087e+02	4.750000e+02	3.059913e+02	
8.403390e+01	3.064837e+02	5.500756e+01	3.080557e+02	
2.430000e+02	3.340087e+02	2.330000e+02	3.339913e+02	
2.270000e+02	3.430087e+02	2.170000e+02	3.429913e+02	
6.330000e+02	3.480087e+02	6.230000e+02	3.479913e+02	
5.760000e+02	3.630087e+02	5.660000e+02	3.629913e+02	
6.090000e+02	3.870087e+02	5.990000e+02	3.869913e+02	
3.870000e+02	4.090087e+02	3.770000e+02	4.089913e+02	
3.510000e+02	4.220087e+02	3.410000e+02	4.219913e+02	
3.500000e+02	4.290087e+02	3.400000e+02	4.289913e+02	
6.389742e+02	2.117725e+02	5.830383e+02	2.183435e+02	
6.390033e+02	2.250285e+02	5.780098e+02	2.320857e+02	
6.389895e+02	2.418981e+02	6.090105e+02	2.451019e+02	
5.969999e+02	2.439993e+02	5.820001e+02	2.460007e+02	
5.979999e+02	2.459993e+02	5.830001e+02	2.480007e+02	
3.110136e+02	2.681185e+02	2.760122e+02	2.721064e+02	
3.299831e+02	2.788166e+02	2.930326e+02	2.823745e+02	
6.389799e+02	281	6.289300e+02	281	
6.390000e+02	2.850079e+02	6.300000e+02	2.849921e+02	
6.389783e+02	2.866082e+02	6.210191e+02	2.881794e+02	
8.698408e+01	2.928391e+02	5.496606e+01	2.956403e+02	
1.099444e+02	2.924643e+02	6.097801e+01	2.977837e+02	
4.910000e+02	2.960079e+02	4.820000e+02	2.959921e+02	
8.204190e+01	3.034462e+02	6.100352e+01	3.049911e+02	
5.870000e+02	3.040079e+02	5.780000e+02	3.039921e+02	
3.040000e+02	3.050079e+02	2.950000e+02	3.049921e+02	
6.230000e+02	3.260079e+02	6.140000e+02	3.259921e+02	
2.420000e+02	3.420079e+02	2.330000e+02	3.419921e+02	
5.770000e+02	3.760079e+02	5.680000e+02	3.759921e+02	
4.870000e+02	3.930079e+02	4.780000e+02	3.929921e+02	
2.110000e+02	4.020079e+02	2.020000e+02	4.019921e+02	
2.110000e+02	4.040079e+02	2.020000e+02	4.039921e+02	
3.170502e+02	1.922644e+02	2.960171e+02	1.960868e+02	
5.920000e+02	2.010044e+02	5.870000e+02	2.009956e+02	
9.999994e+00	2.030070e+02	2.000006e+00	2.029930e+02	
6.389427e+02	2.185135e+02	5.789733e+02	2.257706e+02	
6.389679e+02	2.296819e+02	6.070217e+02	2.332088e+02	
5.960558e+02	2.343703e+02	5.830037e+02	2.359960e+02	
5.550582e+02	236	5.440129e+02	236	
4.830000e+02	2.530070e+02	4.750000e+02	2.529930e+02	
3.160000e+02	2.560070e+02	3.080000e+02	2.559930e+02	
3.080446e+02	2.623967e+02	2.890341e+02	2.642942e+02	
2.810582e+02	264	2.700129e+02	264	
2.060000e+02	2.720070e+02	1.980000e+02	2.719930e+02	
6.239849e+02	2.818600e+02	6.040217e+02	2.834312e+02	
5.999847e+02	2.839036e+02	5.850258e+02	2.853967e+02	
4.198356e+01	293	3.193368e+01	293	
6.310000e+02	3.010070e+02	6.230000e+02	3.009930e+02	
6.020000e+02	3.030070e+02	5.940000e+02	3.029930e+02	
4.849591e+02	3.115069e+02	4.730098e+02	3.129952e+02	
4.830000e+02	3.150070e+02	4.750000e+02	3.149930e+02	
4.690000e+02	3.160070e+02	4.610000e+02	3.159930e+02	
4.839871e+02	319	4.729418e+02	319	
5.010000e+02	3.300070e+02	4.930000e+02	3.299930e+02	
5.760000e+02	3.650070e+02	5.680000e+02	3.649930e+02	
6.240000e+02	3.870070e+02	6.160000e+02	3.869930e+02	
2.799999e+01	3.990070e+02	2.000001e+01	3.989930e+02	
1.230663e+02	433	1.130164e+02	433	
3.150000e+02	4.530070e+02	3.070000e+02	4.529930e+02	
4.841013e+02	1.385289e+02	4.160735e+02	1.513829e+02	
5.530728e+02	199	5.440174e+02	199	
6.389559e+02	1.996225e+02	6.110302e+02	2.032494e+02	
5.690349e+02	2.032143e+02	5.449903e+02	2.069366e+02	
3.110000e+02	2.200061e+02	3.040000e+02	2.199939e+02	
6.209691e+02	2.415925e+02	6.080197e+02	2.431137e+02	
4.830860e+02	251	4.750238e+02	251	
7.396894e+01	2.897702e+02	5.795455e+01	2.916514e+02	
6.160000e+02	3.020061e+02	6.090000e+02	3.019939e+02	
2.360000e+02	3.160061e+02	2.290000e+02	3.159939e+02	
2.500000e+02	3.300061e+02	2.430000e+02	3.299939e+02	
4.850000e+02	3.310061e+02	4.780000e+02	3.309939e+02	
2.250728e+02	335	2.160174e+02	335	
3.240000e+02	3.390061e+02	3.170000e+02	3.389939e+02	
4.470000e+02	3.430061e+02	4.400000e+02	3.429939e+02	
4.719838e+02	3.418981e+02	4.580251e+02	3.433652e+02	
6.329762e+02	381	6.249140e+02	381	
3.999999e+01	3.840061e+02	3.300001e+01	3.839939e+02	
5.497514e+01	3.847939e+02	4.002420e+01	3.863653e+02	
4.730000e+02	3.980061e+02	4.660000e+02	3.979939e+02	
3.000000e+02	4.050061e+02	2.930000e+02	4.049939e+02	
3.830000e+02	4.160061e+02	3.760000e+02	4.159939e+02	
3.596784e+01	4.297032e+02	1.596063e+01	4.316297e+02	
2.390000e+02	4.330061e+02	2.320000e+02	4.329939e+02	
4.310000e+02	4.700061e+02	4.240000e+02	4.699939e+02	
4.620000e+02	4.700061e+02	4.550000e+02	4.699939e+02	
3.260508e+02	7.918436e+01	6.540325e+01	1.544164e+02	
1.689635e+02	1.158088e+02	1.530003e+02	1.189986e+02	
4.489740e+02	141	4.419029e+02	141	
2.460627e+02	1.563201e+02	2.360045e+02	1.580033e+02	
3.179547e+02	1.667366e+02	2.940158e+02	1.710870e+02	
5.520000e+02	2.030052e+02	5.460000e+02	2.029948e+02	
5.950000e+02	2.040052e+02	5.890000e+02	2.039948e+02	
5.959740e+02	211	5.889029e+02	211	
5.960000e+02	2.140052e+02	5.900000e+02	2.139948e+02	
5.380000e+02	2.250052e+02	5.320000e+02	2.249948e+02	
3.110971e+02	228	3.040260e+02	228	
5.739617e+02	2.325785e+02	5.630265e+02	2.341348e+02	
6.389815e+02	2.398804e+02	6.260244e+02	2.413338e+02	
3.696414e+01	2.458082e+02	2.600053e+01	2.479990e+02	
2.810000e+02	2.600052e+02	2.750000e+02	2.599948e+02	
9.009709e+01	277	8.302602e+01	277	
4.720806e+02	287	4.640184e+02	287	
6.000000e+02	2.880052e+02	5.940000e+02	2.879948e+02	
5.490000e+02	2.930052e+02	5.430000e+02	2.929948e+02	
1.109617e+02	2.995785e+02	1.000265e+02	3.011348e+02	
5.560000e+02	3.060052e+02	5.500000e+02	3.059948e+02	
5.480000e+02	3.080052e+02	5.420000e+02	3.079948e+02	
6.060000e+02	3.170052e+02	6.000000e+02	3.169948e+02	
6.390000e+02	3.410052e+02	6.330000e+02	3.409948e+02	
4.800000e+02	3.460052e+02	4.740000e+02	3.459948e+02	
4.320000e+02	3.480052e+02	4.260000e+02	3.479948e+02	
5.500000e+01	3.870052e+02	4.900000e+01	3.869948e+02	
3.730000e+02	4.150052e+02	3.670000e+02	4.149948e+02	
3.570000e+02	4.300052e+02	3.510000e+02	4.299948e+02	
9.200000e+01	4.460052e+02	8.600000e+01	4.459948e+02	
3.970000e+02	4.700052e+02	3.910000e+02	4.699948e+02	
3.287922e+02	6.723395e+01	2.879259e+02	7.872093e+01	
2.210075e+02	9.903290e+01	1.768389e+02	1.114481e+02	
1.491065e+02	1.213529e+02	8.614555e+01	1.404819e+02	
4.229886e+02	1.389955e+02	4.140398e+02	1.403809e+02	
1.280000e+02	1.460044e+02	1.230000e+02	1.459956e+02	
5.510000e+02	1.910044e+02	5.460000e+02	1.909956e+02	
2.449670e+02	1.918703e+02	2.329084e+02	1.934792e+02	
2.679460e+02	2.135555e+02	2.600136e+02	2.149970e+02	
2.960000e+02	2.220044e+02	2.910000e+02	2.219956e+02	
4.819864e+02	2.210030e+02	4.740540e+02	2.224445e+02	
2.680000e+02	2.270044e+02	2.630000e+02	2.269956e+02	
3.159769e+02	2.318689e+02	3.050285e+02	2.333298e+02	
4.898864e+01	2.359955e+02	4.003985e+01	2.373809e+02	
2.670000e+02	2.410044e+02	2.620000e+02	2.409956e+02	
3.150000e+02	2.540044e+02	3.100000e+02	2.539956e+02	
9.197116e+01	2.658568e+02	8.203692e+01	2.673769e+02	
3.600000e+02	2.740044e+02	3.550000e+02	2.739956e+02	
5.000000e+01	2.950044e+02	4.500000e+01	2.949956e+02	
1.811401e+02	303	1.738599e+02	303	
6.330000e+02	3.330044e+02	6.280000e+02	3.329956e+02	
6.390000e+02	4.110044e+02	6.340000e+02	4.109956e+02	
6.090000e+02	4.180044e+02	6.040000e+02	4.179956e+02	
6.000000e+02	4.200044e+02	5.950000e+02	4.199956e+02	
2.500000e+02	4.340044e+02	2.450000e+02	4.339956e+02	
1.800000e+02	4.510044e+02	1.750000e+02	4.509956e+02	
2.090000e+02	4.650044e+02	2.040000e+02	4.649956e+02	
4.511114e+02	470	4.450286e+02	470	
2.160000e+02	4.750044e+02	2.110000e+02	4.749956e+02	
3.287651e+02	5.723487e+01	7.234854e+00	1.567651e+02	
2.828982e+02	8.066494e+01	2.269319e+02	9.777556e+01	
2.869998e+02	9.800906e+01	2.641394e+02	1.045210e+02	
2.871174e+02	9.541687e+01	2.621001e+02	1.023548e+02	
2.829966e+02	1.169909e+02	2.649349e+02	1.217630e+02	
4.840291e+02	1.261349e+02	4.470152e+02	1.340700e+02	
3.109999e+02	1.269994e+02	2.980001e+02	1.300006e+02	
4.419997e+02	1.350014e+02	4.260365e+02	1.381912e+02	
2.259641e+02	1.368082e+02	2.150005e+02	1.389990e+02	
4.799682e+02	1.418302e+02	4.120958e+02	1.545321e+02	
7.891770e+01	1.425772e+02	6.800238e+01	1.449971e+02	
1.708890e+02	1.425331e+02	1.579436e+02	1.457607e+02	
2.970000e+02	1.430035e+02	2.930000e+02	1.429965e+02	
4.339548e+02	1.418101e+02	4.260488e+02	1.433899e+02	
3.259849e+02	7.294820e+01	1.101514e+01	1.650518e+02	
3.130006e+02	1.500018e+02	3.069994e+02	1.519982e+02	
4.790006e+02	1.500025e+02	4.709994e+02	1.519975e+02	
4.669512e+02	1.526101e+02	4.590452e+02	1.541899e+02	
4.790925e+02	1.523764e+02	4.710090e+02	1.540064e+02	
4.519979e+02	1.540013e+02	4.400682e+02	1.563851e+02	
4.669512e+02	1.546101e+02	4.590452e+02	1.561899e+02	
2.789210e+02	1.795210e+02	2.730189e+02	1.809926e+02	
2.830364e+02	1.811934e+02	2.720728e+02	1.833842e+02	
2.241306e+02	185	2.190316e+02	185	
1.029684e+02	186	9.786935e+01	186	
4.809512e+02	1.886101e+02	4.730452e+02	1.901899e+02	
4.809548e+02	1.908101e+02	4.730488e+02	1.923899e+02	
1.409664e+02	1.938342e+02	1.320352e+02	1.953288e+02	
5.709475e+02	2.006108e+02	5.640135e+02	2.019964e+02	
1.409512e+02	2.036101e+02	1.330452e+02	2.051899e+02	
6.040000e+02	2.040035e+02	6.000000e+02	2.039965e+02	
4.310000e+02	2.070035e+02	4.270000e+02	2.069965e+02	
2.379865e+02	2.100036e+02	2.310525e+02	2.113892e+02	
3.019210e+02	2.125210e+02	2.960189e+02	2.139926e+02	
4.829664e+02	2.188342e+02	4.740352e+02	2.203288e+02	
2.689811e+02	2.230074e+02	2.630790e+02	2.244790e+02	
3.109865e+02	2.350036e+02	3.040525e+02	2.363892e+02	
3.109865e+02	2.430036e+02	3.040525e+02	2.443892e+02	
1.179811e+02	2.560074e+02	1.120790e+02	2.574790e+02	
3.792102e+01	2.645210e+02	3.201894e+01	2.659926e+02	
2.819811e+02	2.650074e+02	2.760790e+02	2.664790e+02	
4.395479e+01	2.678101e+02	3.604882e+01	2.693899e+02	
6.105619e+02	2.888857e+02	5.841576e+02	3.003666e+02	
4.590000e+02	2.970035e+02	4.550000e+02	2.969965e+02	
6.220000e+02	3.160035e+02	6.180000e+02	3.159965e+02	
2.201306e+02	332	2.150316e+02	332	
6.389512e+02	3.346101e+02	6.310452e+02	3.361899e+02	
4.489811e+02	3.600074e+02	4.430790e+02	3.614790e+02	
5.759865e+02	3.670036e+02	5.690525e+02	3.683892e+02	
6.390357e+02	401	6.180119e+02	401	
6.390000e+02	4.090035e+02	6.350000e+02	4.089965e+02	
2.665739e+01	4.320655e+02	1.851538e+00	4.415876e+02	
3.289145e+02	6.271807e+01	1.200119e+01	1.590037e+02	
3.189309e+02	8.673607e+01	2.950691e+02	9.326393e+01	
2.569976e+02	1.039959e+02	2.480559e+02	1.062419e+02	
2.439476e+02	1.077664e+02	2.340524e+02	1.102336e+02	
2.280000e+02	1.119999e+02	2.080000e+02	1.180001e+02	
2.009078e+02	1.196528e+02	1.819572e+02	1.248370e+02	
2.789950e+02	1.250047e+02	2.681761e+02	1.286037e+02	
1.759983e+02	1.269933e+02	1.640017e+02	1.300067e+02	
1.509643e+02	1.338737e+02	1.351028e+02	1.383920e+02	
1.429209e+02	1.387731e+02	1.358570e+02	1.405343e+02	
1.289983e+02	1.399988e+02	1.129172e+02	1.447317e+02	
3.019483e+02	1.437921e+02	2.950449e+02	1.453226e+02	
6.094147e+01	1.477820e+02	4.888918e+01	1.505645e+02	
1.070015e+02	1.460046e+02	9.199848e+01	1.509954e+02	
1.069441e+02	1.487581e+02	9.800237e+01	1.510041e+02	
2.511906e+02	1.505152e+02	2.451111e+02	1.522585e+02	
2.799952e+02	1.509978e+02	2.739156e+02	1.527411e+02	
8.611678e+01	1.524000e+02	7.211362e+01	1.563889e+02	
2.790714e+02	1.582580e+02	2.680686e+02	1.612474e+02	
3.019856e+02	1.599974e+02	2.960493e+02	1.613243e+02	
2.989653e+02	176	2.948422e+02	176	
2.899743e+01	1.770007e+02	1.991073e+01	1.797268e+02	
1.459856e+02	1.819974e+02	1.400493e+02	1.833243e+02	
2.509507e+02	2.046757e+02	2.450144e+02	2.060026e+02	
3.309590e+02	2.654438e+02	3.170108e+02	2.670083e+02	
188	303	188	303	
7.198557e+01	3.149974e+02	6.604930e+01	3.163243e+02	
3.219507e+02	3.176757e+02	3.160144e+02	3.190026e+02	
4.589317e+02	3.807376e+02	4.510009e+02	3.829967e+02	
1.629929e+02	4.179838e+02	1.240071e+02	4.350162e+02	
9.478560e+01	4.094224e+02	2.996939e+01	4.339144e+02	
1.191588e+01	4.347448e+02	1.845600e+00	4.374997e+02	
2.673078e+01	4.342820e+02	1.300627e+01	4.399949e+02	
5.049856e+02	4.699974e+02	4.990493e+02	4.713243e+02	
3.041354e+02	9.346127e+01	2.940096e+02	9.600468e+01	
3.100012e+02	9.800366e+01	2.979988e+02	1.019963e+02	
3.090693e+02	1.031724e+02	2.990692e+02	1.071722e+02	
2.149981e+02	1.180027e+02	2.080902e+02	1.203006e+02	
1.909123e+02	1.246985e+02	1.830877e+02	1.273015e+02	
3.079963e+02	1.250016e+02	3.021240e+02	1.273503e+02	
2.810218e+01	1.573027e+02	1.609975e+01	1.612954e+02	
8.092721e+01	2.086158e+02	6.996360e+01	2.108066e+02	
5.759648e+02	2.998081e+02	5.640352e+02	3.021919e+02	
9.311783e+01	4.083192e+02	8.211901e+01	4.123225e+02	
4.521068e+02	3.851346e+02	4.207489e+02	4.128778e+02	
3.507209e+02	3.975447e+02	3.230024e+02	4.149999e+02	
7.799647e+01	4.139933e+02	4.812590e+01	4.253401e+02	
1.789965e+02	4.109916e+02	1.670035e+02	4.160084e+02	
1.799046e+02	4.127796e+02	1.170954e+02	4.402204e+02	
3.411436e+02	4.011982e+02	3.288564e+02	4.098018e+02	
348	2.669985e+02	348	9.799558e+01	
358	3.740168e+02	358	3.300054e+02	
397	3.970160e+02	397	3.520049e+02	
3.614642e+02	2.729929e+02	3.598026e+02	2.050059e+02	
4.610898e+02	2.969971e+02	4.567776e+02	1.670070e+02	
409	2.340226e+02	409	1.929738e+02	
4.124450e+02	3.929927e+02	4.108218e+02	3.310058e+02	
360	172	360	163	
4.750899e+02	2.929960e+02	4.714226e+02	1.929832e+02	
408	1.850332e+02	408	1.529707e+02	
4.950894e+02	4.639934e+02	4.934976e+02	4.260136e+02	
5.375949e+02	3.129722e+02	5.340325e+02	2.449993e+02	
483	2.179930e+02	483	1.919737e+02	
510	2.930236e+02	510	2.650058e+02	
4.946242e+02	1.920246e+02	4.929982e+02	1.620020e+02	
505	2.590289e+02	505	2.350081e+02	
4.823094e+02	1.879854e+02	4.799520e+02	1.430027e+02	
5.420099e+02	3.869984e+02	5.402859e+02	3.579806e+02	
4.856639e+02	2.780127e+02	4.837083e+02	2.220111e+02	
4.934639e+02	3.779856e+02	4.918511e+02	3.450099e+02	
4.971443e+02	2.769954e+02	4.945905e+02	2.000118e+02	
5.032936e+02	2.579865e+02	5.012502e+02	2.129884e+02	
5.035135e+02	1.979815e+02	5.019983e+02	1.700047e+02	
504	2.339914e+02	504	2.119687e+02	
5.162735e+02	2.939858e+02	5.124095e+02	2.149790e+02	
5.186562e+02	2.960168e+02	5.156851e+02	2.330154e+02	
5.521141e+02	3.829935e+02	5.490583e+02	3.299967e+02	
4.892305e+02	3.639996e+02	4.883025e+02	3.049307e+02	
490	4.460453e+02	490	4.249502e+02	
5.109228e+02	2.070040e+02	5.087323e+02	1.690145e+02	
5.150065e+02	2.089983e+02	5.133065e+02	1.819777e+02	
4.992020e+02	1.989888e+02	4.975997e+02	1.650119e+02	
5.061263e+02	2.019905e+02	5.045553e+02	1.720149e+02	
534	3.130319e+02	534	2.920081e+02	
5.680020e+02	4.049942e+02	5.664518e+02	3.810234e+02	
328	1.050358e+02	328	8.600953e+01	
456	1.659889e+02	456	1.479612e+02	
5.051646e+02	2.939894e+02	5.035954e+02	2.630130e+02	
5.084325e+02	2.039850e+02	5.068632e+02	1.750102e+02	
533	4.040388e+02	533	3.860111e+02	
5.392805e+02	2.770496e+02	5.377195e+02	2.439504e+02	
5.621733e+02	3.749895e+02	5.606093e+02	3.430121e+02	
5.835639e+02	2.840289e+02	5.816030e+02	2.489554e+02	
347	3.740104e+02	347	3.980312e+02	
4.932227e+02	4.129849e+02	4.911253e+02	3.829916e+02	
5.280561e+02	3.049910e+02	5.264902e+02	2.820226e+02	
5.579914e+02	2.660003e+02	5.557894e+02	2.360145e+02	
5.809860e+02	3.740011e+02	5.789289e+02	3.500060e+02	
343	3.550478e+02	343	3.400145e+02	
4.919876e+02	2.779961e+02	4.904690e+02	2.480179e+02	
526	2.719912e+02	526	2.539634e+02	
5.631827e+02	2.649840e+02	5.589076e+02	2.180083e+02	
5.805648e+02	2.840321e+02	5.778404e+02	2.430129e+02	
3.634192e+02	3.779826e+02	3.618691e+02	3.540118e+02	
285	202	285	202	
468	1.700405e+02	468	1.540093e+02	
516	1.960490e+02	516	1.820133e+02	
6.017613e+02	2.820206e+02	5.988219e+02	2.470155e+02	
6.097351e+02	2.820224e+02	6.067751e+02	2.460191e+02	
4.878958e+02	3.910035e+02	4.859054e+02	3.310032e+02	
486	1.740416e+02	486	1.560138e+02	
4.885168e+02	1.909675e+02	4.870082e+02	1.750074e+02	
5.404312e+02	3.529783e+02	5.388600e+02	3.330151e+02	
6.254654e+02	2.800469e+02	6.227704e+02	2.450221e+02	
150	2.140340e+02	150	1.920113e+02	
532	2.870563e+02	532	2.750147e+02	
560	3.309813e+02	560	3.199359e+02	
6.269107e+02	2.700069e+02	6.246376e+02	2.450302e+02	
221	4.050374e+02	221	3.850124e+02	
292	127	292	118	
333	371	333	362	
4.895264e+02	2.109396e+02	4.869996e+02	1.920025e+02	
500	2.709799e+02	500	2.609300e+02	
512	2.519799e+02	512	2.419300e+02	
256	144	256	144	
433	3.760772e+02	433	3.670218e+02	
4.711955e+02	1.709769e+02	4.696032e+02	1.550249e+02	
477	4.620663e+02	477	4.520164e+02	
518	1.950772e+02	518	1.860218e+02	
547	2.319782e+02	547	2.229228e+02	
5.572422e+02	3.379727e+02	5.548808e+02	3.190142e+02	
53	3.290728e+02	53	3.200174e+02	
327	253	327	253	
3.573465e+02	3.289622e+02	3.551175e+02	3.099877e+02	
411	2.130340e+02	411	1.910113e+02	
517	2.080728e+02	517	1.990174e+02	
586	3.600728e+02	586	3.510174e+02	
3.149925e+02	3.180024e+02	3.100075e+02	3.019976e+02	
3.684215e+02	1.319617e+02	3.668652e+02	1.210265e+02	
383	3.440971e+02	383	3.370260e+02	
3.890070e+02	1.999883e+02	3.875736e+02	1.900412e+02	
4.630070e+02	3.309883e+02	4.615736e+02	3.210412e+02	
5.271196e+02	4.649815e+02	5.256662e+02	4.520244e+02	
5.549912e+02	4.719876e+02	5.535123e+02	4.630538e+02	
577	2.419816e+02	577	2.339194e+02	
232	120	232	115	
3.381700e+02	3.219712e+02	3.350012e+02	3.040002e+02	
3.714445e+02	1.529460e+02	3.700030e+02	1.450136e+02	
3.989970e+02	1.549864e+02	3.975555e+02	1.470540e+02	
4.034445e+02	1.789460e+02	4.020030e+02	1.710136e+02	
4.109849e+02	1.588372e+02	4.066432e+02	1.328921e+02	
4.103809e+02	3.299602e+02	4.089955e+02	3.210114e+02	
4.923769e+02	3.399631e+02	4.908568e+02	3.300288e+02	
4.934445e+02	2.219460e+02	4.920030e+02	2.140136e+02	
529	4.640744e+02	529	4.540246e+02	
598	2.430904e+02	598	2.360194e+02	
261	112	261	108	
284	240	284	240	
3.691899e+02	1.529548e+02	3.676101e+02	1.450488e+02	
523	4.030257e+02	523	3.770065e+02	
222	406	222	406	
327	205	327	202	
3.749966e+02	3.289990e+02	3.717012e+02	3.190925e+02	
5.413504e+02	1.856670e+02	4.851506e+02	1.268573e+02	
350	272	350	99	
347	268	347	268	
345	266	345	188	
319	1.809872e+02	319	2.600125e+02	
328	1.089841e+02	328	1.720159e+02	
388	407	388	351	
391	407	391	351	
384	402	384	352	
315	3.399900e+02	315	4.049977e+02	
381	401	381	352	
400	402	400	353	
410	289	410	243	
327	2.059749e+02	327	2.520183e+02	
2.890555e+02	9.600178e+01	2.857561e+02	2.009928e+02	
321	377	321	341	
291	1.289744e+02	291	1.690244e+02	
364	363	364	330	
361	204	361	173	
2.316756e+02	3.449884e+02	2.285231e+02	4.400203e+02	
2.602248e+02	1.390070e+02	2.566758e+02	2.459902e+02	
372	361	372	332	
308	380	308	352	
360	1.570187e+02	360	1.170062e+02	
2.568478e+02	1.449940e+02	2.527913e+02	2.459917e+02	
306	380	306	353	
2.901884e+02	2.020053e+02	2.876326e+02	2.629845e+02	
324	3.779741e+02	324	4.049926e+02	
329	3.800203e+02	329	3.430067e+02	
343	381	343	357	
346	130	346	106	
366	245	366	221	
460	410	460	386	
2.284877e+02	3.439748e+02	2.244252e+02	4.370204e+02	
2.292444e+02	1.210108e+02	2.259439e+02	1.909973e+02	
290	1.699617e+02	290	1.950415e+02	
303	374	303	353	
325	3.400072e+02	325	3.650272e+02	
2.587352e+02	1.039860e+02	2.567595e+02	1.429872e+02	
292	9.495258e+01	292	1.170433e+02	
374	362	374	343	
489	175	489	156	
2.057860e+02	1.189877e+02	2.038901e+02	1.539935e+02	
2.326780e+02	1.209825e+02	2.287995e+02	1.949890e+02	
308	402	308	384	
413	279	413	261	
494	400	494	382	
251	3.599631e+02	251	3.789894e+02	
261	1.129526e+02	261	1.330524e+02	
368	242	368	225	
373	244	373	227	
376	380	376	363	
494	253	494	236	
495	280	495	263	
2.860088e+02	2.030019e+02	2.834931e+02	2.630242e+02	
387	4.470130e+02	387	4.640424e+02	
411	185	411	169	
547	283	547	267	
48	2.470075e+02	48	2.670325e+02	
1.558476e+02	1.359882e+02	1.518464e+02	1.879882e+02	
285	378	285	363	
376	3.839591e+02	376	4.009884e+02	
515	232	515	217	
148	1.940088e+02	148	2.120366e+02	
346	3.720300e+02	346	3.470100e+02	
361	109	361	95	
366	379	366	365	
490	3.639634e+02	490	3.819912e+02	
506	276	506	262	
1.301428e+02	1.430121e+02	1.199423e+02	2.619951e+02	
187	449	187	436	
253	395	253	382	
345	3.840127e+02	345	3.990460e+02	
389	149	389	136	
507	293	507	280	
5.969754e+01	1.520709e+02	5.577410e+01	1.849738e+02	
1.088422e+02	1.459852e+02	9.778300e+01	2.629796e+02	
1.329547e+02	1.399966e+02	1.225449e+02	2.639629e+02	
149	448	149	436	
175	4.350163e+02	175	4.480547e+02	
214	347	214	335	
2.541169e+02	3.600132e+02	2.494529e+02	4.029462e+02	
306	398	306	386	
3.450070e+02	3.040075e+02	3.434985e+02	3.219721e+02	
490	190	490	178	
5.294599e+02	1.980230e+02	5.279236e+02	2.179890e+02	
5.304911e+02	2.140262e+02	5.289321e+02	2.329885e+02	
8.711727e+01	1.590119e+02	7.436822e+01	2.890367e+02	
1.112035e+02	1.470186e+02	9.998053e+01	2.679981e+02	
145	4.320096e+02	145	4.470429e+02	
147	447	147	436	
177	447	177	436	
229	3.199529e+02	229	3.339885e+02	
289	378	289	367	
391	151	391	140	
491	210	491	199	
543	210	543	199	
544	439	544	428	
4.617369e+01	2.720229e+02	4.449179e+01	2.920521e+02	
6.704151e+01	1.550045e+02	5.264653e+01	2.919636e+02	
9.034042e+01	1.539347e+02	7.739716e+01	2.859403e+02	
1.609926e+02	4.340091e+02	1.594524e+02	4.479600e+02	
201	1.409497e+02	201	1.539881e+02	
247	343	247	333	
280	3.800416e+02	280	3.620138e+02	
3.203833e+02	1.600189e+02	3.188470e+02	1.799848e+02	
383	198	383	188	
3.992875e+02	3.180396e+02	3.958591e+02	3.409797e+02	
465	331	465	321	
470	234	470	224	
491	326	491	316	
501	462	501	452	
533	274	533	274	
548	4.300187e+02	548	4.410641e+02	
552	420	552	410	
571	479	571	469	
6.939129e+01	1.549337e+02	5.508922e+01	2.910089e+02	
7.014713e+01	1.650155e+02	5.734130e+01	2.889349e+02	
138	4.360201e+02	138	4.460700e+02	
1.532113e+02	1.350163e+02	1.489487e+02	1.879958e+02	
162	449	162	440	
2.029976e+02	1.200082e+02	2.015305e+02	1.339670e+02	
221	4.120124e+02	221	4.240540e+02	
232	3.209460e+02	232	3.329876e+02	
291	128	291	128	
3.281018e+02	1.730173e+02	3.265304e+02	1.879683e+02	
3.334695e+02	3.470330e+02	3.320024e+02	3.609918e+02	
346	142	346	133	
491	175	491	166	
497	290	497	281	
525	240	525	231	
531	267	531	258	
556	232	556	223	
561	4.320124e+02	561	4.440540e+02	
133	446	133	438	
164	449	164	441	
2.175016e+02	3.590271e+02	2.159095e+02	3.779866e+02	
3.210753e+02	8.700296e+01	3.193887e+02	1.560113e+02	
345	1.749418e+02	345	1.859871e+02	
490	238	490	230	
569	476	569	468	
1.521137e+02	4.350197e+02	1.505925e+02	4.479691e+02	
156	4.400238e+02	156	4.480860e+02	
3.665759e+02	3.039135e+02	3.630709e+02	3.230110e+02	
376	250	376	243	
3.830005e+02	3.120016e+02	3.806052e+02	3.299533e+02	
391	344	391	337	
465	369	465	362	
484	165	484	158	
514	329	514	322	
527	1.950177e+02	527	2.090534e+02	
622	240	622	233	
639	238	639	231	
86	442	86	436	
1.734877e+02	4.400538e+02	1.720088e+02	4.489876e+02	
3.689912e+02	3.180124e+02	3.675123e+02	3.269462e+02	
544	217	544	211	
5.473338e+02	2.530244e+02	5.458804e+02	2.659815e+02	
581	245	581	239	
3.537690e+01	1.750369e+02	3.385675e+01	1.849712e+02	
3.253360e+02	3.660530e+02	3.198272e+02	3.989719e+02	
3.861888e+02	4.190371e+02	3.780035e+02	4.600005e+02	
1.693288e+02	4.400352e+02	1.678342e+02	4.489664e+02	
3.317059e+02	3.029073e+02	3.263869e+02	3.188041e+02	
3.293899e+02	3.870488e+02	3.278101e+02	3.949548e+02	
3.546509e+02	3.058554e+02	3.476450e+02	3.228530e+02	
366	177	366	173	
5.732427e+01	3.230493e+02	5.599736e+01	3.289856e+02	
3.619932e+02	3.790062e+02	3.583370e+02	3.887853e+02	
4.059970e+02	3.200013e+02	4.006444e+02	3.328601e+02	
4.195971e+02	3.178122e+02	4.141868e+02	3.286163e+02	
3.909972e+02	3.150027e+02	3.845749e+02	3.267821e+02	
5.588390e+02	3.808831e+02	5.346823e+02	4.137686e+02	
5.570121e+02	3.800089e+02	5.349879e+02	4.099911e+02	
5.661971e+02	4.091271e+02	5.572546e+02	4.231639e+02	