191.221 409.917 186.327 396.877
129.776 434.095 111.648 438.574
214.899 421.647 209.305 439.098
149.947 401.967 139.315 419.195
187.6 410.779 182.784 397.711
637.149 409.632 628.025 405.938
184.026 393.57 157.017 393.073
411.069 247.256 422.143 309.972
369.247 341.982 373.106 387.991
638.513 444.764 630.852 428.068
155.719 400.203 145.02 417.39
140.587 453.855 136.929 439.018
400.812 290.909 396.005 247.999
493.87 298.902 489.612 261.044
467.081 296.865 462.725 261.91
506.781 299.911 503.147 267.983
350.294 397.971 344.818 343.018
241.88 406.125 147.865 419.065
545.993 478.414 463.983 477.037
347.339 405.97 341.391 338.965
417.257 291.973 413.309 253.968
518.696 300.911 514.735 270.034
151.954 393.682 120.882 398.184
452.859 295.9 448.549 258.936
404.869 245.965 404.254 265.977
443.612 314.909 434.924 258.017
638.977 458.618 625.37 423.855
433.63 380.037 429.17 335.082
179.947 397.505 156.89 399.979
365.979 242.036 369.214 284.982
589.137 372.98 584.566 341.062
395.055 377.996 392.954 350.003
604 426.023 489 425.981
445.002 348.86 437.939 299.014
244.059 419.925 245.09 407.007
368.351 390.327 352.891 406.899
464.835 387.019 458.973 337.003
409.261 333.189 415.087 383.099
365.138 284.987 360.673 237.03
596.786 369.032 592.214 337.968
140.04 419.392 81.9728 421.044
91.9945 420.958 52.8775 426.061
637.023 183.083 528.976 212.913
328.456 207.982 329.007 221.96
381.117 289.991 377.072 239.913
637.945 385.448 600.915 389.145
408.021 166.821 414.12 238.084
509.951 299.006 505.662 264.041
332.779 287.827 377.993 292.058
413.146 386.087 408.47 340.054
497.507 230.921 493.742 206.884
497.98 302.003 493.095 262.988
448.227 395.981 445.034 357.997
388.452 241.754 375.01 231.987
613.068 307.993 611.767 295.023
456.858 390.868 451.018 352.997
370.967 393.097 365.805 338.018
637.989 390.675 598.966 391.995
107.978 450.107 56.9783 449.082
484.869 231.018 480.958 202.867
340.575 330.702 324.704 323.667
488.971 328.091 492.96 373.092
613.887 357.01 612.333 339.97
587.992 408.915 520.996 409.412
279.121 418.978 276.197 403.148
469.921 211.892 466.909 186.128
79.0442 263.499 62.0878 262.004
624.842 296.201 633.963 350.004
628.652 352.051 624.869 326.019
508.638 382.927 502.452 329.063
466.093 379.991 460.864 328.115
478.825 361.021 475.796 336.025
392.638 385.033 388.758 342.022
614.35 404.172 598.002 417.003
162.169 268.994 159.605 199.978
429.76 224.201 441.028 297.986
189.869 274.762 169.14 271.186
337.137 309.862 334.834 290.899
625.975 314.004 623.589 297.058
247.768 330.76 224.14 323.543
425.775 331.026 432.089 385.113
147.002 399.749 117.004 399.515
147.057 193.048 148.995 271.025
456.248 211.964 453.758 194.889
475.288 251.962 472.162 228.11
470.051 295.994 465.423 258.947
521.867 301.017 517.612 266.924
630.941 309.01 627.757 290.041
30.5329 359.861 26.6235 344.838
197.871 278.007 192.709 176.964
509.884 234.022 505.115 208.789
616.985 368.886 596.08 371.615
453.732 402.928 447.986 344.902
423.953 183.869 432.078 249.992
112.161 268.967 109.92 190.974
270.451 215.146 258.174 208.67
312.147 283.913 307.676 224.949
619.06 257.744 597.104 252.559
479.498 386.061 473.557 337.054
233.983 208.043 216.374 201.056
283.304 280.977 278.723 219.946
612.356 277.935 609.831 264.031
199.456 300.937 196.819 281.887
71.9244 322.746 51.9085 328.692
600.739 364.91 595.726 323.911
517.229 369.971 512.066 329.863
621.089 364.751 600.144 367.221
324.983 186.067 43.9969 114.018
425.027 215.12 421.804 189.024
524.798 259.888 516.91 209.021
493.922 299 456.99 296.132
607.406 311.073 605.435 295.07
184.721 322.948 158.257 329.97
317.001 416.759 288.997 416.62
281.861 406.004 282.412 423.019
210.08 439.424 141.081 452.431
247.028 274.998 242.838 212.943
456.388 297.955 451.064 251.993
530.813 363.03 527.563 343.071
593.704 369.04 587.905 326.013
622.753 406.643 602.668 420.519
399.412 208.08 397.772 196.031
430.887 241.794 420.676 247.411
335.96 310.689 283.96 307.688
616.328 326.093 620.469 356.073
615.005 404.454 547.002 403.777
149.45 192.911 128.336 184.186
442.855 215.018 440.105 192.987
193.933 201.159 175.279 193.334
634.18 313.829 630.142 285.979
638.449 308.927 634.88 287.02
102.097 437.006 58.1257 432.712
44.8456 142.694 324.997 205.014
268.043 400.168 253.014 404.053
391.023 421.166 376.035 423.25
133.993 236.061 117.968 234.287
162.035 386.997 159.858 362.012
622.464 404.185 600.679 418.512
440.191 218.098 437.142 192.983
343.818 246.015 347.177 283.985
345.085 309.985 342.199 293.964
284.042 380.184 280.374 361.12
349.888 391.588 403.992 387.865
155.681 394.03 154.968 363.001
519.251 411.551 496.426 421.936
80.9655 232.274 66.9356 230.513
371.967 230.895 361.101 234.322
561.432 254.347 572.102 321.984
142.011 270.938 123.1 267.457
516.183 299.966 509.978 266.188
606.321 278.948 604.226 265.964
551.606 296.906 547.879 272.864
131.936 303.76 108.931 301.819
208.836 386.947 207.579 366.964
594 406.742 533.001 406.637
408.38 208.946 403.68 175.762
98.703 183.173 72.369 173.041
223.963 323.894 208.167 329.472
539.068 362.117 535.546 334.057
189.031 154.876 53.1752 121.291
326.071 174.738 263.099 157.635
391.165 204.864 387.315 171.847
203.083 201.995 203.221 178.001
194.515 325.785 111.032 318.791
270.973 325.247 252.96 325.891
623.353 354.952 619.367 325.95
493.039 385.127 485.617 328.918
627.101 360.144 622.107 328.983
338.556 293.955 325.181 128.985
130.975 184.618 109.998 185.968
297.983 323.167 284.023 321.767
249.275 377.973 248.019 364.998
167.989 431.932 153.05 434.312
50.9996 159.986 51.0002 215
365.095 202.993 363.844 185.011
54.1629 298.983 51.413 272.06
52.4285 313.881 127.973 320.21
504.656 370.92 499.376 327.831
637.453 357.084 634.047 334.993
153.272 392.988 152.336 371.985
603.8 305.925 596.871 253.017
106.008 302.753 35.015 300.522
210.149 445.855 140.983 457.901
347.817 193.018 345.081 164.992
53.8768 215.005 54.0526 186
489.099 231.114 485.823 205.148
635.839 309.022 632.798 287.167
586.467 373.081 582.053 343.992
315.341 377.087 312.027 351.996
255.126 428.003 255.034 403.996
321.586 119.964 262.374 155.97
75.9453 173.936 55.0007 175.013
368.248 198.975 365.53 171.947
334.914 284.007 330.755 233.02
603.925 303.224 572.98 301.332
535.985 301 483.007 301
275.953 308.315 228.977 306.646
567.07 361.935 565.987 344.001
571.675 374.927 567.678 337.927
382.994 415.709 346.989 416.423
345.985 194.062 204.109 158.564
387.138 202.985 384.338 176.964
504.052 297.991 498.129 263.148
193.981 306.357 131.048 303.074
317.128 416.992 313.876 367.008
184.061 178.713 61.3022 152.581
372.761 197.029 369.703 171.914
410.799 162.943 417.087 240.991
177.963 193.58 159.022 195.248
513.442 237.07 510.681 214.915
385.276 289.977 381.861 249.095
579.53 377.919 574.794 347.031
352.534 193.042 349.714 161.935
518.089 237.991 516.016 218.103
627.655 327.045 630.664 350.044
472.144 209.987 469.864 184.1
404.774 207.024 402.254 182.973
501.484 233.058 499.104 211.988
61.7604 211.427 42.7387 219.375
564.02 250.912 528.978 243.1
403.954 289.005 399.277 247.968
360.12 285.99 356.82 246.015
545.398 295.038 544.059 273.996
159.323 389.074 157.031 368.106
383.348 200.011 382.97 177.017
467.037 222.997 465.833 208.013
580.048 313.08 636.996 317.092
547.457 353.937 542.929 320.873
616.987 358.911 606.912 360.41
48.4593 393.022 46.7919 352.008
255.926 426.794 234.205 434.573
181.064 180.699 63.0606 155.714
330.569 284.951 325.948 230.834
396 324 530 324
516.21 397.057 446.001 411.005
252.249 419.994 251.618 391.986
431.577 214.049 428.687 189.036
395.01 206.999 391.767 177.025
533 289 533 273
273.996 321 209.997 321
617.568 356.93 615.124 336.985
366.166 388.988 362.849 344.085
500.674 190.205 331.165 126.561
356.581 198.131 353.436 164.052
376.77 203.144 373.004 171
90.228 191.406 74.2756 185.282
141.317 200.235 128.102 194.754
319.087 209.588 207.954 186.218
342.701 283.027 334.96 199.008
306.166 281.989 301.962 221.003
388.715 287.025 385.586 252.037
34.9609 307.404 340.024 315.072
321.099 207.528 212.088 184.584
446.272 215.969 443.646 193.041
362.952 288.414 345.079 286.327
552.833 361.171 549.742 340.038
287.294 252.088 284.065 226.116
420.431 245.059 417.829 220.018
57.9944 264.321 130.992 271.069
563.348 283.918 559.373 267.149
388.098 377.991 384.826 342.016
255.202 257.987 253.876 237.008
521.659 267.225 526.982 299.003
273.067 280.996 269.281 218.983
561.363 294.941 558.136 274.978
357.427 284.961 353.89 245.919
397.607 292.04 393.733 254.027
434.388 293.952 429.605 255.049
609.013 362.179 601.933 321.651
579.161 361.98 576.913 344.011
352.066 412.646 322.959 415.598
54.3787 459.914 51.0044 444.999
167.155 220.982 165.769 209.027
97.293 264.996 96.1862 187.997
236.793 277.011 233.301 213.983
449.366 293.955 446.056 266.993
395.96 343.049 386.639 335.443
561.193 363.977 559.135 346.984
436.118 401.485 398.172 410.71
430.133 415.607 404.068 421.312
21.9402 115.389 2.0332 117.339
331.938 156.106 329.727 134.027
195.055 281.254 54.0137 270.814
414.967 292.004 410.882 257.014
491.01 297.999 486.744 267.895
476.958 296.006 472.532 264.924
420.987 313.243 394.955 311.823
534.896 318.207 446.003 313.94
542.004 320.798 494.006 319.744
23.7475 376.06 27.0996 442.102
80.0408 476.793 48.0226 478.439
49.9992 138.045 27.9884 137.654
21.9329 172.066 1.01579 170.749
401.546 207.98 400.759 187.009
362.461 287.025 361.854 274.007
388.995 322.666 345.006 322.312
526.388 240.945 522.977 217.003
93.6339 264.859 89.7758 193.014
483.267 297.965 479.013 265.866
180.015 274.794 166.014 273.801
230.979 278.235 215.016 276.823
464.325 298.959 459.909 264.012
428.008 317.695 352.98 315.775
162.478 357.02 161.785 339.008
638.319 344.956 635.986 328.002
501.279 367.966 497.284 335.087
426.457 375.039 423.948 340.076
472.52 392.046 469.054 355.995
597.047 382.225 569.967 387.843
333.24 412.981 328.695 356.944
101.272 410.991 99.9473 373.002
228.208 454.087 122.857 474.254
55.1209 109.539 324.004 179.982
143.978 267.001 141.903 203.003
481.133 225.988 479.835 212.015
269.362 278.978 265.99 223.001
302.967 277.003 298.93 226.925
420.961 289.083 414.92 214.098
352.869 287.908 348.767 247.024
531.884 386.27 491.013 392.061
291.795 398.081 289.565 365.029
201.21 404.991 199.583 368.974
203.996 442.981 182.093 447.455
50.9943 149.235 33.0048 148.8
190.472 274.982 187.922 210.003
129.549 206.987 130.141 231.997
232.553 274.023 229.678 219.017
290.497 279.044 289.185 263.984
378.344 288.967 374.732 251.026
333 291.007 210.973 282.383
225.946 364.651 209.913 338.671
302.24 414.976 300.53 397.947
190.998 141.009 43.8315 102.646
523.067 235.993 519.797 206.022
195.292 276.036 191.857 208.007
315.467 251.954 313.318 230.067
558.919 259.396 528.943 253.28
528.898 307.236 346.006 291.938
375.545 326.796 379.087 383.987
209.527 357.022 208.548 335.974
50.995 372 50.8011 330.006
400.057 403.523 356.141 408.296
158.955 451.748 142.933 454.625
638.046 473.976 622.633 444.667
62.9867 467.922 24.0995 474.581
23.9803 105.799 1.00475 108.048
477.286 282.972 475.997 270
372.175 284.986 370.935 270.005
41.0228 304.295 166.992 308.235
546.082 362.882 543.906 343.01
405.295 384.974 400.719 333.025
428.956 420.783 407.037 425.182
18.9335 150.923 1.99798 151.967
231.149 211.636 216.202 205.508
50.0193 265.202 0.987644 269.87
40.311 299.848 47.077 269.238
119.989 307.638 287.995 311.239
476.963 319.676 445.005 317.91
487.305 371.97 483.744 336.025
629.086 380.648 599.084 384.631
527.002 401.026 500.025 403.301
400.081 438.931 318.093 446.068
9.91177 477.966 15.5768 463.222
331.981 131.052 468.99 181.027
260.042 159.827 197.83 144.697
145.29 196.149 124.336 189.013
540.135 294.983 538.908 285.011
566.029 310.443 535.01 308.801
372.998 310.47 346.002 310.571
248.212 387.968 244.002 360
180.055 433.223 154.136 439.557
510.005 195.988 414.01 160.973
207.966 277.002 203.976 204.946
267.281 217.052 251.214 212.281
473.365 229.49 51.7846 129.911
391.899 284.91 388.794 252.016
202.804 403.996 203.098 389.002
488.463 427.633 461.222 467.468
96.0009 461.562 64.001 461.613
54.0108 124.955 173.991 154.037
191.126 204.64 172.326 198.068
371.312 262.961 369.033 244.87
198.001 278.991 198 214.988
576.997 319.21 558.001 318.955
400.34 374.968 397.974 350.002
535.914 377.771 510.169 387.45
593.995 399.742 534.978 400.926
590.008 413.125 534.004 412.587
314.953 419.705 289.951 423.695
340.855 436.489 313.11 444.387
333.054 432.292 230.045 451.246
133.765 466 133.765 451
77.9998 199.001 78.0001 229
406.847 288.014 405.808 277.018
454 298 444 298
111.362 362.979 109.777 335.954
81.9619 446.468 58.8707 444.589
188.987 160.056 57.1271 128.47
191.993 163.029 51.7846 129.911
80.9741 195.153 63.9529 192.279
532.199 300.975 529.801 282.025
573.209 353.973 568.968 321.004
444.176 374.985 442.77 359.02
212.18 400.983 211.064 388.994
103 409 103 387
22.9989 351.003 23.0001 469
31.2208 97.8634 2.03818 101.322
198 191.984 198 232.999
409.21 286.97 407.014 271.853
419.27 348.021 420.611 331.048
128.017 369.055 112.882 340.595
67.0376 371.447 54.0224 343.455
278.733 384.019 277.267 362.981
15.9486 130.948 1.98197 131.631
333.984 134.045 383.995 152.005
425.799 260.177 430.04 290.984
13.9749 294.825 -0.0249491 296.825
417 314 368 314
198.968 316.939 112.035 313.757
247 403 247 392
426.966 426.709 408.112 428.942
513.373 203.91 330.02 140.944
455.763 271.996 455.929 261.999
539.052 303.993 536.618 286.052
99.9839 314.436 44.9848 312.413
334.886 428.399 231.975 447.87
46.0441 103.187 1.18417 113.78
164.912 136.331 132.099 127.626
21.0095 147.143 0.964926 148.47
14.96 156.991 1.98039 157.505
564.941 308.007 562.507 286.941
345 314 396.006 314
210.076 314.578 277.99 318.224
170.35 353.236 163.764 335.086
206.055 406.068 204.69 387.022
283.55 399.029 282.183 378.053
27.0069 143.061 1.00122 146.011
235.007 170.97 205.021 163.91
42.0215 222.007 41.5642 161.996
607.031 181.134 585.987 185.945
524.225 243.134 480.092 231.645
101.003 291.876 57.0302 290.784
98.9964 369.902 68.039 371.051
560.903 373.761 547.646 379.124
243.32 401.982 241.339 365.981
593 398 556 398
197.76 444.025 195.163 418.983
16.9764 127.726 2.00118 129.014
583.058 278.992 581.212 265.105
194.03 297.449 117.985 293.27
277.039 301.324 217.01 297.825
468.328 344.094 466.502 331.07
45.2189 385.993 44.005 349.033
244.957 362.989 227.032 363.748
31.36 416.035 29.6516 385.019
32.6344 442.852 29.3731 428.913
599.962 252.811 568.052 259.256
50.9565 268.824 152.986 275.22
233 281.167 224 281.167
549.602 300.057 547.734 287.038
150.01 367.259 128.045 368.13
558.995 436.347 530.986 435.927
24.9733 119.734 2.00378 122.038
44.0001 255 43.9999 225
58.3765 289.779 130.919 297.102
637.061 323.436 609.065 320.399
20.0154 340.784 4.00193 341.098
46.9901 342.367 24.9791 341.772
39.273 342.084 44.2167 420.931
452.95 438.792 433.127 443.533
263.944 280.003 261.38 237.977
224.244 273.987 222.974 250.001
185.23 272.989 183.098 228.995
297.96 279.997 294.761 231.013
326.061 282.888 320.861 235.017
338.98 319.311 315.014 317.787
504.983 395.898 450.226 405.314
452.851 436.416 434.053 441.208
488.055 427.493 464.788 470.887
487.928 419.758 293.857 477.521
492.928 415.758 284.888 477.623
400.711 157.912 385.927 153.231
227.342 275.981 224.208 218.989
138.495 270.014 136.739 206.007
36.3384 390.012 35.5664 348.989
5.61926 370.006 5.26104 348.012
635.138 403.026 615.957 400.304
86.1092 264.998 84.7109 197.006
45.9606 268.287 31.0062 269.112
234.994 301.208 211.985 300.508
563.006 315.718 538.008 315.933
567.037 431.856 526.026 433.612
597.999 439.076 562.994 438.829
412.777 163.631 495.973 193.072
206.665 230.999 206.635 203.999
15.0321 226.271 0.00541973 228.046
183 299 167 299
302.005 317.67 282.999 317.803
329.374 351.946 325.213 322.969
18.9991 375.988 2.02255 377.293
389.828 426.982 360.978 431.868
597 436 573 436
205 235 205 271
16.9631 264.611 1.01186 266.125
33.9548 380.958 32.6227 350.972
430.213 409.967 407.019 415.084
62.0001 207 61.9999 194
637.992 195.97 597.914 206.677
17.7916 259.997 18.7716 186.01
39.0001 377 38.9999 348
596.092 379.523 570.988 383.934
427.03 413.138 404.014 418.067
606.391 430.282 624.042 473.983
185.887 136.419 110.961 116.143
29.7947 287.014 30.0939 270.002
567.354 307.947 565.726 297.041
509.988 191.032 487.091 182.75
82.0051 191.961 65.0312 189.759
117.817 216.007 117.965 198
56.7993 216.009 57.08 190.001
31.3833 464.954 29.5645 449.932
22.0145 182.871 1.05531 180.509
404.02 216.917 338.992 201.031
442.877 228.575 550.99 253.027
619.937 244.011 617.965 233.006
209 252 209 268
28.3571 258.347 43.5203 220.207
323.287 342.979 321.989 325.001
266.263 397.981 263.799 363.014
491.631 431.744 482.621 444.737
245.085 152.679 211.09 143.661
339.146 203.405 409.967 221.123
203 232 203 216
191.038 435.265 167.94 438.582
188.088 465.382 129.233 479.007
436.856 370.012 435.235 350.98
290.002 433.019 264.049 436.382
375.192 436.124 356.066 439.387
603.987 463.823 588.997 464.961
520.033 474.209 481.017 472.596
60.098 219.001 59.7785 253.007
441.051 264.992 445.207 292.969
594.798 388.239 569.018 395.069
30.0003 245 29.9997 183
582.093 208.354 540.108 219.41
545.069 220.258 527.023 225.085
589 420.983 545.009 419.686
234.131 463.924 193.944 469.6
