5.970069e+02	427	4.890023e+02	427	
5.970118e+02	407	5.390032e+02	407	
2.129998e+02	3.100020e+02	1.210056e+02	3.077537e+02	
1.030143e+02	314	5.500388e+01	314	
2.889946e+02	3.121870e+02	2.189968e+02	3.101095e+02	
3.420116e+02	3.155747e+02	5.300000e+01	3.080066e+02	
2.060126e+02	3.066245e+02	4.298271e+01	3.015011e+02	
5.899975e+02	4.139898e+02	5.410115e+02	4.124504e+02	
5.310179e+02	320	4.930048e+02	320	
1.109922e+02	3.072611e+02	4.199363e+01	3.052133e+02	
5.319939e+02	3.170998e+02	4.880121e+02	3.154871e+02	
3.959356e+02	3.159754e+02	2.859952e+02	3.080948e+02	
5.900000e+02	4.100131e+02	5.750000e+02	4.099869e+02	
1.840265e+02	394	1.570080e+02	394	
5.970281e+02	436	5.710089e+02	436	
5.639939e+02	310	5.349767e+02	310	
4.770333e+02	315	4.459688e+02	315	
4.770212e+02	319	4.460051e+02	319	
2.779867e+02	3.093163e+02	2.289963e+02	3.070916e+02	
2.769936e+02	318	2.499751e+02	318	
1.949912e+02	2.981745e+02	1.150010e+02	2.939824e+02	
2.749940e+02	3.011523e+02	2.160119e+02	2.986803e+02	
1.029871e+02	2.932658e+02	6.099331e+01	2.911385e+02	
9.997827e+01	2.953265e+02	5.901052e+01	2.927490e+02	
1.939942e+02	3.001267e+02	1.230098e+02	2.967792e+02	
3.930301e+02	312	3.700083e+02	312	
8.499258e+01	446	6.097175e+01	446	
5.979887e+02	440	5.779638e+02	440	
3.870183e+02	323	3.460061e+02	323	
2.369942e+02	2.820020e+02	2.130234e+02	2.804518e+02	
4.219943e+02	3.140088e+02	3.970210e+02	3.124814e+02	
9.002881e+01	325	6.400959e+01	325	
5.960000e+02	3.990096e+02	5.850000e+02	3.989904e+02	
6.029771e+02	3.033057e+02	5.719674e+02	3.014634e+02	
5.359994e+02	3.250264e+02	4.459969e+02	3.231411e+02	
8.399158e+01	4.350698e+02	5.901826e+01	4.335424e+02	
8.906363e+01	4.600787e+02	5.794176e+01	4.588831e+02	
6.997702e+01	4.792672e+02	3.996029e+01	4.775364e+02	
2.103395e+01	172	2.007648e+00	172	
3.330267e+02	2.916276e+02	2.080084e+02	2.828854e+02	
5.139789e+02	3.032940e+02	4.439801e+02	2.982765e+02	
4.799956e+02	3.030624e+02	4.440194e+02	3.006729e+02	
5.290302e+02	3.065928e+02	4.880158e+02	3.037967e+02	
9.498216e+01	4.513201e+02	5.600797e+01	4.488680e+02	
2.250419e+02	203	2.090106e+02	203	
1.960036e+02	2.819516e+02	4.801310e+01	2.708241e+02	
1.719913e+02	2.771084e+02	4.798940e+01	2.671314e+02	
1.969929e+02	2.790145e+02	1.770243e+02	2.775131e+02	
2.329922e+02	278	2.149644e+02	278	
8.897724e+01	4.634757e+02	6.800990e+01	4.619359e+02	
1.340490e+02	233	1.200133e+02	233	
3.920455e+02	2.964655e+02	3.450146e+02	2.928466e+02	
4.200171e+02	2.988206e+02	3.990089e+02	2.969087e+02	
6.390043e+02	3.179238e+02	6.069587e+02	3.154581e+02	
6.300405e+02	322	6.140093e+02	322	
4.230340e+02	324	4.010113e+02	324	
18	329	18	329	
2.620524e+02	214	2.490140e+02	214	
1.270199e+02	3.208549e+02	1.050378e+02	3.177264e+02	
3.440563e+02	156	3.320147e+02	156	
1.599090e+01	1.849926e+02	2.039994e+00	1.834524e+02	
3.240498e+02	223	3.090165e+02	223	
7.899194e+01	2.669973e+02	6.403297e+01	2.655042e+02	
1.109853e+02	269	9.894367e+01	269	
1.540340e+02	321	1.320113e+02	321	
2.749911e+02	322	2.489719e+02	322	
3.549881e+02	435	3.419497e+02	435	
1.330487e+02	2.366518e+02	1.190031e+02	2.350018e+02	
1.810540e+02	272	1.690124e+02	272	
5.220246e+02	4.784297e+02	4.619826e+02	4.764379e+02	
2.208770e+01	1.834493e+02	2.070719e+00	1.805648e+02	
7.999018e+01	1.869952e+02	6.804092e+01	1.855069e+02	
2.240983e+02	247	2.129180e+02	247	
1.330011e+02	2.719935e+02	1.209989e+02	2.700065e+02	
4.370462e+02	2.955898e+02	4.100239e+02	2.927974e+02	
9.999051e+01	4.370084e+02	8.703337e+01	4.355551e+02	
8.397818e+01	439	7.492280e+01	439	
7.998026e+01	1.811137e+02	6.703090e+01	1.795925e+02	
1.329900e+02	1.860124e+02	1.210331e+02	1.845866e+02	
1.862752e+02	2.070739e+02	1.712187e+02	2.032919e+02	
2.229877e+02	2.079928e+02	2.130534e+02	2.064726e+02	
3.230860e+02	230	3.150238e+02	230	
1.329900e+02	2.520124e+02	1.210331e+02	2.505866e+02	
1.608601e+01	293	8.023757e+00	293	
4.660860e+02	297	4.580238e+02	297	
1.440223e+02	315	1.110071e+02	315	
417	383	417	383	
5.309895e+02	3.919993e+02	5.200412e+02	3.905385e+02	
1.499434e+02	4.012385e+02	1.368913e+02	3.996128e+02	
6.339596e+02	4.082322e+02	6.160345e+02	4.048128e+02	
3.169877e+02	4.179928e+02	3.070534e+02	4.164726e+02	
5.198154e+01	1.501196e+02	3.902440e+01	1.486662e+02	
1.839904e+02	1.790388e+02	6.217670e+01	1.531465e+02	
8.108811e+01	1.955188e+02	6.406218e+01	1.926696e+02	
1.829993e+02	1.960039e+02	1.710007e+02	1.939961e+02	
3.002460e+02	2.232175e+02	2.862499e+02	2.192042e+02	
8.296237e+01	2.332755e+02	6.798060e+01	2.311433e+02	
6.210010e+02	2.589935e+02	6.000552e+02	2.537711e+02	
7.995258e+01	2.643165e+02	6.600034e+01	2.620068e+02	
2.819740e+02	283	2.749029e+02	283	
2.269995e+02	3.079990e+02	2.160359e+02	3.058082e+02	
1.539462e+02	3.164877e+02	1.450124e+02	3.150088e+02	
67	320	67	320	
5.680806e+02	319	5.600184e+02	319	
3.989816e+02	405	3.909194e+02	405	
5.439735e+02	4.371348e+02	5.330383e+02	4.355785e+02	
1.289816e+02	444	1.209194e+02	444	
2.069462e+02	4.494877e+02	1.980124e+02	4.480088e+02	
5.229782e+02	4.751795e+02	5.050305e+02	4.734830e+02	
1.389968e+02	1.240092e+02	1.190653e+02	1.187430e+02	
1.550009e+02	1.279962e+02	1.429991e+02	1.250038e+02	
1.881914e+02	1.373059e+02	1.590796e+02	1.297228e+02	
5.196015e+01	1.393809e+02	4.301136e+01	1.379955e+02	
3.249372e+02	1.812427e+02	2.031249e+02	1.495130e+02	
1.819486e+02	1.812425e+02	6.396519e+01	1.561643e+02	
7.396308e+01	1.913769e+02	6.402884e+01	1.898568e+02	
1.359705e+02	1.921759e+02	1.230295e+02	1.898241e+02	
3.209396e+02	2.102883e+02	2.109759e+02	1.871153e+02	
3.259604e+02	2.051825e+02	2.040840e+02	1.786091e+02	
1.789644e+02	2.241556e+02	1.679157e+02	2.224451e+02	
3.539806e+02	239	3.469096e+02	239	
3.769886e+02	2.410045e+02	3.680398e+02	2.396191e+02	
4.129714e+02	247	4.068886e+02	247	
5.649178e+02	2.514031e+02	5.449242e+02	2.473716e+02	
2.591114e+02	281	2.530286e+02	281	
2.909714e+02	286	2.848886e+02	286	
26	311	26	311	
5.240904e+02	328	5.170194e+02	328	
1.739602e+02	3.723809e+02	1.650114e+02	3.709955e+02	
3.650761e+02	4.086499e+02	3.560052e+02	4.070014e+02	
358	426	358	426	
1.260000e+02	4.360044e+02	1.210000e+02	4.359956e+02	
1.909743e+02	1.521009e+02	4.408604e+01	1.146596e+02	
1.899211e+02	1.553165e+02	4.502017e+01	1.189199e+02	
1.900682e+02	1.607161e+02	5.393175e+01	1.282839e+02	
1.898713e+02	1.585408e+02	5.407478e+01	1.256881e+02	
1.911731e+02	1.453278e+02	1.290710e+02	1.297288e+02	
1.919604e+02	1.631669e+02	5.203956e+01	1.298331e+02	
4.992102e+01	1.434790e+02	4.401894e+01	1.420074e+02	
1.899146e+02	1.753888e+02	5.299279e+01	1.450340e+02	
1.500217e+02	1.628988e+02	5.411828e+01	1.414619e+02	
2.549605e+02	1.561458e+02	2.051055e+02	1.426005e+02	
3.261419e+02	1.864589e+02	1.969858e+02	1.530569e+02	
4.066568e+02	1.549588e+02	3.279967e+02	1.260175e+02	
2.650437e+02	1.618213e+02	2.451494e+02	1.564161e+02	
3.248309e+02	1.746483e+02	2.611691e+02	1.573517e+02	
4.998106e+01	1.599926e+02	4.407898e+01	1.585210e+02	
3.269473e+02	1.892157e+02	2.039962e+02	1.590160e+02	
3.039569e+02	1.901782e+02	2.040431e+02	1.658218e+02	
3.219608e+02	2.081874e+02	2.110392e+02	1.848126e+02	
3.249457e+02	1.952304e+02	3.070543e+02	1.907696e+02	
5.231081e+02	1.987138e+02	4.120164e+02	1.569571e+02	
4.110041e+02	2.149768e+02	3.361655e+02	1.963175e+02	
1.900926e+02	2.047077e+02	1.711974e+02	1.983855e+02	
1.802464e+02	2.113636e+02	1.692476e+02	2.073603e+02	
2.630393e+02	2.108071e+02	2.530390e+02	2.088089e+02	
4.699096e+02	2.324415e+02	4.540480e+02	2.287796e+02	
2.580925e+02	2.336236e+02	2.500090e+02	2.319936e+02	
4.939991e+02	2.380004e+02	4.800483e+02	2.347796e+02	
3.750006e+02	2.449982e+02	3.689994e+02	2.430018e+02	
5.389432e+02	2.453412e+02	5.290187e+02	2.429951e+02	
5.419498e+02	2.562043e+02	5.289046e+02	2.534076e+02	
6.390478e+02	2.747808e+02	6.250969e+02	2.715600e+02	
2.959512e+02	2.813899e+02	2.880452e+02	2.798101e+02	
5.198647e+01	2.949964e+02	4.505248e+01	2.936108e+02	
5.259684e+02	304	5.208694e+02	304	
4.830000e+02	3.160035e+02	4.790000e+02	3.159965e+02	
2.769938e+02	3.289932e+02	2.672147e+02	3.253370e+02	
2.430911e+02	3.297071e+02	2.140846e+02	3.207281e+02	
3.869810e+02	3.299848e+02	3.765061e+02	3.247622e+02	
4.582758e+02	3.293509e+02	4.502729e+02	3.263587e+02	
4.722043e+02	3.283810e+02	4.650995e+02	3.267928e+02	
3.659475e+02	3.913892e+02	3.590135e+02	3.900036e+02	
3.579811e+02	3.929926e+02	3.520790e+02	3.915210e+02	
3.629811e+02	4.109926e+02	3.570790e+02	4.095210e+02	
6.389865e+02	4.129964e+02	6.320525e+02	4.116108e+02	
3.771225e+02	417	3.710398e+02	417	
513	416	513	416	
5.769865e+02	4.399964e+02	5.700525e+02	4.386108e+02	
6.898106e+01	4.439926e+02	6.307898e+01	4.425210e+02	
5.096636e+01	4.621658e+02	4.203516e+01	4.606712e+02	
1.299260e+02	1.252911e+02	5.807403e+01	1.067089e+02	
1.170331e+02	1.258694e+02	7.009173e+01	1.136421e+02	
4.992271e+01	1.262598e+02	4.292113e+01	1.242654e+02	
1.639242e+02	1.362992e+02	1.280145e+02	1.269454e+02	
1.910634e+02	1.417662e+02	1.430738e+02	1.287277e+02	
2.239930e+02	1.510073e+02	1.991943e+02	1.442232e+02	
4.892288e+01	1.544053e+02	4.401894e+01	1.530084e+02	
1.660776e+02	1.667391e+02	1.590795e+02	1.647324e+02	
2.468897e+02	1.744577e+02	2.049980e+02	1.640130e+02	
2.980435e+02	1.708419e+02	2.708813e+02	1.634111e+02	
3.189507e+02	1.763243e+02	3.130144e+02	1.749974e+02	
4.659814e+02	1.890530e+02	4.151211e+02	1.716397e+02	
8.518823e+01	1.945981e+02	7.238589e+01	1.881871e+02	
5.149750e+02	2.060707e+02	4.761285e+02	1.926189e+02	
1.362143e+02	2.024856e+02	1.262142e+02	1.984859e+02	
3.029870e+02	2.209965e+02	2.933567e+02	2.161740e+02	
4.399418e+02	2.222258e+02	4.198876e+02	2.174482e+02	
4.710005e+02	2.299957e+02	4.470607e+02	2.237598e+02	
3.269977e+02	2.289989e+02	3.161301e+02	2.246522e+02	
5.198791e+02	2.424775e+02	4.799976e+02	2.320148e+02	
3.660927e+02	234	3.580304e+02	234	
3.864673e+02	2.399387e+02	3.740148e+02	2.320055e+02	
5.201130e+02	2.445511e+02	5.040563e+02	2.407850e+02	
3.959483e+02	2.942079e+02	3.890449e+02	2.926774e+02	
1.939856e+02	3.220026e+02	1.880493e+02	3.206757e+02	
3.371544e+02	3.284997e+02	3.270841e+02	3.257448e+02	
1.067703e+02	3.316747e+02	9.112064e+01	3.256673e+02	
2.896526e+01	450	2.484216e+01	450	
2.739483e+02	4.552079e+02	2.670449e+02	4.536774e+02	
5.081854e+01	1.084039e+02	4.400292e+01	1.050057e+02	
4.079464e+02	1.591455e+02	3.319342e+02	1.311785e+02	
3.639695e+02	1.450845e+02	3.360305e+02	1.349155e+02	
3.709947e+02	1.560130e+02	3.331129e+02	1.426727e+02	
4.039166e+02	1.662813e+02	3.760834e+02	1.577187e+02	
4.679782e+02	1.810581e+02	4.151384e+02	1.616169e+02	
9.784760e+01	1.833654e+02	7.929267e+01	1.752590e+02	
4.898788e+02	1.843373e+02	4.730037e+02	1.779944e+02	
9.399872e+01	1.869970e+02	8.113989e+01	1.816444e+02	
5.169988e+02	1.990015e+02	4.751169e+02	1.836749e+02	
1.489980e+02	1.929993e+02	1.341489e+02	1.866350e+02	
8.920315e+01	1.916040e+02	8.120560e+01	1.875991e+02	
5.089098e+02	1.913006e+02	5.020019e+02	1.890027e+02	
1.412032e+02	2.006040e+02	1.332056e+02	1.965991e+02	
2.309945e+02	2.119995e+02	2.241848e+02	2.085895e+02	
2.979964e+02	2.270021e+02	2.891161e+02	2.236643e+02	
4.019872e+02	2.420015e+02	3.970418e+02	2.407593e+02	
1.969123e+02	3.283015e+02	1.890877e+02	3.256985e+02	
1.581696e+02	3.316262e+02	1.491653e+02	3.276360e+02	
1.449988e+02	1.970024e+02	1.370012e+02	1.929976e+02	
1.932170e+02	2.016110e+02	1.860081e+02	1.980010e+02	
5.949971e+02	401	5.359886e+02	401	
1.390199e+02	421	8.498287e+01	421	
1.970000e+02	3.160305e+02	1.620000e+02	3.159695e+02	
5.400000e+02	4.140113e+02	5.270000e+02	4.139887e+02	
2.430000e+02	3.170279e+02	2.110000e+02	3.169721e+02	
4.390000e+02	3.160271e+02	4.080000e+02	3.159729e+02	
5.650000e+02	3.160227e+02	5.390000e+02	3.159773e+02	
4.020000e+02	3.170227e+02	3.760000e+02	3.169773e+02	
5.739890e+02	4.087747e+02	5.199787e+02	4.104721e+02	
5.770234e+02	405	5.450078e+02	405	
9.899998e+01	3.200209e+02	7.500002e+01	3.199791e+02	
3.770105e+02	4.421645e+02	3.179854e+02	4.457746e+02	
5.299998e+01	2.690192e+02	3.100002e+01	2.689808e+02	
5.640000e+02	3.080192e+02	5.420000e+02	3.079808e+02	
3.070000e+02	3.180192e+02	2.850000e+02	3.179808e+02	
8.999998e+01	3.710192e+02	6.800002e+01	3.709808e+02	
1.520331e+02	368	1.300103e+02	368	
5.620221e+02	434	5.330049e+02	434	
2.340000e+02	3.010175e+02	2.140000e+02	3.009825e+02	
2.560000e+02	3.020157e+02	2.380000e+02	3.019843e+02	
4.280000e+02	3.180157e+02	4.100000e+02	3.179843e+02	
1.999999e+01	3.440157e+02	2.000014e+00	3.439843e+02	
6.060268e+02	404	5.780089e+02	404	
2.720000e+02	2.840148e+02	2.550000e+02	2.839852e+02	
7.199999e+01	3.160148e+02	5.500001e+01	3.159852e+02	
1.899999e+01	3.420148e+02	2.000013e+00	3.419852e+02	
2.040299e+02	366	1.820071e+02	366	
4.019905e+02	3.888737e+02	3.720149e+02	3.904447e+02	
6.389820e+02	3.906645e+02	5.999842e+02	3.927083e+02	
5.460000e+02	4.790148e+02	5.290000e+02	4.789852e+02	
7.797664e+01	1.744702e+02	5.500553e+01	1.759959e+02	
2.750000e+02	3.030140e+02	2.590000e+02	3.029860e+02	
6.390269e+02	3.863692e+02	6.110110e+02	3.881318e+02	
5.839898e+02	3.978215e+02	5.510113e+02	3.993767e+02	
1.280000e+02	3.170131e+02	1.130000e+02	3.169869e+02	
4.650000e+02	3.170131e+02	4.500000e+02	3.169869e+02	
4.099999e+01	3.420131e+02	2.600001e+01	3.419869e+02	
3.679759e+02	4.154772e+02	3.460068e+02	4.170135e+02	
5.260000e+02	4.710131e+02	5.110000e+02	4.709869e+02	
1.599999e+01	2.780122e+02	2.000011e+00	2.779878e+02	
1.770000e+02	3.180122e+02	1.630000e+02	3.179878e+02	
3.380000e+02	3.190122e+02	3.240000e+02	3.189878e+02	
6.310000e+02	3.940122e+02	6.170000e+02	3.939878e+02	
4.920000e+02	2.990113e+02	4.790000e+02	2.989887e+02	
3.709882e+02	3.098691e+02	3.470174e+02	3.114192e+02	
3.340000e+02	3.130113e+02	3.210000e+02	3.129887e+02	
6.390000e+02	3.200113e+02	6.260000e+02	3.199887e+02	
2.440419e+02	364	2.280106e+02	364	
2.440000e+02	4.050113e+02	2.310000e+02	4.049887e+02	
2.730510e+02	429	2.590154e+02	429	
1.090000e+02	4.500113e+02	9.600001e+01	4.499887e+02	
9.400000e+01	4.620035e+02	9.000000e+01	4.619965e+02	
1.189885e+02	4.768354e+02	8.801150e+01	4.791646e+02	
3.999999e+01	1.380105e+02	2.800001e+01	1.379895e+02	
2.204142e+01	1.474087e+02	2.012166e+00	1.490906e+02	
5.870000e+02	3.050105e+02	5.750000e+02	3.049895e+02	
3.380000e+02	3.230105e+02	3.260000e+02	3.229895e+02	
1.879907e+02	325	1.719595e+02	325	
1.698896e+01	328	1.955659e+00	328	
4.800000e+02	3.940105e+02	4.680000e+02	3.939895e+02	
5.870146e+02	416	5.139872e+02	416	
6.050405e+02	465	5.890093e+02	465	
2.998653e+01	9.889430e+01	1.951249e+00	1.015444e+02	
3.195882e+01	1.436381e+02	1.933278e+00	1.463706e+02	
4.696724e+01	2.656852e+02	2.062640e+00	2.706427e+02	
2.520000e+02	2.830096e+02	2.410000e+02	2.829904e+02	
3.630000e+02	3.160096e+02	3.520000e+02	3.159904e+02	
1.030000e+02	3.700096e+02	9.200001e+01	3.699904e+02	
5.870000e+02	4.210096e+02	5.760000e+02	4.209904e+02	
3.710524e+02	436	3.580140e+02	436	
5.950000e+02	4.430096e+02	5.840000e+02	4.429904e+02	
2.798742e+01	1.198983e+02	1.963101e+00	1.226795e+02	
1.399999e+01	1.690087e+02	4.000008e+00	1.689913e+02	
1.596001e+01	1.894524e+02	2.009099e+00	1.909926e+02	
1.319881e+02	196	1.189497e+02	196	
1.799286e+01	2.649996e+02	2.027620e+00	2.664525e+02	
1.610000e+02	2.730087e+02	1.510000e+02	2.729913e+02	
4.380000e+02	3.000087e+02	4.280000e+02	2.999913e+02	
4.410000e+02	3.240087e+02	4.310000e+02	3.239913e+02	
3.019853e+02	326	2.899437e+02	326	
6.210000e+02	3.600087e+02	6.110000e+02	3.599913e+02	
5.309724e+02	3.835475e+02	5.150071e+02	3.850004e+02	
4.250000e+02	3.870087e+02	4.150000e+02	3.869913e+02	
5.409898e+02	3.868993e+02	5.109999e+02	3.899984e+02	
1.970000e+02	3.900087e+02	1.870000e+02	3.899913e+02	
5.449600e+02	3.984524e+02	5.310091e+02	3.999926e+02	
5.270499e+02	4.015098e+02	4.960190e+02	4.041701e+02	
1.370641e+02	416	1.260187e+02	416	
5.220000e+02	4.210087e+02	5.120000e+02	4.209913e+02	
8.398926e+01	4.229004e+02	5.402171e+01	4.262088e+02	
8.299999e+01	4.410087e+02	7.300001e+01	4.409913e+02	
5.820000e+02	4.420087e+02	5.720000e+02	4.419913e+02	
2.599018e+01	1.038936e+02	2.017867e+00	1.062019e+02	
2.601349e+01	1.061185e+02	1.972782e+00	1.087726e+02	
4.007002e+01	115	3.002015e+01	115	
1.699347e+01	1.509854e+02	1.946409e+00	1.525935e+02	
2.220000e+02	2.120079e+02	2.130000e+02	2.119921e+02	
1.800000e+02	2.750079e+02	1.710000e+02	2.749921e+02	
6.999999e+01	2.880079e+02	6.100001e+01	2.879921e+02	
4.380000e+02	3.140079e+02	4.290000e+02	3.139921e+02	
8.199999e+01	3.260079e+02	7.300001e+01	3.259921e+02	
2.770000e+02	3.620079e+02	2.680000e+02	3.619921e+02	
1.897762e+01	3.766083e+02	2.013037e+00	3.780925e+02	
3.639592e+02	3.944762e+02	3.510099e+02	3.959974e+02	
1.359670e+02	3.995305e+02	1.220082e+02	4.009976e+02	
5.069674e+02	3.958303e+02	4.439292e+02	4.076276e+02	
4.259740e+02	4.275771e+02	4.100139e+02	4.290858e+02	
2.810605e+02	4.324949e+02	2.630393e+02	4.342936e+02	
2.879992e+02	4.340065e+02	2.660419e+02	4.364306e+02	
9.699999e+01	4.420079e+02	8.800001e+01	4.419921e+02	
9.699999e+01	4.450079e+02	8.800001e+01	4.449921e+02	
1.895646e+01	1.256542e+02	1.956113e+00	1.276513e+02	
1.596878e+01	1.305618e+02	2.017877e+00	1.321020e+02	
3.630000e+02	1.630070e+02	3.550000e+02	1.629930e+02	
1.698475e+01	2.269036e+02	2.025780e+00	2.283967e+02	
5.199999e+01	2.920070e+02	4.400001e+01	2.919930e+02	
1.219836e+02	296	1.119337e+02	296	
1.597818e+01	311	6.922798e+00	311	
3.030000e+02	3.120070e+02	2.950000e+02	3.119930e+02	
5.870000e+02	3.140070e+02	5.790000e+02	3.139930e+02	
4.590000e+02	3.490070e+02	4.510000e+02	3.489930e+02	
2.970000e+02	3.540070e+02	2.890000e+02	3.539930e+02	
2.580000e+02	3.630070e+02	2.500000e+02	3.629930e+02	
6.229799e+02	3.648590e+02	6.010201e+02	3.681410e+02	
6.180499e+02	3.694167e+02	6.000384e+02	3.713098e+02	
6.309864e+02	3.808992e+02	5.920309e+02	3.862354e+02	
1.270000e+02	3.890070e+02	1.190000e+02	3.889930e+02	
1.519223e+02	3.944174e+02	1.209849e+02	3.988755e+02	
1.809516e+02	3.977183e+02	1.559052e+02	4.014168e+02	
2.439347e+02	4.074729e+02	1.930341e+02	4.142644e+02	
1.870013e+02	4.140092e+02	1.519987e+02	4.189908e+02	
6.090582e+02	428	5.980129e+02	428	
3.890406e+02	4.313331e+02	3.720267e+02	4.332115e+02	
8.299999e+01	4.440070e+02	7.500001e+01	4.439930e+02	
2.099782e+02	446	2.009228e+02	446	
2.260086e+02	4.560641e+02	1.960089e+02	4.600669e+02	
2.249815e+02	4.658641e+02	2.099998e+02	4.679963e+02	
2.109916e+01	1.105885e+02	2.075057e+00	1.134316e+02	
3.899999e+01	1.230061e+02	3.200001e+01	1.229939e+02	
1.895527e+01	1.276354e+02	1.969279e+00	1.297512e+02	
2.599999e+01	1.410061e+02	1.900001e+01	1.409939e+02	
3.899999e+01	1.590061e+02	3.200001e+01	1.589939e+02	
4.010000e+02	1.750061e+02	3.940000e+02	1.749939e+02	
2.919669e+02	2.155866e+02	2.800100e+02	2.170124e+02	
1.340000e+02	2.690061e+02	1.270000e+02	2.689939e+02	
2.460000e+02	2.800061e+02	2.390000e+02	2.799939e+02	
3.020000e+02	2.840061e+02	2.950000e+02	2.839939e+02	
1.099999e+01	2.900061e+02	4.000005e+00	2.899939e+02	
3.650000e+02	2.910061e+02	3.580000e+02	2.909939e+02	
1.408601e+01	296	6.023757e+00	296	
5.099999e+01	2.990061e+02	4.400001e+01	2.989939e+02	
1.540000e+02	3.180061e+02	1.470000e+02	3.179939e+02	
1.899999e+01	3.200061e+02	1.200001e+01	3.199939e+02	
1.367450e+02	3.229436e+02	1.109588e+02	3.298048e+02	
4.219762e+02	327	4.139140e+02	327	
4.980000e+02	3.280061e+02	4.910000e+02	3.279939e+02	
5.580000e+02	3.360061e+02	5.510000e+02	3.359939e+02	
3.499999e+01	3.440061e+02	2.800001e+01	3.439939e+02	
3.250000e+02	3.570061e+02	3.180000e+02	3.569939e+02	
4.460892e+02	382	4.358912e+02	382	
4.279877e+02	3.830072e+02	4.180534e+02	3.845274e+02	
3.799838e+02	4.068981e+02	3.660251e+02	4.083652e+02	
5.249838e+02	4.078981e+02	5.110251e+02	4.093652e+02	
2.660000e+02	4.140061e+02	2.590000e+02	4.139939e+02	
3.540000e+02	4.220061e+02	3.470000e+02	4.219939e+02	
3.150888e+02	4.205156e+02	2.920184e+02	4.240871e+02	
3.739790e+02	4.368556e+02	3.599995e+02	4.389947e+02	
3.339755e+02	4.328643e+02	2.389327e+02	4.496229e+02	
1.098261e+01	453	1.927222e+00	453	
6.059669e+02	4.665866e+02	5.940100e+02	4.680124e+02	
3.900000e+01	1.250052e+02	3.300000e+01	1.249948e+02	
3.200000e+01	1.280052e+02	2.600000e+01	1.279948e+02	
1.700000e+01	1.410052e+02	1.100000e+01	1.409948e+02	
9.097087e+00	158	2.026019e+00	158	
3.900000e+01	1.620052e+02	3.300000e+01	1.619948e+02	
3.819740e+02	169	3.749029e+02	169	
1.104191e+01	1.861923e+02	2.001092e+00	1.879989e+02	
1.420000e+02	2.710052e+02	1.360000e+02	2.709948e+02	
9.300000e+01	2.890052e+02	8.700000e+01	2.889948e+02	
3.450000e+02	2.890052e+02	3.390000e+02	2.889948e+02	
5.100000e+01	2.900052e+02	4.500000e+01	2.899948e+02	
3.530000e+02	2.900052e+02	3.470000e+02	2.899948e+02	
3.850000e+02	2.930052e+02	3.790000e+02	2.929948e+02	
4.320000e+02	2.970052e+02	4.260000e+02	2.969948e+02	
5.300000e+01	3.110052e+02	4.700000e+01	3.109948e+02	
6.390000e+02	3.150052e+02	6.330000e+02	3.149948e+02	
4.390000e+02	3.180052e+02	4.330000e+02	3.179948e+02	
6.605744e+01	319	5.301903e+01	319	
5.380000e+02	3.190052e+02	5.320000e+02	3.189948e+02	
5.550000e+02	3.190052e+02	5.490000e+02	3.189948e+02	
6.150000e+02	3.190052e+02	6.090000e+02	3.189948e+02	
3.579462e+02	3.255123e+02	3.490124e+02	3.269912e+02	
2.960000e+02	3.440052e+02	2.900000e+02	3.439948e+02	
2.150000e+02	3.650052e+02	2.090000e+02	3.649948e+02	
5.429727e+02	3.647578e+02	5.240142e+02	3.671192e+02	
1.900000e+01	3.730052e+02	1.300000e+01	3.729948e+02	
6.090000e+02	3.740052e+02	6.030000e+02	3.739948e+02	
5.300000e+02	3.810052e+02	5.240000e+02	3.809948e+02	
5.970338e+02	3.831827e+02	5.700701e+02	3.883750e+02	
6.250000e+02	3.850052e+02	6.190000e+02	3.849948e+02	
5.069374e+02	3.905524e+02	4.840218e+02	3.941408e+02	
5.599740e+02	394	5.529029e+02	394	
5.619588e+02	3.955736e+02	5.520117e+02	3.970070e+02	
3.290000e+02	3.990052e+02	3.230000e+02	3.989948e+02	
2.009740e+02	408	1.939029e+02	408	
3.809637e+02	4.087373e+02	3.659638e+02	4.107387e+02	
5.200000e+01	4.140052e+02	4.600000e+01	4.139948e+02	
5.200000e+01	4.160052e+02	4.600000e+01	4.159948e+02	
3.059795e+02	4.158501e+02	2.910015e+02	4.180085e+02	
3.809588e+02	4.195736e+02	3.710117e+02	4.210070e+02	
3.920885e+02	4.215212e+02	3.790511e+02	4.232608e+02	
5.690000e+02	4.320052e+02	5.630000e+02	4.319948e+02	
3.330151e+02	4.290798e+02	2.319114e+02	4.485493e+02	
6.800000e+01	4.380052e+02	6.200000e+01	4.379948e+02	
1.779740e+02	438	1.709029e+02	438	
2.380000e+02	4.510052e+02	2.320000e+02	4.509948e+02	
1.959385e+02	4.486704e+02	1.419932e+02	4.589611e+02	
2.549883e+02	4.529930e+02	2.450412e+02	4.544264e+02	
1.060000e+02	4.590052e+02	1.000000e+02	4.589948e+02	
1.950208e+02	4.611060e+02	1.200977e+02	4.764855e+02	
1.609791e+02	4.738816e+02	1.490298e+02	4.753700e+02	
8.295884e+01	4.765736e+02	7.301171e+01	4.780070e+02	
3.896140e+01	9.982576e+01	2.892770e+01	1.016492e+02	
2.700000e+01	1.090044e+02	2.200000e+01	1.089956e+02	
1.100000e+01	1.670044e+02	6.000004e+00	1.669956e+02	
1.200000e+02	1.860044e+02	1.150000e+02	1.859956e+02	
1.220000e+02	1.910044e+02	1.170000e+02	1.909956e+02	
1.699602e+02	1.946191e+02	1.610114e+02	1.960045e+02	
2.519602e+02	2.096191e+02	2.430114e+02	2.110045e+02	
2.579806e+02	218	2.509096e+02	218	
3.528946e+02	2.285317e+02	3.390021e+02	2.319954e+02	
5.390000e+02	2.410044e+02	5.340000e+02	2.409956e+02	
6.999996e+00	2.460044e+02	2.000004e+00	2.459956e+02	
6.309806e+02	251	6.239096e+02	251	
5.979362e+02	2.536739e+02	5.669202e+02	2.595905e+02	
5.910761e+02	2.633501e+02	5.820052e+02	2.649986e+02	
1.180000e+02	2.710044e+02	1.130000e+02	2.709956e+02	
3.140000e+02	2.880044e+02	3.090000e+02	2.879956e+02	
3.998864e+01	2.989955e+02	3.103985e+01	3.003809e+02	
5.410000e+02	3.070044e+02	5.360000e+02	3.069956e+02	
3.311141e+01	312	2.702865e+01	312	
3.210678e+02	323	3.100224e+02	323	
4.390000e+02	3.270044e+02	4.340000e+02	3.269956e+02	
5.440000e+02	3.390044e+02	5.390000e+02	3.389956e+02	
4.599806e+02	351	4.529096e+02	351	
5.240000e+02	3.530044e+02	5.190000e+02	3.529956e+02	
2.960000e+02	3.570044e+02	2.910000e+02	3.569956e+02	
6.341114e+02	375	6.280286e+02	375	
4.881114e+02	376	4.820286e+02	376	
5.409816e+02	3.748640e+02	5.240352e+02	3.772759e+02	
5.950535e+02	3.802865e+02	5.709106e+02	3.845435e+02	
4.449712e+02	3.858568e+02	4.350369e+02	3.873769e+02	
5.629996e+02	3.880025e+02	5.530433e+02	3.902097e+02	
2.999714e+02	398	2.938886e+02	398	
3.599886e+02	3.969955e+02	3.510398e+02	3.983809e+02	
5.100686e+02	3.993595e+02	4.470719e+02	4.113768e+02	
2.659712e+02	4.018568e+02	2.560369e+02	4.033769e+02	
2.689644e+02	4.038444e+02	2.579157e+02	4.055549e+02	
3.679714e+02	405	3.618886e+02	405	
7.698065e+01	406	6.990958e+01	406	
2.269567e+02	4.197903e+02	2.170004e+02	4.219975e+02	
1.660904e+02	423	1.590194e+02	423	
4.300294e+02	4.211355e+02	4.070151e+02	4.260693e+02	
3.569714e+02	425	3.508886e+02	425	
1.109437e+02	4.247850e+02	9.488701e+01	4.285511e+02	
1.929322e+02	4.256868e+02	1.819020e+02	4.275129e+02	
3.889410e+02	4.276887e+02	3.719101e+02	4.305082e+02	
1.669476e+02	4.326700e+02	1.539750e+02	4.348409e+02	
1.320000e+02	4.350044e+02	1.270000e+02	4.349956e+02	
1.195359e+02	4.361276e+02	1.117666e+02	4.405591e+02	
5.569392e+02	4.356481e+02	5.449697e+02	4.378233e+02	
2.100202e+02	4.401057e+02	1.420150e+02	4.530784e+02	
2.950000e+02	4.450044e+02	2.900000e+02	4.449956e+02	
1.439770e+02	4.768425e+02	1.300013e+02	4.790061e+02	
8.999996e+00	4.790044e+02	4.000004e+00	4.789956e+02	
4.108258e+01	96	3.202719e+01	96	
3.995118e+01	1.026101e+02	3.204521e+01	1.041899e+02	
3.998106e+01	1.050074e+02	3.407898e+01	1.064790e+02	
6.079076e+02	1.815675e+02	5.840015e+02	1.869988e+02	
6.390405e+02	1.961369e+02	6.259595e+02	1.998631e+02	
5.749960e+02	2.109846e+02	5.480040e+02	2.180154e+02	
5.369994e+02	2.230028e+02	5.280537e+02	2.252333e+02	
5.999997e+00	2.260035e+02	2.000003e+00	2.259965e+02	
6.279475e+02	2.306108e+02	6.210135e+02	2.319964e+02	
5.809548e+02	2.308101e+02	5.730488e+02	2.323899e+02	
6.039475e+02	2.336108e+02	5.970135e+02	2.349964e+02	
5.599548e+02	2.358101e+02	5.520488e+02	2.373899e+02	
5.349210e+02	2.435210e+02	5.290189e+02	2.449926e+02	
4.309325e+02	2.437374e+02	4.211246e+02	2.465312e+02	
6.049981e+02	2.470032e+02	5.979342e+02	2.487644e+02	
5.829548e+02	2.518101e+02	5.750488e+02	2.533899e+02	
6.319548e+02	2.528101e+02	6.240488e+02	2.543899e+02	
5.929548e+02	2.778101e+02	5.850488e+02	2.793899e+02	
1.630000e+02	2.930035e+02	1.590000e+02	2.929965e+02	
2.200000e+01	2.950035e+02	1.800000e+01	2.949965e+02	
4.370000e+02	2.980035e+02	4.330000e+02	2.979965e+02	
2.830000e+02	3.100035e+02	2.790000e+02	3.099965e+02	
478	317	478	317	
1.729512e+02	3.206101e+02	1.650452e+02	3.221899e+02	
7.130649e+00	325	2.031629e+00	325	
2.658772e+02	3.245360e+02	2.538753e+02	3.275284e+02	
5.640000e+02	3.260035e+02	5.600000e+02	3.259965e+02	
4.829684e+02	327	4.778694e+02	327	
3.251306e+02	355	3.200316e+02	355	
1.690000e+02	3.670035e+02	1.650000e+02	3.669965e+02	
5.031306e+02	388	4.980316e+02	388	
5.409523e+02	3.888106e+02	5.319115e+02	3.906171e+02	
4.650826e+02	397	4.560272e+02	397	
6.040000e+02	3.980035e+02	6.000000e+02	3.979965e+02	
4.480005e+02	4.000033e+02	3.970448e+02	4.112066e+02	
1.389177e+02	4.085772e+02	1.280024e+02	4.109971e+02	
4.290390e+02	4.111938e+02	4.090383e+02	4.151904e+02	
4.029596e+02	4.077985e+02	3.720404e+02	4.142015e+02	
4.290282e+02	4.131358e+02	4.050576e+02	4.182746e+02	
4.279636e+02	4.168093e+02	4.060364e+02	4.211907e+02	
3.398289e+02	4.373456e+02	3.160368e+02	4.441230e+02	
4.539982e+02	4.390049e+02	4.371211e+02	4.434955e+02	
3.859292e+02	4.438152e+02	3.778429e+02	4.454310e+02	
3.195118e+01	4.456101e+02	2.404521e+01	4.471899e+02	
1.919979e+02	4.460013e+02	1.800682e+02	4.483851e+02	
1.679439e+02	4.506537e+02	1.420297e+02	4.551764e+02	
2.819684e+02	454	2.768694e+02	454	
1.400000e+01	4.600035e+02	1.000000e+01	4.599965e+02	
1.709014e+02	4.695286e+02	1.600531e+02	4.722334e+02	
6.597878e+01	4.678566e+02	3.004187e+01	4.732915e+02	
2.597727e+01	1.157334e+02	1.985726e+00	1.178324e+02	
3.598106e+01	1.490084e+02	3.107712e+01	1.504053e+02	
4.019065e+01	1.545152e+02	3.411109e+01	1.562585e+02	
6.390901e+02	1.833257e+02	5.270516e+02	2.141862e+02	
5.870472e+02	2.102071e+02	5.780497e+02	2.122183e+02	
5.659381e+02	2.157596e+02	5.579403e+02	2.177685e+02	
6.009952e+02	2.159978e+02	5.949156e+02	2.177411e+02	
5.499476e+02	2.197664e+02	5.400524e+02	2.222336e+02	
6.269567e+02	2.197903e+02	6.170004e+02	2.219975e+02	
6.019483e+02	2.257921e+02	5.950449e+02	2.273226e+02	
6.259991e+02	2.260033e+02	6.180683e+02	2.282624e+02	
5.819856e+02	2.409974e+02	5.760493e+02	2.423243e+02	
6.299503e+02	2.417817e+02	6.209528e+02	2.437929e+02	
535	246	535	246	
2.207520e+02	3.252994e+02	2.090075e+02	3.299969e+02	
2.969856e+02	3.599974e+02	2.910493e+02	3.613243e+02	
5.019483e+02	3.777921e+02	4.950449e+02	3.793226e+02	
4.879507e+02	3.796757e+02	4.820144e+02	3.810026e+02	
5.619904e+02	3.819953e+02	5.518646e+02	3.845387e+02	
2.286237e+02	3.851961e+02	2.198096e+02	3.895907e+02	
5.969429e+02	3.887640e+02	5.679465e+02	3.957789e+02	
6.099483e+02	3.887921e+02	6.030449e+02	3.903226e+02	
6.239507e+02	4.006757e+02	6.180144e+02	4.020026e+02	
1.689507e+02	4.106757e+02	1.630144e+02	4.120026e+02	
3.450013e+02	4.110079e+02	3.280829e+02	4.162774e+02	
4.970681e+02	4.162293e+02	2.850128e+02	4.790429e+02	
4.909557e+02	4.198510e+02	2.920443e+02	4.791490e+02	
4.819974e+02	4.289936e+02	4.690577e+02	4.322438e+02	
4.829974e+02	4.309936e+02	4.700577e+02	4.342438e+02	
4.367332e+02	4.286867e+02	3.781848e+02	4.418811e+02	
4.530509e+02	4.372150e+02	4.360551e+02	4.412327e+02	
1.809507e+02	4.676757e+02	1.750144e+02	4.690026e+02	
2.751828e+02	1.493370e+02	2.622817e+02	1.565176e+02	
4.999300e+01	2.170029e+02	4.382725e+01	2.196455e+02	
5.387974e+01	2.296482e+02	4.712026e+01	2.323518e+02	
5.429872e+02	2.459985e+02	5.380418e+02	2.472407e+02	
4.738400e+02	2.506399e+02	4.668401e+02	2.536400e+02	
2.071728e+02	2.963545e+02	2.010070e+02	2.989971e+02	
5.985649e+01	3.266328e+02	5.200339e+01	3.299986e+02	
1.708306e+02	3.266267e+02	1.618332e+02	3.306326e+02	
4.211255e+02	3.363252e+02	4.131278e+02	3.393313e+02	
3.621599e+02	3.473600e+02	3.551600e+02	3.503601e+02	
6.184707e+02	4.072197e+02	6.008806e+02	4.198129e+02	
6.209977e+02	4.220011e+02	6.101301e+02	4.263478e+02	
2.439948e+02	4.319960e+02	2.358924e+02	4.347071e+02	
3.198907e+02	1.218183e+02	2.831093e+02	1.441817e+02	
5.630711e+02	3.741717e+02	5.489289e+02	3.798283e+02	
6.136930e+02	4.056126e+02	5.999151e+02	4.168896e+02	
6.227671e+02	4.076610e+02	6.039088e+02	4.208657e+02	
5.049125e+02	4.138487e+02	4.960875e+02	4.191513e+02	
97	2.670083e+02	97	1.880020e+02	
4.304737e+01	3.999966e+02	4.151143e+01	3.450089e+02	
111	2.320196e+02	111	1.950061e+02	
1.622167e+02	2.699935e+02	1.601985e+02	2.019940e+02	
112	2.689941e+02	112	2.329802e+02	
45	3.940151e+02	45	3.510034e+02	
8.697758e+01	2.650002e+02	8.529105e+01	1.959918e+02	
1.442567e+02	2.689913e+02	1.424130e+02	2.029867e+02	
39	3.890157e+02	39	3.480035e+02	
4.904747e+01	3.949956e+02	4.747660e+01	3.500119e+02	
1.851277e+02	2.639936e+02	1.834355e+02	2.129824e+02	
34	3.809920e+02	34	3.519747e+02	
1.493247e+02	2.620265e+02	1.475637e+02	1.989797e+02	
1.392314e+02	2.699892e+02	1.375394e+02	2.129792e+02	
2.715218e+01	4.389922e+02	2.553944e+01	3.970112e+02	
111	3.630274e+02	111	3.370082e+02	
1.951906e+02	2.739933e+02	1.927710e+02	2.110080e+02	
101	4.160174e+02	101	3.730058e+02	
1.044213e+02	4.159903e+02	1.028086e+02	3.720085e+02	
118	2.230285e+02	118	1.980085e+02	
1.902657e+02	2.579884e+02	1.882137e+02	2.109906e+02	
9.220975e+01	2.659907e+02	9.059700e+01	2.240097e+02	
1.983611e+02	2.799851e+02	1.948655e+02	2.030060e+02	
2.016124e+02	2.940178e+02	1.966173e+02	1.840176e+02	
3.743608e+01	3.889880e+02	3.582158e+01	3.520097e+02	
3.064535e+02	2.819866e+02	3.049105e+02	2.480070e+02	
2.020090e+02	4.069991e+02	1.997036e+02	3.670155e+02	
52	186	52	186	
2.281384e+02	2.769895e+02	2.244879e+02	2.189664e+02	
45	2.569894e+02	45	2.379631e+02	
2.041240e+02	4.069932e+02	2.018185e+02	3.670097e+02	
2.374281e+02	2.780370e+02	2.336842e+02	2.150213e+02	
2.439786e+02	4.030006e+02	2.416556e+02	3.650190e+02	
2.700046e+02	2.799989e+02	2.663816e+02	2.239732e+02	
3.122922e+02	2.839821e+02	3.088402e+02	2.320102e+02	
3.956549e+02	3.870230e+02	3.938126e+02	3.560132e+02	
1.564837e+02	3.929797e+02	1.549336e+02	3.690089e+02	
2.333441e+02	2.769819e+02	2.298859e+02	2.170065e+02	
2.474206e+02	2.789745e+02	2.432062e+02	2.119876e+02	
2.646012e+02	2.800285e+02	2.618839e+02	2.380092e+02	
2.736183e+02	2.810254e+02	2.696734e+02	2.200218e+02	
351	2.850348e+02	351	2.660085e+02	
5.386993e+02	3.610222e+02	5.365703e+02	3.320314e+02	
21	3.928765e+02	21	4.229431e+02	
25	3.920396e+02	25	3.750102e+02	
113	3.859855e+02	113	3.709522e+02	
1.540621e+02	3.929912e+02	1.525364e+02	3.700201e+02	
163	3.579912e+02	163	3.399634e+02	
210	3.569855e+02	210	3.419522e+02	
2.254150e+02	2.759844e+02	2.238126e+02	2.490135e+02	
2.834182e+02	2.819717e+02	2.793282e+02	2.219777e+02	
2.970076e+02	2.539994e+02	2.949924e+02	2.300006e+02	
3.041367e+02	2.829891e+02	2.997816e+02	2.300171e+02	
3.310874e+02	2.849907e+02	3.264435e+02	2.329577e+02	
3.324645e+02	3.969613e+02	3.294738e+02	3.589606e+02	
22	4.410460e+02	22	4.260127e+02	
109	3.900356e+02	109	3.720078e+02	
2.821309e+02	3.989882e+02	2.805808e+02	3.750174e+02	
2.856999e+02	4.220199e+02	2.819242e+02	3.620054e+02	
2.924317e+02	3.969731e+02	2.899252e+02	3.620058e+02	
2.986265e+02	2.820318e+02	2.968627e+02	2.580133e+02	
3.712730e+02	3.889765e+02	3.669076e+02	3.410084e+02	
3.800742e+02	3.839931e+02	3.771862e+02	3.509831e+02	
6	373	6	361	
78	2.290547e+02	78	2.160163e+02	
156	3.459867e+02	156	3.319510e+02	
265	3.890490e+02	265	3.750133e+02	
2.793974e+02	3.859830e+02	2.778716e+02	3.630119e+02	
3.009981e+02	3.540001e+02	2.989030e+02	3.330094e+02	
3.151745e+02	3.759864e+02	3.129090e+02	3.490074e+02	
3.258409e+02	2.840135e+02	3.238256e+02	2.600147e+02	
327	1.850547e+02	327	1.720163e+02	
3.380350e+02	2.849967e+02	3.305565e+02	1.940348e+02	
3.355585e+02	2.860386e+02	3.308701e+02	2.290121e+02	
3.435420e+02	2.850405e+02	3.403816e+02	2.439672e+02	
3.730008e+02	2.869971e+02	3.713594e+02	2.689609e+02	
3.950075e+02	2.059983e+02	3.925751e+02	1.770314e+02	
4.001530e+02	3.719846e+02	3.983818e+02	3.489659e+02	
82	2.290524e+02	82	2.160140e+02	
130	2.320590e+02	130	2.200174e+02	
133	2.500590e+02	133	2.380174e+02	
1.973137e+02	4.400746e+02	1.955342e+02	4.169482e+02	
303	2.400524e+02	303	2.270140e+02	
3.239155e+02	2.580077e+02	3.217982e+02	2.360186e+02	
3.306711e+02	1.890304e+02	3.255024e+02	1.299518e+02	
3.480916e+02	1.939885e+02	3.454492e+02	1.649537e+02	
3.500026e+02	3.919990e+02	3.453582e+02	3.409654e+02	
3.474787e+02	2.829721e+02	3.459945e+02	2.660075e+02	
3.507251e+02	2.620300e+02	3.489892e+02	2.440026e+02	
3.531821e+02	1.959833e+02	3.501789e+02	1.629836e+02	
3.569972e+02	1.970000e+02	3.538050e+02	1.650186e+02	
3.654916e+02	2.880486e+02	3.618145e+02	2.460191e+02	
3.670555e+02	3.899949e+02	3.626838e+02	3.400260e+02	
3.733633e+02	3.869685e+02	3.690882e+02	3.399928e+02	
3.855512e+02	2.900445e+02	3.819078e+02	2.500105e+02	
4.138270e+02	3.860180e+02	4.088663e+02	3.380140e+02	
4.210951e+02	2.929901e+02	4.165091e+02	2.470448e+02	
4.459880e+02	3.348777e+02	4.348000e+02	2.510277e+02	
54	4.120641e+02	54	4.010187e+02	
202	3.289813e+02	202	3.179359e+02	
2.094525e+02	3.829724e+02	2.079996e+02	3.670071e+02	
2.484200e+02	4.050425e+02	2.459104e+02	3.640096e+02	
249	3.759853e+02	249	3.639437e+02	
3.400906e+02	3.089874e+02	3.385821e+02	2.910228e+02	
3.580923e+02	2.869903e+02	3.543587e+02	2.459652e+02	
3.607000e+02	2.870319e+02	3.570038e+02	2.500003e+02	
3.630919e+02	2.869915e+02	3.596371e+02	2.490302e+02	
362	1.979813e+02	362	1.869359e+02	
3.767283e+02	2.020275e+02	3.737862e+02	1.720218e+02	
3.790490e+02	2.889949e+02	3.749510e+02	2.500051e+02	
3.813874e+02	2.869670e+02	3.778002e+02	2.490179e+02	
3.888210e+02	3.800155e+02	3.856372e+02	3.450317e+02	
3.920908e+02	2.889860e+02	3.905474e+02	2.720267e+02	
3.913534e+02	3.639693e+02	3.892544e+02	3.399778e+02	
3.935082e+02	3.870521e+02	3.918263e+02	3.670229e+02	
4.060942e+02	3.849904e+02	4.006091e+02	3.300367e+02	
4.154902e+02	3.820541e+02	4.113228e+02	3.379675e+02	
414	1.800503e+02	414	1.670119e+02	
4.145868e+02	2.100440e+02	4.098103e+02	1.630208e+02	
4.271842e+02	3.779853e+02	4.234888e+02	3.330371e+02	
4.321005e+02	2.159881e+02	4.293081e+02	1.889658e+02	
4.334918e+02	3.949536e+02	4.279108e+02	3.400095e+02	
4.599965e+02	2.130001e+02	4.581260e+02	1.979834e+02	
4.673384e+02	3.869670e+02	4.614568e+02	3.300512e+02	
468	2.090326e+02	468	1.860108e+02	
5.070995e+02	2.999883e+02	5.034634e+02	2.670524e+02	
5.465791e+02	3.629421e+02	5.440017e+02	3.410023e+02	
5.731411e+02	3.319807e+02	5.701278e+02	3.099825e+02	
6.394525e+02	3.509724e+02	6.379996e+02	3.350071e+02	
3.052384e+01	3.619592e+02	2.900264e+01	3.490099e+02	
44	227	44	227	
6.299763e+01	2.089918e+02	6.153050e+01	1.950330e+02	
134	2.170609e+02	134	2.060156e+02	
205	3.950700e+02	205	3.850201e+02	
260	2.769799e+02	260	2.669300e+02	
2.795507e+02	4.229223e+02	2.765784e+02	4.020377e+02	
3.241794e+02	3.429809e+02	3.226082e+02	3.250217e+02	
3.299976e+02	2.209918e+02	3.285305e+02	2.070330e+02	
342	1.769799e+02	342	1.669300e+02	
367	2.640896e+02	367	2.519241e+02	
3.695350e+02	2.860563e+02	3.678944e+02	2.690179e+02	
3.731817e+02	2.009847e+02	3.707279e+02	1.740221e+02	
3.714229e+02	2.639740e+02	3.699142e+02	2.480139e+02	
3.893917e+02	2.879776e+02	3.879075e+02	2.710130e+02	
3.918905e+02	2.050108e+02	3.886866e+02	1.750319e+02	
4.041650e+02	2.919846e+02	3.996440e+02	2.450318e+02	
405	2.510138e+02	405	2.690416e+02	
4.113475e+02	2.099656e+02	4.066525e+02	1.660344e+02	
4.079976e+02	2.689918e+02	4.065305e+02	2.550330e+02	
4.213824e+02	2.539643e+02	4.186110e+02	2.179460e+02	
4.251247e+02	2.139842e+02	4.223180e+02	1.889618e+02	
4.341726e+02	3.809838e+02	4.294522e+02	3.310467e+02	
4.444592e+02	3.479465e+02	4.383520e+02	2.959590e+02	
4.430913e+02	2.179918e+02	4.407279e+02	1.920223e+02	
4.459974e+02	2.929901e+02	4.444762e+02	2.800408e+02	
4.453918e+02	3.789783e+02	4.438206e+02	3.610191e+02	
4.499963e+02	4.029999e+02	4.457071e+02	3.600278e+02	
4.497925e+02	2.950233e+02	4.467644e+02	2.680265e+02	
4.530964e+02	2.949894e+02	4.486852e+02	2.550326e+02	
4.564444e+02	2.960659e+02	4.515439e+02	2.530545e+02	
4.574063e+02	3.919446e+02	4.522746e+02	3.549626e+02	
4.654384e+02	3.899570e+02	4.598738e+02	3.370133e+02	
4.674759e+02	2.960708e+02	4.634069e+02	2.619468e+02	
4.693676e+02	3.799681e+02	4.671012e+02	3.559918e+02	
4.730490e+02	3.919946e+02	4.691589e+02	3.549829e+02	
4.799377e+02	3.860073e+02	4.739464e+02	3.350063e+02	
4.803087e+02	3.739658e+02	4.764186e+02	3.369541e+02	
484	2.800902e+02	484	2.689098e+02	
4.882056e+02	3.729783e+02	4.839035e+02	3.340105e+02	
4.934428e+02	3.730531e+02	4.893618e+02	3.290606e+02	
4.979970e+02	3.000000e+02	4.937710e+02	2.640258e+02	
5.022532e+02	2.339666e+02	4.991454e+02	2.109809e+02	
5.062572e+02	3.799709e+02	5.009747e+02	3.350032e+02	
5.174232e+02	3.709494e+02	5.135575e+02	3.359344e+02	
5.275238e+02	2.589592e+02	5.260026e+02	2.460099e+02	
5.298984e+02	3.590092e+02	5.275469e+02	3.380457e+02	
5.616033e+02	3.650446e+02	5.597058e+02	3.460341e+02	
78	2.080663e+02	78	1.980164e+02	
8.110204e+01	2.619821e+02	7.956184e+01	2.480312e+02	
1.949963e+02	2.009991e+02	1.926349e+02	1.820406e+02	
213	2.589871e+02	213	2.479418e+02	
217	2.290772e+02	217	2.200218e+02	
252	4.030366e+02	252	3.850088e+02	
285	2.370582e+02	285	2.260129e+02	
2.882115e+02	3.529733e+02	2.863331e+02	3.359594e+02	
3.179187e+02	4.170078e+02	3.149877e+02	3.860012e+02	
333	4.129836e+02	333	4.029337e+02	
339	2.429782e+02	339	2.339228e+02	
3.449952e+02	1.929902e+02	3.435069e+02	1.810409e+02	
3.621198e+02	3.699832e+02	3.603224e+02	3.539592e+02	
362	1.829871e+02	362	1.719418e+02	
3.687723e+02	2.000248e+02	3.656822e+02	1.720346e+02	
381	1.879836e+02	381	1.779337e+02	
383	1.880772e+02	383	1.790218e+02	
3.874879e+02	2.040602e+02	3.847976e+02	1.780263e+02	
3.903967e+02	2.669742e+02	3.889036e+02	2.520153e+02	
3.981296e+02	2.909859e+02	3.938704e+02	2.530141e+02	
399	1.930772e+02	399	1.840218e+02	
4.052024e+02	2.089737e+02	4.025121e+02	1.829398e+02	
4.071813e+02	2.889803e+02	4.056379e+02	2.720210e+02	
4.087479e+02	2.090328e+02	4.054964e+02	1.829286e+02	
4.101360e+02	2.899818e+02	4.078640e+02	2.740182e+02	
4.152403e+02	2.919731e+02	4.112028e+02	2.559773e+02	
4.153047e+02	2.419633e+02	4.125122e+02	2.149411e+02	
4.181130e+02	2.919870e+02	4.140029e+02	2.569997e+02	
4.184461e+02	2.450693e+02	4.156830e+02	2.200420e+02	
4.233474e+02	2.929654e+02	4.188641e+02	2.510143e+02	
4.282324e+02	2.139729e+02	4.252242e+02	1.879738e+02	
4.264449e+02	2.719666e+02	4.249916e+02	2.590095e+02	
4.303967e+02	2.919742e+02	4.289036e+02	2.770153e+02	
4.345887e+02	2.940522e+02	4.305251e+02	2.589312e+02	
4.404769e+02	2.180725e+02	4.375231e+02	1.929275e+02	
4.471174e+02	2.179853e+02	4.441279e+02	1.939840e+02	
4.538270e+02	4.000182e+02	4.493772e+02	3.569578e+02	
4.642380e+02	2.959707e+02	4.600142e+02	2.629986e+02	
4.701170e+02	2.969872e+02	4.655605e+02	2.550439e+02	
4.731082e+02	2.109870e+02	4.701269e+02	1.859847e+02	
4.791249e+02	2.939862e+02	4.756532e+02	2.630355e+02	
4.821192e+02	2.279858e+02	4.797578e+02	2.090273e+02	
4.833181e+02	2.969679e+02	4.797912e+02	2.650217e+02	
4.894041e+02	2.300818e+02	4.866577e+02	2.070501e+02	
4.930535e+02	3.839935e+02	4.867145e+02	3.300323e+02	
4.951192e+02	2.319858e+02	4.927578e+02	2.130273e+02	
5.022290e+02	3.729745e+02	4.977710e+02	3.350255e+02	
5.085436e+02	3.750637e+02	5.028015e+02	3.320285e+02	
5.102355e+02	2.999730e+02	5.057645e+02	2.630270e+02	
5.182294e+02	2.371032e+02	5.157706e+02	2.128968e+02	
5.239857e+02	2.380009e+02	5.196357e+02	2.040439e+02	
5.349952e+02	2.959902e+02	5.335069e+02	2.840409e+02	
5.652031e+02	3.069802e+02	5.618993e+02	2.750101e+02	
5.683633e+02	2.999592e+02	5.646367e+02	2.700408e+02	
5.682120e+02	3.609786e+02	5.658972e+02	3.400109e+02	
5.761122e+02	3.739860e+02	5.696423e+02	3.220424e+02	
5.791214e+02	3.739839e+02	5.754945e+02	3.460582e+02	
5.794403e+02	3.630724e+02	5.777997e+02	3.460340e+02	
5.834931e+02	2.789591e+02	5.820048e+02	2.670098e+02	
5.946945e+02	3.710429e+02	5.894478e+02	3.350780e+02	
5.970128e+02	3.689977e+02	5.932424e+02	3.399670e+02	
6.045519e+02	3.039297e+02	5.978522e+02	2.550204e+02	
6.034449e+02	2.779666e+02	6.019916e+02	2.650095e+02	
6.081348e+02	3.119830e+02	6.061139e+02	2.959857e+02	
6.141152e+02	3.129789e+02	6.124857e+02	2.969370e+02	
6.946151e+01	2.609588e+02	6.800069e+01	2.500105e+02	
7.652740e+01	2.619466e+02	7.500725e+01	2.520123e+02	
129	2.499762e+02	129	2.419140e+02	
1.299993e+02	2.669895e+02	1.285385e+02	2.560412e+02	
1.354615e+02	2.319588e+02	1.340007e+02	2.210105e+02	
1.915274e+02	2.739466e+02	1.900072e+02	2.640123e+02	
2.084874e+02	2.760354e+02	2.033248e+02	1.939785e+02	
2.139993e+02	2.759895e+02	2.125385e+02	2.650412e+02	
222	2.290860e+02	222	2.210238e+02	
364	1.830728e+02	364	1.740174e+02	
3.765776e+02	3.450717e+02	3.742839e+02	3.289553e+02	
3.819993e+02	2.029895e+02	3.805385e+02	1.920412e+02	
399	2.060728e+02	399	1.970174e+02	
419	2.120892e+02	419	2.018912e+02	
4.277173e+02	3.130402e+02	4.255851e+02	2.980584e+02	
4.281019e+02	2.909838e+02	4.266348e+02	2.770251e+02	
4.323107e+02	2.479704e+02	4.300016e+02	2.260007e+02	
4.550137e+02	2.219980e+02	4.518567e+02	1.980182e+02	
4.575715e+02	2.220524e+02	4.547648e+02	1.970300e+02	
460	2.950728e+02	460	2.860174e+02	
4.681137e+02	3.429803e+02	4.665925e+02	3.300309e+02	
4.757670e+02	2.520295e+02	4.727356e+02	2.280335e+02	
4.772381e+02	2.969686e+02	4.733747e+02	2.659512e+02	
4.806968e+02	2.530538e+02	4.790057e+02	2.420021e+02	
4.848659e+02	2.290168e+02	4.817507e+02	2.050315e+02	
4.911451e+02	2.979799e+02	4.873518e+02	2.679531e+02	
4.942349e+02	2.979682e+02	4.904798e+02	2.669376e+02	
4.973466e+02	2.299634e+02	4.950016e+02	2.100010e+02	
5.042494e+02	2.989698e+02	5.006225e+02	2.710441e+02	
5.071019e+02	2.349838e+02	5.056348e+02	2.210251e+02	
5.100067e+02	2.359989e+02	5.068588e+02	2.130187e+02	
5.191451e+02	3.009799e+02	5.153518e+02	2.709531e+02	
5.221136e+02	3.019831e+02	5.174988e+02	2.649331e+02	
5.251144e+02	2.619868e+02	5.226533e+02	2.410359e+02	
5.266742e+02	2.410478e+02	5.233258e+02	2.159522e+02	
5.395900e+02	3.040615e+02	5.368803e+02	2.840201e+02	
5.418551e+02	3.040215e+02	5.390056e+02	2.839995e+02	
5.472678e+02	3.509613e+02	5.434974e+02	3.219305e+02	
5.523865e+02	3.019531e+02	5.487466e+02	2.750319e+02	
5.528551e+02	3.600215e+02	5.500056e+02	3.399995e+02	
5.677512e+02	3.100307e+02	5.656354e+02	2.930447e+02	
5.724349e+02	3.759469e+02	5.658210e+02	3.250229e+02	
5.746090e+02	2.800640e+02	5.730000e+02	2.680054e+02	
5.891382e+02	3.699801e+02	5.850064e+02	3.419992e+02	
5.981319e+02	3.389832e+02	5.959993e+02	3.230003e+02	
6.061137e+02	3.479803e+02	6.045925e+02	3.350309e+02	
6.144505e+02	3.570805e+02	6.127899e+02	3.420391e+02	
6.183948e+02	3.559533e+02	6.159995e+02	3.380016e+02	
6.203774e+02	3.539555e+02	6.168786e+02	3.270156e+02	
6.239942e+02	3.549985e+02	6.204464e+02	3.300703e+02	
6.313983e+02	3.590649e+02	6.288950e+02	3.310161e+02	
1.200703e+01	3.719883e+02	1.057362e+01	3.620412e+02	
3.185669e+01	4.660194e+02	2.972447e+01	4.510376e+02	
5.459058e+01	4.590871e+02	5.138403e+01	4.441299e+02	
54	2.949740e+02	54	2.879029e+02	
129	3.360806e+02	129	3.280184e+02	
1.358572e+02	4.607130e+02	1.308444e+02	4.447170e+02	
150	2.709816e+02	150	2.629194e+02	
1.621196e+02	3.819815e+02	1.606662e+02	3.690244e+02	
2.833700e+02	4.169702e+02	2.818816e+02	4.050209e+02	
302	4.140896e+02	302	4.019241e+02	
320	3.979816e+02	320	3.899194e+02	
332	1.499740e+02	332	1.429029e+02	
338	2.259740e+02	338	2.189029e+02	
3.421184e+02	1.929791e+02	3.406300e+02	1.810298e+02	
365	1.870224e+02	365	1.980678e+02	
384	1.920224e+02	384	2.030678e+02	
3.980039e+02	3.109989e+02	3.958330e+02	2.980263e+02	
4.000039e+02	3.099993e+02	3.979961e+02	2.980007e+02	
401	2.760165e+02	401	2.910498e+02	
4.219912e+02	2.119876e+02	4.205123e+02	2.030538e+02	
4.371746e+02	2.559689e+02	4.317366e+02	2.260452e+02	
4.401196e+02	3.649815e+02	4.386662e+02	3.520244e+02	
4.494877e+02	2.069462e+02	4.480088e+02	1.980124e+02	
4.571196e+02	2.759815e+02	4.556662e+02	2.630244e+02	
5.161433e+02	2.999818e+02	5.127271e+02	2.740333e+02	
5.281319e+02	2.909833e+02	5.257366e+02	2.730316e+02	
5.275606e+02	3.010685e+02	5.237178e+02	2.750448e+02	
538	2.809740e+02	538	2.739029e+02	
5.501196e+02	3.019815e+02	5.486662e+02	2.890244e+02	
5.741348e+02	2.509735e+02	5.725785e+02	2.400383e+02	
5.844279e+02	3.739419e+02	5.798618e+02	3.430203e+02	
5.868489e+02	3.730206e+02	5.825724e+02	3.440601e+02	
6.012595e+02	3.649700e+02	5.989896e+02	3.470020e+02	
6.069985e+02	2.779995e+02	6.041930e+02	2.639592e+02	
6.096814e+02	2.780598e+02	6.074794e+02	2.649011e+02	
6.111499e+02	3.109795e+02	6.089915e+02	2.960015e+02	
6.129932e+02	2.799997e+02	6.106835e+02	2.660474e+02	
6.161670e+02	2.799737e+02	6.139961e+02	2.670011e+02	
6.172751e+02	3.109590e+02	6.152824e+02	2.969579e+02	
6.189932e+02	2.809997e+02	6.166835e+02	2.670474e+02	
6.202751e+02	3.109590e+02	6.182824e+02	2.969579e+02	
6.220039e+02	2.809993e+02	6.199961e+02	2.690007e+02	
6.231493e+02	3.109757e+02	6.212733e+02	2.979572e+02	
6.262739e+02	3.539641e+02	6.227261e+02	3.290359e+02	
6.262755e+02	3.129624e+02	6.241433e+02	2.979806e+02	
6.291377e+02	3.519763e+02	6.254391e+02	3.269299e+02	
6.320079e+02	3.129984e+02	6.278292e+02	2.880277e+02	
6.342875e+02	3.109604e+02	6.308591e+02	2.880203e+02	
6.351349e+02	3.549791e+02	6.310197e+02	3.289971e+02	
6.370078e+02	3.119984e+02	6.331548e+02	2.889733e+02	
6.383098e+02	3.599552e+02	6.341291e+02	3.319817e+02	
639	2.989816e+02	639	2.909194e+02	
3.415555e+01	4.589644e+02	3.244512e+01	4.479157e+02	
4.438085e+01	4.589602e+02	4.299551e+01	4.500114e+02	
5.199503e+01	2.109886e+02	5.038347e+01	1.980502e+02	
5.899437e+01	3.559954e+02	5.425308e+01	3.381763e+02	
1.384445e+02	2.119460e+02	1.370030e+02	2.040136e+02	
2.101432e+02	4.049712e+02	2.086231e+02	3.950369e+02	
2.231432e+02	2.429712e+02	2.216231e+02	2.330369e+02	
2.501311e+02	3.519769e+02	2.486702e+02	3.410285e+02	
2.503809e+02	2.309602e+02	2.489955e+02	2.220114e+02	
2.624445e+02	2.329460e+02	2.610030e+02	2.250136e+02	
3.165755e+02	2.549058e+02	3.138292e+02	2.318741e+02	
3.160059e+02	2.699987e+02	3.128311e+02	2.510271e+02	
3.303147e+02	3.539511e+02	3.261542e+02	3.279763e+02	
3.374138e+02	3.099518e+02	3.354168e+02	2.909515e+02	
375	2.850904e+02	375	2.780194e+02	
4.023769e+02	2.079631e+02	4.008568e+02	1.980288e+02	
4.228547e+02	3.120211e+02	4.206912e+02	2.980454e+02	
4.353132e+02	2.039322e+02	4.334871e+02	1.929020e+02	
462	2.089806e+02	462	2.019096e+02	
4.684445e+02	2.249460e+02	4.670030e+02	2.170136e+02	
472	2.239714e+02	472	2.178886e+02	
4.835208e+02	3.150998e+02	4.814792e+02	3.029002e+02	
4.869986e+02	3.139948e+02	4.853501e+02	3.049239e+02	
5.141759e+02	2.369705e+02	5.118241e+02	2.240295e+02	
5.191567e+02	2.179721e+02	5.172956e+02	2.059497e+02	
5.471899e+02	2.989570e+02	5.443843e+02	2.849167e+02	
5.611319e+02	3.049834e+02	5.588681e+02	2.880166e+02	
5.761311e+02	3.379769e+02	5.746702e+02	3.270285e+02	
5.844445e+02	2.499460e+02	5.830030e+02	2.420136e+02	
5.933769e+02	2.259631e+02	5.918568e+02	2.160288e+02	
5.941311e+02	2.759769e+02	5.926702e+02	2.650285e+02	
6.059977e+02	4.600005e+02	6.040023e+02	4.509995e+02	
6.193809e+02	2.409602e+02	6.179955e+02	2.320114e+02	
6.294979e+02	3.131019e+02	6.268153e+02	2.980419e+02	
6.392942e+02	3.119578e+02	6.357058e+02	2.890422e+02	
6.343697e+02	4.448374e+02	6.240091e+02	4.219976e+02	
2.167818e+02	3.520706e+02	2.112187e+02	3.372702e+02	
3.372099e+02	2.119577e+02	3.347901e+02	2.010423e+02	
3.729990e+02	3.409995e+02	3.708082e+02	3.300359e+02	
461	2.229684e+02	461	2.178694e+02	
5.328071e+02	3.160393e+02	5.308089e+02	3.060390e+02	
551	2.429684e+02	551	2.378694e+02	
5.624340e+02	2.989409e+02	5.590056e+02	2.760008e+02	
5.718756e+02	4.526896e+02	5.671782e+02	4.409451e+02	
5.843899e+02	1.959512e+02	5.828101e+02	1.880452e+02	
8.734611e+00	4.500789e+02	6.740157e+00	4.430773e+02	
3.127295e+01	1.568883e+02	2.827432e+01	1.471411e+02	
4.957883e+01	4.371109e+02	4.779402e+01	4.290602e+02	
1.181838e+02	3.519457e+02	1.130918e+02	3.349731e+02	
1.411826e+02	4.539417e+02	1.363656e+02	4.378856e+02	
1.692962e+02	3.499058e+02	1.640050e+02	3.339997e+02	
1.923353e+02	4.128734e+02	1.863230e+02	3.968780e+02	
2.312698e+02	4.418989e+02	2.285436e+02	4.328122e+02	
2.347664e+02	4.398422e+02	2.315766e+02	4.238789e+02	
2.423243e+02	3.379507e+02	2.409974e+02	3.320144e+02	
269	4.260927e+02	269	4.180304e+02	
322	282	322	282	
3.460026e+02	2.609856e+02	3.446757e+02	2.550493e+02	
4.349916e+02	2.119811e+02	4.335947e+02	2.070771e+02	
5.662629e+02	3.759334e+02	5.637371e+02	3.670666e+02	
6.253848e+02	4.778931e+02	6.171433e+02	4.489608e+02	
1.683095e+02	2.369303e+02	1.670080e+02	2.330180e+02	
1.873357e+02	4.088839e+02	1.839979e+02	4.000036e+02	
2.550009e+02	3.479975e+02	2.506747e+02	3.361113e+02	
4.393672e+02	4.218565e+02	4.360014e+02	4.140034e+02	
5.677003e+02	3.901053e+02	5.657040e+02	3.841041e+02	
6.153394e+02	4.498793e+02	6.079880e+02	4.300058e+02	
6.233006e+02	4.389098e+02	6.210027e+02	4.320019e+02	
6.262995e+02	4.659094e+02	6.227005e+02	4.550906e+02	
6.270016e+02	4.599994e+02	6.229984e+02	4.490006e+02	
6.293006e+02	4.759098e+02	6.270027e+02	4.690019e+02	
6.339973e+02	4.520009e+02	6.310027e+02	4.429991e+02	
6.397919e+02	4.628012e+02	6.350075e+02	4.460051e+02	
6.394098e+02	4.458015e+02	6.279941e+02	4.230050e+02	
6.709033e+01	3.699505e+02	5.990967e+01	3.570495e+02	
1.287706e+02	3.681532e+02	1.187680e+02	3.531549e+02	
1.799954e+02	3.650033e+02	1.700046e+02	3.509967e+02	
2.669959e+02	3.620035e+02	2.560041e+02	3.489965e+02	
3.192505e+02	3.057926e+02	3.067495e+02	2.912074e+02	
6.159990e+02	4.399919e+02	6.123890e+02	4.327830e+02	
6.228930e+02	4.420890e+02	6.121070e+02	4.289110e+02	
6.367187e+02	4.711571e+02	6.212813e+02	4.428429e+02	
6.380678e+02	4.689633e+02	6.239322e+02	4.430367e+02	
42	1.600037e+02	42	2.230117e+02	
30	246	30	188	
19	225	19	190	
19	263	19	228	
52	3.380044e+02	52	3.780169e+02	
57	213	57	183	
23	473	23	447	
71	261	71	235	
91	220	91	194	
55	1.850092e+02	55	2.100292e+02	
60	253	60	232	
21	3.970147e+02	21	3.460049e+02	
84	261	84	242	
51	1.649648e+02	51	1.849898e+02	
28	392	28	376	
30	287	30	271	
199	303	199	287	
30	3.860075e+02	30	4.060325e+02	
105	387	105	372	
167	221	167	206	
564	2.519591e+02	564	2.689884e+02	
52	287	52	273	
70	228	70	214	
114	238	114	224	
72	228	72	215	
205	380	205	367	
8	4.610163e+02	8	4.740547e+02	
44	415	44	403	
60	227	60	215	
67	228	67	216	
119	249	119	237	
124	231	124	219	
172	254	172	242	
214	242	214	230	
343	303	343	291	
398	267	398	255	
470	274	470	262	
516	342	516	330	
32	415	32	404	
41	414	41	403	
54	424	54	413	
82	212	82	201	
126	231	126	220	
134	267	134	256	
173	238	173	227	
177	255	177	244	
253	420	253	409	
34	414	34	404	
171	237	171	227	
175	271	175	261	
176	239	176	229	
181	223	181	213	
208	294	208	284	
209	255	209	245	
218	244	218	234	
255	260	255	250	
344	177	344	167	
382	276	382	270	
393	308	393	298	
511	278	511	268	
6.469499e+00	3.460330e+02	5.002372e+00	3.599918e+02	
11	355	11	346	
15	4.610156e+02	15	4.720609e+02	
3.186973e+01	2.489816e+02	2.999935e+01	2.629996e+02	
42	137	42	128	
45	237	45	228	
63	194	63	194	
106	410	106	401	
116	4.549391e+02	116	4.659844e+02	
130	217	130	208	
174	251	174	242	
195	441	195	432	
213	405	213	396	
254	246	254	237	
260	260	260	251	
322	379	322	370	
349	177	349	168	
384	365	384	356	
387	267	387	258	
420	3.389391e+02	420	3.499844e+02	
442	349	442	340	
544	363	544	354	
30	172	30	164	
70	210	70	202	
72	211	72	203	
181	2.429418e+02	181	2.539871e+02	
186	273	186	265	
212	395	212	387	
250	403	250	395	
295	279	295	271	
330	249	330	241	
332	273	332	265	
333	286	333	278	
339	191	339	183	
383	289	383	281	
391	386	391	378	
403	398	403	390	
428	267	428	259	
540	353	540	345	
633	263	633	255	
108	355	108	348	
159	3.750238e+02	159	3.830860e+02	
208	233	208	226	
252	276	252	269	
256	4.080206e+02	256	4.200622e+02	
259	246	259	239	
331	261	331	254	
340	267	340	260	
342	3.429140e+02	342	3.509762e+02	
3.439993e+02	3.520105e+02	3.425385e+02	3.629588e+02	
345	3.759272e+02	345	3.849826e+02	
3.469993e+02	3.860105e+02	3.455385e+02	3.969588e+02	
350	187	350	180	
354	280	354	273	
3.699993e+02	1.690105e+02	3.685385e+02	1.799588e+02	
388	353	388	346	
389	364	389	357	
419	198	419	191	
466	212	466	205	
508	383	508	376	
509	358	509	351	
550	361	550	354	
5.399124e+01	4.340124e+02	5.251226e+01	4.429462e+02	
125	245	125	239	
206	405	206	399	
245	394	245	388	
2.462608e+02	4.060511e+02	2.445212e+02	4.190885e+02	
322	398	322	392	
366	360	366	354	
367	371	367	365	
3.999912e+02	2.670124e+02	3.985123e+02	2.759462e+02	
4.784215e+02	2.350383e+02	4.768652e+02	2.459735e+02	
556	283	556	277	
607	332	607	326	
632	401	632	395	
52	197	52	197	
107	400	107	395	
321	387	321	382	
387	344	387	339	
394	285	394	280	
423	272	423	267	
441	286	441	281	
504	382	504	377	
22	317	22	317	
125	215	125	211	
186	190	186	186	
2.154263e+02	4.228154e+02	2.104414e+02	4.388201e+02	
441	266	441	262	
475	368	475	364	
5.029926e+02	4.470189e+02	5.015210e+02	4.529210e+02	
4.373511e+01	2.222898e+02	3.298501e+01	2.479887e+02	
4.722789e+01	2.720549e+02	4.122603e+01	2.970544e+02	
2.119916e+02	2.230189e+02	2.105947e+02	2.279229e+02	
323	259	323	259	
453	401	453	401	
5.240026e+02	4.340144e+02	5.226757e+02	4.399507e+02	
5.323145e+02	3.010552e+02	5.298621e+02	2.698946e+02	
1.309976e+02	4.040053e+02	1.245271e+02	4.137074e+02	
1.507163e+02	4.018338e+02	1.403817e+02	4.186325e+02	
1.547537e+02	4.028576e+02	1.462463e+02	4.181424e+02	
4.855315e+02	4.332692e+02	4.648815e+02	4.729375e+02	
1.700244e+01	2.790012e+02	1.299756e+01	2.869988e+02	
4.779882e+02	4.419953e+02	4.615781e+02	4.707652e+02	
4.902095e+02	4.341200e+02	4.822205e+02	4.481262e+02	