2.669123840332031250e+02 7.604717254638671875e+01 3.249141235351562500e+02 7.722967529296875000e+01
4.568122863769531250e+01 4.519582519531250000e+02 2.048713493347167969e+01 4.800000000000000000e+02
6.190651855468750000e+02 2.421904907226562500e+02 4.659794616699218750e+02 2.713472290039062500e+02
4.506686401367187500e+02 1.733938903808593750e+02 4.831804809570312500e+02 1.764775238037109375e+02
3.184411010742187500e+02 7.860678100585937500e+01 3.155697326660156250e+02 1.504697113037109375e+02
5.732061767578125000e+02 1.513541412353515625e+02 5.896900024414062500e+02 1.527837066650390625e+02
6.400000000000000000e+02 2.830664672851562500e+02 5.335126953125000000e+02 3.064760437011718750e+02
2.522253112792968750e+02 4.678559303283691406e-01 2.513877105712890625e+02 4.768630599975585938e+01
4.981689453125000000e+02 1.330168762207031250e+02 5.984609985351562500e+02 1.469875183105468750e+02
2.472715377807617188e+00 5.477588653564453125e+00 1.708334350585937500e+02 6.888362407684326172e+00
3.295336914062500000e+02 1.669285297393798828e+00 3.226968994140625000e+02 1.602378234863281250e+02
2.681732177734375000e+02 8.419489860534667969e-01 2.636275024414062500e+02 1.819743347167968750e+02
5.748867797851562500e+02 1.516253509521484375e+02 5.596243896484375000e+02 2.257952270507812500e+02
3.282734985351562500e+02 8.461277770996093750e+01 6.048833007812500000e+02 1.041466674804687500e+02
4.565808410644531250e+02 1.188835067749023438e+02 4.493468017578125000e+02 1.705360260009765625e+02
2.138818054199218750e+02 1.592354278564453125e+02 0.000000000000000000e+00 1.738845520019531250e+02
2.124640197753906250e+02 3.484117984771728516e-01 2.120790100097656250e+02 4.812252807617187500e+01
2.979617919921875000e+02 8.047850799560546875e+01 2.958529968261718750e+02 1.485340728759765625e+02
4.892382202148437500e+02 1.210848999023437500e+02 4.827662658691406250e+02 1.761569824218750000e+02
4.530797119140625000e+02 1.506765441894531250e+02 4.832551269531250000e+02 1.531638946533203125e+02
3.258168945312500000e+02 1.407399902343750000e+02 4.416259765625000000e+02 1.455162658691406250e+02
6.340285034179687500e+02 1.160044670104980469e+00 5.792490234375000000e+02 2.344727172851562500e+02
2.768939819335937500e+02 7.969812011718750000e+01 2.761599426269531250e+02 1.475888671875000000e+02
3.302343444824218750e+02 3.222204208374023438e+01 6.124037475585937500e+02 3.624449157714843750e+01
1.172968139648437500e+02 8.136381530761718750e+01 9.734884643554687500e+01 1.687619781494140625e+02
3.222355957031250000e+02 1.608300781250000000e+02 4.429153137207031250e+02 1.680546417236328125e+02
5.652342224121093750e+01 4.662967834472656250e+02 4.654208755493164062e+01 4.800000000000000000e+02
6.390418090820312500e+02 2.680042114257812500e+02 5.132312011718750000e+02 2.957027893066406250e+02
4.473162536621093750e+02 1.149329376220703125e+02 4.412374572753906250e+02 1.819174499511718750e+02
4.929913940429687500e+02 1.803160095214843750e+02 5.642223510742187500e+02 1.926871337890625000e+02
4.970722961425781250e+02 1.578144073486328125e+02 5.665319213867187500e+02 1.672084960937500000e+02
2.513782958984375000e+02 8.843857574462890625e+01 2.238588256835937500e+02 8.914610290527343750e+01
5.645281982421875000e+02 1.437568969726562500e+02 5.609349365234375000e+02 1.659966735839843750e+02
2.634795837402343750e+02 6.192789459228515625e+01 3.283966369628906250e+02 6.283111953735351562e+01
4.552579345703125000e+02 1.275513534545898438e+02 4.872824707031250000e+02 1.300580444335937500e+02
2.134548034667968750e+02 8.393007659912109375e+01 2.133954467773437500e+02 1.539653472900390625e+02
2.232089996337890625e+02 9.555333852767944336e-01 2.223620300292968750e+02 4.757317352294921875e+01
1.815695190429687500e+02 8.539311218261718750e+01 1.811877441406250000e+02 1.562294311523437500e+02
2.759887390136718750e+02 1.476359710693359375e+02 2.660866088867187500e+02 1.482646789550781250e+02
6.476208496093750000e+01 8.899599456787109375e+01 7.313050842285156250e+01 1.843685150146484375e+02
3.255616760253906250e+02 6.768342971801757812e+00 6.188821411132812500e+02 9.943391799926757812e+00
3.202819519042968750e+02 1.596091003417968750e+02 3.137465820312500000e+02 1.651333618164062500e+02
6.179598388671875000e+02 7.141108703613281250e+01 6.400000000000000000e+02 7.315784454345703125e+01
2.515535736083984375e+02 1.826182861328125000e+02 2.642024536132812500e+02 1.832808227539062500e+02
6.068175048828125000e+02 1.494675598144531250e+02 6.378046875000000000e+02 1.552579956054687500e+02
2.124661560058593750e+02 1.038270111083984375e+02 1.528921127319335938e+00 1.101113891601562500e+02
3.308222045898437500e+02 6.302592468261718750e+01 6.060778808593750000e+02 7.549977111816406250e+01
5.090993957519531250e+02 7.466375827789306641e-03 5.073501281738281250e+02 9.388696670532226562e+00
4.568862915039062500e+02 2.464100718498229980e-01 4.562995910644531250e+02 7.964114189147949219e+00
3.242349243164062500e+02 1.186655197143554688e+02 4.436914672851562500e+02 1.223058547973632812e+02
5.129920043945312500e+02 2.971853637695312500e+02 5.327014770507812500e+02 3.067532958984375000e+02
2.873416748046875000e+02 1.020569915771484375e+02 2.861197204589843750e+02 1.436330108642578125e+02
2.120726318359375000e+02 8.293634796142578125e+01 2.621049880981445312e+00 8.671172332763671875e+01
5.900516967773437500e+02 1.536646881103515625e+02 5.741875000000000000e+02 2.379812622070312500e+02
3.156611328125000000e+02 1.497791290283203125e+02 3.055786437988281250e+02 1.518252258300781250e+02
4.648398132324218750e+02 2.749561767578125000e+02 5.086243896484375000e+02 2.966654357910156250e+02
2.493344268798828125e+02 6.072012710571289062e+01 2.578582763671875000e+00 6.380951690673828125e+01
6.173542480468750000e+02 8.286684417724609375e+01 6.400000000000000000e+02 8.475904083251953125e+01
4.429308776855468750e+02 1.811387023925781250e+02 4.529191894531250000e+02 1.816919097900390625e+02
2.542760314941406250e+02 6.012639999389648438e+01 2.512566986083984375e+02 1.830737457275390625e+02
4.527482910156250000e+02 1.170473632812500000e+02 4.921597595214843750e+02 1.198858489990234375e+02
2.540785064697265625e+02 1.839430332183837891e+00 2.512986602783203125e+02 1.820020294189453125e+02
4.838489379882812500e+02 2.288923339843750000e+02 4.824937438964843750e+02 2.535753479003906250e+02
1.972337951660156250e+02 8.688051605224609375e+01 1.974370727539062500e+02 1.414619598388671875e+02
3.275737304687500000e+02 6.545325756072998047e+00 6.374357299804687500e+02 1.073690319061279297e+01
3.953107833862304688e+01 3.923425903320312500e+02 4.462175369262695312e+01 4.514490051269531250e+02
3.108887634277343750e+02 1.629831695556640625e+02 3.103291015625000000e+02 1.843167266845703125e+02
2.480774536132812500e+02 1.173425445556640625e+02 2.268079223632812500e+02 1.181717529296875000e+02
4.987600402832031250e+02 1.219782562255859375e+02 5.981306152343750000e+02 1.362009429931640625e+02
4.926458358764648438e+01 4.532535400390625000e+02 2.541622352600097656e+01 4.800000000000000000e+02
2.174891052246093750e+02 8.330114746093750000e+01 2.162708892822265625e+02 1.694197998046875000e+02
