271 339 281 337
127 192 272 209
116 479 116 376
303 221 365 225
377 361 377 238
449 36 586 211
418 356 448 340
29 39 247 114
257 448 269 441
251 475 328 427
384 20 434 70
64 479 64 297
420 0 582 208
409 325 409 172
332 321 405 303
419 296 492 282
405 46 464 103
243 479 401 380
186 212 205 213
235 460 249 452
26 474 26 253
230 307 230 251
292 428 292 305
74 479 74 287
234 381 234 325
561 289 573 291
275 362 275 306
306 135 493 203
419 263 468 271
322 411 322 290
144 479 144 334
371 218 469 230
419 369 493 325
393 369 393 333
335 359 335 233
151 479 151 320
634 378 635 345
537 285 565 286
367 368 367 318
419 277 466 284
204 394 205 281
288 383 289 270
332 132 412 128
615 290 626 291
332 403 332 275
383 374 383 274
235 309 235 228
636 193 637 229
255 408 255 359
69 34 222 9
399 364 399 227
304 397 304 341
76 202 88 203
121 206 145 208
347 333 347 225
182 479 182 343
429 301 429 245
446 340 446 232
107 479 107 315
229 406 229 316
308 384 308 277
420 229 495 238
271 315 271 269
362 0 393 31
344 386 344 273
494 360 494 328
427 174 442 174
120 25 280 0
386 309 386 268
528 163 550 184
375 333 375 226
124 58 322 31
476 214 585 212
152 343 152 223
603 258 613 259
234 460 268 441
344 142 474 135
365 333 366 226
293 428 408 361
482 310 482 267
116 331 116 275
145 347 145 249
65 298 65 201
420 235 495 242
638 250 638 228
251 406 251 297
358 308 358 225
394 324 394 227
355 390 355 282
177 290 177 262
318 412 318 377
210 409 210 284
75 297 75 204
371 398 405 377
272 271 272 239
323 308 323 223
544 267 544 240
29 181 120 191
176 479 176 352
368 317 368 226
256 365 256 278
444 331 444 227
385 310 385 354
307 385 307 418
630 398 637 471
603 244 615 256
183 342 183 244
420 244 420 230
419 335 419 245
108 317 108 230
305 322 305 222
401 295 401 265
252 301 252 217
466 103 515 153
270 438 270 350
524 284 524 237
436 167 502 166
405 302 406 319
309 276 309 222
356 0 415 57
293 315 293 222
406 284 406 235
523 320 524 285
507 296 507 249
468 307 468 230
27 258 27 198
550 214 568 221
203 448 204 416
426 284 426 298
439 318 440 231
458 92 485 119
437 71 457 91
455 308 455 234
319 380 319 290
357 318 357 372
391 370 391 285
309 0 340 25
423 353 423 272
453 308 453 232
464 230 482 232
346 396 346 334
276 290 276 219
425 301 425 352
211 287 211 216
620 298 625 350
443 173 472 173
519 391 521 358
228 463 228 401
543 318 543 262
250 116 292 130
434 347 434 261
428 318 428 346
209 405 209 461
634 329 637 293
431 333 431 256
478 276 479 306
605 244 615 248
320 289 320 223
442 266 442 231
384 273 384 227
310 213 320 213
495 317 495 267
475 231 476 313
220 215 230 215
234 410 234 382
374 380 374 334
424 236 424 250
331 215 351 216
449 278 449 228
402 233 402 261
39 199 49 199
398 174 398 218
485 282 485 232
432 71 448 87
509 198 555 198
461 285 461 233
415 156 427 156
459 305 459 229
257 279 257 218
206 243 206 226
441 343 441 293
491 264 491 233
392 290 392 228
523 333 523 346
271 327 271 354
398 365 408 359
274 429 275 373
356 281 356 226
496 157 514 157
637 290 637 276
333 274 333 224
178 261 178 212
602 173 613 174
71 39 121 58
488 282 488 232
401 365 401 336
186 355 186 368
477 214 479 277
451 292 451 228
405 316 405 356
470 187 540 186
448 155 467 157
619 371 619 350
532 379 533 392
345 276 345 224
580 223 600 223
615 356 616 366
116 249 116 274
509 146 526 163
504 171 519 171
153 209 177 211
210 473 227 463
513 202 551 202
472 158 498 158
250 449 250 401
117 206 117 238
289 269 289 227
428 296 429 315
530 285 534 307
542 319 542 345
448 341 448 291
463 289 463 235
483 191 526 191
266 39 341 29
613 340 614 327
146 252 146 209
471 329 471 289
527 190 542 190
473 286 474 327
436 338 436 294
412 47 425 60
530 380 558 381
457 286 457 229
402 303 402 289
626 355 626 370
237 351 239 324
408 369 408 326
455 93 498 135
439 319 439 344
625 416 627 398
231 217 244 216
543 179 568 203
634 344 635 328
115 375 116 335
637 259 637 275
258 218 271 218
184 216 184 243
426 269 426 229
487 363 487 378
465 234 466 288
95 204 106 204
618 320 618 299
473 172 503 172
418 355 436 345
255 447 255 420
458 157 471 159
430 126 449 126
437 269 437 232
495 250 495 233
448 152 458 152
610 327 612 308
334 403 334 360
327 136 341 141
507 220 539 220
413 153 447 153
528 304 533 285
623 397 628 423
507 231 508 247
233 459 233 419
626 194 632 164
481 375 491 375
177 301 177 357
633 424 633 390
544 384 565 386
519 222 519 236
386 262 386 226
623 288 623 300
628 402 629 416
472 328 492 316
288 384 288 425
327 214 339 215
276 437 286 431
230 228 230 246
271 319 282 317
541 238 541 222
261 345 263 319
563 376 573 376
119 385 130 382
619 322 619 305
481 252 481 266
422 299 443 294
624 424 627 443
493 279 493 256
616 306 616 320
380 161 435 181
206 225 206 214
472 258 472 236
27 366 41 363
30 404 43 401
308 0 329 17
626 423 628 437
548 384 555 367
547 181 562 198
