5.202500000000000000e+02 2.500000000000000000e-01 5.202500000000000000e+02 1.850000000000000000e+01
6.382500000000000000e+02 1.175000000000000000e+01 6.072500000000000000e+02 1.325000000000000000e+01
6.077500000000000000e+02 1.325000000000000000e+01 6.082500000000000000e+02 5.675000000000000000e+01
6.087500000000000000e+02 1.325000000000000000e+01 5.617500000000000000e+02 1.575000000000000000e+01
5.617500000000000000e+02 1.575000000000000000e+01 5.202500000000000000e+02 1.825000000000000000e+01
5.202500000000000000e+02 1.725000000000000000e+01 5.197500000000000000e+02 3.275000000000000000e+01
5.202500000000000000e+02 3.125000000000000000e+01 5.197500000000000000e+02 5.950000000000000000e+01
5.197500000000000000e+02 3.250000000000000000e+01 4.662500000000000000e+02 3.675000000000000000e+01
4.662500000000000000e+02 3.675000000000000000e+01 4.357500000000000000e+02 3.875000000000000000e+01
4.672500000000000000e+02 3.725000000000000000e+01 4.802500000000000000e+02 8.725000000000000000e+01
4.342500000000000000e+02 3.875000000000000000e+01 4.232500000000000000e+02 4.075000000000000000e+01
4.235000000000000000e+02 4.025000000000000000e+01 3.827500000000000000e+02 4.375000000000000000e+01
3.827500000000000000e+02 4.450000000000000000e+01 3.177500000000000000e+02 4.850000000000000000e+01
3.822500000000000000e+02 4.475000000000000000e+01 4.135000000000000000e+02 8.925000000000000000e+01
3.185000000000000000e+02 4.875000000000000000e+01 3.607500000000000000e+02 9.350000000000000000e+01
3.072500000000000000e+02 4.925000000000000000e+01 3.172500000000000000e+02 4.925000000000000000e+01
3.077500000000000000e+02 4.975000000000000000e+01 2.397500000000000000e+02 5.450000000000000000e+01
4.350000000000000000e+02 5.000000000000000000e+01 4.242500000000000000e+02 5.025000000000000000e+01
2.382500000000000000e+02 5.425000000000000000e+01 3.075000000000000000e+02 1.002500000000000000e+02
2.397500000000000000e+02 5.475000000000000000e+01 1.727500000000000000e+02 5.950000000000000000e+01
6.382500000000000000e+02 5.475000000000000000e+01 6.072500000000000000e+02 5.625000000000000000e+01
6.077500000000000000e+02 5.550000000000000000e+01 6.087500000000000000e+02 9.975000000000000000e+01
6.085000000000000000e+02 5.575000000000000000e+01 5.602500000000000000e+02 5.925000000000000000e+01
5.197500000000000000e+02 5.925000000000000000e+01 5.197500000000000000e+02 8.575000000000000000e+01
1.725000000000000000e+02 5.975000000000000000e+01 1.122500000000000000e+02 6.475000000000000000e+01
1.127500000000000000e+02 6.525000000000000000e+01 5.125000000000000000e+01 7.125000000000000000e+01
5.125000000000000000e+01 7.175000000000000000e+01 1.382500000000000000e+02 1.042500000000000000e+02
5.275000000000000000e+01 7.175000000000000000e+01 1.725000000000000000e+01 7.875000000000000000e+01
7.500000000000000000e-01 7.525000000000000000e+01 1.875000000000000000e+01 7.850000000000000000e+01
1.725000000000000000e+01 7.850000000000000000e+01 9.175000000000000000e+01 1.035000000000000000e+02
5.197500000000000000e+02 8.425000000000000000e+01 5.202500000000000000e+02 1.037500000000000000e+02
5.207500000000000000e+02 8.475000000000000000e+01 4.792500000000000000e+02 8.725000000000000000e+01
4.807500000000000000e+02 8.675000000000000000e+01 4.285000000000000000e+02 8.950000000000000000e+01
4.282500000000000000e+02 8.925000000000000000e+01 4.132500000000000000e+02 9.025000000000000000e+01
4.287500000000000000e+02 8.925000000000000000e+01 4.287500000000000000e+02 1.207500000000000000e+02
4.147500000000000000e+02 9.050000000000000000e+01 3.602500000000000000e+02 9.475000000000000000e+01
3.602500000000000000e+02 9.375000000000000000e+01 3.867500000000000000e+02 1.202500000000000000e+02
3.617500000000000000e+02 9.475000000000000000e+01 3.077500000000000000e+02 9.975000000000000000e+01
6.092500000000000000e+02 9.825000000000000000e+01 6.087500000000000000e+02 1.427500000000000000e+02
6.097500000000000000e+02 9.875000000000000000e+01 5.627500000000000000e+02 9.975000000000000000e+01
3.062500000000000000e+02 9.925000000000000000e+01 3.497500000000000000e+02 1.297500000000000000e+02
3.077500000000000000e+02 9.925000000000000000e+01 2.547500000000000000e+02 1.022500000000000000e+02
5.202500000000000000e+02 1.022500000000000000e+02 5.192500000000000000e+02 1.447500000000000000e+02
1.212500000000000000e+02 1.032500000000000000e+02 1.212500000000000000e+02 1.142500000000000000e+02
9.125000000000000000e+01 1.037500000000000000e+02 1.212500000000000000e+02 1.157500000000000000e+02
1.212500000000000000e+02 1.037500000000000000e+02 1.467500000000000000e+02 1.102500000000000000e+02
1.217500000000000000e+02 1.037500000000000000e+02 9.125000000000000000e+01 1.042500000000000000e+02
1.372500000000000000e+02 1.042500000000000000e+02 1.462500000000000000e+02 1.105000000000000000e+02
9.125000000000000000e+01 1.047500000000000000e+02 5.425000000000000000e+01 1.067500000000000000e+02
1.212500000000000000e+02 1.047500000000000000e+02 1.387500000000000000e+02 1.057500000000000000e+02
5.575000000000000000e+01 1.067500000000000000e+02 7.500000000000000000e-01 1.097500000000000000e+02
1.475000000000000000e+02 1.102500000000000000e+02 1.442500000000000000e+02 1.237500000000000000e+02
1.465000000000000000e+02 1.107500000000000000e+02 1.717500000000000000e+02 1.202500000000000000e+02
1.212500000000000000e+02 1.142500000000000000e+02 1.202500000000000000e+02 2.412500000000000000e+02
1.215000000000000000e+02 1.152500000000000000e+02 1.445000000000000000e+02 1.232500000000000000e+02
4.282500000000000000e+02 1.192500000000000000e+02 4.282500000000000000e+02 1.297500000000000000e+02
4.292500000000000000e+02 1.197500000000000000e+02 4.017500000000000000e+02 1.207500000000000000e+02
1.702500000000000000e+02 1.202500000000000000e+02 1.937500000000000000e+02 1.277500000000000000e+02
1.707500000000000000e+02 1.202500000000000000e+02 1.722500000000000000e+02 1.342500000000000000e+02
3.867500000000000000e+02 1.207500000000000000e+02 4.012500000000000000e+02 1.307500000000000000e+02
1.432500000000000000e+02 1.227500000000000000e+02 1.737500000000000000e+02 1.337500000000000000e+02
1.932500000000000000e+02 1.272500000000000000e+02 1.927500000000000000e+02 1.392500000000000000e+02
1.922500000000000000e+02 1.277500000000000000e+02 2.137500000000000000e+02 1.347500000000000000e+02
4.287500000000000000e+02 1.282500000000000000e+02 4.022500000000000000e+02 1.292500000000000000e+02
4.282500000000000000e+02 1.297500000000000000e+02 4.272500000000000000e+02 1.477500000000000000e+02
1.725000000000000000e+02 1.332500000000000000e+02 1.925000000000000000e+02 1.402500000000000000e+02
1.732500000000000000e+02 1.347500000000000000e+02 1.712500000000000000e+02 2.727500000000000000e+02
2.135000000000000000e+02 1.352500000000000000e+02 2.122500000000000000e+02 1.467500000000000000e+02
2.132500000000000000e+02 1.355000000000000000e+02 2.297500000000000000e+02 1.435000000000000000e+02
1.922500000000000000e+02 1.392500000000000000e+02 1.917500000000000000e+02 2.447500000000000000e+02
1.912500000000000000e+02 1.397500000000000000e+02 2.125000000000000000e+02 1.467500000000000000e+02
6.087500000000000000e+02 1.417500000000000000e+02 5.612500000000000000e+02 1.432500000000000000e+02
6.382500000000000000e+02 1.420000000000000000e+02 6.082500000000000000e+02 1.422500000000000000e+02
2.282500000000000000e+02 1.432500000000000000e+02 2.282500000000000000e+02 1.527500000000000000e+02
2.282500000000000000e+02 1.435000000000000000e+02 2.445000000000000000e+02 1.485000000000000000e+02
5.617500000000000000e+02 1.437500000000000000e+02 5.192500000000000000e+02 1.442500000000000000e+02
2.282500000000000000e+02 1.447500000000000000e+02 2.435000000000000000e+02 1.577500000000000000e+02
2.282500000000000000e+02 1.447500000000000000e+02 2.572500000000000000e+02 1.627500000000000000e+02
5.192500000000000000e+02 1.447500000000000000e+02 5.172500000000000000e+02 1.927500000000000000e+02
4.272500000000000000e+02 1.462500000000000000e+02 4.272500000000000000e+02 1.552500000000000000e+02
2.112500000000000000e+02 1.465000000000000000e+02 2.297500000000000000e+02 1.527500000000000000e+02
2.117500000000000000e+02 1.467500000000000000e+02 2.107500000000000000e+02 2.457500000000000000e+02
2.112500000000000000e+02 1.477500000000000000e+02 2.447500000000000000e+02 1.487500000000000000e+02
2.432500000000000000e+02 1.482500000000000000e+02 2.442500000000000000e+02 1.577500000000000000e+02
2.447500000000000000e+02 1.482500000000000000e+02 2.282500000000000000e+02 1.537500000000000000e+02
2.432500000000000000e+02 1.485000000000000000e+02 2.592500000000000000e+02 1.517500000000000000e+02
2.432500000000000000e+02 1.487500000000000000e+02 2.572500000000000000e+02 1.627500000000000000e+02
2.592500000000000000e+02 1.512500000000000000e+02 2.432500000000000000e+02 1.562500000000000000e+02
2.582500000000000000e+02 1.517500000000000000e+02 2.722500000000000000e+02 1.582500000000000000e+02
2.582500000000000000e+02 1.517500000000000000e+02 2.582500000000000000e+02 1.627500000000000000e+02
2.592500000000000000e+02 1.517500000000000000e+02 2.282500000000000000e+02 1.532500000000000000e+02
2.282500000000000000e+02 1.522500000000000000e+02 2.447500000000000000e+02 1.567500000000000000e+02
2.287500000000000000e+02 1.522500000000000000e+02 2.272500000000000000e+02 2.477500000000000000e+02
3.992500000000000000e+02 1.532500000000000000e+02 3.987500000000000000e+02 1.907500000000000000e+02
3.982500000000000000e+02 1.535000000000000000e+02 4.277500000000000000e+02 1.555000000000000000e+02
3.997500000000000000e+02 1.535000000000000000e+02 3.502500000000000000e+02 1.565000000000000000e+02
4.277500000000000000e+02 1.552500000000000000e+02 4.267500000000000000e+02 1.897500000000000000e+02
2.442500000000000000e+02 1.562500000000000000e+02 2.422500000000000000e+02 2.477500000000000000e+02
3.507500000000000000e+02 1.562500000000000000e+02 3.512500000000000000e+02 1.677500000000000000e+02
2.432500000000000000e+02 1.565000000000000000e+02 2.587500000000000000e+02 1.625000000000000000e+02
2.712500000000000000e+02 1.572500000000000000e+02 2.707500000000000000e+02 1.677500000000000000e+02
2.727500000000000000e+02 1.577500000000000000e+02 2.812500000000000000e+02 1.605000000000000000e+02
2.802500000000000000e+02 1.592500000000000000e+02 3.417500000000000000e+02 1.862500000000000000e+02
2.805000000000000000e+02 1.592500000000000000e+02 2.825000000000000000e+02 1.717500000000000000e+02
2.817500000000000000e+02 1.592500000000000000e+02 2.697500000000000000e+02 1.677500000000000000e+02
2.582500000000000000e+02 1.612500000000000000e+02 2.557500000000000000e+02 2.497500000000000000e+02
2.572500000000000000e+02 1.617500000000000000e+02 2.707500000000000000e+02 1.672500000000000000e+02
2.692500000000000000e+02 1.665000000000000000e+02 2.827500000000000000e+02 1.707500000000000000e+02
3.507500000000000000e+02 1.672500000000000000e+02 3.532500000000000000e+02 1.897500000000000000e+02
2.702500000000000000e+02 1.677500000000000000e+02 2.687500000000000000e+02 2.507500000000000000e+02
2.812500000000000000e+02 1.702500000000000000e+02 2.807500000000000000e+02 2.515000000000000000e+02
2.812500000000000000e+02 1.705000000000000000e+02 2.922500000000000000e+02 1.737500000000000000e+02
2.922500000000000000e+02 1.732500000000000000e+02 2.907500000000000000e+02 2.527500000000000000e+02
2.912500000000000000e+02 1.735000000000000000e+02 3.027500000000000000e+02 1.775000000000000000e+02
3.027500000000000000e+02 1.775000000000000000e+02 3.117500000000000000e+02 1.802500000000000000e+02
3.112500000000000000e+02 1.802500000000000000e+02 3.272500000000000000e+02 1.847500000000000000e+02
3.277500000000000000e+02 1.842500000000000000e+02 3.417500000000000000e+02 1.862500000000000000e+02
3.417500000000000000e+02 1.862500000000000000e+02 3.547500000000000000e+02 1.882500000000000000e+02
6.092500000000000000e+02 1.862500000000000000e+02 6.057500000000000000e+02 2.092500000000000000e+02
6.385000000000000000e+02 1.870000000000000000e+02 6.082500000000000000e+02 1.872500000000000000e+02
3.537500000000000000e+02 1.882500000000000000e+02 3.527500000000000000e+02 2.482500000000000000e+02
3.547500000000000000e+02 1.882500000000000000e+02 3.767500000000000000e+02 1.892500000000000000e+02
4.262500000000000000e+02 1.882500000000000000e+02 4.177500000000000000e+02 1.897500000000000000e+02
4.267500000000000000e+02 1.882500000000000000e+02 4.272500000000000000e+02 2.652500000000000000e+02
4.277500000000000000e+02 1.882500000000000000e+02 4.232500000000000000e+02 2.517500000000000000e+02
5.425000000000000000e+01 1.892500000000000000e+02 5.125000000000000000e+01 4.077500000000000000e+02
3.752500000000000000e+02 1.892500000000000000e+02 3.997500000000000000e+02 1.892500000000000000e+02
3.982500000000000000e+02 1.892500000000000000e+02 4.187500000000000000e+02 1.892500000000000000e+02
3.992500000000000000e+02 1.892500000000000000e+02 3.987500000000000000e+02 2.497500000000000000e+02
4.177500000000000000e+02 1.892500000000000000e+02 4.247500000000000000e+02 3.232500000000000000e+02
4.187500000000000000e+02 1.895000000000000000e+02 4.177500000000000000e+02 2.657500000000000000e+02
3.767500000000000000e+02 1.905000000000000000e+02 3.757500000000000000e+02 2.497500000000000000e+02
5.177500000000000000e+02 1.912500000000000000e+02 5.177500000000000000e+02 2.097500000000000000e+02
5.607500000000000000e+02 1.915000000000000000e+02 5.607500000000000000e+02 2.092500000000000000e+02
5.172500000000000000e+02 1.917500000000000000e+02 5.277500000000000000e+02 1.927500000000000000e+02
5.607500000000000000e+02 1.917500000000000000e+02 5.262500000000000000e+02 1.922500000000000000e+02
5.172500000000000000e+02 2.092500000000000000e+02 5.252500000000000000e+02 2.092500000000000000e+02
5.172500000000000000e+02 2.092500000000000000e+02 5.162500000000000000e+02 2.712500000000000000e+02
5.252500000000000000e+02 2.092500000000000000e+02 5.607500000000000000e+02 2.097500000000000000e+02
6.060000000000000000e+02 2.110000000000000000e+02 6.057500000000000000e+02 2.307500000000000000e+02
1.202500000000000000e+02 2.402500000000000000e+02 1.197500000000000000e+02 2.742500000000000000e+02
1.202500000000000000e+02 2.407500000000000000e+02 1.317500000000000000e+02 2.412500000000000000e+02
1.482500000000000000e+02 2.412500000000000000e+02 1.477500000000000000e+02 2.747500000000000000e+02
1.302500000000000000e+02 2.415000000000000000e+02 1.407500000000000000e+02 2.422500000000000000e+02
1.487500000000000000e+02 2.417500000000000000e+02 1.407500000000000000e+02 2.422500000000000000e+02
1.482500000000000000e+02 2.422500000000000000e+02 1.652500000000000000e+02 2.432500000000000000e+02
1.662500000000000000e+02 2.432500000000000000e+02 1.807500000000000000e+02 2.442500000000000000e+02
1.792500000000000000e+02 2.442500000000000000e+02 1.927500000000000000e+02 2.442500000000000000e+02
1.927500000000000000e+02 2.442500000000000000e+02 1.887500000000000000e+02 2.737500000000000000e+02
2.102500000000000000e+02 2.442500000000000000e+02 2.102500000000000000e+02 2.727500000000000000e+02
1.912500000000000000e+02 2.447500000000000000e+02 2.012500000000000000e+02 2.452500000000000000e+02
2.002500000000000000e+02 2.452500000000000000e+02 2.107500000000000000e+02 2.452500000000000000e+02
1.917500000000000000e+02 2.455000000000000000e+02 1.897500000000000000e+02 3.757500000000000000e+02
2.092500000000000000e+02 2.455000000000000000e+02 2.277500000000000000e+02 2.475000000000000000e+02
2.272500000000000000e+02 2.462500000000000000e+02 2.252500000000000000e+02 3.622500000000000000e+02
2.262500000000000000e+02 2.477500000000000000e+02 2.427500000000000000e+02 2.477500000000000000e+02
2.412500000000000000e+02 2.477500000000000000e+02 2.567500000000000000e+02 2.487500000000000000e+02
2.425000000000000000e+02 2.477500000000000000e+02 2.405000000000000000e+02 3.577500000000000000e+02
2.557500000000000000e+02 2.482500000000000000e+02 2.545000000000000000e+02 3.522500000000000000e+02
3.522500000000000000e+02 2.482500000000000000e+02 3.522500000000000000e+02 2.642500000000000000e+02
3.762500000000000000e+02 2.482500000000000000e+02 3.757500000000000000e+02 2.637500000000000000e+02
3.987500000000000000e+02 2.482500000000000000e+02 3.987500000000000000e+02 2.657500000000000000e+02
3.767500000000000000e+02 2.485000000000000000e+02 3.612500000000000000e+02 2.497500000000000000e+02
2.552500000000000000e+02 2.487500000000000000e+02 2.697500000000000000e+02 2.497500000000000000e+02
3.537500000000000000e+02 2.487500000000000000e+02 3.367500000000000000e+02 2.532500000000000000e+02
2.687500000000000000e+02 2.492500000000000000e+02 2.667500000000000000e+02 3.487500000000000000e+02
3.522500000000000000e+02 2.492500000000000000e+02 3.627500000000000000e+02 2.497500000000000000e+02
3.755000000000000000e+02 2.492500000000000000e+02 3.997500000000000000e+02 2.492500000000000000e+02
3.982500000000000000e+02 2.497500000000000000e+02 4.087500000000000000e+02 2.502500000000000000e+02
4.072500000000000000e+02 2.497500000000000000e+02 4.247500000000000000e+02 2.507500000000000000e+02
2.682500000000000000e+02 2.502500000000000000e+02 2.817500000000000000e+02 2.502500000000000000e+02
2.802500000000000000e+02 2.502500000000000000e+02 2.787500000000000000e+02 3.447500000000000000e+02
4.237500000000000000e+02 2.502500000000000000e+02 4.237500000000000000e+02 3.237500000000000000e+02
2.802500000000000000e+02 2.507500000000000000e+02 2.917500000000000000e+02 2.517500000000000000e+02
2.907500000000000000e+02 2.512500000000000000e+02 2.897500000000000000e+02 3.402500000000000000e+02
2.902500000000000000e+02 2.517500000000000000e+02 3.017500000000000000e+02 2.522500000000000000e+02
4.232500000000000000e+02 2.517500000000000000e+02 4.272500000000000000e+02 2.657500000000000000e+02
4.247500000000000000e+02 2.517500000000000000e+02 4.187500000000000000e+02 2.657500000000000000e+02
3.002500000000000000e+02 2.522500000000000000e+02 3.097500000000000000e+02 2.522500000000000000e+02
3.182500000000000000e+02 2.522500000000000000e+02 3.352500000000000000e+02 2.532500000000000000e+02
3.092500000000000000e+02 2.527500000000000000e+02 3.192500000000000000e+02 2.532500000000000000e+02
3.512500000000000000e+02 2.632500000000000000e+02 3.627500000000000000e+02 2.632500000000000000e+02
3.522500000000000000e+02 2.632500000000000000e+02 3.507500000000000000e+02 3.217500000000000000e+02
3.757500000000000000e+02 2.632500000000000000e+02 3.732500000000000000e+02 3.205000000000000000e+02
3.612500000000000000e+02 2.637500000000000000e+02 3.767500000000000000e+02 2.642500000000000000e+02
3.752500000000000000e+02 2.637500000000000000e+02 3.852500000000000000e+02 2.642500000000000000e+02
3.982500000000000000e+02 2.642500000000000000e+02 3.957500000000000000e+02 3.227500000000000000e+02
4.172500000000000000e+02 2.642500000000000000e+02 4.247500000000000000e+02 3.237500000000000000e+02
4.272500000000000000e+02 2.642500000000000000e+02 4.232500000000000000e+02 3.237500000000000000e+02
3.842500000000000000e+02 2.647500000000000000e+02 3.987500000000000000e+02 2.647500000000000000e+02
3.982500000000000000e+02 2.647500000000000000e+02 4.087500000000000000e+02 2.652500000000000000e+02
4.075000000000000000e+02 2.647500000000000000e+02 4.185000000000000000e+02 2.652500000000000000e+02
4.172500000000000000e+02 2.647500000000000000e+02 4.272500000000000000e+02 2.647500000000000000e+02
5.162500000000000000e+02 2.712500000000000000e+02 5.152500000000000000e+02 3.137500000000000000e+02
2.105000000000000000e+02 2.715000000000000000e+02 2.077500000000000000e+02 3.687500000000000000e+02
2.117500000000000000e+02 2.717500000000000000e+02 1.872500000000000000e+02 2.722500000000000000e+02
5.157500000000000000e+02 2.717500000000000000e+02 5.617500000000000000e+02 2.732500000000000000e+02
1.890000000000000000e+02 2.720000000000000000e+02 1.897500000000000000e+02 3.757500000000000000e+02
1.722500000000000000e+02 2.722500000000000000e+02 1.677500000000000000e+02 3.837500000000000000e+02
1.887500000000000000e+02 2.727500000000000000e+02 1.712500000000000000e+02 2.732500000000000000e+02
5.615000000000000000e+02 2.727500000000000000e+02 6.067500000000000000e+02 2.752500000000000000e+02
1.722500000000000000e+02 2.732500000000000000e+02 1.577500000000000000e+02 2.742500000000000000e+02
1.472500000000000000e+02 2.737500000000000000e+02 1.562500000000000000e+02 2.742500000000000000e+02
1.202500000000000000e+02 2.742500000000000000e+02 1.172500000000000000e+02 3.992500000000000000e+02
1.292500000000000000e+02 2.747500000000000000e+02 1.487500000000000000e+02 2.747500000000000000e+02
1.307500000000000000e+02 2.747500000000000000e+02 1.197500000000000000e+02 2.752500000000000000e+02
6.062500000000000000e+02 2.752500000000000000e+02 6.062500000000000000e+02 3.175000000000000000e+02
5.152500000000000000e+02 3.137500000000000000e+02 5.147500000000000000e+02 3.552500000000000000e+02
3.737500000000000000e+02 3.197500000000000000e+02 3.727500000000000000e+02 3.352500000000000000e+02
3.507500000000000000e+02 3.202500000000000000e+02 3.507500000000000000e+02 3.347500000000000000e+02
3.722500000000000000e+02 3.207500000000000000e+02 3.952500000000000000e+02 3.222500000000000000e+02
3.737500000000000000e+02 3.207500000000000000e+02 3.502500000000000000e+02 3.217500000000000000e+02
3.962500000000000000e+02 3.212500000000000000e+02 3.957500000000000000e+02 3.362500000000000000e+02
3.517500000000000000e+02 3.217500000000000000e+02 3.362500000000000000e+02 3.257500000000000000e+02
3.952500000000000000e+02 3.222500000000000000e+02 4.142500000000000000e+02 3.227500000000000000e+02
4.242500000000000000e+02 3.222500000000000000e+02 4.232500000000000000e+02 3.387500000000000000e+02
4.157500000000000000e+02 3.227500000000000000e+02 4.247500000000000000e+02 3.232500000000000000e+02
3.377500000000000000e+02 3.242500000000000000e+02 3.247500000000000000e+02 3.287500000000000000e+02
3.242500000000000000e+02 3.277500000000000000e+02 3.232500000000000000e+02 3.432500000000000000e+02
3.247500000000000000e+02 3.282500000000000000e+02 3.082500000000000000e+02 3.337500000000000000e+02
3.232500000000000000e+02 3.287500000000000000e+02 3.507500000000000000e+02 3.345000000000000000e+02
3.507500000000000000e+02 3.332500000000000000e+02 3.507500000000000000e+02 3.487500000000000000e+02
3.087500000000000000e+02 3.337500000000000000e+02 2.987500000000000000e+02 3.367500000000000000e+02
3.495000000000000000e+02 3.337500000000000000e+02 3.737500000000000000e+02 3.342500000000000000e+02
3.502500000000000000e+02 3.337500000000000000e+02 3.967500000000000000e+02 3.357500000000000000e+02
3.732500000000000000e+02 3.342500000000000000e+02 3.727500000000000000e+02 3.507500000000000000e+02
3.732500000000000000e+02 3.347500000000000000e+02 3.967500000000000000e+02 3.357500000000000000e+02
3.962500000000000000e+02 3.352500000000000000e+02 3.947500000000000000e+02 3.522500000000000000e+02
3.952500000000000000e+02 3.355000000000000000e+02 4.237500000000000000e+02 3.375000000000000000e+02
2.997500000000000000e+02 3.365000000000000000e+02 2.887500000000000000e+02 3.407500000000000000e+02
4.237500000000000000e+02 3.372500000000000000e+02 4.237500000000000000e+02 3.532500000000000000e+02
2.897500000000000000e+02 3.407500000000000000e+02 2.782500000000000000e+02 3.442500000000000000e+02
3.232500000000000000e+02 3.432500000000000000e+02 3.242500000000000000e+02 3.592500000000000000e+02
3.222500000000000000e+02 3.435000000000000000e+02 2.415000000000000000e+02 3.762500000000000000e+02
2.797500000000000000e+02 3.437500000000000000e+02 2.665000000000000000e+02 3.487500000000000000e+02
3.507500000000000000e+02 3.472500000000000000e+02 3.497500000000000000e+02 4.077500000000000000e+02
3.502500000000000000e+02 3.475000000000000000e+02 3.737500000000000000e+02 3.502500000000000000e+02
2.677500000000000000e+02 3.485000000000000000e+02 2.532500000000000000e+02 3.532500000000000000e+02
3.722500000000000000e+02 3.502500000000000000e+02 3.947500000000000000e+02 3.522500000000000000e+02
3.937500000000000000e+02 3.512500000000000000e+02 3.942500000000000000e+02 4.562500000000000000e+02
3.947500000000000000e+02 3.522500000000000000e+02 4.222500000000000000e+02 3.542500000000000000e+02
2.547500000000000000e+02 3.527500000000000000e+02 2.402500000000000000e+02 3.577500000000000000e+02
4.232500000000000000e+02 3.547500000000000000e+02 4.232500000000000000e+02 4.377500000000000000e+02
5.137500000000000000e+02 3.555000000000000000e+02 5.117500000000000000e+02 4.392500000000000000e+02
5.145000000000000000e+02 3.562500000000000000e+02 6.047500000000000000e+02 3.612500000000000000e+02
5.137500000000000000e+02 3.567500000000000000e+02 5.127500000000000000e+02 3.972500000000000000e+02
2.407500000000000000e+02 3.572500000000000000e+02 2.242500000000000000e+02 3.637500000000000000e+02
6.032500000000000000e+02 3.607500000000000000e+02 6.162500000000000000e+02 3.612500000000000000e+02
2.257500000000000000e+02 3.632500000000000000e+02 2.072500000000000000e+02 3.692500000000000000e+02
2.087500000000000000e+02 3.687500000000000000e+02 1.882500000000000000e+02 3.757500000000000000e+02
1.892500000000000000e+02 3.755000000000000000e+02 1.662500000000000000e+02 3.832500000000000000e+02
2.415000000000000000e+02 3.767500000000000000e+02 2.242500000000000000e+02 3.845000000000000000e+02
1.667500000000000000e+02 3.832500000000000000e+02 1.445000000000000000e+02 3.907500000000000000e+02
2.255000000000000000e+02 3.837500000000000000e+02 2.065000000000000000e+02 3.917500000000000000e+02
1.437500000000000000e+02 3.912500000000000000e+02 1.167500000000000000e+02 4.002500000000000000e+02
2.072500000000000000e+02 3.912500000000000000e+02 1.872500000000000000e+02 4.002500000000000000e+02
2.547500000000000000e+02 3.942500000000000000e+02 2.402500000000000000e+02 4.012500000000000000e+02
5.122500000000000000e+02 3.987500000000000000e+02 5.117500000000000000e+02 4.407500000000000000e+02
1.162500000000000000e+02 3.992500000000000000e+02 1.162500000000000000e+02 4.152500000000000000e+02
1.887500000000000000e+02 3.997500000000000000e+02 1.672500000000000000e+02 4.082500000000000000e+02
5.417500000000000000e+02 4.007500000000000000e+02 5.567500000000000000e+02 4.012500000000000000e+02
6.147500000000000000e+02 4.067500000000000000e+02 6.292500000000000000e+02 4.082500000000000000e+02
6.157500000000000000e+02 4.067500000000000000e+02 6.157500000000000000e+02 4.297500000000000000e+02
5.125000000000000000e+01 4.072500000000000000e+02 5.125000000000000000e+01 4.222500000000000000e+02
3.497500000000000000e+02 4.072500000000000000e+02 3.497500000000000000e+02 4.692500000000000000e+02
6.287500000000000000e+02 4.077500000000000000e+02 6.292500000000000000e+02 4.302500000000000000e+02
1.675000000000000000e+02 4.085000000000000000e+02 1.425000000000000000e+02 4.192500000000000000e+02
2.252500000000000000e+02 4.095000000000000000e+02 2.237500000000000000e+02 4.787500000000000000e+02
2.082500000000000000e+02 4.162500000000000000e+02 2.072500000000000000e+02 4.787500000000000000e+02
7.500000000000000000e-01 4.177500000000000000e+02 5.175000000000000000e+01 4.232500000000000000e+02
1.435000000000000000e+02 4.197500000000000000e+02 1.125000000000000000e+02 4.322500000000000000e+02
5.125000000000000000e+01 4.232500000000000000e+02 1.122500000000000000e+02 4.322500000000000000e+02
6.152500000000000000e+02 4.297500000000000000e+02 6.287500000000000000e+02 4.307500000000000000e+02
4.237500000000000000e+02 4.362500000000000000e+02 4.247500000000000000e+02 4.587500000000000000e+02
5.117500000000000000e+02 4.402500000000000000e+02 5.107500000000000000e+02 4.597500000000000000e+02
4.237500000000000000e+02 4.572500000000000000e+02 4.207500000000000000e+02 4.785000000000000000e+02
3.947500000000000000e+02 4.577500000000000000e+02 3.937500000000000000e+02 4.727500000000000000e+02
4.147500000000000000e+02 4.577500000000000000e+02 4.247500000000000000e+02 4.587500000000000000e+02
5.102500000000000000e+02 4.582500000000000000e+02 5.102500000000000000e+02 4.672500000000000000e+02
5.107500000000000000e+02 4.592500000000000000e+02 6.132500000000000000e+02 4.695000000000000000e+02
5.102500000000000000e+02 4.675000000000000000e+02 5.092500000000000000e+02 4.785000000000000000e+02
6.147500000000000000e+02 4.697500000000000000e+02 6.247500000000000000e+02 4.702500000000000000e+02
3.727500000000000000e+02 4.702500000000000000e+02 3.947500000000000000e+02 4.727500000000000000e+02
6.232500000000000000e+02 4.707500000000000000e+02 6.382500000000000000e+02 4.712500000000000000e+02
