6.090999755859375000e+02 3.531300048828125000e+02 6.085780029296875000e+02 3.231170043945312500e+02
2.046009979248046875e+02 3.593750000000000000e+02 2.045980072021484375e+02 3.706250000000000000e+02
9.476360321044921875e+01 3.919360046386718750e+02 9.264459991455078125e+01 3.619089965820312500e+02
5.619379882812500000e+02 3.530650024414062500e+02 5.753629760742187500e+02 3.671860046386718750e+02
2.820549926757812500e+02 3.484270019531250000e+02 2.555809936523437500e+02 3.514909973144531250e+02
3.345329895019531250e+02 3.420939941406250000e+02 3.080520019531250000e+02 3.449490051269531250e+02
5.906920166015625000e+02 3.943800048828125000e+02 5.896049804687500000e+02 4.095700073242187500e+02
2.191289978027343750e+02 3.681260070800781250e+02 2.191060028076171875e+02 3.581260070800781250e+02
2.546479949951171875e+02 3.531250000000000000e+02 2.546320037841796875e+02 3.631250000000000000e+02
4.751170043945312500e+02 4.196400146484375000e+02 4.669339904785156250e+02 4.030960083007812500e+02
4.768999938964843750e+02 3.258190002441406250e+02 4.381419982910156250e+02 3.307560119628906250e+02
2.781799926757812500e+02 3.871300048828125000e+02 7.590600252151489258e-01 4.474909973144531250e+02
2.831629943847656250e+02 3.606759948730468750e+02 2.827380065917968750e+02 3.505889892578125000e+02
6.259699707031250000e+02 3.948500061035156250e+02 5.903010253906250000e+02 3.887749938964843750e+02
4.801719970703125000e+02 4.247929992675781250e+02 4.748030090332031250e+02 4.189790039062500000e+02
3.570400085449218750e+02 3.390700073242187500e+02 3.456990051269531250e+02 3.410490112304687500e+02
2.855559997558593750e+02 3.493770141601562500e+02 2.858779907226562500e+02 3.606530151367187500e+02
4.843670043945312500e+02 3.801149902343750000e+02 5.431420288085937500e+02 3.792219848632812500e+02
2.018699951171875000e+02 3.694030151367187500e+02 2.016759948730468750e+02 3.606289978027343750e+02
4.685910034179687500e+02 4.020920104980468750e+02 4.708320007324218750e+02 3.844010009765625000e+02
3.607619934082031250e+02 3.393649902343750000e+02 3.613290100097656250e+02 3.469159851074218750e+02
9.599469757080078125e+01 3.631040039062500000e+02 9.786090087890625000e+01 3.956400146484375000e+02
3.587640075683593750e+02 3.482019958496093750e+02 3.578110046386718750e+02 3.406650085449218750e+02
5.996510009765625000e+02 3.243670043945312500e+02 6.004810180664062500e+02 3.543439941406250000e+02
-7.297109961509704590e-01 4.633139953613281250e+02 2.619809875488281250e+02 4.392850036621093750e+02
4.161080017089843750e+02 3.599890136718750000e+02 2.802969970703125000e+02 3.837520141601562500e+02
1.181949996948242188e+02 4.031270141601562500e+02 1.190159988403320312e+02 3.656170043945312500e+02
2.516620025634765625e+02 3.631140136718750000e+02 2.521239929199218750e+02 3.543219909667968750e+02
6.112949829101562500e+02 3.231199951171875000e+02 6.115670166015625000e+02 3.581270141601562500e+02
2.217519989013671875e+02 3.580480041503906250e+02 2.223580017089843750e+02 3.669270019531250000e+02
5.980960083007812500e+02 3.531260070800781250e+02 5.970440063476562500e+02 3.243689880371093750e+02
4.248450012207031250e+02 3.313750000000000000e+02 4.045469970703125000e+02 3.343120117187500000e+02
5.702139892578125000e+02 2.144040069580078125e+02 5.726560058593750000e+02 2.494080047607421875e+02
3.452210128307342529e-01 4.025459899902343750e+02 7.812809753417968750e+01 3.906449890136718750e+02
4.954700012207031250e+02 1.445399932861328125e+02 5.645960083007812500e+02 1.346770019531250000e+02
2.384369964599609375e+02 3.541969909667968750e+02 2.230429992675781250e+02 3.562640075683593750e+02
4.456050109863281250e+02 3.329769897460937500e+02 4.731000061035156250e+02 3.291929931640625000e+02
5.606229858398437500e+02 4.380369873046875000e+02 4.668739929199218750e+02 4.379909973144531250e+02
6.177919921875000000e+02 3.965329895019531250e+02 5.328980102539062500e+02 4.791759948730468750e+02
5.231879882812500000e+02 3.225270080566406250e+02 5.105650024414062500e+02 3.237550048828125000e+02
1.995379943847656250e+02 3.593680114746093750e+02 1.844700012207031250e+02 3.613479919433593750e+02
1.806000061035156250e+02 3.638819885253906250e+02 9.684729766845703125e+01 3.628330078125000000e+02
6.113079833984375000e+02 2.320489959716796875e+02 6.139829711914062500e+02 2.407460021972656250e+02
5.917930297851562500e+02 3.924079895019531250e+02 6.155599975585937500e+02 3.960469970703125000e+02
6.380529785156250000e+02 2.443190002441406250e+02 6.319160156250000000e+02 2.521809997558593750e+02
3.032690124511718750e+02 3.455750122070312500e+02 2.868070068359375000e+02 3.475559997558593750e+02
2.529839935302734375e+02 3.495299987792968750e+02 2.428659973144531250e+02 3.537560119628906250e+02
5.901190185546875000e+02 4.099800109863281250e+02 5.570700073242187500e+02 4.358739929199218750e+02
7.565460205078125000e+01 3.623590087890625000e+02 4.772369861602783203e-01 3.669609985351562500e+02
5.754580078125000000e+02 3.657170104980468750e+02 5.885670166015625000e+02 3.580020141601562500e+02
5.754260253906250000e+02 3.300759887695312500e+02 4.821279907226562500e+02 3.404070129394531250e+02
3.536530151367187500e+02 1.180570030212402344e+01 3.561419982910156250e+02 7.565360260009765625e+01
5.766589965820312500e+02 1.467859954833984375e+02 5.802249755859375000e+02 1.881600036621093750e+02
1.254560012817382812e+02 3.656359863281250000e+02 1.265059967041015625e+02 3.818989868164062500e+02
4.018489990234375000e+02 3.340360107421875000e+02 3.842609863281250000e+02 3.353599853515625000e+02
5.468709716796875000e+02 2.381369934082031250e+02 3.693479919433593750e+02 1.819609985351562500e+02
4.792869873046875000e+02 3.765069885253906250e+02 4.932000122070312500e+02 3.581820068359375000e+02
6.009320068359375000e+02 2.517519989013671875e+02 6.082310180664062500e+02 2.497619934082031250e+02
5.543950195312500000e+02 3.195620117187500000e+02 5.467139892578125000e+02 3.203970031738281250e+02
4.065910034179687500e+02 3.421459960937500000e+02 4.267420043945312500e+02 3.395799865722656250e+02
5.493750000000000000e+02 2.431250000000000000e+02 4.253659973144531250e+02 2.065039978027343750e+02
4.646679992675781250e+02 4.336359863281250000e+02 4.786489868164062500e+02 4.256109924316406250e+02
3.658670043945312500e+02 1.935200042724609375e+02 5.532180175781250000e+02 2.465460052490234375e+02
5.477020263671875000e+02 3.617770080566406250e+02 5.491909790039062500e+02 3.743970031738281250e+02
3.905109863281250000e+02 3.447690124511718750e+02 4.004989929199218750e+02 3.434339904785156250e+02
2.172389984130859375e+02 3.567980041503906250e+02 2.079479980468750000e+02 3.581950073242187500e+02
5.942089843750000000e+02 2.709809875488281250e+02 6.037930297851562500e+02 2.754400024414062500e+02
5.496430053710937500e+02 2.348880004882812500e+02 3.603349914550781250e+02 1.661150054931640625e+02
3.455690002441406250e+02 3.501059875488281250e+02 3.531170043945312500e+02 3.492969970703125000e+02
6.071350097656250000e+02 3.211159973144531250e+02 6.006560058593750000e+02 3.220849914550781250e+02
5.044119873046875000e+02 3.245710144042968750e+02 4.881090087890625000e+02 3.249909973144531250e+02
5.914199829101562500e+02 2.517749938964843750e+02 5.925230102539062500e+02 2.744039916992187500e+02
5.647849731445312500e+02 1.339389953613281250e+02 5.770839843750000000e+02 1.466340026855468750e+02
5.753569946289062500e+02 2.506510009765625000e+02 5.744019775390625000e+02 2.406219940185546875e+02
5.255050048828125000e+02 3.865270080566406250e+02 5.528489990234375000e+02 3.844660034179687500e+02
4.342430114746093750e+02 3.307130126953125000e+02 4.267659912109375000e+02 3.311210021972656250e+02
5.041530151367187500e+02 3.407990112304687500e+02 4.155599975585937500e+02 3.590620117187500000e+02
6.170510253906250000e+02 2.434889984130859375e+02 6.277109985351562500e+02 2.340709991455078125e+02
5.891170043945312500e+02 3.572219848632812500e+02 5.869559936523437500e+02 3.478190002441406250e+02
9.068520355224609375e+01 3.608999938964843750e+02 7.940350341796875000e+01 3.613460083007812500e+02
1.763139953613281250e+02 4.237200012207031250e+02 8.210439980030059814e-02 4.550729980468750000e+02
6.387890014648437500e+02 3.824719848632812500e+02 5.523460083007812500e+02 4.785480041503906250e+02
4.707300109863281250e+02 3.852699890136718750e+02 4.756969909667968750e+02 3.777479858398437500e+02
4.008900146484375000e+02 3.419479980468750000e+02 4.004230041503906250e+02 3.356400146484375000e+02
5.393820190429687500e+02 3.217609863281250000e+02 5.317540283203125000e+02 3.212739868164062500e+02
6.083289794921875000e+02 2.591549987792968750e+02 6.018010253906250000e+02 2.531060028076171875e+02
6.291309814453125000e+02 2.430480041503906250e+02 6.293889770507812500e+02 2.506250000000000000e+02
1.981869964599609375e+02 2.375370025634765625e+02 5.206500291824340820e-01 2.166109924316406250e+02
3.629790039062500000e+02 1.760720062255859375e+02 5.493709716796875000e+02 2.368880004882812500e+02
3.637680053710937500e+02 1.847519989013671875e+02 5.496339721679687500e+02 2.410200042724609375e+02
3.630199890136718750e+02 3.484960021972656250e+02 3.757860107421875000e+02 3.469769897460937500e+02
4.052730102539062500e+02 3.356199951171875000e+02 4.051839904785156250e+02 3.418869934082031250e+02
6.020369873046875000e+02 2.346580047607421875e+02 6.068800048828125000e+02 2.318840026855468750e+02
3.192799987792968750e+02 3.837749938964843750e+02 3.081130065917968750e+02 3.855490112304687500e+02
1.867310028076171875e+02 3.734819946289062500e+02 2.007230072021484375e+02 3.712330017089843750e+02
5.886649780273437500e+02 2.093480072021484375e+02 5.895289916992187500e+02 2.269290008544921875e+02
6.018460083007812500e+02 2.460339965820312500e+02 6.093969726562500000e+02 2.465610046386718750e+02
5.997390136718750000e+02 2.601329956054687500e+02 6.050280151367187500e+02 2.663160095214843750e+02
5.681439819335937500e+02 1.893730010986328125e+02 5.691049804687500000e+02 1.981549987792968750e+02
2.553229980468750000e+02 3.647409973144531250e+02 2.782479858398437500e+02 3.614970092773437500e+02
3.761629943847656250e+02 3.360029907226562500e+02 3.619739990234375000e+02 3.386530151367187500e+02
3.750149965286254883e+00 2.686409950256347656e+01 4.209980010986328125e+00 5.783799886703491211e-01
5.900430297851562500e+02 2.306540069580078125e+02 5.909039916992187500e+02 2.481109924316406250e+02
6.324530029296875000e+02 2.545659942626953125e+02 6.304710083007812500e+02 2.605740051269531250e+02
4.918519897460937500e+02 2.683479919433593750e+02 5.506129760742187500e+02 2.744939880371093750e+02
3.081839904785156250e+02 3.579909973144531250e+02 3.401310119628906250e+02 3.562999877929687500e+02
6.107260131835937500e+02 4.013789978027343750e+02 5.929459838867187500e+02 3.977550048828125000e+02
9.036499786376953125e+01 5.687680053710937500e+01 9.041359710693359375e+01 2.937459945678710938e+01
6.275310058593750000e+02 2.337790069580078125e+02 6.328200073242187500e+02 2.385859985351562500e+02
7.888390350341796875e+01 3.642810058593750000e+02 8.187069702148437500e+01 3.882810058593750000e+02
5.843449707031250000e+02 3.968710021972656250e+02 5.864799804687500000e+02 3.791770019531250000e+02
6.295919799804687500e+02 3.268869934082031250e+02 6.300659790039062500e+02 3.180950012207031250e+02
3.067430114746093750e+02 3.468729858398437500e+02 3.066260070800781250e+02 3.543909912109375000e+02
3.424800109863281250e+02 3.494100036621093750e+02 3.421430053710937500e+02 3.431109924316406250e+02
4.688100051879882812e+01 2.904639892578125000e+02 1.054170036315917969e+01 2.891090087890625000e+02
5.541250000000000000e+02 2.632789916992187500e+02 4.833420104980468750e+02 2.506569976806640625e+02
5.993699951171875000e+02 2.491840057373046875e+02 5.843800048828125000e+02 2.495789947509765625e+02
1.542259979248046875e+02 4.268640136718750000e+02 1.680789947509765625e+02 4.252309875488281250e+02
5.708159790039062500e+02 3.165559997558593750e+02 5.607269897460937500e+02 3.186239929199218750e+02
2.870580139160156250e+02 4.729410095214843750e+02 2.244609985351562500e+02 4.700230102539062500e+02
2.224920043945312500e+02 4.552560119628906250e+02 3.137260131835937500e+02 4.739400024414062500e+02
7.930629730224609375e+01 3.881329956054687500e+02 7.638230133056640625e+01 3.642820129394531250e+02
3.386839904785156250e+02 -1.504029929637908936e-01 3.541229858398437500e+02 1.097439956665039062e+01
5.311790161132812500e+02 3.272009887695312500e+02 5.417020263671875000e+02 3.238330078125000000e+02
4.856969909667968750e+02 2.614110107421875000e+02 5.007229919433593750e+02 2.637399902343750000e+02
5.956879882812500000e+02 3.235069885253906250e+02 5.660800170898437500e+02 3.283859863281250000e+02
6.177979736328125000e+02 3.455570068359375000e+02 6.186359863281250000e+02 3.569289855957031250e+02
1.706219940185546875e+02 1.656399993896484375e+02 6.073020100593566895e-01 1.269530029296875000e+02
1.279690017700195312e+02 3.834939880371093750e+02 1.820160064697265625e+02 3.739209899902343750e+02
4.943500061035156250e+02 3.576250000000000000e+02 5.443750000000000000e+02 3.568989868164062500e+02
6.005809936523437500e+02 2.375140075683593750e+02 6.081450195312500000e+02 2.424160003662109375e+02
2.680559997558593750e+02 6.187509918212890625e+01 2.680700073242187500e+02 8.062500000000000000e+01
5.981220092773437500e+02 2.279210052490234375e+02 5.818750000000000000e+02 2.281459960937500000e+02
2.442059936523437500e+02 3.656520080566406250e+02 2.506779937744140625e+02 3.647560119628906250e+02
6.267329711914062500e+02 3.227630004882812500e+02 6.129359741210937500e+02 3.205620117187500000e+02
6.239569702148437500e+02 3.434039916992187500e+02 6.378259887695312500e+02 3.374299926757812500e+02
8.417669677734375000e+01 3.904410095214843750e+02 9.310169982910156250e+01 3.892070007324218750e+02
5.797500000000000000e+02 1.888049926757812500e+02 5.875780029296875000e+02 1.939559936523437500e+02
5.055440063476562500e+02 3.285899963378906250e+02 5.181669921875000000e+02 3.272850036621093750e+02
6.000000000000000000e+02 3.543590087890625000e+02 5.997039794921875000e+02 3.656340026855468750e+02
2.099369964599609375e+02 3.729169921875000000e+02 2.174609985351562500e+02 3.693659973144531250e+02
3.562210083007812500e+01 3.039930114746093750e+02 6.873750209808349609e+00 3.042090148925781250e+02
1.020360031127929688e+02 6.268450164794921875e+01 9.160540008544921875e+01 5.886019897460937500e+01
4.894899902343750000e+02 2.561570129394531250e+02 5.507639770507812500e+02 2.660079956054687500e+02
2.868080139160156250e+02 3.588519897460937500e+02 2.957319946289062500e+02 3.577070007324218750e+02
6.189820098876953125e+01 2.353789978027343750e+02 4.060129928588867188e+01 2.333769989013671875e+02
6.260260009765625000e+02 2.641560058593750000e+02 6.232919921875000000e+02 2.747409973144531250e+02
6.035989990234375000e+02 3.330589904785156250e+02 6.060440063476562500e+02 3.505660095214843750e+02
5.768829956054687500e+02 3.731579895019531250e+02 5.580479736328125000e+02 3.778150024414062500e+02
8.110380172729492188e+00 2.345650024414062500e+02 7.559480285644531250e+01 2.397660064697265625e+02
2.242630004882812500e+02 3.687349853515625000e+02 2.394530029296875000e+02 3.660700073242187500e+02
4.993349914550781250e+02 2.597399902343750000e+02 4.868489990234375000e+02 2.583649902343750000e+02
5.806370239257812500e+02 2.073220062255859375e+02 5.905969848632812500e+02 2.070590057373046875e+02
3.342520141601562500e+02 3.506109924316406250e+02 3.351130065917968750e+02 3.430669860839843750e+02
4.406069946289062500e+02 3.398269958496093750e+02 4.506300048828125000e+02 3.396029968261718750e+02
4.570029907226562500e+02 1.728410034179687500e+02 3.595639953613281250e+02 1.289550018310546875e+02
6.407189965248107910e-01 3.067170104980468750e+02 6.812930297851562500e+01 3.062640075683593750e+02
3.557770080566406250e+02 5.289279937744140625e+01 4.952009887695312500e+02 1.443650054931640625e+02
5.454910278320312500e+02 2.134170074462890625e+02 4.692269897460937500e+02 1.784479980468750000e+02
5.456599731445312500e+02 2.093009948730468750e+02 3.594700012207031250e+02 1.204270019531250000e+02
5.617030029296875000e+02 4.056310119628906250e+02 5.623660278320312500e+02 4.256090087890625000e+02
9.911990356445312500e+01 3.877600097656250000e+02 1.169639968872070312e+02 3.849410095214843750e+02
3.663500061035156250e+02 3.294030151367187500e+02 3.653439941406250000e+02 3.106400146484375000e+02
4.824379882812500000e+02 3.290230102539062500e+02 4.786109924316406250e+02 3.364830017089843750e+02
6.189929809570312500e+02 3.548779907226562500e+02 6.382130126953125000e+02 3.526199951171875000e+02
5.536610107421875000e+02 3.780199890136718750e+02 5.490239868164062500e+02 3.544440002441406250e+02
6.043729858398437500e+02 3.531250000000000000e+02 6.015759887695312500e+02 3.331669921875000000e+02
4.967659912109375000e+02 3.315889892578125000e+02 5.045599975585937500e+02 3.286069946289062500e+02
-4.674020111560821533e-01 2.735540008544921875e+01 1.830370025634765625e+02 9.461569976806640625e+01
1.059650039672851562e+01 3.167420043945312500e+02 3.169280052185058594e+00 3.183320007324218750e+02
3.564020156860351562e+01 2.342149963378906250e+02 1.310550022125244141e+01 2.320809936523437500e+02
5.494959716796875000e+02 3.560249938964843750e+02 5.574069824218750000e+02 3.536440124511718750e+02
4.768340148925781250e+02 4.147879943847656250e+02 5.569089965820312500e+02 4.167550048828125000e+02
5.806879882812500000e+02 1.992870025634765625e+02 5.879979858398437500e+02 2.045509948730468750e+02
2.720520019531250000e+02 2.118719940185546875e+02 2.725539855957031250e+02 2.419049987792968750e+02
3.616109924316406250e+02 2.093339996337890625e+02 3.584790039062500000e+02 1.330590057373046875e+02
8.062509918212890625e+01 2.406239929199218750e+02 1.993910064697265625e+02 2.504329986572265625e+02
3.595029907226562500e+02 3.131159973144531250e+02 3.610539855957031250e+02 3.343439941406250000e+02
6.320389938354492188e+01 2.281250000000000000e+02 6.324000167846679688e+01 2.343820037841796875e+02
3.583269958496093750e+02 3.356080017089843750e+02 3.556579895019531250e+02 3.031220092773437500e+02
2.980870056152343750e+02 3.576400146484375000e+02 3.031369934082031250e+02 3.578940124511718750e+02
4.963340148925781250e+02 3.602980041503906250e+02 4.879089965820312500e+02 3.742449951171875000e+02
3.604100036621093750e+02 1.323540039062500000e+02 5.507160034179687500e+02 2.179230041503906250e+02
2.443789978027343750e+02 3.807680053710937500e+02 2.668970031738281250e+02 3.800639953613281250e+02
2.370070070028305054e-01 4.498989868164062500e+02 1.835249938964843750e+02 4.139140014648437500e+02
3.048280029296875000e+02 3.394490051269531250e+02 3.107919921875000000e+02 3.031520080566406250e+02
1.316469955444335938e+01 2.430650024414062500e+02 6.522309780120849609e+00 2.386560058593750000e+02
5.318270263671875000e+02 3.168729858398437500e+02 5.321129760742187500e+02 3.093370056152343750e+02
2.841259956359863281e+01 3.293399963378906250e+02 2.598629951477050781e+01 3.094840087890625000e+02
2.700979919433593750e+02 1.356369934082031250e+02 2.705599975585937500e+02 1.556260070800781250e+02
1.828419952392578125e+02 3.044419860839843750e+02 1.804510040283203125e+02 2.944159851074218750e+02
2.177290039062500000e+02 4.723160095214843750e+02 2.242929992675781250e+02 4.782160034179687500e+02
5.666840209960937500e+02 4.231380004882812500e+02 5.655720214843750000e+02 4.068789978027343750e+02
3.305540084838867188e+01 2.583580017089843750e+02 2.399410057067871094e+01 2.556490020751953125e+02
6.170020141601562500e+02 3.243689880371093750e+02 6.176710205078125000e+02 3.394509887695312500e+02
1.130429992675781250e+02 2.887820129394531250e+02 1.244209976196289062e+02 2.872030029296875000e+02
1.901300048828125000e+02 3.124360046386718750e+02 1.835549926757812500e+02 3.052330017089843750e+02
5.457500000000000000e+02 2.053739929199218750e+02 3.587250061035156250e+02 1.119240036010742188e+02
3.601140136718750000e+02 1.242119979858398438e+02 5.483239746093750000e+02 2.127010040283203125e+02
1.131179962158203125e+02 2.407010040283203125e+02 6.812770080566406250e+01 2.368439941406250000e+02
5.581179809570312500e+02 4.156239929199218750e+02 5.605040283203125000e+02 4.031019897460937500e+02
1.106510009765625000e+02 2.668949890136718750e+02 1.051790008544921875e+02 2.740329895019531250e+02
4.822669982910156250e+02 3.350150146484375000e+02 4.899500122070312500e+02 3.303150024414062500e+02
5.573049926757812500e+02 3.539030151367187500e+02 5.633410034179687500e+02 3.563420104980468750e+02
4.918799996376037598e-01 2.183269958496093750e+02 9.466730117797851562e+00 2.242359924316406250e+02
1.806710052490234375e+01 2.212890014648437500e+02 3.554320144653320312e+01 2.228130035400390625e+02
4.559920043945312500e+02 3.181040039062500000e+02 4.552579956054687500e+02 3.055729980468750000e+02
2.994819946289062500e+02 9.312210083007812500e+01 2.990469970703125000e+02 7.688379669189453125e+01
3.676979827880859375e+01 2.230970001220703125e+02 3.656409835815429688e+01 2.331190032958984375e+02
3.636980056762695312e+01 2.943299865722656250e+02 3.698080062866210938e+01 3.044440002441406250e+02
6.267969970703125000e+02 2.413890075683593750e+02 6.345000000000000000e+02 2.401519927978515625e+02
5.030549926757812500e+02 2.636470031738281250e+02 5.293339843750000000e+02 2.671809997558593750e+02
8.937979698181152344e+00 2.257079925537109375e+02 3.217779844999313354e-02 2.290410003662109375e+02
4.169389953613281250e+02 3.193659973144531250e+02 4.153970031738281250e+02 3.079859924316406250e+02
1.888339996337890625e+02 2.945100097656250000e+02 1.874140014648437500e+02 3.019779968261718750e+02
2.033670043945312500e+02 3.881099853515625000e+02 2.025189971923828125e+02 3.743349914550781250e+02
5.455889892578125000e+02 2.671069946289062500e+02 5.254959716796875000e+02 2.639429931640625000e+02
5.877969970703125000e+02 1.943930053710937500e+02 5.882890014648437500e+02 2.031860046386718750e+02
4.743030090332031250e+02 3.850719909667968750e+02 4.880369873046875000e+02 3.864830017089843750e+02
5.935590209960937500e+02 3.145050048828125000e+02 5.856599731445312500e+02 3.169869995117187500e+02
5.792529907226562500e+02 3.658829956054687500e+02 5.893530273437500000e+02 3.706709899902343750e+02
2.955740051269531250e+02 3.427439880371093750e+02 3.032709960937500000e+02 3.417090148925781250e+02
5.834320068359375000e+02 3.786459960937500000e+02 5.651469726562500000e+02 3.894339904785156250e+02
8.305379867553710938e+00 3.327810058593750000e+02 1.266940021514892578e+01 3.192279968261718750e+02
6.160230102539062500e+02 3.393389892578125000e+02 6.144229736328125000e+02 3.218710021972656250e+02
3.094989929199218750e+02 2.471029968261718750e+02 2.768720092773437500e+02 2.431459960937500000e+02
5.591459960937500000e+02 3.582650146484375000e+02 5.681840209960937500e+02 3.730889892578125000e+02
2.676809997558593750e+02 8.324379730224609375e+01 2.694070129394531250e+02 8.970059967041015625e+01
2.717210083007812500e+02 2.430509948730468750e+02 2.543110046386718750e+02 2.450729980468750000e+02
6.187620162963867188e+01 3.025109863281250000e+02 4.062630081176757812e+01 3.024700012207031250e+02
3.081010131835937500e+02 3.416489868164062500e+02 3.406310119628906250e+02 3.381799926757812500e+02
1.982980041503906250e+02 2.780180053710937500e+02 1.930070037841796875e+02 2.694479980468750000e+02
6.190969848632812500e+02 2.550879974365234375e+02 6.254569702148437500e+02 2.464190063476562500e+02
5.899320068359375000e+02 3.810660095214843750e+02 5.847369995117187500e+02 3.728949890136718750e+02
3.565899963378906250e+02 7.860679626464843750e+01 5.495590209960937500e+02 1.928139953613281250e+02
1.937899932861328125e+02 2.639779968261718750e+02 2.015930023193359375e+02 2.770429992675781250e+02
1.043050003051757812e+02 1.240839996337890625e+02 1.146080017089843750e+02 1.215879974365234375e+02
6.805200195312500000e+01 2.263070068359375000e+02 1.130719985961914062e+02 2.311219940185546875e+02
2.533999938964843750e+02 4.522890014648437500e+02 1.428919982910156250e+02 4.757789916992187500e+02
5.481259765625000000e+02 3.945190124511718750e+02 5.218660278320312500e+02 3.947890014648437500e+02
2.917799987792968750e+02 2.343240051269531250e+02 2.908970031738281250e+02 2.143630065917968750e+02
5.677349853515625000e+02 4.114219970703125000e+02 5.845800170898437500e+02 3.969119873046875000e+02
5.444359741210937500e+02 3.824639892578125000e+02 5.769749755859375000e+02 3.790910034179687500e+02
2.968919944763183594e+01 1.059759979248046875e+02 9.436769866943359375e+01 1.119540023803710938e+02
1.343899993896484375e+02 2.417050018310546875e+02 1.169179992675781250e+02 2.401419982910156250e+02
2.679760131835937500e+02 9.002950286865234375e+01 2.506219940185546875e+02 9.436109924316406250e+01
5.672319946289062500e+02 3.992890014648437500e+02 5.676370239257812500e+02 4.068340148925781250e+02
5.197280273437500000e+02 3.922239990234375000e+02 5.246979980468750000e+02 3.871940002441406250e+02
1.804960012435913086e+00 3.343179931640625000e+02 7.454599857330322266e+00 3.273450012207031250e+02
5.593049926757812500e+02 3.644609985351562500e+02 5.515859985351562500e+02 3.581919860839843750e+02
3.577340087890625000e+02 1.118330001831054688e+02 3.561560058593750000e+02 7.934919738769531250e+01
5.655739746093750000e+02 4.057680053710937500e+02 5.595380249023437500e+02 3.992250061035156250e+02
2.006320037841796875e+02 2.507169952392578125e+02 2.018329925537109375e+02 2.669700012207031250e+02
4.906969909667968750e+02 3.946690063476562500e+02 4.718659973144531250e+02 3.932470092773437500e+02
3.603200073242187500e+02 1.162440032958984375e+02 5.469110107421875000e+02 2.080520019531250000e+02
4.593750000000000000e+02 3.395379943847656250e+02 4.768750000000000000e+02 3.394920043945312500e+02
2.142539978027343750e+02 3.909389953613281250e+02 2.293249969482421875e+02 3.889890136718750000e+02
5.455780029296875000e+02 2.710419921875000000e+02 5.167700195312500000e+02 2.678169860839843750e+02
1.906250000000000000e+02 2.905989990234375000e+02 1.156250000000000000e+02 2.905010070800781250e+02
2.440710067749023438e+01 2.568649902343750000e+02 1.434910011291503906e+01 2.571250000000000000e+02
1.200510025024414062e+02 3.219030151367187500e+02 1.276380004882812500e+02 3.183389892578125000e+02
2.705440063476562500e+02 1.581309967041015625e+02 2.710050048828125000e+02 1.644389953613281250e+02
4.047190093994140625e+01 2.249360046386718750e+02 6.426329803466796875e+01 2.269470062255859375e+02
3.549349975585937500e+02 2.968959960937500000e+02 3.552709960937500000e+02 2.881109924316406250e+02
6.641110229492187500e+01 2.368739929199218750e+02 6.639279937744140625e+01 2.268739929199218750e+02
3.462690124511718750e+02 3.080859985351562500e+02 3.444859924316406250e+02 3.356319885253906250e+02
1.026620025634765625e+02 3.175239868164062500e+02 1.132509994506835938e+02 3.148779907226562500e+02
1.117409992218017578e+01 2.614299926757812500e+02 6.577950119972229004e-01 2.580239868164062500e+02
5.697800292968750000e+02 3.664779968261718750e+02 5.609810180664062500e+02 3.577650146484375000e+02
5.284609985351562500e+02 3.058099975585937500e+02 5.267020263671875000e+02 3.208959960937500000e+02
5.769429931640625000e+02 3.872070007324218750e+02 5.843859863281250000e+02 3.856780090332031250e+02
5.317940063476562500e+02 2.674159851074218750e+02 5.456079711914062500e+02 2.694899902343750000e+02
5.996110229492187500e+02 3.755759887695312500e+02 5.956699829101562500e+02 3.566059875488281250e+02
3.022489929199218750e+02 1.643600006103515625e+02 3.015440063476562500e+02 1.468379974365234375e+02
3.127140045166015625e+00 2.925050048828125000e+02 3.562680053710937500e+01 2.923940124511718750e+02
9.026789855957031250e+01 1.443840026855468750e+02 8.957170104980468750e+01 1.155899963378906250e+02
1.681349945068359375e+02 4.244119873046875000e+02 2.365910034179687500e+02 4.058299865722656250e+02
5.281300048828125000e+02 3.759719848632812500e+02 4.831220092773437500e+02 3.766419982910156250e+02
2.256210021972656250e+02 4.775950012207031250e+02 2.743680114746093750e+02 4.772359924316406250e+02
3.556149902343750000e+02 2.864249877929687500e+02 3.406220092773437500e+02 2.867539978027343750e+02
5.438209838867187500e+02 3.671390075683593750e+02 5.401909790039062500e+02 3.767099914550781250e+02
3.069330139160156250e+02 1.754199981689453125e+02 2.844630126953125000e+02 1.690619964599609375e+02
2.006410064697265625e+02 3.907780151367187500e+02 2.107899932861328125e+02 3.897359924316406250e+02
5.920100097656250000e+02 2.450839996337890625e+02 5.993629760742187500e+02 2.469230041503906250e+02
5.809349975585937500e+02 2.099700012207031250e+02 5.874920043945312500e+02 2.130700073242187500e+02
3.867739868164062500e+02 3.202940063476562500e+02 3.968120117187500000e+02 3.196499938964843750e+02
6.181190185546875000e+02 3.168840026855468750e+02 6.257910156250000000e+02 3.216050109863281250e+02
7.525730133056640625e+01 1.044209976196289062e+02 1.832850036621093750e+02 1.350610046386718750e+02
1.368809967041015625e+02 3.048980102539062500e+02 1.768910064697265625e+02 3.044070129394531250e+02
3.422399902343750000e+02 3.368869934082031250e+02 3.431350097656250000e+02 3.106250000000000000e+02
5.698330078125000000e+02 3.966409912109375000e+02 5.831350097656250000e+02 3.906470031738281250e+02
2.931239929199218750e+02 2.368840026855468750e+02 3.068380126953125000e+02 2.384510040283203125e+02
4.063010025024414062e+01 2.937510070800781250e+02 6.062879943847656250e+01 2.935859985351562500e+02
1.981410064697265625e+02 2.479409942626953125e+02 1.393899993896484375e+02 2.429530029296875000e+02
3.455469970703125000e+02 3.375740051269531250e+02 3.567510070800781250e+02 3.359939880371093750e+02
4.945859985351562500e+02 3.231319885253906250e+02 4.949719848632812500e+02 3.106050109863281250e+02
4.925840148925781250e+02 4.212810058593750000e+02 5.019909973144531250e+02 4.185209960937500000e+02
9.220339965820312500e+01 3.195539855957031250e+02 9.649369812011718750e+01 3.116679992675781250e+02
3.681730041503906250e+02 3.733619995117187500e+02 3.331019897460937500e+02 3.805119934082031250e+02
3.585650024414062500e+02 2.829240112304687500e+02 3.569609985351562500e+02 2.993829956054687500e+02
6.360839843750000000e+02 3.366990051269531250e+02 6.355709838867187500e+02 3.280539855957031250e+02
1.717109985351562500e+02 1.531269989013671875e+02 1.718699951171875000e+02 1.643930053710937500e+02
2.980570068359375000e+02 7.700839996337890625e+01 2.701600036621093750e+02 6.278649902343750000e+01
1.919559936523437500e+02 4.784580078125000000e+02 2.069759979248046875e+02 4.747869873046875000e+02
2.702820129394531250e+02 1.652290039062500000e+02 2.518119964599609375e+02 1.690740051269531250e+02
1.006660003662109375e+02 3.063089904785156250e+02 1.107040023803710938e+02 3.070400085449218750e+02
2.831740112304687500e+02 3.443710021972656250e+02 2.809559936523437500e+02 3.156000061035156250e+02
5.055889892578125000e+02 3.422640075683593750e+02 5.631450195312500000e+02 3.398380126953125000e+02
1.034729995727539062e+02 3.060980033874511719e+01 1.032529983520507812e+02 6.186709976196289062e+01
2.931419982910156250e+02 3.657999877929687500e+02 2.555059967041015625e+02 3.693750000000000000e+02
2.415709991455078125e+02 2.924320068359375000e+02 2.519029998779296875e+02 2.980729980468750000e+02
9.567859649658203125e+01 2.675589904785156250e+02 1.032289962768554688e+02 2.682739868164062500e+02
3.932200012207031250e+02 3.235679931640625000e+02 3.860499877929687500e+02 3.251069946289062500e+02
3.796950149536132812e+01 2.628670043945312500e+02 4.476380157470703125e+01 2.587699890136718750e+02
2.832290039062500000e+02 3.093659973144531250e+02 2.862279968261718750e+02 3.429599914550781250e+02
1.394100036621093750e+02 3.238720092773437500e+02 1.180899963378906250e+02 3.248569946289062500e+02
3.554349975585937500e+02 2.743659973144531250e+02 3.560280151367187500e+02 2.618349914550781250e+02
3.056080017089843750e+02 2.357850036621093750e+02 2.943550109863281250e+02 2.345590057373046875e+02
2.356369934082031250e+02 3.845369873046875000e+02 2.108780059814453125e+02 3.864330139160156250e+02
1.863229980468750000e+02 2.750490112304687500e+02 1.995709991455078125e+02 2.801130065917968750e+02
4.798710021972656250e+02 2.380950012207031250e+02 4.825750122070312500e+02 2.831579895019531250e+02
9.554260253906250000e+00 2.678649902343750000e+02 1.741819953918457031e+01 2.763729858398437500e+02
3.147040100097656250e+02 2.994200134277343750e+02 3.120929870605468750e+02 3.183280029296875000e+02
5.910590209960937500e+02 2.221900024414062500e+02 5.990050048828125000e+02 2.263339996337890625e+02
2.519519958496093750e+02 2.098229980468750000e+02 3.094049987792968750e+02 2.153079986572265625e+02
2.642480087280273438e+01 2.739609985351562500e+02 3.125499916076660156e+01 2.687040100097656250e+02
6.880850219726562500e+01 3.071570129394531250e+02 7.453309631347656250e+01 3.186679992675781250e+02
4.682279968261718750e+02 4.121109924316406250e+02 3.595039978027343750e+02 4.596690063476562500e+02
1.859510040283203125e+02 3.129909973144531250e+02 1.891260070800781250e+02 3.207269897460937500e+02
4.842829895019531250e+02 3.120660095214843750e+02 4.824129943847656250e+02 3.234190063476562500e+02
5.355960083007812500e+02 4.040140075683593750e+02 4.705840148925781250e+02 4.018890075683593750e+02
-7.400040328502655029e-02 1.880429992675781250e+02 2.127460021972656250e+02 2.182890014648437500e+02
1.717400054931640625e+02 4.565979919433593750e+02 5.810409927368164062e+01 4.666380004882812500e+02
5.443790283203125000e+02 1.968679962158203125e+02 3.580440063476562500e+02 9.452310180664062500e+01
1.180490036010742188e+02 2.325839996337890625e+02 1.343789978027343750e+02 2.343350067138671875e+02
1.393029937744140625e+02 2.338139953613281250e+02 1.981889953613281250e+02 2.400130004882812500e+02
2.638089904785156250e+02 2.966310119628906250e+02 2.683259887695312500e+02 3.093030090332031250e+02
3.868919909000396729e-01 4.607500000000000000e+02 1.404629974365234375e+02 4.311090087890625000e+02
5.895590209960937500e+02 1.991410064697265625e+02 5.966149902343750000e+02 2.047039947509765625e+02
1.868500061035156250e+02 4.117739868164062500e+02 2.681310119628906250e+02 3.918989868164062500e+02
4.233160095214843750e+02 2.062220001220703125e+02 3.868840026855468750e+02 1.955950012207031250e+02
7.559120178222656250e+01 3.540169982910156250e+02 5.514850020408630371e-01 3.610960083007812500e+02
5.633779907226562500e+02 2.243670043945312500e+02 5.631060180664062500e+02 2.155870056152343750e+02
4.880450134277343750e+02 3.825610046386718750e+02 4.769450073242187500e+02 3.812709960937500000e+02
3.680060119628906250e+02 2.330749969482421875e+02 3.725809936523437500e+02 2.221710052490234375e+02
5.195079956054687500e+02 3.666140136718750000e+02 5.269500122070312500e+02 3.672699890136718750e+02
3.617309875488281250e+02 2.457109985351562500e+02 3.629070129394531250e+02 2.306080017089843750e+02
5.764719848632812500e+02 3.092749938964843750e+02 5.770910034179687500e+02 3.144979858398437500e+02
2.512140045166015625e+02 3.768760070800781250e+02 2.512319946289062500e+02 3.681239929199218750e+02
6.561849975585937500e+01 3.319679870605468750e+02 7.565689849853515625e+01 3.326659851074218750e+02
1.922129974365234375e+02 3.948359985351562500e+02 1.494060058593750000e+02 4.032829895019531250e+02
3.969680023193359375e+01 -1.382160037755966187e-01 1.827779998779296875e+02 6.019749832153320312e+01
3.577369995117187500e+02 4.609660034179687500e+02 3.205979919433593750e+02 4.768129882812500000e+02
4.918989868164062500e+02 3.401059875488281250e+02 5.056199951171875000e+02 3.407409973144531250e+02
5.651240234375000000e+02 2.506260070800781250e+02 5.651320190429687500e+02 2.406260070800781250e+02
2.356269989013671875e+02 4.031310119628906250e+02 1.878489990234375000e+02 4.158389892578125000e+02
2.510140075683593750e+02 2.854970092773437500e+02 2.477910003662109375e+02 2.757349853515625000e+02
5.312979888916015625e+01 3.318259887695312500e+02 6.203799819946289062e+01 3.326849975585937500e+02
2.457830047607421875e+02 2.757799987792968750e+02 2.377200012207031250e+02 2.840020141601562500e+02
3.344599914550781250e+02 3.583290100097656250e+02 3.268070068359375000e+02 3.577080078125000000e+02
1.547680053710937500e+02 4.787449951171875000e+02 2.065549926757812500e+02 4.678519897460937500e+02
2.657279968261718750e+02 7.976309967041015625e+01 2.542920074462890625e+02 8.281230163574218750e+01
7.824680328369140625e+01 2.529579925537109375e+02 7.641429901123046875e+01 2.653720092773437500e+02
3.943779907226562500e+02 3.062409973144531250e+02 3.843720092773437500e+02 3.062969970703125000e+02
3.744540100097656250e+02 2.314579925537109375e+02 3.982929992675781250e+02 2.359920043945312500e+02
2.787999877929687500e+02 3.319280090332031250e+02 2.799410095214843750e+02 3.443229980468750000e+02
3.337680053710937500e+02 2.391900024414062500e+02 3.305780029296875000e+02 2.281390075683593750e+02
2.676730041503906250e+02 5.651850128173828125e+01 3.060790100097656250e+02 7.594879913330078125e+01
3.616820068359375000e+02 3.504530029296875000e+02 3.629639892578125000e+02 3.583540039062500000e+02
3.097279968261718750e+02 3.219270019531250000e+02 3.071489868164062500e+02 3.394150085449218750e+02
2.491540069580078125e+02 4.022099914550781250e+02 3.216579895019531250e+02 3.847260131835937500e+02
5.397189941406250000e+02 1.751430053710937500e+02 4.987919921875000000e+02 1.459409942626953125e+02
3.617850036621093750e+02 1.671329956054687500e+02 5.106199951171875000e+02 2.193880004882812500e+02
6.193469848632812500e+02 3.757099914550781250e+02 6.039500122070312500e+02 3.706740112304687500e+02
2.518750000000000000e+02 8.562590026855468750e+01 2.657680053710937500e+02 8.251270294189453125e+01
2.680559997558593750e+02 8.047229766845703125e+01 2.983179931640625000e+02 9.394239807128906250e+01
3.590639953613281250e+02 1.074800033569335938e+02 5.479959716796875000e+02 2.046260070800781250e+02
2.381320037841796875e+02 2.836549987792968750e+02 2.293829956054687500e+02 2.837699890136718750e+02
5.598800048828125000e+02 3.168810119628906250e+02 5.597509765625000000e+02 3.018720092773437500e+02
5.067099914550781250e+02 3.056319885253906250e+02 5.073789978027343750e+02 3.219060058593750000e+02
2.556230010986328125e+02 3.451029968261718750e+02 2.768760070800781250e+02 3.451700134277343750e+02
3.831499938964843750e+02 2.167519989013671875e+02 4.045409851074218750e+02 2.210449981689453125e+02
6.117659912109375000e+02 3.655639953613281250e+02 6.381450195312500000e+02 3.633619995117187500e+02
4.526400146484375000e+02 3.106679992675781250e+02 4.540719909667968750e+02 3.269020080566406250e+02
4.269190063476562500e+02 2.266540069580078125e+02 4.430239868164062500e+02 2.298780059814453125e+02
4.535610046386718750e+02 2.718940124511718750e+02 4.540530090332031250e+02 2.606109924316406250e+02
2.944020080566406250e+02 3.882630004882812500e+02 2.819010009765625000e+02 3.907550048828125000e+02
4.842239990234375000e+02 2.387740020751953125e+02 5.530360107421875000e+02 2.547579956054687500e+02
1.718769989013671875e+02 3.019700012207031250e+02 1.406139984130859375e+02 3.025920104980468750e+02
2.556439971923828125e+02 2.358190002441406250e+02 2.706250000000000000e+02 2.343789978027343750e+02
1.854490051269531250e+02 4.162000122070312500e+02 1.581719970703125000e+02 4.233049926757812500e+02
6.066770172119140625e+01 2.604460144042968750e+02 6.934339904785156250e+01 2.682919921875000000e+02
6.383240222930908203e-01 1.293159942626953125e+02 1.017969970703125000e+02 1.522209930419921875e+02
5.476619873046875000e+02 4.788569946289062500e+02 6.229630126953125000e+02 3.979739990234375000e+02
4.156279861927032471e-01 1.240360031127929688e+02 8.816560363769531250e+01 1.441979980468750000e+02
3.708689880371093750e+02 3.116759948730468750e+02 3.765499877929687500e+02 3.186180114746093750e+02
2.681730041503906250e+02 1.317299957275390625e+02 3.068120117187500000e+02 1.445659942626953125e+02
5.303499755859375000e+02 2.836090087890625000e+02 5.040929870605468750e+02 2.811900024414062500e+02
2.706099853515625000e+02 2.317469940185546875e+02 2.581310119628906250e+02 2.331750030517578125e+02
5.758549804687500000e+02 2.156119995117187500e+02 5.764050292968750000e+02 2.256510009765625000e+02
2.549980010986328125e+02 2.442769927978515625e+02 2.533659973144531250e+02 2.129819946289062500e+02
3.342990112304687500e+02 3.368789978027343750e+02 3.330119934082031250e+02 3.106310119628906250e+02
2.055559997558593750e+02 4.728699951171875000e+02 1.856569976806640625e+02 4.782449951171875000e+02
5.270910034179687500e+02 3.702170104980468750e+02 5.350159912109375000e+02 3.744159851074218750e+02
3.618489990234375000e+02 1.581929931640625000e+02 5.504509887695312500e+02 2.298339996337890625e+02
7.349790191650390625e+01 4.025060119628906250e+02 4.945360183715820312e+01 4.072720031738281250e+02
3.776239929199218750e+02 2.228339996337890625e+02 3.731109924316406250e+02 2.306170043945312500e+02
3.468580017089843750e+02 2.731319885253906250e+02 3.440100097656250000e+02 2.657659912109375000e+02
4.071960144042968750e+02 4.500660095214843750e+02 4.721220092773437500e+02 4.199060058593750000e+02
2.531649932861328125e+02 1.596710052490234375e+02 2.682300109863281250e+02 1.576580047607421875e+02
3.357829895019531250e+02 3.207120056152343750e+02 3.370690002441406250e+02 3.368599853515625000e+02
1.593990020751953125e+02 1.533540039062500000e+02 1.694199981689453125e+02 1.523130035400390625e+02
1.418769989013671875e+02 2.935060119628906250e+02 1.931260070800781250e+02 2.932340087890625000e+02
4.777590026855468750e+02 3.117869873046875000e+02 4.825929870605468750e+02 3.185079956054687500e+02
5.068989868164062500e+02 3.694190063476562500e+02 5.065379943847656250e+02 3.593869934082031250e+02
3.617059936523437500e+02 1.497949981689453125e+02 5.505510253906250000e+02 2.258099975585937500e+02
5.406890258789062500e+02 4.101319885253906250e+02 5.581699829101562500e+02 4.086640014648437500e+02
3.615620117187500000e+02 1.413600006103515625e+02 5.506370239257812500e+02 2.218470001220703125e+02
5.493829956054687500e+02 3.536099853515625000e+02 4.981059875488281250e+02 3.544349975585937500e+02
6.356320190429687500e+02 3.446629943847656250e+02 6.256069946289062500e+02 3.449200134277343750e+02
4.956000061035156250e+02 3.698900146484375000e+02 5.056369934082031250e+02 3.703829956054687500e+02
3.793779907226562500e+02 2.056150054931640625e+02 5.530590209960937500e+02 2.508769989013671875e+02
2.894360046386718750e+02 2.153139953613281250e+02 2.754899902343750000e+02 2.125619964599609375e+02
3.420459899902343750e+02 2.832929992675781250e+02 3.494769897460937500e+02 2.757250061035156250e+02
4.843389892578125000e+02 2.445449981689453125e+02 5.431329956054687500e+02 2.568370056152343750e+02
3.592210083007812500e+02 9.089990234375000000e+01 4.627130126953125000e+02 1.488600006103515625e+02
9.559480285644531250e+01 2.936669921875000000e+01 9.540750122070312500e+01 5.812360000610351562e+01
3.564030151367187500e+02 2.093959960937500000e+02 3.569039916992187500e+02 2.206239929199218750e+02
3.844289855957031250e+02 3.721709899902343750e+02 4.143429870605468750e+02 3.666979980468750000e+02
2.682149963378906250e+02 1.548880004882812500e+02 2.568750000000000000e+02 1.568750000000000000e+02
2.293589935302734375e+02 3.068989868164062500e+02 2.412149963378906250e+02 3.147330017089843750e+02
1.131709976196289062e+02 3.261860046386718750e+02 9.310019683837890625e+01 3.278210144042968750e+02
5.737880249023437500e+02 1.907050018310546875e+02 5.751439819335937500e+02 2.006900024414062500e+02
5.962230224609375000e+02 3.733919982910156250e+02 5.998309936523437500e+02 3.822000122070312500e+02
3.595199890136718750e+02 9.910639953613281250e+01 5.445720214843750000e+02 1.990090026855468750e+02
5.181909790039062500e+02 3.450379943847656250e+02 5.055669860839843750e+02 3.462919921875000000e+02
4.685369873046875000e+02 3.231809997558593750e+02 4.676960144042968750e+02 3.105700073242187500e+02
5.618989868164062500e+02 1.982039947509765625e+02 5.614089965820312500e+02 1.905749969482421875e+02
3.946650085449218750e+02 3.151669921875000000e+02 4.057969970703125000e+02 3.110950012207031250e+02
3.469079895019531250e+02 3.578510131835937500e+02 3.379859924316406250e+02 3.567659912109375000e+02
3.395060119628906250e+02 2.380639953613281250e+02 3.449400024414062500e+02 2.496950073242187500e+02
3.109240112304687500e+02 3.393770141601562500e+02 3.110130004882812500e+02 3.281279907226562500e+02
3.643619995117187500e+02 3.616099853515625000e+02 3.806340026855468750e+02 3.608190002441406250e+02
5.584010009765625000e+02 4.018670043945312500e+02 5.492689819335937500e+02 4.038999938964843750e+02
2.571579895019531250e+02 3.238829956054687500e+02 2.534880065917968750e+02 3.404280090332031250e+02
8.812419891357421875e+01 3.976570129394531250e+02 9.937640380859375000e+01 3.976369934082031250e+02
3.457969970703125000e+02 3.600599975585937500e+02 3.533580017089843750e+02 3.623569946289062500e+02
3.256619873046875000e+02 3.845549926757812500e+02 3.729819946289062500e+02 3.749240112304687500e+02
4.622160034179687500e+02 1.487689971923828125e+02 5.504760131835937500e+02 1.983910064697265625e+02
2.003200073242187500e+02 2.406549987792968750e+02 2.011820068359375000e+02 2.494429931640625000e+02
5.903179931640625000e+02 3.669119873046875000e+02 5.915130004882812500e+02 3.769179992675781250e+02
6.315029907226562500e+01 3.397749938964843750e+02 3.809239959716796875e+01 3.413580017089843750e+02
5.652620239257812500e+02 1.895399932861328125e+02 5.741849975585937500e+02 1.881529998779296875e+02
2.178619995117187500e+02 3.431220092773437500e+02 2.181399993896484375e+02 3.193609924316406250e+02
1.906450042724609375e+02 3.446170043945312500e+02 9.557589721679687500e+01 3.525350036621093750e+02
2.320279998779296875e+02 2.688190002441406250e+02 2.219660034179687500e+02 2.710369873046875000e+02
5.396339721679687500e+02 1.901719970703125000e+02 3.651050109863281250e+02 9.028430175781250000e+01
2.514810028076171875e+02 9.299659729003906250e+01 2.497250061035156250e+02 6.420120239257812500e+01
5.731890258789062500e+02 2.504230041503906250e+02 5.750969848632812500e+02 2.628219909667968750e+02
5.418800048828125000e+02 3.596730041503906250e+02 5.168660278320312500e+02 3.600939941406250000e+02
7.439289855957031250e+01 3.270490112304687500e+02 6.548000335693359375e+01 3.279670104980468750e+02
2.210820007324218750e+02 3.180469970703125000e+02 2.201690063476562500e+02 3.418569946289062500e+02
2.436070060729980469e+01 2.683110046386718750e+02 2.525839996337890625e+01 2.744289855957031250e+02
9.492189788818359375e+01 1.143710021972656250e+02 9.475000000000000000e+01 1.456269989013671875e+02
4.136149902343750000e+02 3.143670043945312500e+02 4.138970031738281250e+02 3.306329956054687500e+02
3.031329956054687500e+02 3.755130004882812500e+02 3.180629882812500000e+02 3.765360107421875000e+02
2.996220092773437500e+02 1.461660003662109375e+02 2.727160034179687500e+02 1.368000030517578125e+02
2.698049926757812500e+01 3.534189987182617188e+01 5.867710113525390625e+00 2.747369956970214844e+01
2.485149993896484375e+02 6.340959930419921875e+01 2.684949951171875000e+02 5.833089828491210938e+01
5.571099853515625000e+02 2.981180114746093750e+02 5.576420288085937500e+02 3.168890075683593750e+02
4.489989929199218750e+02 2.305729980468750000e+02 4.516619873046875000e+02 2.756380004882812500e+02
5.467299804687500000e+02 2.021499938964843750e+02 3.592890014648437500e+02 1.032890014648437500e+02
2.818229980468750000e+02 3.878840026855468750e+02 2.942860107421875000e+02 3.852109985351562500e+02
4.095830078125000000e+02 2.206150054931640625e+02 4.105360107421875000e+02 2.406289978027343750e+02
3.043649902343750000e+02 7.682949829101562500e+01 3.053789978027343750e+02 1.044759979248046875e+02
5.408040161132812500e+02 2.887179870605468750e+02 5.507470092773437500e+02 2.914259948730468750e+02
4.938349914550781250e+01 4.059760131835937500e+02 1.434360027313232422e+01 4.068190002441406250e+02
2.743869934082031250e+02 1.568350067138671875e+02 3.005039978027343750e+02 1.647729949951171875e+02
3.064549865722656250e+02 1.456920013427734375e+02 3.077999877929687500e+02 1.794380035400390625e+02
5.412360000610351562e+01 1.071869964599609375e+02 3.452629852294921875e+01 1.124400024414062500e+02
2.495590057373046875e+02 1.369270019531250000e+02 2.681149902343750000e+02 1.343040008544921875e+02
2.280850067138671875e+02 3.783930053710937500e+02 2.356459960937500000e+02 3.785920104980468750e+02
3.550580139160156250e+02 2.525070037841796875e+02 3.502609863281250000e+02 2.576940002441406250e+02
3.473309936523437500e+02 4.790989990234375000e+02 4.066919860839843750e+02 4.513139953613281250e+02
2.245930023193359375e+02 2.807550048828125000e+02 2.294140014648437500e+02 2.726409912109375000e+02
4.108949890136718750e+02 2.456179962158203125e+02 4.116199951171875000e+02 2.718819885253906250e+02
4.640390014648437500e+02 2.593670043945312500e+02 4.642760009765625000e+02 2.493730010986328125e+02
4.526180114746093750e+02 2.556320037841796875e+02 4.524920043945312500e+02 2.468659973144531250e+02
3.082869873046875000e+02 2.169069976806640625e+02 3.085570068359375000e+02 2.369029998779296875e+02
6.381589965820312500e+02 3.760660095214843750e+02 6.217180175781250000e+02 3.773259887695312500e+02
6.788800048828125000e+01 2.122900009155273438e+01 2.818729972839355469e+01 3.579479980468750000e+01
5.491580200195312500e+02 2.274290008544921875e+02 3.940140075683593750e+02 1.665460052490234375e+02
1.080950012207031250e+02 4.001860046386718750e+02 7.450610351562500000e+01 4.025150146484375000e+02
1.832550048828125000e+02 1.725469970703125000e+02 4.079610109329223633e-01 1.315939941406250000e+02
5.773770141601562500e+02 2.418500061035156250e+02 5.778179931640625000e+02 2.506399993896484375e+02
1.146869964599609375e+02 1.219420013427734375e+02 1.419409942626953125e+02 1.291230010986328125e+02
3.381340026855468750e+02 3.769240112304687500e+02 3.605329895019531250e+02 3.726409912109375000e+02
2.008159942626953125e+02 2.193809967041015625e+02 2.002070007324218750e+02 2.381109924316406250e+02
5.925319824218750000e+02 3.845119934082031250e+02 5.951300048828125000e+02 3.720320129394531250e+02
4.818609924316406250e+02 3.999119873046875000e+02 5.318599853515625000e+02 4.012109985351562500e+02
5.483040161132812500e+02 2.189660034179687500e+02 3.610369873046875000e+02 1.371809997558593750e+02
3.380729980468750000e+02 3.614989929199218750e+02 3.457720031738281250e+02 3.604379882812500000e+02
7.000939941406250000e+01 2.451920013427734375e+02 7.451190185546875000e+01 2.517810058593750000e+02
2.595289916992187500e+02 3.060289916992187500e+02 2.521199951171875000e+02 2.937300109863281250e+02
4.034419860839843750e+02 3.143460083007812500e+02 4.047099914550781250e+02 3.282090148925781250e+02
5.493029785156250000e+02 2.232980041503906250e+02 3.613850097656250000e+02 1.455590057373046875e+02
1.021660003662109375e+02 6.731490325927734375e+01 5.736929774284362793e-01 3.076759910583496094e+01
5.693829956054687500e+02 1.581840057373046875e+02 5.255659790039062500e+02 1.639230041503906250e+02
4.407919921875000000e+02 2.356860046386718750e+02 4.433219909667968750e+02 2.805429992675781250e+02
3.080409851074218750e+02 2.381549987792968750e+02 3.111940002441406250e+02 2.471150054931640625e+02
3.918750000000000000e+02 3.561629943847656250e+02 4.068760070800781250e+02 3.561549987792968750e+02
2.081239929199218750e+02 4.655870056152343750e+02 2.219470062255859375e+02 4.650759887695312500e+02
4.724100036621093750e+02 2.406660003662109375e+02 4.747749938964843750e+02 2.818519897460937500e+02
5.854910278320312500e+02 3.565830078125000000e+02 5.742999877929687500e+02 3.617120056152343750e+02
3.790390014648437500e+01 2.756489868164062500e+02 3.884249877929687500e+01 2.844320068359375000e+02
3.640859985351562500e+02 2.016990051269531250e+02 3.769979858398437500e+02 2.051679992675781250e+02
3.845109863281250000e+02 1.951880035400390625e+02 3.705559997558593750e+02 1.908480072021484375e+02
4.743800048828125000e+02 3.367189941406250000e+02 4.606040039062500000e+02 3.362460021972656250e+02
2.194190063476562500e+02 3.774960021972656250e+02 2.080500030517578125e+02 3.767040100097656250e+02
5.454489898681640625e+01 4.678859863281250000e+02 3.934410095214843750e+01 4.704410095214843750e+02
4.135379943847656250e+02 2.581279907226562500e+02 4.136589965820312500e+02 2.393699951171875000e+02
4.869530029296875000e+02 2.908930053710937500e+02 4.994790039062500000e+02 2.872309875488281250e+02
2.218710021972656250e+02 3.449450073242187500e+02 2.518780059814453125e+02 3.451350097656250000e+02
4.293580017089843750e+02 3.429070129394531250e+02 4.143510131835937500e+02 3.440660095214843750e+02
1.019649963378906250e+02 3.972030029296875000e+02 1.118990020751953125e+02 3.944599914550781250e+02
2.531130065917968750e+02 1.679909973144531250e+02 2.515039978027343750e+02 1.380110015869140625e+02
2.206190032958984375e+02 3.794960021972656250e+02 2.294100036621093750e+02 3.799620056152343750e+02
4.503770141601562500e+02 2.955650024414062500e+02 4.619240112304687500e+02 2.933829956054687500e+02
4.806189880371093750e+02 4.093429870605468750e+02 4.945820007324218750e+02 4.067359924316406250e+02
5.543779907226562500e+02 2.531119995117187500e+02 3.808739929199218750e+02 2.108529968261718750e+02
8.926239776611328125e+01 4.612669982910156250e+02 1.066299972534179688e+02 4.580520019531250000e+02
3.847969970703125000e+02 1.633390045166015625e+02 3.688750000000000000e+02 1.568509979248046875e+02
2.682090148925781250e+02 3.946659851074218750e+02 2.416419982910156250e+02 4.023160095214843750e+02
5.531190185546875000e+02 2.569020080566406250e+02 4.841530151367187500e+02 2.416280059814453125e+02
2.511840057373046875e+02 3.431809997558593750e+02 2.524450073242187500e+02 3.305570068359375000e+02
5.120170288085937500e+02 3.071440124511718750e+02 5.191060180664062500e+02 2.991369934082031250e+02
4.440320129394531250e+02 3.118959960937500000e+02 4.449519958496093750e+02 3.269159851074218750e+02
7.829869842529296875e+01 2.789670104980468750e+02 8.069989776611328125e+01 2.855979919433593750e+02
2.889739990234375000e+02 3.755369873046875000e+02 2.953299865722656250e+02 3.777300109863281250e+02
1.505980072021484375e+02 3.937550048828125000e+02 1.643769989013671875e+02 3.943370056152343750e+02
3.868460083007812500e+02 3.512059936523437500e+02 3.643880004882812500e+02 3.521849975585937500e+02
1.207109985351562500e+02 4.077030029296875000e+02 1.056139984130859375e+02 4.092690124511718750e+02
9.062960052490234375e+01 3.430639953613281250e+02 8.183540344238281250e+01 3.423940124511718750e+02
2.977709960937500000e+02 9.638359832763671875e+01 2.719089965820312500e+02 8.430259704589843750e+01
4.221040039062500000e+02 2.962990112304687500e+02 4.158479919433593750e+02 2.938139953613281250e+02
4.328569946289062500e+02 2.544089965820312500e+02 4.313940124511718750e+02 2.430260009765625000e+02
1.736950073242187500e+02 6.549330139160156250e+01 1.054290008544921875e+02 3.735020065307617188e+01
3.551570129394531250e+02 2.445769958496093750e+02 3.498190002441406250e+02 2.322230072021484375e+02
2.048070068359375000e+02 3.306319885253906250e+02 2.043750000000000000e+02 3.556250000000000000e+02
1.434249973297119141e+01 2.613229980468750000e+02 2.568429946899414062e+01 2.618510131835937500e+02
5.505360107421875000e+02 2.484490051269531250e+02 4.028659973144531250e+02 2.078150024414062500e+02
3.617090148925781250e+02 2.939089965820312500e+02 3.598569946289062500e+02 2.995339965820312500e+02
6.333229980468750000e+02 3.366610107421875000e+02 6.208040161132812500e+02 3.390580139160156250e+02
5.378530273437500000e+02 3.614020080566406250e+02 5.343359985351562500e+02 3.727239990234375000e+02
1.181289978027343750e+02 4.524970092773437500e+02 1.506280059814453125e+02 4.527210083007812500e+02
3.806659851074218750e+02 2.229230041503906250e+02 3.943580017089843750e+02 2.257079925537109375e+02
6.537399888038635254e-01 3.635150146484375000e+02 4.186410140991210938e+01 3.604769897460937500e+02
1.272699966430664062e+02 3.932269897460937500e+02 1.245329971313476562e+02 4.038120117187500000e+02
1.663020019531250000e+02 3.950369873046875000e+02 1.737189941406250000e+02 3.874570007324218750e+02
5.622230224609375000e+02 2.824660034179687500e+02 5.508439941406250000e+02 2.764599914550781250e+02
3.310400085449218750e+02 2.634119873046875000e+02 3.235690002441406250e+02 2.698869934082031250e+02
4.881629943847656250e+02 4.727929992675781250e+02 4.767749938964843750e+02 4.715029907226562500e+02
4.169450073242187500e+02 3.659389953613281250e+02 4.882550048828125000e+02 3.499559936523437500e+02
3.856170043945312500e+02 2.481799926757812500e+02 3.705719909667968750e+02 2.459889984130859375e+02
2.069450073242187500e+02 4.668200073242187500e+02 2.157929992675781250e+02 4.779920043945312500e+02
9.182109832763671875e+01 3.464249877929687500e+02 1.106009979248046875e+02 3.441749877929687500e+02
3.901679992675781250e+02 2.468849945068359375e+02 3.899379882812500000e+02 2.368619995117187500e+02
4.014920043945312500e+02 2.218520050048828125e+02 4.001440124511718750e+02 2.444210052490234375e+02
1.819889984130859375e+02 9.656289672851562500e+01 1.043349990844726562e+02 6.823419952392578125e+01
2.543549957275390625e+02 2.918959960937500000e+02 2.627669982910156250e+02 2.996579895019531250e+02
4.709349975585937500e+02 2.843710021972656250e+02 4.706310119628906250e+02 2.631250000000000000e+02
1.379750061035156250e+02 3.403150024414062500e+02 1.217399978637695312e+02 3.377189941406250000e+02
4.142969970703125000e+02 2.297420043945312500e+02 4.368399963378906250e+02 2.345410003662109375e+02
5.130809936523437500e+02 2.765480041503906250e+02 5.306599731445312500e+02 2.773840026855468750e+02
4.531719970703125000e+02 2.378939971923828125e+02 4.680700073242187500e+02 2.408959960937500000e+02
6.064680099487304688e+01 2.503600006103515625e+02 3.809400177001953125e+01 2.485010070800781250e+02
5.031409912109375000e+02 2.730280151367187500e+02 4.856940002441406250e+02 2.701990051269531250e+02
3.679440002441406250e+02 2.475260009765625000e+02 3.767099914550781250e+02 2.499680023193359375e+02
1.806390075683593750e+02 4.533599853515625000e+02 2.106060028076171875e+02 4.515530090332031250e+02
5.018510131835937500e+02 2.796659851074218750e+02 4.944010009765625000e+02 2.790559997558593750e+02
1.722279968261718750e+02 3.874599914550781250e+02 1.821029968261718750e+02 3.855599975585937500e+02
1.566919994354248047e+01 5.155169963836669922e-01 6.409870147705078125e+01 2.005960083007812500e+01
6.057919921875000000e+02 2.922770080566406250e+02 6.111220092773437500e+02 2.900629882812500000e+02
2.422010040283203125e+02 3.244970092773437500e+02 2.470330047607421875e+02 3.205409851074218750e+02
5.209169921875000000e+02 3.093609924316406250e+02 5.213930053710937500e+02 3.193980102539062500e+02
2.318140029907226562e+01 4.325379943847656250e+02 6.842040061950683594e+00 4.309679870605468750e+02
1.581479949951171875e+02 9.325960159301757812e+00 2.126790008544921875e+02 3.531079864501953125e+01
3.630780029296875000e+02 2.044140014648437500e+02 3.681889953613281250e+02 2.105720062255859375e+02
2.731470031738281250e+02 2.453919982910156250e+02 2.918460083007812500e+02 2.471779937744140625e+02
3.138269958496093750e+02 3.218840026855468750e+02 3.141130065917968750e+02 3.393789978027343750e+02
3.763280029296875000e+02 2.104940032958984375e+02 3.698039855957031250e+02 2.073040008544921875e+02
1.106129989624023438e+02 2.533350067138671875e+02 9.185269927978515625e+01 2.522669982910156250e+02
4.072760009765625000e+02 3.558619995117187500e+02 4.126619873046875000e+02 3.589360046386718750e+02
1.981210021972656250e+02 4.558760070800781250e+02 1.718580017089843750e+02 4.554620056152343750e+02
4.682799987792968750e+02 2.837789916992187500e+02 4.579689941406250000e+02 2.862160034179687500e+02
8.684239959716796875e+01 4.690150146484375000e+02 1.519880065917968750e+02 4.631199951171875000e+02
1.180670013427734375e+02 3.444970092773437500e+02 1.356490020751953125e+02 3.435910034179687500e+02
4.187500000000000000e+01 3.493750000000000000e+02 5.814830017089843750e+01 3.486449890136718750e+02
5.776870117187500000e+02 2.649549865722656250e+02 5.846710205078125000e+02 2.702330017089843750e+02
8.825119781494140625e+01 3.030870056152343750e+01 6.841699981689453125e+01 2.239329910278320312e+01
3.507120056152343750e+02 4.720429992675781250e+02 3.402690124511718750e+02 4.774360046386718750e+02
1.180670013427734375e+02 4.501449890136718750e+02 9.805680084228515625e+01 4.525610046386718750e+02
6.017860107421875000e+02 3.744010009765625000e+02 6.106669921875000000e+02 3.750209960937500000e+02
4.150239868164062500e+02 2.719339904785156250e+02 4.139030151367187500e+02 2.605480041503906250e+02
3.106600036621093750e+02 2.943299865722656250e+02 2.999800109863281250e+02 2.860910034179687500e+02
7.188480377197265625e+01 4.615790100097656250e+02 8.813310241699218750e+01 4.614119873046875000e+02
3.947030029296875000e+02 2.057220001220703125e+02 3.803389892578125000e+02 2.016309967041015625e+02
4.849930114746093750e+02 3.612099914550781250e+02 2.432489929199218750e+02 4.410010070800781250e+02
5.653330078125000000e+02 3.071000061035156250e+02 5.697479858398437500e+02 3.128380126953125000e+02
1.818130035400390625e+02 6.172869873046875000e+01 1.800930023193359375e+02 9.184459686279296875e+01
3.311289978027343750e+01 2.483459930419921875e+02 1.317269992828369141e+01 2.472539978027343750e+02
2.381269989013671875e+02 3.482659912109375000e+02 2.231210021972656250e+02 3.482919921875000000e+02
2.093619995117187500e+02 3.448559875488281250e+02 2.193890075683593750e+02 3.451300048828125000e+02
9.433300018310546875e+01 3.321669921875000000e+02 1.022089996337890625e+02 3.332990112304687500e+02
1.593659973144531250e+02 3.879200134277343750e+02 1.694010009765625000e+02 3.874970092773437500e+02
1.044290008544921875e+02 1.478860015869140625e+02 1.405310058593750000e+02 1.560429992675781250e+02
1.244000015258789062e+02 3.521740112304687500e+02 1.443639984130859375e+02 3.504949951171875000e+02
1.331629943847656250e+02 2.551490020751953125e+02 1.168170013427734375e+02 2.538549957275390625e+02
1.092500000000000000e+02 4.547550048828125000e+02 1.182559967041015625e+02 4.577269897460937500e+02
5.311140060424804688e+01 4.147390136718750000e+02 3.938050079345703125e+01 4.142269897460937500e+02
4.181369934082031250e+02 3.498850097656250000e+02 4.093630065917968750e+02 3.500840148925781250e+02
5.438790283203125000e+02 1.858020019531250000e+02 5.397410278320312500e+02 1.742440032958984375e+02
3.770350036621093750e+02 2.015000000000000000e+02 3.703930053710937500e+02 1.986699981689453125e+02
2.751940002441406250e+02 2.493739929199218750e+02 2.752080078125000000e+02 2.693750000000000000e+02
2.708559875488281250e+02 9.134400177001953125e+01 2.980910034179687500e+02 1.032030029296875000e+02
1.393710021972656250e+02 6.331750154495239258e-01 1.553800048828125000e+02 8.615579605102539062e+00
1.791970062255859375e+02 1.403049926757812500e+02 1.846080017089843750e+02 1.372940063476562500e+02
2.229770050048828125e+02 4.645169982910156250e+02 2.319019927978515625e+02 4.633250122070312500e+02
9.372879981994628906e+00 2.858330078125000000e+02 3.187050056457519531e+01 2.860620117187500000e+02
4.680610046386718750e+02 2.384080047607421875e+02 4.532489929199218750e+02 2.350720062255859375e+02
3.221629943847656250e+02 2.608689880371093750e+02 3.290820007324218750e+02 2.526840057373046875e+02
1.695690002441406250e+02 8.760929870605468750e+01 1.506739959716796875e+02 8.049500274658203125e+01
4.396990051269531250e+02 2.781040039062500000e+02 4.388829956054687500e+02 2.655759887695312500e+02
1.874499969482421875e+02 3.206059875488281250e+02 1.882039947509765625e+02 3.431220092773437500e+02
2.701720046997070312e+01 3.423299865722656250e+02 1.204880046844482422e+01 3.396530151367187500e+02
2.730979919433593750e+02 1.718750000000000000e+02 2.736669921875000000e+02 2.068869934082031250e+02
1.317779998779296875e+02 7.338600158691406250e+01 1.080530014038085938e+02 6.456919860839843750e+01
3.068909912109375000e+02 1.793190002441406250e+02 2.756570129394531250e+02 1.705099945068359375e+02
3.417650146484375000e+02 4.102959899902343750e+02 4.216600036621093750e+02 3.837290039062500000e+02
1.218150024414062500e+02 3.743750000000000000e+02 1.218440017700195312e+02 3.981250000000000000e+02
1.740039978027343750e+02 3.106099853515625000e+02 1.745260009765625000e+02 3.418720092773437500e+02
4.357409973144531250e+02 2.313220062255859375e+02 4.141310119628906250e+02 2.267870025634765625e+02
3.041860046386718750e+02 1.085510025024414062e+02 2.729869995117187500e+02 9.468489837646484375e+01
1.831049957275390625e+02 2.441360092163085938e+01 1.607310028076171875e+02 1.291909980773925781e+01
2.646359863281250000e+02 4.376300048828125000e+02 3.393649902343750000e+02 4.118460083007812500e+02
3.944769897460937500e+02 2.226929931640625000e+02 3.806109924316406250e+02 2.194340057373046875e+02
2.092760009765625000e+02 3.707509994506835938e+01 1.857350006103515625e+02 2.540290069580078125e+01
3.093160095214843750e+02 2.512720031738281250e+02 2.844100036621093750e+02 2.489920043945312500e+02
7.680110168457031250e+01 1.954990005493164062e+01 3.189109992980957031e+01 5.868120193481445312e-01
3.970230102539062500e+02 2.344440002441406250e+02 3.966220092773437500e+02 2.280619964599609375e+02
9.328849792480468750e+01 4.452959899902343750e+02 7.567769622802734375e+01 4.484219970703125000e+02
6.857059955596923828e+00 3.525509948730468750e+02 2.566679954528808594e+01 3.519630126953125000e+02
5.674279785156250000e+02 1.430910034179687500e+02 5.682750244140625000e+02 1.568659973144531250e+02
2.418990020751953125e+02 4.060150146484375000e+02 2.632219848632812500e+02 4.046820068359375000e+02
3.231330108642578125e+01 3.093720092773437500e+02 3.243019866943359375e+01 3.293720092773437500e+02
3.206159973144531250e+02 3.955889892578125000e+02 2.942189941406250000e+02 4.025339965820312500e+02
1.781250000000000000e+02 2.506250000000000000e+02 1.781250000000000000e+02 2.881250000000000000e+02
1.583419952392578125e+02 3.443729858398437500e+02 1.580540008544921875e+02 3.143760070800781250e+02
1.256520004272460938e+02 4.771250000000000000e+02 1.418500061035156250e+02 4.753919982910156250e+02
3.556919860839843750e+02 3.871130065917968750e+02 3.381700134277343750e+02 3.920339965820312500e+02
