3.758150024414062500e+02 9.414600372314453125e+01 5.119490051269531250e+02 8.276300048828125000e+01
3.239179992675781250e+02 6.509639739990234375e+01 5.520939941406250000e+02 3.345500183105468750e+01
5.293270263671875000e+02 2.878280029296875000e+02 1.482870025634765625e+02 3.491310119628906250e+02
5.943670043945312500e+02 1.064100036621093750e+02 6.381469726562500000e+02 1.056890029907226562e+02
2.301629943847656250e+02 2.893619995117187500e+02 2.304759979248046875e+02 3.081279907226562500e+02
6.230260009765625000e+02 2.976130065917968750e+02 2.247050018310546875e+02 3.748299865722656250e+02
6.382059936523437500e+02 1.013180007934570312e+02 5.931279907226562500e+02 1.032070007324218750e+02
5.464580078125000000e+02 1.698100090026855469e+01 3.064660034179687500e+02 5.289009857177734375e+01
3.445929870605468750e+02 2.756289978027343750e+02 3.444089965820312500e+02 2.868959960937500000e+02
4.119179992675781250e+02 1.166370010375976562e+02 4.843930053710937500e+02 1.135579986572265625e+02
2.855119934082031250e+02 2.822200012207031250e+02 2.642810058593750000e+02 2.848760070800781250e+02
6.385969848632812500e+02 3.436189880371093750e+02 3.599460144042968750e+02 4.189880065917968750e+02
4.955419921875000000e+02 9.773239898681640625e+01 3.981010131835937500e+02 1.026439971923828125e+02
2.219279937744140625e+02 1.065490036010742188e+02 4.081789855957031250e+02 1.127639999389648438e+02
4.765209960937500000e+01 7.087030029296875000e+01 1.012860031127929688e+02 4.562409973144531250e+01
3.654849853515625000e+02 2.706199951171875000e+02 3.648770141601562500e+02 2.893909912109375000e+02
2.561229858398437500e+02 2.847739868164062500e+02 2.472109985351562500e+02 2.958940124511718750e+02
5.219479980468750000e+02 1.084660034179687500e+02 5.055610046386718750e+02 1.092139968872070312e+02
3.382539978027343750e+02 2.729010009765625000e+02 2.881010131835937500e+02 2.791860046386718750e+02
9.517900085449218750e+01 3.632330017089843750e+02 9.334420013427734375e+01 3.343609924316406250e+02
2.431430053710937500e+02 3.056260070800781250e+02 2.445630035400390625e+02 2.868890075683593750e+02
5.104779968261718750e+02 7.521630096435546875e+01 3.767820129394531250e+02 8.707990264892578125e+01
3.993510131835937500e+02 1.076940002441406250e+02 4.943320007324218750e+02 1.023659973144531250e+02
1.129690017700195312e+02 4.440439987182617188e+01 1.413249969482421875e+01 3.830519866943359375e+01
5.368959903717041016e-01 6.739179992675781250e+01 4.922809982299804688e+01 6.981990051269531250e+01
1.782629966735839844e+01 3.811029815673828125e+01 -8.338829874992370605e-01 5.248059844970703125e+01
1.520639953613281250e+02 3.943190002441406250e+02 1.506670074462890625e+02 3.581229858398437500e+02
2.633070068359375000e+02 2.821570129394531250e+02 2.493090057373046875e+02 2.838160095214843750e+02
2.265590057373046875e+02 3.081279907226562500e+02 2.263760070800781250e+02 2.881300048828125000e+02
5.219470214843750000e+02 1.255130004882812500e+02 5.236179809570312500e+02 1.079339981079101562e+02
5.047109985351562500e+02 1.100510025024414062e+02 4.946960144042968750e+02 1.150220031738281250e+02
2.402660064697265625e+02 7.964119720458984375e+01 1.416620025634765625e+02 8.981400299072265625e+01
4.705969848632812500e+02 2.287850036621093750e+02 4.480289916992187500e+02 2.298529968261718750e+02
4.465859985351562500e+02 2.282259979248046875e+02 4.486730041503906250e+02 2.083139953613281250e+02
1.433190002441406250e+02 9.748600006103515625e+01 2.408000030517578125e+02 8.730149841308593750e+01
1.678869934082031250e+02 3.693160095214843750e+02 6.386859741210937500e+02 2.837090148925781250e+02
3.602879943847656250e+02 2.781730041503906250e+02 3.391640014648437500e+02 2.726900024414062500e+02
4.855939941406250000e+02 1.098430023193359375e+02 4.119110107421875000e+02 1.127880020141601562e+02
1.494149932861328125e+02 3.583760070800781250e+02 1.108389968872070312e+02 3.644800109863281250e+02
4.493909912109375000e+02 2.084279937744140625e+02 4.719599914550781250e+02 2.072610015869140625e+02
1.047969970703125000e+02 3.421809997558593750e+02 5.535560302734375000e+02 2.747420043945312500e+02
2.881589965820312500e+02 2.891809997558593750e+02 3.067810058593750000e+02 2.924169921875000000e+02
2.943439941406250000e+02 1.001159973144531250e+02 2.206380004882812500e+02 1.045889968872070312e+02
2.476970062255859375e+02 2.968689880371093750e+02 2.477489929199218750e+02 3.043779907226562500e+02
2.423150024414062500e+02 2.930150146484375000e+02 2.216159973144531250e+02 2.863139953613281250e+02
2.655459899902343750e+02 2.922999877929687500e+02 2.868389892578125000e+02 2.902510070800781250e+02
4.382040100097656250e+02 4.109060058593750000e+02 4.295109863281250000e+02 4.102000122070312500e+02
3.411780090332031250e+02 2.818949890136718750e+02 3.409670104980468750e+02 2.744010009765625000e+02
3.158540039062500000e+02 2.974219970703125000e+02 2.767820129394531250e+02 3.023919982910156250e+02
3.831839904785156250e+02 2.674500122070312500e+02 3.668489990234375000e+02 2.691210021972656250e+02
2.195260009765625000e+02 2.851969909667968750e+02 2.079570007324218750e+02 2.810989990234375000e+02
4.730950012207031250e+02 2.079900054931640625e+02 4.716189880371093750e+02 2.219799957275390625e+02
1.057419967651367188e+02 3.651870117187500000e+02 9.786509704589843750e+01 3.663219909667968750e+02
9.060880279541015625e+01 1.226699981689453125e+02 4.131279907226562500e+02 1.292230072021484375e+02
2.644309997558593750e+02 2.611369934082031250e+02 2.806250000000000000e+02 2.593710021972656250e+02
3.050480041503906250e+02 4.659800109863281250e+02 3.092330017089843750e+02 4.580499877929687500e+02
2.298459930419921875e+02 4.306459960937500000e+02 2.294089965820312500e+02 3.881250000000000000e+02
3.610039978027343750e+02 2.881350097656250000e+02 3.612290039062500000e+02 2.793580017089843750e+02
1.480370025634765625e+02 3.488290100097656250e+02 1.117200012207031250e+02 3.546589965820312500e+02
2.162590026855468750e+02 4.128989868164062500e+02 2.189149932861328125e+02 4.203429870605468750e+02
4.806180114746093750e+02 2.755700073242187500e+02 3.640039978027343750e+02 2.901579895019531250e+02
1.862790069580078125e+02 4.063240051269531250e+02 1.722530059814453125e+02 3.943630065917968750e+02
4.293640136718750000e+02 4.062909851074218750e+02 4.381319885253906250e+02 4.064320068359375000e+02
2.116809997558593750e+02 4.319519958496093750e+02 2.129629974365234375e+02 4.142730102539062500e+02
3.068500061035156250e+02 2.822109985351562500e+02 3.405759887695312500e+02 2.813039855957031250e+02
3.125700073242187500e+02 4.578800048828125000e+02 3.155929870605468750e+02 4.664450073242187500e+02
3.056260070800781250e+02 2.543930053710937500e+02 3.206319885253906250e+02 2.532100067138671875e+02
4.250020141601562500e+02 2.267279968261718750e+02 4.363320007324218750e+02 2.331219940185546875e+02
5.517800292968750000e+02 2.838340148925781250e+02 5.341640014648437500e+02 2.869249877929687500e+02
2.826530151367187500e+02 2.543029937744140625e+02 2.839429931640625000e+02 2.681650085449218750e+02
1.132200012207031250e+02 2.506080017089843750e+02 4.244429931640625000e+02 2.265030059814453125e+02
1.693890075683593750e+02 3.955859985351562500e+02 1.709290008544921875e+02 4.456159973144531250e+02
2.576239929199218750e+02 4.034330139160156250e+02 6.388649902343750000e+02 3.163649902343750000e+02
4.680280151367187500e+02 3.202059936523437500e+02 4.968250122070312500e+02 3.185260009765625000e+02
4.118739929199218750e+02 1.256689987182617188e+02 9.061730194091796875e+01 1.184700012207031250e+02
2.513600006103515625e+02 4.506250000000000000e+02 2.513750000000000000e+02 4.781260070800781250e+02
3.586340026855468750e+02 2.900150146484375000e+02 3.426929931640625000e+02 2.938150024414062500e+02
2.136699981689453125e+02 4.129530029296875000e+02 2.043750000000000000e+02 4.068750000000000000e+02
5.331939697265625000e+02 2.844289855957031250e+02 5.376370239257812500e+02 2.787179870605468750e+02
5.494069824218750000e+02 3.789400024414062500e+02 5.406129760742187500e+02 3.782879943847656250e+02
3.222630004882812500e+02 2.480769958496093750e+02 3.239830017089843750e+02 2.619240112304687500e+02
5.548489990234375000e+02 2.749299926757812500e+02 5.520200195312500000e+02 2.831749877929687500e+02
3.552590026855468750e+02 4.320830078125000000e+02 3.261449890136718750e+02 4.550339965820312500e+02
6.321770019531250000e+02 2.921289978027343750e+02 6.378380126953125000e+02 2.853840026855468750e+02
3.185499877929687500e+02 2.907409973144531250e+02 3.085499877929687500e+02 2.869909973144531250e+02
3.231390075683593750e+02 1.322870025634765625e+02 1.593730010986328125e+02 1.295209960937500000e+02
5.418480224609375000e+02 3.746539916992187500e+02 5.493989868164062500e+02 3.753810119628906250e+02
2.766539916992187500e+02 3.013919982910156250e+02 2.650440063476562500e+02 2.944979858398437500e+02
6.218820190429687500e+02 2.881250000000000000e+02 6.220980224609375000e+02 2.956900024414062500e+02
1.108190002441406250e+02 3.655549926757812500e+02 1.128820037841796875e+02 4.080759887695312500e+02
4.324079895019531250e+02 4.646520080566406250e+02 6.388079833984375000e+02 3.925809936523437500e+02
5.632570190429687500e+02 4.263269958496093750e+02 6.009769897460937500e+02 4.354129943847656250e+02
2.644469909667968750e+02 2.681050109863281250e+02 2.616619873046875000e+02 2.581849975585937500e+02
3.588359985351562500e+02 4.208529968261718750e+02 3.581189880371093750e+02 4.270199890136718750e+02
4.968919982910156250e+02 3.162739868164062500e+02 4.806560058593750000e+02 3.158059997558593750e+02
5.285180053710937500e+02 1.069130020141601562e+02 5.276229858398437500e+02 8.684169769287109375e+01
4.682000122070312500e+02 3.159440002441406250e+02 4.588670043945312500e+02 3.277219848632812500e+02
3.053519897460937500e+02 2.642630004882812500e+02 3.036570129394531250e+02 2.494570007324218750e+02
2.282109985351562500e+02 4.070669860839843750e+02 2.180189971923828125e+02 4.116390075683593750e+02
4.706900024414062500e+02 4.640830078125000000e+02 4.908089904785156250e+02 4.685469970703125000e+02
3.059549865722656250e+02 4.547449951171875000e+02 2.914339904785156250e+02 4.493030090332031250e+02
2.601839904785156250e+02 4.401730041503906250e+02 2.554149932861328125e+02 4.300639953613281250e+02
5.307639770507812500e+02 1.029710006713867188e+02 5.367030029296875000e+02 1.083160018920898438e+02
4.953210144042968750e+02 1.153850021362304688e+02 4.939440002441406250e+02 1.243079986572265625e+02
2.137640075683593750e+02 2.849989929199218750e+02 3.867430114746093750e+02 2.597210083007812500e+02
2.388190002441406250e+02 4.781449890136718750e+02 2.383699951171875000e+02 4.368720092773437500e+02
3.658229980468750000e+02 4.781289978027343750e+02 3.656679992675781250e+02 4.331210021972656250e+02
4.722189941406250000e+02 2.221799926757812500e+02 4.780169982910156250e+02 2.394109954833984375e+02
5.355819702148437500e+02 1.063939971923828125e+02 5.419520263671875000e+02 1.067519989013671875e+02
3.556310119628906250e+02 1.046449966430664062e+02 2.981329956054687500e+02 1.059840011596679688e+02
3.243810119628906250e+02 4.531719970703125000e+02 3.142269897460937500e+02 4.544370117187500000e+02
6.357529907226562500e+02 2.849020080566406250e+02 6.242709960937500000e+02 2.876979980468750000e+02
5.105229949951171875e+01 2.743580017089843750e+02 5.167050170898437500e+01 3.343900146484375000e+02
2.631629943847656250e+02 2.969599914550781250e+02 2.623659973144531250e+02 2.855910034179687500e+02
1.994290008544921875e+02 2.748429870605468750e+02 2.618259887695312500e+02 2.676940002441406250e+02
1.063150024414062500e+02 4.032799987792968750e+02 1.044199981689453125e+02 3.657489929199218750e+02
3.065209960937500000e+02 4.781329956054687500e+02 3.066440124511718750e+02 4.643729858398437500e+02
1.993309936523437500e+02 5.203310012817382812e+01 1.368769989013671875e+02 5.321699905395507812e+01
6.357609863281250000e+02 3.548869934082031250e+02 6.280620117187500000e+02 3.534689941406250000e+02
2.193500061035156250e+02 4.211549987792968750e+02 2.280899963378906250e+02 4.208569946289062500e+02
2.378439941406250000e+02 4.344280090332031250e+02 2.313639984130859375e+02 4.359500122070312500e+02
3.843659973144531250e+02 1.363930053710937500e+02 1.018020019531250000e+02 1.330130004882812500e+02
3.674679870605468750e+02 4.355520019531250000e+02 4.315010070800781250e+02 4.712950134277343750e+02
9.487199783325195312e+00 2.732290039062500000e+02 4.683449935913085938e+01 2.701359863281250000e+02
5.064739990234375000e+01 3.370969848632812500e+02 5.267429947853088379e-01 3.421499938964843750e+02
3.155150146484375000e+02 4.662170104980468750e+02 3.594790039062500000e+02 4.636749877929687500e+02
1.480579986572265625e+02 3.525050048828125000e+02 1.685480041503906250e+02 3.684790039062500000e+02
6.192659912109375000e+02 3.384490051269531250e+02 6.282609863281250000e+02 3.414710083007812500e+02
6.279459838867187500e+02 3.505320129394531250e+02 6.344279785156250000e+02 3.515329895019531250e+02
2.234450073242187500e+02 3.782470092773437500e+02 2.590650024414062500e+02 4.023949890136718750e+02
6.008660278320312500e+02 4.349800109863281250e+02 6.111430053710937500e+02 4.189070129394531250e+02
2.293950042724609375e+02 4.321199951171875000e+02 2.142910003662109375e+02 4.333299865722656250e+02
4.628420104980468750e+02 3.247990112304687500e+02 4.714370117187500000e+02 3.218489990234375000e+02
3.383980102539062500e+02 2.910509948730468750e+02 3.181080017089843750e+02 2.929460144042968750e+02
9.739540100097656250e+01 4.124379882812500000e+02 1.078750000000000000e+02 4.027520141601562500e+02
1.716380004882812500e+02 4.456080017089843750e+02 1.807319946289062500e+02 4.565729980468750000e+02
5.319149780273437500e+02 8.686569976806640625e+01 5.317990112304687500e+02 1.018840026855468750e+02
4.242760009765625000e+02 2.367799987792968750e+02 4.694490051269531250e+02 2.350650024414062500e+02
1.562790012359619141e+01 1.538159942626953125e+02 4.243810119628906250e+02 1.520749969482421875e+02
5.256140136718750000e+02 8.416179656982421875e+01 5.393759765625000000e+02 8.430269622802734375e+01
3.603569946289062500e+02 4.236140136718750000e+02 4.315010070800781250e+02 4.625589904785156250e+02
5.561629867553710938e+01 9.492590332031250000e+01 6.878540039062500000e+00 9.415219879150390625e+01
5.443259887695312500e+02 1.065319976806640625e+02 5.520260009765625000e+02 1.054270019531250000e+02
1.230719985961914062e+02 4.252420043945312500e+01 1.994210052490234375e+02 4.881430053710937500e+01
1.686650085449218750e+01 8.953820037841796875e+01 6.561389923095703125e+01 9.208719635009765625e+01
2.958349914550781250e+02 4.437969970703125000e+02 2.821199951171875000e+02 4.555140075683593750e+02
9.221369934082031250e+01 3.290820007324218750e+02 1.043639984130859375e+02 3.431340026855468750e+02
4.985459899902343750e+02 4.568819885253906250e+02 4.771799926757812500e+02 4.640350036621093750e+02
2.993689880371093750e+02 1.022119979858398438e+02 3.393760070800781250e+02 1.019629974365234375e+02
1.255790023803710938e+02 2.523829956054687500e+02 1.105589981079101562e+02 2.533159942626953125e+02
4.917409973144531250e+02 4.667749938964843750e+02 4.986340026855468750e+02 4.575700073242187500e+02
2.514770050048828125e+02 4.331159973144531250e+02 2.511049957275390625e+02 4.493859863281250000e+02
5.719149780273437500e+02 8.235340118408203125e+01 5.957080078125000000e+02 8.036820220947265625e+01
2.854259948730468750e+02 2.653309936523437500e+02 3.020440063476562500e+02 2.631879882812500000e+02
1.506540069580078125e+02 4.519060058593750000e+02 1.623249969482421875e+02 4.410180053710937500e+02
4.318710021972656250e+02 2.340769958496093750e+02 4.143590087890625000e+02 2.342839965820312500e+02
6.110989990234375000e+02 4.156730041503906250e+02 5.783989868164062500e+02 4.276239929199218750e+02
1.138190002441406250e+02 4.074259948730468750e+02 1.226070022583007812e+02 4.161470031738281250e+02
4.256180114746093750e+02 1.558390045166015625e+02 3.218729858398437500e+02 1.565760040283203125e+02
5.594169921875000000e+02 1.129049987792968750e+02 5.569140014648437500e+02 1.266549987792968750e+02
2.732179870605468750e+02 3.008450012207031250e+02 2.635509948730468750e+02 3.049209899902343750e+02
2.045590057373046875e+02 2.773399963378906250e+02 2.169640045166015625e+02 2.802439880371093750e+02
1.629700012207031250e+02 4.506449890136718750e+02 1.623769989013671875e+02 3.706310119628906250e+02
1.046169967651367188e+02 4.191199951171875000e+02 9.883159637451171875e+01 4.136300048828125000e+02
1.581140041351318359e+01 3.404490051269531250e+02 1.078149986267089844e+01 3.354670104980468750e+02
2.527319946289062500e+02 4.489739990234375000e+02 2.603039855957031250e+02 4.415480041503906250e+02
2.054579925537109375e+01 2.584849853515625000e+02 1.143320007324218750e+02 2.501360015869140625e+02
1.935769958496093750e+02 4.174830017089843750e+02 1.822769927978515625e+02 4.095289916992187500e+02
4.460680007934570312e+01 2.707160034179687500e+02 5.302030181884765625e+01 2.723989868164062500e+02
5.550399780273437500e+02 4.322489929199218750e+02 5.062720031738281250e+02 4.522070007324218750e+02
3.168770141601562500e+02 1.565119934082031250e+02 1.881219940185546875e+02 1.568630065917968750e+02
4.318559875488281250e+02 4.718160095214843750e+02 4.811510009765625000e+02 4.560159912109375000e+02
1.802500000000000000e+02 4.578359985351562500e+02 1.643339996337890625e+02 4.617080078125000000e+02
1.627489929199218750e+02 4.621210021972656250e+02 1.520149993896484375e+02 4.527780151367187500e+02
2.068370056152343750e+02 4.140929870605468750e+02 1.930000000000000000e+02 4.159320068359375000e+02
1.216999969482421875e+02 4.169559936523437500e+02 1.042180023193359375e+02 4.195799865722656250e+02
1.391470031738281250e+02 4.615179824829101562e+01 1.059410018920898438e+02 5.662559890747070312e+01
2.385950012207031250e+02 3.943630065917968750e+02 2.388670043945312500e+02 4.331289978027343750e+02
2.698859930038452148e+00 2.793890075683593750e+02 4.292819976806640625e+00 3.268779907226562500e+02
4.631040039062500000e+02 2.254949951171875000e+02 4.732430114746093750e+02 2.238520050048828125e+02
3.618900146484375000e+02 9.213899993896484375e+01 3.756669921875000000e+02 9.137010192871093750e+01
6.383629760742187500e+02 4.049949951171875000e+02 6.179990234375000000e+02 4.127950134277343750e+02
4.826940002441406250e+02 2.393630065917968750e+02 4.817260131835937500e+02 2.731570129394531250e+02
2.780960083007812500e+02 2.553269958496093750e+02 2.680690002441406250e+02 2.562860107421875000e+02
2.505390014648437500e+02 2.981979980468750000e+02 2.654599914550781250e+02 2.971109924316406250e+02
1.593730010986328125e+02 3.655830078125000000e+02 1.602960052490234375e+02 3.931359863281250000e+02
1.856109924316406250e+02 2.431250000000000000e+02 1.839369964599609375e+02 1.593840026855468750e+02
2.642250061035156250e+02 4.620360107421875000e+02 2.525950012207031250e+02 4.511929931640625000e+02
1.864889984130859375e+02 1.593580017089843750e+02 1.881029968261718750e+02 2.431250000000000000e+02
3.806799926757812500e+02 4.443760070800781250e+02 3.800809936523437500e+02 4.781380004882812500e+02
2.867300109863281250e+02 4.584519958496093750e+02 2.659930114746093750e+02 4.617149963378906250e+02
5.420830154418945312e+01 3.230090026855468750e+02 2.244179992675781250e+02 3.022260131835937500e+02
3.177460021972656250e+02 2.331239929199218750e+02 3.179070129394531250e+02 1.593750000000000000e+02
5.556140136718750000e+02 1.291320037841796875e+02 4.968770141601562500e+02 1.288560028076171875e+02
4.081090087890625000e+02 2.319900054931640625e+02 4.143729858398437500e+02 2.320619964599609375e+02
3.632109985351562500e+02 4.543770141601562500e+02 3.625769958496093750e+02 4.781440124511718750e+02
3.357130050659179688e+00 2.760710144042968750e+02 9.299860000610351562e+00 2.729809875488281250e+02
1.568850040435791016e+01 1.618719940185546875e+02 2.078569984436035156e+01 2.568659973144531250e+02
3.726759948730468750e+02 4.119750061035156250e+02 3.673309936523437500e+02 3.880230102539062500e+02
1.741459960937500000e+02 4.458800048828125000e+02 2.255540008544921875e+02 4.340679931640625000e+02
2.245220031738281250e+02 3.092839965820312500e+02 5.425749969482421875e+01 3.309509887695312500e+02
3.466780090332031250e+02 2.858609924316406250e+02 3.584549865722656250e+02 2.835750122070312500e+02
5.293510131835937500e+02 1.155780029296875000e+02 5.368519897460937500e+02 1.118280029296875000e+02
2.329909973144531250e+02 3.010130004882812500e+02 2.408829956054687500e+02 2.997829895019531250e+02
1.059660034179687500e+02 4.822180175781250000e+01 1.230059967041015625e+02 4.390499877929687500e+01
5.556010131835937500e+02 1.167740020751953125e+02 5.455700073242187500e+02 1.191429977416992188e+02
1.818849945068359375e+02 1.569360046386718750e+02 1.561610031127929688e+01 1.582030029296875000e+02
5.429840087890625000e+02 4.428980102539062500e+02 5.577219848632812500e+02 4.337269897460937500e+02
2.407859954833984375e+02 3.064460144042968750e+02 2.328560028076171875e+02 3.080039978027343750e+02
2.609389953613281250e+02 3.038099975585937500e+02 2.504049987792968750e+02 3.055199890136718750e+02
3.680270080566406250e+02 2.823580017089843750e+02 3.969440002441406250e+02 2.786669921875000000e+02
5.082179870605468750e+02 4.546239929199218750e+02 5.434390258789062500e+02 4.414649963378906250e+02
2.266260070800781250e+02 3.856359863281250000e+02 2.275039978027343750e+02 4.056520080566406250e+02
2.840719909667968750e+02 4.488670043945312500e+02 2.588789978027343750e+02 4.352969970703125000e+02
1.191549968719482422e+01 3.257390136718750000e+02 7.399030208587646484e+00 2.779570007324218750e+02
4.793630065917968750e+02 2.406410064697265625e+02 4.056199951171875000e+02 2.413480072021484375e+02
6.131550292968750000e+02 7.966929626464843750e+01 6.256510009765625000e+02 7.837570190429687500e+01
2.681359863281250000e+02 2.528580017089843750e+02 2.806659851074218750e+02 2.533699951171875000e+02
4.951770019531250000e+02 1.242289962768554688e+02 5.207109985351562500e+02 1.160429992675781250e+02
5.388839721679687500e+02 3.682399902343750000e+02 5.361900024414062500e+02 3.567430114746093750e+02
1.582079925537109375e+02 5.133739852905273438e+01 1.681640014648437500e+02 5.287419891357421875e+01
3.207690124511718750e+02 2.618580017089843750e+02 3.067720031738281250e+02 2.634920043945312500e+02
5.355919799804687500e+02 1.140630035400390625e+02 5.545269775390625000e+02 1.120579986572265625e+02
2.807990112304687500e+02 2.686149902343750000e+02 2.666900024414062500e+02 2.700230102539062500e+02
3.570150146484375000e+02 3.823970031738281250e+02 3.218580017089843750e+02 3.918110046386718750e+02
2.775069885253906250e+02 4.723110046386718750e+02 2.866679992675781250e+02 4.653519897460937500e+02
2.618290100097656250e+02 4.695509948730468750e+02 2.607850036621093750e+02 4.618529968261718750e+02
4.167799987792968750e+02 1.256930007934570312e+02 4.163980102539062500e+02 1.180859985351562500e+02
2.362660064697265625e+02 4.665719909667968750e+02 1.948910064697265625e+02 4.786440124511718750e+02
3.206919860839843750e+02 1.593760070800781250e+02 3.197929992675781250e+02 2.331300048828125000e+02
3.173880004882812500e+02 3.904509887695312500e+02 2.947040100097656250e+02 4.420199890136718750e+02
2.873340148925781250e+02 4.636709899902343750e+02 2.941879882812500000e+02 4.579030151367187500e+02
6.134290161132812500e+02 4.230429992675781250e+02 6.338090209960937500e+02 4.085780029296875000e+02
5.590579833984375000e+02 4.782070007324218750e+02 5.519080200195312500e+02 4.506170043945312500e+02
5.531079711914062500e+02 3.177650070190429688e+01 5.830850219726562500e+02 2.663899993896484375e+01
6.403129882812500000e+02 4.549679870605468750e+02 6.191740112304687500e+02 4.800620117187500000e+02
4.530910034179687500e+02 3.706149902343750000e+02 4.552690124511718750e+02 3.630230102539062500e+02
3.619509887695312500e+02 4.390520019531250000e+02 3.494200134277343750e+02 4.384479980468750000e+02
1.790270042419433594e+01 2.605750122070312500e+02 1.277989959716796875e+01 1.543919982910156250e+02
2.452149963378906250e+02 4.781260070800781250e+02 2.449989929199218750e+02 3.981229858398437500e+02
4.471130065917968750e+02 2.431300048828125000e+02 4.463540039062500000e+02 2.768909912109375000e+02
4.174339904785156250e+02 3.700010070800781250e+02 4.079679870605468750e+02 3.804840087890625000e+02
8.810579681396484375e+01 1.038259963989257812e+02 2.168959960937500000e+02 1.073519973754882812e+02
1.021490020751953125e+02 3.431019897460937500e+02 1.038430023193359375e+02 3.631700134277343750e+02
6.888450145721435547e+00 2.787369995117187500e+02 4.813420104980468750e+01 2.786099853515625000e+02
5.137659912109375000e+02 3.463680114746093750e+02 5.023900146484375000e+02 3.600119934082031250e+02
6.070540161132812500e+02 4.098770141601562500e+02 6.383419799804687500e+02 3.987340087890625000e+02
2.071799926757812500e+02 3.665450134277343750e+02 1.955729980468750000e+02 3.997929992675781250e+02
5.097560119628906250e+02 4.454249877929687500e+02 5.717919921875000000e+02 4.228970031738281250e+02
3.624580078125000000e+02 3.907680053710937500e+02 3.672789916992187500e+02 4.133059997558593750e+02
1.958139953613281250e+02 3.974150085449218750e+02 1.908020019531250000e+02 4.049070129394531250e+02
3.093739929199218750e+02 2.464900054931640625e+02 3.193739929199218750e+02 2.464550018310546875e+02
2.505620002746582031e+01 2.660790100097656250e+02 1.836219978332519531e+01 2.603479919433593750e+02
4.273139953613281250e+02 1.531109924316406250e+02 4.260490112304687500e+02 2.243829956054687500e+02
5.159249877929687500e+02 1.306360015869140625e+02 5.117650146484375000e+02 2.418710021972656250e+02
3.082570075988769531e+01 4.789899902343750000e+02 1.495650024414062500e+02 4.514429931640625000e+02
4.367579956054687500e+02 3.651119995117187500e+02 4.193099975585937500e+02 3.690880126953125000e+02
2.940799865722656250e+02 3.517529907226562500e+02 2.908940124511718750e+02 3.594859924316406250e+02
6.190490112304687500e+02 4.141080017089843750e+02 6.128640136718750000e+02 4.216610107421875000e+02
2.543399963378906250e+02 1.126429977416992188e+02 1.581199951171875000e+02 1.082360000610351562e+02
4.143580017089843750e+02 1.184339981079101562e+02 3.581440124511718750e+02 1.152880020141601562e+02
3.923699951171875000e+02 4.781380004882812500e+02 3.930320129394531250e+02 4.531229858398437500e+02
2.033209991455078125e+02 4.076740112304687500e+02 1.941360015869140625e+02 4.036749877929687500e+02
4.440339965820312500e+02 2.781570129394531250e+02 4.452489929199218750e+02 2.431119995117187500e+02
4.051919860839843750e+02 2.415950012207031250e+02 3.944150085449218750e+02 2.367850036621093750e+02
2.594939880371093750e+02 4.656329956054687500e+02 2.543020019531250000e+02 4.651350097656250000e+02
5.096520080566406250e+02 2.417969970703125000e+02 5.060329895019531250e+02 2.289089965820312500e+02
5.093640136718750000e+02 2.256250000000000000e+02 5.130020141601562500e+02 1.306199951171875000e+02
1.839869995117187500e+02 3.362019958496093750e+02 1.891679992675781250e+02 3.396830139160156250e+02
4.948030090332031250e+02 4.698880004882812500e+02 5.078259887695312500e+02 4.553569946289062500e+02
5.261060180664062500e+02 3.134410095214843750e+02 5.275499877929687500e+02 3.055199890136718750e+02
4.047380065917968750e+02 3.907709960937500000e+02 3.985100097656250000e+02 4.062810058593750000e+02
4.237130126953125000e+02 2.243650054931640625e+02 4.245939941406250000e+02 1.681089935302734375e+02
5.443690185546875000e+02 3.537319946289062500e+02 5.581300048828125000e+02 3.538689880371093750e+02
4.756170043945312500e+02 9.455809783935546875e+01 4.518569946289062500e+02 9.353340148925781250e+01
1.491640014648437500e+02 4.560209960937500000e+02 5.704380035400390625e+01 4.788080139160156250e+02
5.729660034179687500e+02 3.342569885253906250e+02 5.659840087890625000e+02 3.437170104980468750e+02
5.498209838867187500e+02 4.531539916992187500e+02 5.507290039062500000e+02 4.781669921875000000e+02
3.906390075683593750e+02 2.556260070800781250e+02 3.914769897460937500e+02 2.356080017089843750e+02
5.141250000000000000e+02 1.024940032958984375e+02 5.218729858398437500e+02 1.056289978027343750e+02
5.818109741210937500e+02 6.493800354003906250e+01 6.330869750976562500e+02 6.323920059204101562e+01
2.307850036621093750e+02 4.375429992675781250e+02 1.782980041503906250e+02 4.500979919433593750e+02
4.657369995117187500e+02 6.223030090332031250e+01 4.446080017089843750e+02 6.886759948730468750e+01
3.931180114746093750e+02 2.345619964599609375e+02 4.068949890136718750e+02 2.350410003662109375e+02
4.916579895019531250e+02 4.704849853515625000e+02 4.864089965820312500e+02 4.786300048828125000e+02
5.020620117187500000e+02 3.608370056152343750e+02 4.805249938964843750e+02 3.635979919433593750e+02
5.817189941406250000e+02 2.525069999694824219e+01 5.179869995117187500e+02 1.390279960632324219e+01
4.831849975585937500e+02 3.701250000000000000e+02 4.994309997558593750e+02 3.688299865722656250e+02
1.690440063476562500e+02 3.881340026855468750e+02 1.686130065917968750e+02 3.731109924316406250e+02
4.318210144042968750e+02 5.971989822387695312e+01 4.668450012207031250e+02 5.763010025024414062e+01
6.372080078125000000e+02 3.189259948730468750e+02 6.293439941406250000e+02 3.349979858398437500e+02
2.511940002441406250e+02 4.206229858398437500e+02 2.512369995117187500e+02 4.043729858398437500e+02
4.056329956054687500e+02 2.395260009765625000e+02 4.219039916992187500e+02 2.386990051269531250e+02
2.168750000000000000e+02 1.331250000000000000e+02 2.681250000000000000e+02 1.331250000000000000e+02
5.656610107421875000e+02 3.432619934082031250e+02 5.430859985351562500e+02 3.492290039062500000e+02
3.431799926757812500e+02 4.467600097656250000e+02 3.522489929199218750e+02 4.510929870605468750e+02
4.311420059204101562e+01 2.605490112304687500e+02 2.334000015258789062e+01 2.633779907226562500e+02
5.717410278320312500e+02 3.047319946289062500e+02 5.739019775390625000e+02 2.979739990234375000e+02
4.044970092773437500e+02 2.320910034179687500e+02 2.794249877929687500e+02 2.424779968261718750e+02
1.606250000000000000e+02 1.318750000000000000e+02 2.018750000000000000e+02 1.318750000000000000e+02
4.000199890136718750e+02 4.756530151367187500e+02 4.007869873046875000e+02 4.581319885253906250e+02
6.030219726562500000e+02 4.380759887695312500e+02 5.889760131835937500e+02 4.672839965820312500e+02
6.215389966964721680e-01 1.044980010986328125e+02 3.063299942016601562e+01 1.053399963378906250e+02
6.541889953613281250e+01 9.387760162353515625e+01 5.555780029296875000e+01 9.796269989013671875e+01
6.331229858398437500e+02 6.690039825439453125e+01 6.143900146484375000e+02 6.542839813232421875e+01
5.493690185546875000e+02 8.770429992675781250e+01 5.356220092773437500e+02 8.789949798583984375e+01
2.769179992675781250e+02 2.424120025634765625e+02 1.968359985351562500e+02 2.488899993896484375e+02
4.442650146484375000e+02 6.726000213623046875e+01 4.294030151367187500e+02 6.302510070800781250e+01
3.312770080566406250e+01 1.054860000610351562e+02 7.561170196533203125e+01 1.063099975585937500e+02
5.939590072631835938e+01 2.596480102539062500e+02 4.687350082397460938e+01 2.606050109863281250e+02
5.406799926757812500e+02 4.681340026855468750e+02 5.429650268554687500e+02 4.543479919433593750e+02
