3.043989868164062500e+02 3.274039916992187500e+02 3.431889953613281250e+02 3.286889953613281250e+02
3.393800048828125000e+02 3.242439880371093750e+02 3.080339965820312500e+02 3.230889892578125000e+02
6.056279907226562500e+02 3.091359863281250000e+02 4.843819885253906250e+02 3.075679931640625000e+02
3.529620056152343750e+02 3.236090087890625000e+02 4.095249938964843750e+02 3.426809997558593750e+02
6.381370239257812500e+02 3.090849914550781250e+02 6.118759765625000000e+02 3.094240112304687500e+02
4.743649902343750000e+02 3.075849914550781250e+02 4.381220092773437500e+02 3.070679931640625000e+02
5.431049804687500000e+02 3.175690002441406250e+02 6.055700073242187500e+02 3.153420104980468750e+02
1.503849945068359375e+02 4.088990020751953125e+01 4.868880004882812500e+02 9.429419708251953125e+01
6.118690185546875000e+02 3.157829895019531250e+02 6.381389770507812500e+02 3.156369934082031250e+02
2.679909973144531250e+02 3.199089965820312500e+02 2.768120117187500000e+02 3.221270141601562500e+02
3.355549926757812500e+02 2.774419860839843750e+02 3.217080078125000000e+02 2.757200012207031250e+02
8.311910247802734375e+01 1.426809997558593750e+02 1.489230041503906250e+02 4.114229965209960938e+01
3.411189880371093750e+02 3.194479980468750000e+02 3.520220031738281250e+02 3.240249938964843750e+02
8.145390319824218750e+01 1.903170013427734375e+02 8.714689636230468750e+01 1.594250030517578125e+02
4.865920104980468750e+02 9.686409759521484375e+01 4.864580078125000000e+02 1.156309967041015625e+02
3.325299987792968750e+02 3.490960083007812500e+02 6.541439819335937500e+01 3.056709899902343750e+02
1.566539955139160156e+01 3.068330078125000000e+02 1.578880023956298828e+01 3.143720092773437500e+02
3.194110107421875000e+02 2.807130126953125000e+02 3.368940124511718750e+02 2.812510070800781250e+02
2.178459930419921875e+01 3.147349853515625000e+02 1.678580093383789062e+01 3.134809875488281250e+02
6.220909881591796875e+01 3.052720031738281250e+02 6.798069763183593750e+01 2.902820129394531250e+02
5.124450073242187500e+02 1.718719940185546875e+02 5.124260253906250000e+02 1.843719940185546875e+02
5.026489868164062500e+02 1.431080017089843750e+02 5.025039978027343750e+02 1.581190032958984375e+02
1.468359985351562500e+02 1.009550018310546875e+02 5.029649963378906250e+02 1.432200012207031250e+02
4.312319946289062500e+01 2.096300048828125000e+02 5.733399963378906250e+01 2.017059936523437500e+02
4.995109863281250000e+02 1.686849975585937500e+02 5.117829895019531250e+02 1.710959930419921875e+02
2.718540000915527344e+01 2.628330078125000000e+02 2.390730094909667969e+01 2.733680114746093750e+02
8.687169647216796875e+01 1.639019927978515625e+02 8.253980255126953125e+01 1.429869995117187500e+02
2.831310119628906250e+02 3.266220092773437500e+02 2.968739929199218750e+02 3.269259948730468750e+02
3.446350097656250000e+02 3.277969970703125000e+02 3.398179931640625000e+02 3.226270141601562500e+02
4.343739929199218750e+02 3.093980102539062500e+02 4.731640014648437500e+02 3.107990112304687500e+02
4.458799839019775391e+00 2.528970031738281250e+02 1.187530040740966797e+01 2.556239929199218750e+02
5.032669982910156250e+02 1.902129974365234375e+02 5.695659790039062500e+02 1.958950042724609375e+02
2.411330032348632812e+01 3.294150085449218750e+02 2.142560005187988281e+01 3.119440002441406250e+02
3.745100097656250000e+02 3.701560058593750000e+02 3.146019897460937500e+02 3.529760131835937500e+02
3.152440071105957031e+01 3.007260131835937500e+02 2.829089927673339844e+01 3.293940124511718750e+02
4.031819820404052734e+00 2.517160034179687500e+02 6.598840236663818359e+00 2.461690063476562500e+02
4.932749938964843750e+02 1.611410064697265625e+02 5.028320007324218750e+02 1.583650054931640625e+02
6.043469848632812500e+02 3.022330017089843750e+02 5.190880126953125000e+02 2.955199890136718750e+02
3.493070068359375000e+02 3.169140014648437500e+02 3.417619934082031250e+02 3.165150146484375000e+02
5.219160079956054688e+01 3.125090026855468750e+02 3.313040161132812500e+01 3.105719909667968750e+02
2.432539939880371094e+01 2.738450012207031250e+02 3.063159942626953125e+01 2.742789916992187500e+02
1.313249969482421875e+01 3.093609924316406250e+02 6.178280115127563477e-01 3.094370117187500000e+02
2.219449996948242188e+01 2.833559875488281250e+02 3.206399917602539062e+01 2.743439941406250000e+02
3.546359863281250000e+02 2.129329986572265625e+02 3.319849853515625000e+02 1.917570037841796875e+02
4.779739990234375000e+02 1.187839965820312500e+02 4.879599914550781250e+02 1.162300033569335938e+02
3.419930114746093750e+02 3.161990051269531250e+02 3.335939941406250000e+02 3.225000000000000000e+02
2.991979980468750000e+01 2.290379943847656250e+02 2.262380027770996094e+01 2.234049987792968750e+02
5.125679931640625000e+02 1.835130004882812500e+02 5.049979858398437500e+02 1.884040069580078125e+02
3.225509948730468750e+02 1.838540039062500000e+02 2.868089904785156250e+02 2.170000000000000000e+02
5.912779998779296875e+01 2.944129943847656250e+02 5.497159957885742188e+01 3.016809997558593750e+02
2.956499938964843750e+02 3.234450073242187500e+02 2.999280090332031250e+02 3.293099975585937500e+02
3.616199874877929688e+01 2.955400085449218750e+02 3.525059890747070312e+01 3.032290039062500000e+02
4.828710021972656250e+02 1.193789978027343750e+02 4.831619873046875000e+02 1.368950042724609375e+02
6.785389709472656250e+01 1.943800048828125000e+02 6.792810058593750000e+01 1.793679962158203125e+02
5.939840087890625000e+02 1.652350006103515625e+02 5.984249877929687500e+02 1.801640014648437500e+02
1.941340026855468750e+02 4.412919998168945312e+00 3.878940124511718750e+02 4.060950088500976562e+01
4.724979858398437500e+02 1.356320037841796875e+02 4.723519897460937500e+02 1.231190032958984375e+02
5.782529907226562500e+02 1.907899932861328125e+02 5.754190063476562500e+02 1.715370025634765625e+02
2.932409973144531250e+02 3.389519958496093750e+02 2.684010009765625000e+02 3.321229858398437500e+02
2.932810020446777344e+01 3.334339904785156250e+02 1.187139987945556641e+01 3.343030090332031250e+02
2.602529907226562500e+02 3.205369873046875000e+02 2.595719909667968750e+02 3.331359863281250000e+02
5.846609878540039062e+01 2.411670074462890625e+02 6.127510070800781250e+01 2.329210052490234375e+02
5.000140075683593750e+02 1.609270019531250000e+02 4.930859985351562500e+02 1.756069946289062500e+02
4.845069885253906250e+02 3.056329956054687500e+02 4.842319946289062500e+02 2.681260070800781250e+02
4.212109985351562500e+02 3.387959899902343750e+02 3.676839904785156250e+02 3.262550048828125000e+02
5.683419799804687500e+02 1.826210021972656250e+02 5.743850097656250000e+02 1.819629974365234375e+02
5.143880004882812500e+02 3.151600036621093750e+02 4.881229858398437500e+02 3.144549865722656250e+02
1.666609954833984375e+02 4.080810165405273438e+01 1.933370056152343750e+02 4.190239906311035156e+00
6.030910034179687500e+02 1.735160064697265625e+02 6.103040161132812500e+02 1.837180023193359375e+02
6.130889892578125000e+02 1.850090026855468750e+02 6.173920288085937500e+02 1.934960021972656250e+02
4.843550109863281250e+02 3.109230041503906250e+02 5.168790283203125000e+02 3.130650024414062500e+02
5.679349975585937500e+02 1.809389953613281250e+02 5.656550292968750000e+02 1.886439971923828125e+02
5.601040039062500000e+02 1.939640045166015625e+02 5.676459960937500000e+02 1.915980072021484375e+02
6.385549926757812500e+02 3.699679870605468750e+02 5.888259887695312500e+02 3.587640075683593750e+02
5.968229980468750000e+02 2.577409973144531250e+02 5.868369750976562500e+02 2.590929870605468750e+02
3.876709899902343750e+02 4.187250137329101562e+01 3.876220092773437500e+02 7.562609863281250000e+01
3.620899963378906250e+02 3.371080017089843750e+02 3.043970031738281250e+02 3.316409912109375000e+02
3.283370056152343750e+02 1.891799926757812500e+02 3.229379882812500000e+02 1.832969970703125000e+02
2.901180114746093750e+02 2.132310028076171875e+02 3.182879943847656250e+02 2.366790008544921875e+02
4.355320129394531250e+02 3.031239929199218750e+02 4.359299926757812500e+02 2.706289978027343750e+02
1.559749984741210938e+01 2.677890014648437500e+02 2.573430061340332031e+01 2.669580078125000000e+02
5.254679870605468750e+01 2.112369995117187500e+02 6.167770004272460938e+01 2.095549926757812500e+02
3.414989929199218750e+02 2.552279968261718750e+02 3.704100036621093750e+02 2.278970031738281250e+02
5.675040054321289062e+01 1.895489959716796875e+02 6.325030136108398438e+01 1.941999969482421875e+02
6.105180053710937500e+02 2.504450073242187500e+02 6.243790283203125000e+02 2.518309936523437500e+02
2.120160064697265625e+02 2.951820068359375000e+02 2.062449951171875000e+02 3.096229858398437500e+02
4.855509948730468750e+02 3.160320129394531250e+02 4.968829956054687500e+02 3.180820007324218750e+02
3.540079956054687500e+02 2.462579956054687500e+02 3.595840148925781250e+02 2.542290039062500000e+02
6.193250122070312500e+02 1.943930053710937500e+02 6.281619873046875000e+02 1.940370025634765625e+02
2.911479949951171875e+01 2.295180053710937500e+02 3.209260177612304688e+01 2.349420013427734375e+02
5.042479858398437500e+02 3.720260009765625000e+02 3.692070007324218750e+02 3.686940002441406250e+02
6.289329833984375000e+02 2.776960144042968750e+02 6.377310180664062500e+02 2.753800048828125000e+02
2.566090087890625000e+02 3.332219848632812500e+02 2.577309875488281250e+02 3.218359985351562500e+02
2.842019958496093750e+02 3.224070129394531250e+02 2.932120056152343750e+02 3.216159973144531250e+02
3.315220031738281250e+02 1.793049926757812500e+02 3.298129882812500000e+02 1.879649963378906250e+02
3.137239933013916016e+00 2.400180053710937500e+02 1.318120002746582031e+01 2.398269958496093750e+02
1.713179969787597656e+01 2.632959899902343750e+02 8.220999717712402344e+00 2.649060058593750000e+02
1.438560028076171875e+02 2.556139984130859375e+02 1.426999969482421875e+02 3.081159973144531250e+02
4.949639892578125000e+01 3.040639953613281250e+02 5.150899887084960938e+01 3.129240112304687500e+02
1.431029968261718750e+02 1.456219940185546875e+02 1.431560058593750000e+02 1.668719940185546875e+02
2.944259948730468750e+02 3.323609924316406250e+02 2.818150024414062500e+02 3.315159912109375000e+02
7.595939636230468750e+01 1.746699981689453125e+02 6.990280151367187500e+01 1.815299987792968750e+02
5.269019775390625000e+02 3.023840026855468750e+02 6.044359741210937500e+02 3.052120056152343750e+02
4.700480041503906250e+02 1.243690032958984375e+02 4.701430053710937500e+02 1.343800048828125000e+02
6.136060180664062500e+02 2.547640075683593750e+02 6.096770019531250000e+02 2.596189880371093750e+02
1.722730064392089844e+01 2.291219940185546875e+02 2.248229980468750000e+01 2.364389953613281250e+02
2.286610031127929688e+01 2.767730102539062500e+02 1.936890029907226562e+01 2.856229858398437500e+02
3.239330139160156250e+02 2.540529937744140625e+02 3.543670043945312500e+02 2.122100067138671875e+02
3.086309909820556641e+00 2.887980041503906250e+02 9.981149673461914062e+00 2.733959960937500000e+02
4.381250000000000000e+02 2.681159973144531250e+02 4.743689880371093750e+02 2.695199890136718750e+02
5.932000122070312500e+02 3.586449890136718750e+02 5.565109863281250000e+02 3.342900085449218750e+02
3.966900024414062500e+02 3.424660034179687500e+02 3.601040039062500000e+02 3.310440063476562500e+02
2.806250000000000000e+02 2.581019897460937500e+02 3.106369934082031250e+02 2.576380004882812500e+02
4.958309936523437500e+02 3.173160095214843750e+02 5.038689880371093750e+02 3.363659973144531250e+02
3.663349914550781250e+02 2.037200012207031250e+02 2.970440063476562500e+02 2.863729858398437500e+02
1.490540008544921875e+02 7.561319732666015625e+01 1.482720031738281250e+02 9.688040161132812500e+01
6.381489868164062500e+02 3.263290100097656250e+02 5.443590087890625000e+02 3.222359924316406250e+02
3.877410125732421875e+01 2.042899932861328125e+02 3.988439941406250000e+01 2.127290039062500000e+02
1.443910064697265625e+02 1.616920013427734375e+02 1.929779968261718750e+02 1.660249938964843750e+02
3.743519897460937500e+02 2.294019927978515625e+02 3.635390014648437500e+02 2.203769989013671875e+02
1.419909973144531250e+02 2.019290008544921875e+02 1.411569976806640625e+02 2.231950073242187500e+02
1.063619995117187500e+01 3.011629943847656250e+02 6.190180182456970215e-01 3.010050048828125000e+02
1.471510009765625000e+02 1.436109924316406250e+02 1.443880004882812500e+02 1.522779998779296875e+02
2.818770141601562500e+02 3.157250061035156250e+02 2.543359985351562500e+02 3.163309936523437500e+02
6.111920166015625000e+02 2.302570037841796875e+02 6.030430297851562500e+02 2.354969940185546875e+02
1.114939975738525391e+01 2.562420043945312500e+02 5.355110168457031250e+00 2.628900146484375000e+02
1.076099991798400879e+00 2.805790100097656250e+02 1.854419946670532227e+00 2.882539978027343750e+02
6.381530151367187500e+02 2.970230102539062500e+02 6.119130249023437500e+02 3.020740051269531250e+02
1.474259948730468750e+02 1.356410064697265625e+02 1.470959930419921875e+02 1.468809967041015625e+02
2.515029907226562500e+01 2.383159942626953125e+02 3.279550170898437500e+01 2.348899993896484375e+02
3.056359863281250000e+02 3.409429931640625000e+02 3.618930053710937500e+02 3.416220092773437500e+02
6.055939941406250000e+02 2.750639953613281250e+02 6.206859741210937500e+02 2.742179870605468750e+02
5.034760131835937500e+02 3.387030029296875000e+02 5.098789978027343750e+02 3.539630126953125000e+02
3.183420104980468750e+02 3.168049926757812500e+02 3.162760009765625000e+02 3.104150085449218750e+02
2.714450073242187500e+01 2.689540100097656250e+02 3.955149841308593750e+01 2.649169921875000000e+02
4.567390060424804688e+01 2.960180053710937500e+02 3.813510131835937500e+01 2.969559936523437500e+02
1.284909973144531250e+02 1.544239959716796875e+02 1.253109970092773438e+02 1.782500000000000000e+02
4.505929870605468750e+02 2.993750000000000000e+02 4.504930114746093750e+02 2.718750000000000000e+02
2.012810058593750000e+02 1.018769989013671875e+02 2.012070007324218750e+02 8.312270355224609375e+01
4.856210021972656250e+02 2.694150085449218750e+02 5.318449707031250000e+02 2.734660034179687500e+02
3.370239868164062500e+02 1.435639953613281250e+02 3.293640136718750000e+02 1.775590057373046875e+02
3.620809936523437500e+02 2.205019989013671875e+02 3.472439880371093750e+02 2.396609954833984375e+02
4.155390014648437500e+02 3.006180114746093750e+02 4.153980102539062500e+02 2.756189880371093750e+02
5.538579711914062500e+02 2.378580017089843750e+02 5.459229736328125000e+02 2.336869964599609375e+02
6.381820068359375000e+02 2.610369873046875000e+02 6.293029785156250000e+02 2.604379882812500000e+02
3.318500061035156250e+02 1.893690032958984375e+02 3.418299865722656250e+02 1.456150054931640625e+02
3.456050109863281250e+01 2.353300018310546875e+02 4.251620101928710938e+01 2.403419952392578125e+02
4.731619873046875000e+02 3.195499877929687500e+02 3.581279907226562500e+02 3.155469970703125000e+02
2.189509963989257812e+01 2.182209930419921875e+02 3.581900024414062500e+01 2.153000030517578125e+02
2.554069976806640625e+02 1.118779983520507812e+02 2.550339965820312500e+02 8.436609649658203125e+01
5.869719848632812500e+02 2.619920043945312500e+02 6.056920166015625000e+02 2.636000061035156250e+02
3.974879837036132812e+01 2.951560058593750000e+02 2.936560058593750000e+01 2.868869934082031250e+02
4.992589950561523438e+01 2.230500030517578125e+02 5.847650146484375000e+01 2.190399932861328125e+02
3.756090087890625000e+02 3.447650146484375000e+02 3.156539916992187500e+02 3.459060058593750000e+02
1.596049976348876953e+01 2.525939941406250000e+02 2.334199905395507812e+01 2.572590026855468750e+02
4.304309997558593750e+02 2.768489990234375000e+02 4.299219970703125000e+02 3.056350097656250000e+02
5.004859924316406250e+02 2.506239929199218750e+02 5.006340026855468750e+02 2.343639984130859375e+02
3.386770019531250000e+02 2.769060058593750000e+02 3.390369873046875000e+02 2.706059875488281250e+02
3.539880065917968750e+02 2.902059936523437500e+02 3.260450134277343750e+02 3.159750061035156250e+02
4.706530151367187500e+02 2.663970031738281250e+02 4.381180114746093750e+02 2.644979858398437500e+02
4.841690063476562500e+02 2.381239929199218750e+02 4.843280029296875000e+02 2.156250000000000000e+02
5.000509948730468750e+02 2.131049957275390625e+02 5.006140136718750000e+02 1.968750000000000000e+02
3.467959899902343750e+02 1.544019927978515625e+02 3.431530151367187500e+02 1.439299926757812500e+02
4.943970031738281250e+02 3.591369934082031250e+02 4.219320068359375000e+02 3.607340087890625000e+02
2.256470031738281250e+02 1.416860046386718750e+02 2.006999969482421875e+02 1.387389984130859375e+02
6.118770141601562500e+02 3.044490051269531250e+02 6.381400146484375000e+02 3.035889892578125000e+02
4.381539916992187500e+02 2.377180023193359375e+02 4.882550048828125000e+02 2.413099975585937500e+02
8.167169952392578125e+01 2.658269958496093750e+02 1.430359954833984375e+02 2.539179992675781250e+02
1.618520050048828125e+02 7.203379821777343750e+01 2.454830017089843750e+02 8.410949707031250000e+01
2.519459991455078125e+02 3.006489868164062500e+02 2.524739990234375000e+02 2.718399963378906250e+02
4.030840148925781250e+02 2.452599945068359375e+02 4.132369995117187500e+02 2.441250000000000000e+02
6.312969970703125000e+02 2.574670104980468750e+02 6.372180175781250000e+02 2.522660064697265625e+02
1.437819976806640625e+02 9.182759857177734375e+01 1.423679962158203125e+02 1.095139999389648438e+02
3.154460144042968750e+02 3.109620056152343750e+02 3.185719909667968750e+02 2.894400024414062500e+02
1.772089996337890625e+02 9.813469696044921875e+01 1.777180023193359375e+02 8.061319732666015625e+01
3.287770080566406250e+02 2.313309936523437500e+02 3.255700073242187500e+02 2.422270050048828125e+02
4.167869873046875000e+02 1.087259979248046875e+02 4.766080017089843750e+02 1.174570007324218750e+02
1.552120056152343750e+02 3.093720092773437500e+02 1.556589965820312500e+02 2.543750000000000000e+02
4.773850097656250000e+02 2.642860107421875000e+02 4.755220031738281250e+02 3.057330017089843750e+02
1.062150001525878906e+01 3.313280029296875000e+02 2.062750053405761719e+01 3.313770141601562500e+02
4.443869934082031250e+02 2.116889953613281250e+02 4.768299865722656250e+02 2.138119964599609375e+02
4.744779968261718750e+02 2.365599975585937500e+02 4.406270141601562500e+02 2.343390045166015625e+02
2.925270080566406250e+02 2.705830078125000000e+02 2.941350097656250000e+02 2.957200012207031250e+02
1.302680053710937500e+02 1.216900024414062500e+02 1.356840057373046875e+02 1.112570037841796875e+02
2.406410064697265625e+02 1.430339965820312500e+02 2.305169982910156250e+02 1.412299957275390625e+02
3.106600036621093750e+02 1.503430023193359375e+02 2.943489990234375000e+02 1.483379974365234375e+02
3.381130065917968750e+02 3.031380004882812500e+02 3.383299865722656250e+02 2.831270141601562500e+02
1.799770050048828125e+02 8.061669921875000000e+01 1.797350006103515625e+02 9.937960052490234375e+01
5.099629974365234375e+01 1.942519989013671875e+02 4.851929855346679688e+01 1.867449951171875000e+02
2.894049987792968750e+02 1.478269958496093750e+02 2.718320007324218750e+02 1.460489959716796875e+02
3.431789855957031250e+02 1.787709960937500000e+02 4.870050048828125000e+02 1.916730041503906250e+02
4.881119995117187500e+02 2.144889984130859375e+02 5.044320068359375000e+02 2.163820037841796875e+02
4.694410095214843750e+02 3.672569885253906250e+02 4.967739868164062500e+02 3.625400085449218750e+02
1.303549957275390625e+02 1.080589981079101562e+02 1.269639968872070312e+02 1.218970031738281250e+02
3.443429870605468750e+02 2.586369934082031250e+02 3.593630065917968750e+02 2.595679931640625000e+02
1.994949951171875000e+02 8.099810028076171875e+01 1.818119964599609375e+02 7.858699798583984375e+01
1.617760009765625000e+02 9.756390380859375000e+01 1.757760009765625000e+02 9.957579803466796875e+01
2.681210021972656250e+02 1.456679992675781250e+02 2.556219940185546875e+02 1.444089965820312500e+02
4.451919860839843750e+02 2.706180114746093750e+02 4.447080078125000000e+02 2.993810119628906250e+02
2.919280090332031250e+02 9.405449676513671875e+01 2.730759887695312500e+02 9.092040252685546875e+01
2.423580017089843750e+02 2.593550109863281250e+02 2.444019927978515625e+02 3.081239929199218750e+02
1.047319984436035156e+01 2.733229980468750000e+02 1.803310012817382812e+01 2.791130065917968750e+02
3.581669921875000000e+02 3.352409973144531250e+02 3.718909912109375000e+02 3.367309875488281250e+02
3.256270141601562500e+02 3.156459960937500000e+02 3.191780090332031250e+02 3.163680114746093750e+02
3.370989990234375000e+02 1.944340057373046875e+02 3.407130126953125000e+02 1.806479949951171875e+02
1.769069976806640625e+02 7.789700317382812500e+01 1.629060058593750000e+02 7.596109771728515625e+01
5.065069885253906250e+02 2.206049957275390625e+02 5.061979980468750000e+02 2.068619995117187500e+02
4.540809936523437500e+02 1.910590057373046875e+02 4.429299926757812500e+02 1.950839996337890625e+02
2.363769989013671875e+02 2.229230041503906250e+02 2.405749969482421875e+02 2.125970001220703125e+02
5.465960083007812500e+02 3.241440124511718750e+02 5.410989990234375000e+02 3.226409912109375000e+02
1.380469970703125000e+02 9.556790161132812500e+01 1.470980072021484375e+02 8.328900146484375000e+01
1.806739959716796875e+02 1.002129974365234375e+02 1.994550018310546875e+02 1.024499969482421875e+02
5.418029785156250000e+02 2.197400054931640625e+02 5.504650268554687500e+02 2.214409942626953125e+02
6.219149780273437500e+02 2.280789947509765625e+02 6.279899902343750000e+02 2.332819976806640625e+02
2.931539916992187500e+02 1.506250000000000000e+02 2.929060058593750000e+02 1.693890075683593750e+02
6.256229858398437500e+02 2.369049987792968750e+02 6.329970092773437500e+02 2.374290008544921875e+02
3.678260040283203125e+01 2.154779968261718750e+02 4.351649856567382812e+01 2.112480010986328125e+02
2.780230102539062500e+02 2.259869995117187500e+02 2.643280029296875000e+02 2.251219940185546875e+02
3.214389953613281250e+02 2.279149932861328125e+02 3.282659912109375000e+02 2.307740020751953125e+02
3.417349853515625000e+02 9.785839843750000000e+01 4.068399963378906250e+02 1.071240005493164062e+02
4.206130065917968750e+02 2.307500000000000000e+02 4.343550109863281250e+02 2.320820007324218750e+02
2.656310119628906250e+02 2.027640075683593750e+02 2.556340026855468750e+02 2.025959930419921875e+02
2.589509887695312500e+02 2.099720001220703125e+02 2.673940124511718750e+02 2.044969940185546875e+02
1.308190002441406250e+02 1.731260070800781250e+02 1.309160003662109375e+02 1.493760070800781250e+02
3.943599853515625000e+02 2.022149963378906250e+02 3.643080139160156250e+02 2.009100036621093750e+02
2.551340026855468750e+02 8.544830322265625000e+01 3.339410095214843750e+02 9.628150177001953125e+01
4.075530090332031250e+02 2.718930053710937500e+02 4.066250000000000000e+02 3.069349975585937500e+02
1.117809982299804688e+02 2.168659973144531250e+02 1.099339981079101562e+02 2.369259948730468750e+02
1.153809967041015625e+02 1.268229980468750000e+02 1.126910018920898438e+02 1.395480041503906250e+02
4.181180114746093750e+02 3.604700012207031250e+02 3.956069946289062500e+02 3.614630126953125000e+02
4.960069885253906250e+02 2.718599853515625000e+02 4.957690124511718750e+02 2.856489868164062500e+02
1.129189987182617188e+02 1.717709960937500000e+02 1.118339996337890625e+02 1.869609985351562500e+02
1.034420013427734375e+02 1.356540069580078125e+02 1.019410018920898438e+02 1.519960021972656250e+02
2.056250000000000000e+02 1.968769989013671875e+02 1.930939941406250000e+02 1.974750061035156250e+02
4.868670043945312500e+02 1.769259948730468750e+02 5.020899963378906250e+02 1.791580047607421875e+02
3.996109924316406250e+02 2.235370025634765625e+02 3.927470092773437500e+02 2.274640045166015625e+02
5.572169799804687500e+02 2.092769927978515625e+02 5.592940063476562500e+02 2.165410003662109375e+02
4.818559875488281250e+02 3.121019897460937500e+02 4.418699951171875000e+02 3.128370056152343750e+02
1.239280014038085938e+02 2.593750000000000000e+02 1.239349975585937500e+02 3.043750000000000000e+02
2.708739929199218750e+02 3.257000122070312500e+02 2.617390136718750000e+02 3.237669982910156250e+02
1.474420013427734375e+02 1.606820068359375000e+02 1.498339996337890625e+02 1.369210052490234375e+02
1.505820007324218750e+02 1.297039947509765625e+02 1.931759948730468750e+02 1.352350006103515625e+02
3.202500000000000000e+02 2.268549957275390625e+02 3.196359863281250000e+02 2.381390075683593750e+02
2.233150024414062500e+02 8.424810028076171875e+01 2.054649963378906250e+02 8.178379821777343750e+01
4.841900024414062500e+02 1.881860046386718750e+02 4.836560058593750000e+02 1.756020050048828125e+02
3.267349853515625000e+02 3.219129943847656250e+02 3.516839904785156250e+02 3.004030151367187500e+02
2.202579956054687500e+02 3.193330078125000000e+02 2.198959960937500000e+02 3.117900085449218750e+02
1.755879974365234375e+02 1.360269927978515625e+02 1.594770050048828125e+02 1.345269927978515625e+02
3.743770141601562500e+02 2.170449981689453125e+02 3.931369934082031250e+02 2.168549957275390625e+02
1.932810058593750000e+02 1.382140045166015625e+02 1.792799987792968750e+02 1.363329925537109375e+02
2.430890045166015625e+02 8.715640258789062500e+01 2.292449951171875000e+02 8.540000152587890625e+01
2.460850067138671875e+02 8.435959625244140625e+01 2.455720062255859375e+02 1.106240005493164062e+02
2.068609924316406250e+02 2.222330017089843750e+02 1.593359985351562500e+02 2.203619995117187500e+02
1.211620025634765625e+02 1.172580032348632812e+02 1.284279937744140625e+02 1.070910034179687500e+02
3.244079895019531250e+02 1.514210052490234375e+02 3.131279907226562500e+02 1.505910034179687500e+02
3.856419982910156250e+02 3.640559997558593750e+02 4.506539916992187500e+02 3.675870056152343750e+02
2.682950134277343750e+02 9.074569702148437500e+01 2.569259948730468750e+02 8.903720092773437500e+01
4.136280119419097900e-01 3.038330078125000000e+02 1.062279987335205078e+01 3.068819885253906250e+02
3.246870117187500000e+02 3.472980041503906250e+02 3.475379943847656250e+02 3.559289855957031250e+02
5.524370117187500000e+02 2.306670074462890625e+02 5.595590209960937500e+02 2.339799957275390625e+02
3.313550109863281250e+02 9.558660125732421875e+01 3.308120117187500000e+02 1.206289978027343750e+02
2.418999938964843750e+02 1.068639984130859375e+02 2.420740051269531250e+02 8.811519622802734375e+01
2.240079956054687500e+02 1.681199951171875000e+02 2.239199981689453125e+02 1.743860015869140625e+02
3.493420104980468750e+02 1.509120025634765625e+02 4.778599853515625000e+02 1.654669952392578125e+02
1.327790069580078125e+02 1.507369995117187500e+02 1.452590026855468750e+02 1.404470062255859375e+02
3.644179992675781250e+02 3.392460021972656250e+02 3.768080139160156250e+02 3.433290100097656250e+02
3.943750000000000000e+02 3.612609863281250000e+02 3.706250000000000000e+02 3.612770080566406250e+02
3.106449890136718750e+02 9.674009704589843750e+01 2.929800109863281250e+02 9.409320068359375000e+01
4.881940002441406250e+02 2.523020019531250000e+02 5.043299865722656250e+02 2.536629943847656250e+02
2.897250061035156250e+02 1.811289978027343750e+02 2.749200134277343750e+02 1.914100036621093750e+02
6.268179931640625000e+02 2.227250061035156250e+02 6.381010131835937500e+02 2.234819946289062500e+02
1.430279998779296875e+02 2.236849975585937500e+02 2.044369964599609375e+02 2.269700012207031250e+02
3.465639953613281250e+02 2.416620025634765625e+02 3.385190124511718750e+02 2.533950042724609375e+02
4.006270141601562500e+02 1.093440017700195312e+02 3.930759887695312500e+02 1.087509994506835938e+02
5.565200195312500000e+02 3.310939941406250000e+02 5.493439941406250000e+02 3.256659851074218750e+02
3.041870117187500000e+02 2.930840148925781250e+02 2.984670104980468750e+02 3.194490051269531250e+02
4.005549926757812500e+02 1.598430023193359375e+02 3.930369873046875000e+02 1.587129974365234375e+02
4.772770080566406250e+02 2.142570037841796875e+02 4.760119934082031250e+02 2.368269958496093750e+02
5.019289855957031250e+02 3.641900024414062500e+02 5.094100036621093750e+02 3.638129882812500000e+02
4.406619873046875000e+02 1.153919982910156250e+02 4.280849914550781250e+02 1.133759994506835938e+02
4.593609924316406250e+02 1.182190017700195312e+02 4.455480041503906250e+02 1.161360015869140625e+02
8.165090179443359375e+01 2.318009948730468750e+02 8.237969970703125000e+01 2.419290008544921875e+02
2.272270050048828125e+02 8.687470245361328125e+01 2.272429962158203125e+02 1.043759994506835938e+02
4.581159973144531250e+02 1.657109985351562500e+02 4.468550109863281250e+02 1.645670013427734375e+02
4.256499938964843750e+02 2.615830078125000000e+02 4.356839904785156250e+02 2.624249877929687500e+02
1.101299972534179688e+02 2.618590087890625000e+02 1.097440032958984375e+02 3.043779907226562500e+02
5.062049865722656250e+02 2.543950042724609375e+02 5.066709899902343750e+02 2.406179962158203125e+02
2.018549957275390625e+02 1.358730010986328125e+02 2.255559997558593750e+02 1.377449951171875000e+02
3.694219970703125000e+02 1.565269927978515625e+02 3.543590087890625000e+02 1.544900054931640625e+02
4.705679931640625000e+02 1.197850036621093750e+02 4.618139953613281250e+02 1.185599975585937500e+02
1.017819976806640625e+02 1.793670043945312500e+02 1.003109970092773438e+02 1.957089996337890625e+02
9.167839813232421875e+01 1.918630065917968750e+02 9.096080017089843750e+01 2.031459960937500000e+02
4.868770141601562500e+02 2.592980041503906250e+02 4.556180114746093750e+02 2.583729858398437500e+02
2.096829986572265625e+02 2.132579956054687500e+02 2.104409942626953125e+02 2.043589935302734375e+02
1.455989990234375000e+02 2.524730072021484375e+02 2.131889953613281250e+02 2.554010009765625000e+02
1.774109954833984375e+02 1.981139984130859375e+02 1.771320037841796875e+02 2.168789978027343750e+02
3.881719970703125000e+02 1.078040008544921875e+02 3.741740112304687500e+02 1.057379989624023438e+02
5.651879882812500000e+02 2.124140014648437500e+02 5.604669799804687500e+02 2.070130004882812500e+02
3.255509948730468750e+02 9.869809722900390625e+01 3.155570068359375000e+02 9.739969635009765625e+01
2.712569885253906250e+02 1.480700073242187500e+02 2.727789916992187500e+02 1.656549987792968750e+02
4.949129943847656250e+02 1.968690032958984375e+02 4.950870056152343750e+02 2.131309967041015625e+02
4.430989990234375000e+02 1.645520019531250000e+02 4.292780151367187500e+02 1.625420074462890625e+02
3.906969909667968750e+02 1.586829986572265625e+02 3.742349853515625000e+02 1.569640045166015625e+02
3.818399963378906250e+02 2.082350006103515625e+02 3.906250000000000000e+02 2.081069946289062500e+02
5.167819824218750000e+02 2.991350097656250000e+02 5.306439819335937500e+02 3.004159851074218750e+02
1.001460037231445312e+02 2.218529968261718750e+02 9.930239868164062500e+01 2.406219940185546875e+02
1.322700042724609375e+02 1.131320037841796875e+02 1.325769958496093750e+02 9.563729858398437500e+01
2.291269989013671875e+02 1.379519958496093750e+02 3.367390136718750000e+02 1.493999938964843750e+02
4.078120117187500000e+02 1.580809936523437500e+02 4.071499938964843750e+02 1.818480072021484375e+02
4.609620056152343750e+02 1.206230010986328125e+02 4.610589904785156250e+02 1.368800048828125000e+02
4.256279907226562500e+02 1.131029968261718750e+02 4.168840026855468750e+02 1.118119964599609375e+02
3.694630126953125000e+02 1.050899963378906250e+02 3.542569885253906250e+02 1.025970001220703125e+02
3.706250000000000000e+02 1.768750000000000000e+02 3.706250000000000000e+02 1.581250000000000000e+02
3.729020080566406250e+02 1.081259994506835938e+02 3.729620056152343750e+02 1.231259994506835938e+02
3.256400146484375000e+02 1.718750000000000000e+02 3.258739929199218750e+02 1.531130065917968750e+02
8.703759765625000000e+01 2.259380035400390625e+02 1.445879974365234375e+02 1.960350036621093750e+02
4.256159973144531250e+02 2.998760070800781250e+02 4.168689880371093750e+02 2.997130126953125000e+02
8.066829681396484375e+01 2.755920104980468750e+02 8.938130187988281250e+01 2.868699951171875000e+02
3.399970092773437500e+02 2.703949890136718750e+02 3.459159851074218750e+02 2.595339965820312500e+02
4.953200073242187500e+02 2.343589935302734375e+02 4.954410095214843750e+02 2.506260070800781250e+02
4.719110107421875000e+02 1.679290008544921875e+02 4.630020141601562500e+02 1.663000030517578125e+02
4.056759948730468750e+02 1.813000030517578125e+02 3.443529968261718750e+02 1.758690032958984375e+02
5.231309814453125000e+02 3.026310119628906250e+02 4.906069946289062500e+02 3.022659912109375000e+02
2.721919860839843750e+02 9.310500335693359375e+01 2.717890014648437500e+02 1.118730010986328125e+02
5.219140014648437500e+02 2.547359924316406250e+02 5.081359863281250000e+02 2.541260070800781250e+02
3.022919921875000000e+02 2.806480102539062500e+02 3.028420104980468750e+02 2.706090087890625000e+02
4.769249877929687500e+02 1.655780029296875000e+02 4.760490112304687500e+02 1.881410064697265625e+02
4.074859924316406250e+02 1.068629989624023438e+02 4.070639953613281250e+02 1.293789978027343750e+02
4.590899963378906250e+02 1.831280059814453125e+02 4.589440002441406250e+02 1.681170043945312500e+02
3.480169982910156250e+02 2.044680023193359375e+02 3.593940124511718750e+02 2.053840026855468750e+02
5.228820190429687500e+02 2.093249969482421875e+02 5.225460205078125000e+02 2.193560028076171875e+02
3.174790039062500000e+02 2.392180023193359375e+02 3.134599914550781250e+02 2.557070007324218750e+02
2.287089996337890625e+02 1.734539947509765625e+02 2.328190002441406250e+02 1.661569976806640625e+02
1.036520004272460938e+02 1.526940002441406250e+02 1.088140029907226562e+02 1.440399932861328125e+02
1.160960006713867188e+02 1.376390075683593750e+02 1.212160034179687500e+02 1.294340057373046875e+02
5.064849853515625000e+02 3.542609863281250000e+02 5.073439941406250000e+02 3.607290039062500000e+02
1.774199981689453125e+02 1.802559967041015625e+02 1.682929992675781250e+02 1.858970031738281250e+02
1.262969970703125000e+02 3.031459960937500000e+02 1.277190017700195312e+02 2.581119995117187500e+02
4.265979919433593750e+02 3.081220092773437500e+02 4.269580078125000000e+02 2.781260070800781250e+02
2.744370117187500000e+02 1.675110015869140625e+02 2.844609985351562500e+02 1.685279998779296875e+02
2.905679931640625000e+02 1.131240005493164062e+02 2.908859863281250000e+02 9.562979888916015625e+01
4.615589904785156250e+02 1.681130065917968750e+02 4.617489929199218750e+02 1.831269989013671875e+02
1.884909973144531250e+02 1.826439971923828125e+02 1.779069976806640625e+02 1.804069976806640625e+02
2.447409973144531250e+02 1.406210021972656250e+02 2.446430053710937500e+02 1.606199951171875000e+02
3.263540039062500000e+02 1.181230010986328125e+02 3.264270019531250000e+02 9.937329864501953125e+01
3.142669982910156250e+02 2.906000061035156250e+02 3.078680114746093750e+02 3.180650024414062500e+02
4.244869995117187500e+02 2.843729858398437500e+02 4.246730041503906250e+02 2.981210021972656250e+02
2.843479919433593750e+02 1.996950073242187500e+02 2.968640136718750000e+02 2.007519989013671875e+02
4.593970031738281250e+02 2.331250000000000000e+02 4.592539978027343750e+02 2.143760070800781250e+02
1.930169982910156250e+02 1.691410064697265625e+02 2.006300048828125000e+02 1.656369934082031250e+02
1.462619934082031250e+02 2.194270019531250000e+02 1.481069946289062500e+02 1.968739929199218750e+02
4.832770080566406250e+02 1.120940017700195312e+02 1.482050018310546875e+02 6.258119964599609375e+01
3.507349853515625000e+02 1.024209976196289062e+02 3.418129882812500000e+02 1.010210037231445312e+02
4.315329895019531250e+02 2.218609924316406250e+02 4.406250000000000000e+02 2.206230010986328125e+02
4.763970031738281250e+02 1.168610000610351562e+02 4.762179870605468750e+02 1.393899993896484375e+02
5.862360229492187500e+02 2.096510009765625000e+02 5.923239746093750000e+02 2.056549987792968750e+02
4.020780029296875000e+02 1.793860015869140625e+02 4.018789978027343750e+02 1.606250000000000000e+02
4.447359924316406250e+02 1.656280059814453125e+02 4.445790100097656250e+02 1.831269989013671875e+02
3.294769897460937500e+02 1.743780059814453125e+02 3.068219909667968750e+02 1.725310058593750000e+02
2.217429962158203125e+02 1.865989990234375000e+02 2.297949981689453125e+02 1.827539978027343750e+02
2.531999969482421875e+02 1.939109954833984375e+02 2.408209991455078125e+02 1.919109954833984375e+02
3.181199951171875000e+02 3.394379882812500000e+02 3.055950012207031250e+02 3.385459899902343750e+02
1.739230041503906250e+02 2.181060028076171875e+02 1.748289947509765625e+02 1.968410034179687500e+02
1.255780029296875000e+02 2.092310028076171875e+02 1.231760025024414062e+02 2.309080047607421875e+02
5.579470214843750000e+02 2.764469909667968750e+02 5.662910156250000000e+02 2.729729919433593750e+02
2.410149993896484375e+02 1.606329956054687500e+02 2.413800048828125000e+02 1.431150054931640625e+02
9.020909881591796875e+01 2.306170043945312500e+02 8.995880126953125000e+01 2.443860015869140625e+02
1.280860042572021484e+01 4.781799926757812500e+02 1.105280017852783203e+01 4.680509948730468750e+02
2.050310058593750000e+02 2.275059967041015625e+02 2.114080047607421875e+02 2.213880004882812500e+02
1.231819992065429688e+02 3.066560058593750000e+02 1.155469970703125000e+02 3.046759948730468750e+02
5.018779907226562500e+02 2.292969970703125000e+02 4.868529968261718750e+02 2.287879943847656250e+02
5.862349853515625000e+02 2.931210021972656250e+02 5.863209838867187500e+02 2.793720092773437500e+02
6.145830078125000000e+02 2.221499938964843750e+02 6.246580200195312500e+02 2.242949981689453125e+02
3.908190002441406250e+02 2.693779907226562500e+02 3.901820068359375000e+02 3.056390075683593750e+02
4.345090026855468750e+02 2.283099975585937500e+02 4.255859985351562500e+02 2.271840057373046875e+02
5.044110107421875000e+02 2.238009948730468750e+02 5.181069946289062500e+02 2.246560058593750000e+02
8.045980453491210938e+00 2.880249938964843750e+02 1.908169937133789062e+01 2.793410034179687500e+02
2.518229980468750000e+02 1.878200073242187500e+02 2.607390136718750000e+02 1.862910003662109375e+02
4.400169982910156250e+02 2.344689941406250000e+02 4.344729919433593750e+02 2.268040008544921875e+02
3.706040039062500000e+02 2.600530090332031250e+02 3.869240112304687500e+02 2.594549865722656250e+02
5.093770141601562500e+02 2.393399963378906250e+02 5.268939819335937500e+02 2.402790069580078125e+02
5.475159912109375000e+02 2.931480102539062500e+02 5.481060180664062500e+02 2.768739929199218750e+02
1.086640014648437500e+02 1.432779998779296875e+02 1.068099975585937500e+02 1.346580047607421875e+02
4.869129943847656250e+02 2.101280059814453125e+02 4.456180114746093750e+02 2.069680023193359375e+02
4.270849914550781250e+02 2.656629943847656250e+02 4.241950073242187500e+02 2.818429870605468750e+02
4.044010009765625000e+02 2.040820007324218750e+02 3.943689880371093750e+02 2.031920013427734375e+02
5.017219848632812500e+02 1.928639984130859375e+02 4.854739990234375000e+02 1.903480072021484375e+02
4.446270141601562500e+02 1.181250000000000000e+02 4.446470031738281250e+02 1.331250000000000000e+02
4.701220092773437500e+02 1.831280059814453125e+02 4.701910095214843750e+02 1.681289978027343750e+02
5.019330139160156250e+02 2.671979980468750000e+02 4.855899963378906250e+02 2.661830139160156250e+02
1.285189971923828125e+02 2.281430053710937500e+02 1.296730041503906250e+02 2.031970062255859375e+02
2.688599853515625000e+02 1.606239929199218750e+02 2.688829956054687500e+02 1.481239929199218750e+02
4.719419860839843750e+02 3.516369934082031250e+02 4.821839904785156250e+02 3.545299987792968750e+02
2.724150085449218750e+02 1.944490051269531250e+02 2.658110046386718750e+02 1.984329986572265625e+02
1.494750061035156250e+02 1.898350067138671875e+02 1.756239929199218750e+02 1.931300048828125000e+02
1.583399963378906250e+02 1.606320037841796875e+02 1.591230010986328125e+02 1.381159973144531250e+02
5.056050109863281250e+02 2.059309997558593750e+02 5.218679809570312500e+02 2.069850006103515625e+02
3.031119995117187500e+02 1.720529937744140625e+02 2.794030151367187500e+02 1.702610015869140625e+02
3.889729919433593750e+02 1.243750000000000000e+02 3.889609985351562500e+02 1.106240005493164062e+02
3.618800048828125000e+02 2.004929962158203125e+02 3.431099853515625000e+02 1.997519989013671875e+02
4.901849975585937500e+02 2.106190032958984375e+02 4.903630065917968750e+02 1.968719940185546875e+02
4.622510070800781250e+02 2.143820037841796875e+02 4.619219970703125000e+02 2.331260070800781250e+02
5.181380004882812500e+02 2.216349945068359375e+02 5.081000061035156250e+02 2.210700073242187500e+02
1.196429977416992188e+02 1.646179962158203125e+02 1.261920013427734375e+02 1.573890075683593750e+02
2.631140136718750000e+02 2.300059967041015625e+02 2.731329956054687500e+02 2.298329925537109375e+02
2.259019927978515625e+02 2.048849945068359375e+02 2.337120056152343750e+02 2.078049926757812500e+02
1.089209976196289062e+02 1.324640045166015625e+02 1.136800003051757812e+02 1.260360031127929688e+02
5.043670043945312500e+02 2.572879943847656250e+02 5.231110229492187500e+02 2.576300048828125000e+02
3.115509948730468750e+02 1.168769989013671875e+02 3.114259948730468750e+02 9.936930084228515625e+01
1.605959930419921875e+02 1.575509948730468750e+02 1.744279937744140625e+02 1.581470031738281250e+02
4.023469848632812500e+02 1.256569976806640625e+02 4.021059875488281250e+02 1.106210021972656250e+02
2.801579895019531250e+02 3.215310058593750000e+02 3.066789855957031250e+02 2.854809875488281250e+02
2.494889984130859375e+02 1.345410003662109375e+02 1.469400024414062500e+02 1.237610015869140625e+02
5.991849975585937500e+02 2.013119964599609375e+02 6.077969970703125000e+02 1.984049987792968750e+02
3.890339965820312500e+02 1.768739929199218750e+02 3.890920104980468750e+02 1.593739929199218750e+02
1.345460052490234375e+02 3.056279907226562500e+02 1.354279937744140625e+02 2.593469848632812500e+02
6.030139770507812500e+02 3.460249938964843750e+02 5.904429931640625000e+02 3.425270080566406250e+02
1.377100067138671875e+02 1.118750000000000000e+02 1.376990051269531250e+02 9.687439727783203125e+01
3.916549987792968750e+02 1.106289978027343750e+02 3.919280090332031250e+02 1.256240005493164062e+02
1.466250000000000000e+02 6.544550323486328125e+01 8.819840240478515625e+01 1.469279937744140625e+02
2.880310058593750000e+02 1.742489929199218750e+02 3.306510009765625000e+02 1.778159942626953125e+02
3.056310119628906250e+02 1.962779998779296875e+02 2.931199951171875000e+02 1.961479949951171875e+02
1.043700027465820312e+02 1.756210021972656250e+02 1.394060058593750000e+02 1.321430053710937500e+02
5.708519897460937500e+02 2.088690032958984375e+02 5.775609741210937500e+02 2.118820037841796875e+02
3.108330078125000000e+02 1.693820037841796875e+02 3.114119873046875000e+02 1.518600006103515625e+02
2.539810028076171875e+02 1.681580047607421875e+02 2.547570037841796875e+02 1.481399993896484375e+02
1.144459991455078125e+02 1.870749969482421875e+02 1.186559982299804688e+02 1.823480072021484375e+02
4.425920104980468750e+02 1.818750000000000000e+02 4.426059875488281250e+02 1.656250000000000000e+02
2.950280151367187500e+02 2.939460144042968750e+02 2.798420104980468750e+02 3.150620117187500000e+02
2.424889984130859375e+02 2.283130035400390625e+02 2.516089935302734375e+02 2.335850067138671875e+02
2.506190032958984375e+02 2.756419982910156250e+02 2.453880004882812500e+02 2.737990112304687500e+02
1.564470062255859375e+02 2.218580017089843750e+02 1.572209930419921875e+02 2.018880004882812500e+02
9.270200347900390625e+01 1.653119964599609375e+02 1.001360015869140625e+02 1.552630004882812500e+02
8.972219848632812500e+01 3.068959960937500000e+02 9.177140045166015625e+01 2.730429992675781250e+02
4.844739990234375000e+02 1.611380004882812500e+02 4.655610046386718750e+02 1.586000061035156250e+02
1.200449981689453125e+02 1.296349945068359375e+02 1.189639968872070312e+02 1.168040008544921875e+02
1.180739974975585938e+02 1.832440032958984375e+02 1.171910018920898438e+02 1.642440032958984375e+02
4.415199890136718750e+02 1.318659973144531250e+02 4.418609924316406250e+02 1.181250000000000000e+02
3.978940124511718750e+02 2.994110107421875000e+02 3.946400146484375000e+02 2.782770080566406250e+02
2.293359985351562500e+02 1.060270004272460938e+02 2.394830017089843750e+02 1.070169982910156250e+02
3.434830017089843750e+02 1.494049987792968750e+02 3.424479980468750000e+02 1.619219970703125000e+02
2.248430023193359375e+02 1.031289978027343750e+02 2.249790039062500000e+02 8.686959838867187500e+01
2.692619934082031250e+02 1.106240005493164062e+02 2.694620056152343750e+02 9.311170196533203125e+01
4.105050048828125000e+02 2.233560028076171875e+02 4.184599914550781250e+02 2.274799957275390625e+02
9.852059936523437500e+01 2.643630065917968750e+02 9.793199920654296875e+01 3.068720092773437500e+02
4.531180114746093750e+02 1.857030029296875000e+02 4.181659851074218750e+02 1.826560058593750000e+02
3.568840026855468750e+02 2.550980072021484375e+02 3.456159973144531250e+02 2.549120025634765625e+02
4.272940063476562500e+02 1.156149978637695312e+02 4.271050109863281250e+02 1.318780059814453125e+02
1.968639984130859375e+02 2.496529998779296875e+02 1.443939971923828125e+02 2.476239929199218750e+02
3.731250000000000000e+02 1.581250000000000000e+02 3.731250000000000000e+02 1.768750000000000000e+02
3.940379943847656250e+02 2.213269958496093750e+02 4.017149963378906250e+02 2.166139984130859375e+02
2.032230072021484375e+02 1.631009979248046875e+02 1.605919952392578125e+02 1.598059997558593750e+02
1.757010040283203125e+02 1.924940032958984375e+02 1.832409973144531250e+02 1.915690002441406250e+02
2.756480102539062500e+02 2.163249969482421875e+02 2.906730041503906250e+02 2.158260040283203125e+02
1.755489959716796875e+02 1.568710021972656250e+02 1.764320068359375000e+02 1.381040039062500000e+02
3.576650085449218750e+02 3.132929992675781250e+02 3.627579956054687500e+02 2.892969970703125000e+02
2.883559875488281250e+02 1.669889984130859375e+02 2.896220092773437500e+02 1.505480041503906250e+02
2.732300109863281250e+02 1.372380065917968750e+02 2.530690002441406250e+02 1.348439941406250000e+02
9.443900299072265625e+01 1.419210052490234375e+02 1.489479980468750000e+02 6.656610107421875000e+01
3.381440124511718750e+02 1.442039947509765625e+02 2.957439880371093750e+02 1.395390014648437500e+02
3.516380004882812500e+02 1.218779983520507812e+02 3.514320068359375000e+02 1.043659973144531250e+02
4.994500122070312500e+02 3.472349853515625000e+02 4.908160095214843750e+02 3.490400085449218750e+02
1.468800048828125000e+02 3.093150024414062500e+02 1.544309997558593750e+02 3.098919982910156250e+02
1.779380035400390625e+02 2.177189941406250000e+02 1.845169982910156250e+02 2.146829986572265625e+02
3.647489929199218750e+02 2.782000122070312500e+02 3.712539978027343750e+02 2.457510070800781250e+02
6.839759826660156250e+01 2.669930114746093750e+02 7.172309875488281250e+01 2.593089904785156250e+02
9.869819641113281250e+01 1.754550018310546875e+02 9.611730194091796875e+01 1.857480010986328125e+02
3.878469848632812500e+02 2.330570068359375000e+02 3.802170104980468750e+02 2.274279937744140625e+02
4.456789855957031250e+02 1.338979949951171875e+02 4.569259948730468750e+02 1.351730041503906250e+02
3.743500061035156250e+02 1.246179962158203125e+02 3.869739990234375000e+02 1.259069976806640625e+02
8.826439666748046875e+01 2.043329925537109375e+02 8.521970367431640625e+01 1.941230010986328125e+02
8.044170379638671875e+01 2.501620025634765625e+02 9.554840087890625000e+01 2.441820068359375000e+02
1.484869995117187500e+02 6.189469909667968750e+01 1.493049926757812500e+02 4.687120056152343750e+01
3.297120056152343750e+02 2.841080017089843750e+02 3.267359924316406250e+02 3.082619934082031250e+02
2.906359863281250000e+02 1.931340026855468750e+02 2.957009887695312500e+02 1.869369964599609375e+02
5.292009887695312500e+02 2.234709930419921875e+02 5.366900024414062500e+02 2.272420043945312500e+02
9.894789886474609375e+01 1.556309967041015625e+02 9.883080291748046875e+01 1.468659973144531250e+02
6.217059936523437500e+02 2.956300048828125000e+02 6.212609863281250000e+02 2.793919982910156250e+02
1.129100036621093750e+02 3.019370117187500000e+02 1.153109970092773438e+02 2.617070007324218750e+02
3.399949951171875000e+02 1.218820037841796875e+02 3.401809997558593750e+02 1.043700027465820312e+02
2.930700073242187500e+02 9.687619781494140625e+01 2.934320068359375000e+02 1.131179962158203125e+02
3.513640136718750000e+02 1.731280059814453125e+02 3.514270019531250000e+02 1.556230010986328125e+02
4.588489990234375000e+02 1.356300048828125000e+02 4.587160034179687500e+02 1.206200027465820312e+02
1.414989929199218750e+02 2.301020050048828125e+02 1.473990020751953125e+02 2.258639984130859375e+02
1.791820068359375000e+02 1.393719940185546875e+02 1.789109954833984375e+02 1.581360015869140625e+02
4.873800048828125000e+02 1.981040039062500000e+02 4.878559875488281250e+02 2.093860015869140625e+02
9.780809783935546875e+01 2.435379943847656250e+02 1.188769989013671875e+02 2.355599975585937500e+02
4.151419982910156250e+02 1.318659973144531250e+02 4.154859924316406250e+02 1.143479995727539062e+02
5.823889770507812500e+02 2.806140136718750000e+02 5.822059936523437500e+02 2.931119995117187500e+02
1.406909942626953125e+02 2.483999938964843750e+02 8.411949920654296875e+01 2.620669860839843750e+02
2.006549987792968750e+02 2.130200042724609375e+02 2.094060058593750000e+02 2.155160064697265625e+02
1.150510025024414062e+02 2.346069946289062500e+02 1.177220001220703125e+02 2.124290008544921875e+02
3.118760070800781250e+02 2.535959930419921875e+02 3.031239929199218750e+02 2.535859985351562500e+02
5.418759765625000000e+02 2.627760009765625000e+02 5.493779907226562500e+02 2.627890014648437500e+02
1.682259979248046875e+02 1.870859985351562500e+02 1.468139953613281250e+02 1.850019989013671875e+02
1.593630065917968750e+02 2.171309967041015625e+02 1.669049987792968750e+02 2.174839935302734375e+02
2.044429931640625000e+02 8.437770080566406250e+01 2.037890014648437500e+02 1.006520004272460938e+02
1.845000000000000000e+02 2.149530029296875000e+02 1.955279998779296875e+02 2.141990051269531250e+02
6.182479858398437500e+02 2.806289978027343750e+02 6.177579956054687500e+02 2.944060058593750000e+02
2.234409942626953125e+02 2.276210021972656250e+02 2.311459960937500000e+02 2.243540039062500000e+02
2.507230072021484375e+02 2.670310058593750000e+02 2.592590026855468750e+02 2.616889953613281250e+02
2.881870117187500000e+02 1.388890075683593750e+02 2.755740051269531250e+02 1.372740020751953125e+02
4.307439880371093750e+02 1.545489959716796875e+02 3.506199951171875000e+02 1.456670074462890625e+02
3.538429870605468750e+02 1.043720016479492188e+02 3.537369995117187500e+02 1.218789978027343750e+02
4.731610107421875000e+02 1.876230010986328125e+02 4.593919982910156250e+02 1.866349945068359375e+02
3.139010009765625000e+02 9.937039947509765625e+01 3.137319946289062500e+02 1.168809967041015625e+02
4.105629882812500000e+02 3.084079895019531250e+02 4.231440124511718750e+02 3.089129943847656250e+02
3.114060058593750000e+02 2.715360107421875000e+02 3.209370117187500000e+02 2.583500061035156250e+02
8.892859649658203125e+01 2.692969970703125000e+02 8.757980346679687500e+01 2.769979858398437500e+02
1.743450012207031250e+02 1.950740051269531250e+02 1.593719940185546875e+02 1.944409942626953125e+02
4.456189880371093750e+02 3.144979858398437500e+02 4.643840026855468750e+02 3.154440002441406250e+02
1.445420074462890625e+02 1.257870025634765625e+02 8.538439941406250000e+01 1.866410064697265625e+02
4.468160095214843750e+02 2.993179931640625000e+02 4.565570068359375000e+02 3.027720031738281250e+02
5.439869995117187500e+02 2.806180114746093750e+02 5.437280273437500000e+02 2.943630065917968750e+02
2.055059967041015625e+02 1.027089996337890625e+02 2.231809997558593750e+02 1.052340011596679688e+02
2.630920104980468750e+02 5.584299850463867188e+01 2.293600006103515625e+02 5.072629928588867188e+01
2.843580017089843750e+02 1.145309982299804688e+02 2.569209899902343750e+02 1.114660034179687500e+02
1.794279937744140625e+02 1.589640045166015625e+02 1.943390045166015625e+02 1.608990020751953125e+02
4.022770080566406250e+02 2.121580047607421875e+02 4.084710083007812500e+02 2.033679962158203125e+02
2.330720062255859375e+02 1.085339965820312500e+02 2.030870056152343750e+02 1.046689987182617188e+02
1.058199996948242188e+02 1.931340026855468750e+02 1.058779983520507812e+02 1.756340026855468750e+02
4.281969909667968750e+02 1.313370056152343750e+02 4.406400146484375000e+02 1.330119934082031250e+02
1.583379974365234375e+02 7.243070220947265625e+01 1.492859954833984375e+02 7.143849945068359375e+01
4.995530090332031250e+02 1.558150024414062500e+02 4.892149963378906250e+02 1.540789947509765625e+02
3.134140014648437500e+02 1.531029968261718750e+02 3.130130004882812500e+02 1.706219940185546875e+02
3.612170104980468750e+02 2.579790039062500000e+02 3.540329895019531250e+02 2.902709960937500000e+02
4.481650085449218750e+02 1.565000000000000000e+02 4.343059997558593750e+02 1.550279998779296875e+02
4.248450012207031250e+02 1.293760070800781250e+02 4.248649902343750000e+02 1.156240005493164062e+02
4.159190063476562500e+02 1.818800048828125000e+02 4.162229919433593750e+02 1.643639984130859375e+02
1.471840057373046875e+02 1.218850021362304688e+02 1.476620025634765625e+02 1.068600006103515625e+02
1.353739929199218750e+02 1.693970031738281250e+02 1.357830047607421875e+02 1.506009979248046875e+02
1.843029937744140625e+02 4.347439956665039062e+01 1.694219970703125000e+02 4.039659881591796875e+01
4.229379882812500000e+02 2.114969940185546875e+02 4.238320007324218750e+02 2.169640045166015625e+02
3.556390075683593750e+02 1.217819976806640625e+02 3.694509887695312500e+02 1.238750000000000000e+02
1.870000000000000000e+02 1.963679962158203125e+02 1.772749938964843750e+02 1.980039978027343750e+02
4.252789916992187500e+02 1.806289978027343750e+02 4.250820007324218750e+02 1.643659973144531250e+02
3.909089965820312500e+02 2.197510070800781250e+02 3.980899963378906250e+02 2.143289947509765625e+02
5.268530273437500000e+02 2.046560058593750000e+02 5.030549926757812500e+02 2.027590026855468750e+02
1.438489990234375000e+02 1.101719970703125000e+02 8.950039672851562500e+01 1.732330017089843750e+02
4.276289978027343750e+02 1.643719940185546875e+02 4.277000122070312500e+02 1.806269989013671875e+02
9.614279937744140625e+01 2.004839935302734375e+02 9.494329833984375000e+01 1.854799957275390625e+02
1.449940032958984375e+02 1.831779937744140625e+02 1.462910003662109375e+02 1.680749969482421875e+02
1.430789947509765625e+02 2.456739959716796875e+02 1.436959991455078125e+02 2.305970001220703125e+02
1.434720001220703125e+02 1.861600036621093750e+02 8.294809722900390625e+01 2.253520050048828125e+02
2.730419921875000000e+02 1.111630020141601562e+02 2.894790039062500000e+02 1.137040023803710938e+02
9.398280334472656250e+01 2.418379974365234375e+02 9.328340148925781250e+01 2.255110015869140625e+02
8.559680175781250000e+01 2.456549987792968750e+02 8.526899719238281250e+01 2.318540039062500000e+02
8.448989868164062500e+01 2.107250061035156250e+02 8.974060058593750000e+01 2.046929931640625000e+02
3.744209899902343750e+02 1.763840026855468750e+02 3.869289855957031250e+02 1.775460052490234375e+02
1.022539978027343750e+02 3.043540039062500000e+02 1.032060012817382812e+02 2.643179931640625000e+02
1.455690002441406250e+02 2.993739929199218750e+02 1.459570007324218750e+02 2.756300048828125000e+02
2.456150054931640625e+02 3.092460021972656250e+02 2.506239929199218750e+02 3.092109985351562500e+02
3.696780090332031250e+02 2.808590087890625000e+02 3.719679870605468750e+02 2.656390075683593750e+02
1.981280059814453125e+02 3.109679870605468750e+02 1.606309967041015625e+02 3.113139953613281250e+02
5.243820190429687500e+02 2.701740112304687500e+02 5.056369934082031250e+02 2.698680114746093750e+02
1.384880065917968750e+02 1.506320037841796875e+02 1.381840057373046875e+02 1.656260070800781250e+02
3.538599853515625000e+02 1.568699951171875000e+02 3.536789855957031250e+02 1.743809967041015625e+02
1.341759948730468750e+02 2.243719940185546875e+02 1.344490051269531250e+02 2.043589935302734375e+02
2.816950035095214844e+01 4.477189941406250000e+02 1.314529991149902344e+01 4.485109863281250000e+02
2.944089965820312500e+02 1.140989990234375000e+02 3.093370056152343750e+02 1.159319992065429688e+02
1.029089965820312500e+02 2.394960021972656250e+02 1.051399993896484375e+02 2.204219970703125000e+02
1.478849945068359375e+02 7.322760009765625000e+01 1.323090057373046875e+02 9.345939636230468750e+01
1.167020034790039062e+01 4.506539916992187500e+02 1.398029994964599609e+01 4.669309997558593750e+02
3.713340148925781250e+02 3.068739929199218750e+02 3.713670043945312500e+02 2.906239929199218750e+02
3.918750000000000000e+02 3.050260009765625000e+02 4.006250000000000000e+02 3.050239868164062500e+02
4.869320068359375000e+02 4.762399902343750000e+02 4.994400024414062500e+02 4.750710144042968750e+02
6.909460067749023438e+00 4.293720092773437500e+02 5.838769912719726562e+00 4.181050109863281250e+02
4.726759948730468750e+02 2.331560058593750000e+02 4.714739990234375000e+02 2.157389984130859375e+02
4.537839965820312500e+02 1.718739929199218750e+02 4.537940063476562500e+02 1.818760070800781250e+02
1.295709991455078125e+02 9.827829742431640625e+01 1.207949981689453125e+02 1.095080032348632812e+02
5.249869918823242188e+01 4.491489868164062500e+02 5.802539825439453125e+01 4.644110107421875000e+02
1.454349975585937500e+02 1.316900024414062500e+02 1.318560028076171875e+02 1.456060028076171875e+02
3.505419921875000000e+02 6.988619995117187500e+01 3.330939941406250000e+02 6.706569671630859375e+01
1.968470001220703125e+02 4.406610107421875000e+02 2.220529937744140625e+02 4.603980102539062500e+02
5.631589965820312500e+02 4.658789978027343750e+02 5.980430297851562500e+02 4.612560119628906250e+02
1.255149993896484375e+02 1.829830017089843750e+02 8.669560241699218750e+01 2.128919982910156250e+02
2.644559936523437500e+02 1.201589965820312500e+02 2.543260040283203125e+02 1.184069976806640625e+02
2.789339904785156250e+02 1.656309967041015625e+02 2.787000122070312500e+02 1.493670043945312500e+02
1.881519927978515625e+02 4.693469848632812500e+02 1.597630004882812500e+02 4.414800109863281250e+02
6.157119750976562500e+02 4.587030029296875000e+02 6.382659912109375000e+02 4.553160095214843750e+02
3.387310028076171875e+01 4.667040100097656250e+02 2.989419937133789062e+01 4.492569885253906250e+02
2.493809967041015625e+02 1.180690002441406250e+02 2.318059997558593750e+02 1.163249969482421875e+02
2.503930053710937500e+02 1.405989990234375000e+02 2.498170013427734375e+02 1.458119964599609375e+02
2.381280059814453125e+02 3.108370056152343750e+02 2.256300048828125000e+02 3.110050048828125000e+02
1.405800018310546875e+02 1.718130035400390625e+02 1.282669982910156250e+02 1.808190002441406250e+02
2.970690002441406250e+02 1.669759979248046875e+02 2.956180114746093750e+02 1.518760070800781250e+02
1.534689941406250000e+02 4.076329956054687500e+02 1.659779968261718750e+02 4.163699951171875000e+02
6.231259765625000000e+02 3.768810119628906250e+02 6.382189941406250000e+02 3.752349853515625000e+02
2.268950042724609375e+02 1.153209991455078125e+02 2.131230010986328125e+02 1.144029998779296875e+02
1.717359924316406250e+02 1.556150054931640625e+02 1.726580047607421875e+02 1.430910034179687500e+02
2.743840026855468750e+02 3.099660034179687500e+02 2.543890075683593750e+02 3.102690124511718750e+02
1.930229949951171875e+02 1.113460006713867188e+02 1.718450012207031250e+02 1.083359985351562500e+02
2.105299987792968750e+02 1.136800003051757812e+02 1.957469940185546875e+02 1.111610031127929688e+02
1.756219940185546875e+02 3.067709960937500000e+02 1.568509979248046875e+02 3.073320007324218750e+02
1.504409942626953125e+02 4.320880126953125000e+02 1.377319946289062500e+02 4.210780029296875000e+02
1.490549926757812500e+02 1.959299926757812500e+02 1.558009948730468750e+02 1.936430053710937500e+02
6.689230346679687500e+01 4.459280090332031250e+02 5.436180114746093750e+01 4.466449890136718750e+02
6.143920288085937500e+02 4.734649963378906250e+02 6.018610229492187500e+02 4.740840148925781250e+02
3.743529968261718750e+02 3.913219909667968750e+02 3.606250000000000000e+02 3.918649902343750000e+02
2.218750000000000000e+02 3.031250000000000000e+02 2.218750000000000000e+02 2.806250000000000000e+02
