28.1104 -0.00580347 34.5256 122.025
42.9719 155.942 37.2108 59.9873
33.8347 48.5701 83.0462 62.8407
66.8008 58.9662 75.4945 264.979
67.9817 160.611 42.0349 159.834
36.8883 163.067 40.6238 225.023
48.8281 267.01 43.7194 183.078
49 267.008 74.9972 267.076
44.6771 182.306 86.0276 163.059
34.7923 3.01333 36.8497 35.0738
37.718 35.7556 91.6676 55.8906
67.5555 43.9906 67.2889 -0.0017508
38.9915 0.000311255 40.3041 35.9524
41.5137 57.9752 46.3838 158.933
42.5605 256.106 58.9999 479
47.7525 184.014 52.4419 264.974
50.8985 308.14 89.5424 258.643
75.0845 257.056 81.7418 364.954
112.916 302.957 69.5698 388.783
51.8983 313.006 54.9418 367.003
54.9409 305.934 59.1521 365.989
59.0011 366.957 78.0142 367.443
59.6749 418.059 61.5379 460.021
61.0037 418.002 121.346 294.68
146.262 103.159 113.815 360.977
145.493 112.983 143.121 42.962
123.6 193.929 122.738 210.987
108.608 210.602 76.363 242.368
83.3709 377.982 87.3959 459.931
82.0166 461.226 60.9834 460.774
62.7062 418.943 65.9238 459.006
73.062 148.178 100.249 138.714
102.147 137.94 100.336 72.9906
117.682 24.0087 122.667 205.009
129.094 32.8807 88.3384 0.841637
128.83 33.0066 130.275 69.9893
132.845 70.9746 131.733 34.008
98.7154 10.0059 99.7248 59.0057
99.8907 59.2992 116.823 65.485
118.992 140.321 102.002 139.901
102.332 140.884 82.1695 148.452
75.5431 134.157 79.9185 118.977
78.7227 0.00808024 80.1793 49.9948
86.5555 137.984 84.9018 80.0028
74.669 239.664 105.405 209.411
105.166 208.993 102.908 156.004
102.768 155.5 119.808 147.586
81.5581 323.145 106.659 280.798
106.979 280.393 122.995 279.843
81.771 478.922 108.79 399.268
84.1404 324.084 109.993 280.996
71.0562 64.7808 104.883 73.4557
86.6073 402.836 111.805 342.335
111.074 341.993 109.728 328.026
86.1785 383.544 107.561 337.259
88.9555 403.981 113.81 345.494
107.834 270.965 106.46 238.023
107.071 238.057 122.19 219.152
122.562 204.02 125.204 262.036
94.0234 452.008 113.268 396.439
102.56 478.822 155.252 53.0312
153.162 50.8979 148.63 88.0768
100.649 478.964 107.495 412.948
102.805 59.006 101.361 11.9889
103.275 73.9912 105.361 138.988
105.897 154.961 108.28 209.988
108.192 478.906 151.838 104.981
109.703 241.011 111.118 278.996
112.442 316.957 114.765 341.119
112.65 478.963 129.551 319.952
118.865 415.956 136.065 363.021
141.098 364.027 124.084 424.743
127.611 430.164 132.218 413.059
130.21 82.9615 131.706 130.009
133.028 183.95 132.019 143
125.878 386.685 130.854 368.959
125.006 356.002 149.39 288.14
133.188 81.9958 134.228 128.973
129.904 421.973 138.665 390.906
134.463 141.973 136.651 178.961
132.949 297.103 145.565 181.061
138.482 261.213 147.736 240.326
138.531 263.965 139.921 285.005
145.209 333.064 155.995 297.998
149.764 126.006 152.654 239.983
150.283 146.031 159.261 65.029
147.044 172.029 150.65 289.98
152.467 232.018 154.326 285.954
156.682 478.947 210.079 161.013
208.199 161.009 207.955 110
208.007 109.671 257.007 110.65
257.874 100.003 257.646 171.999
256.019 96.9542 218.013 96.2772
257.369 172.517 508.363 478.703
258.754 151.214 323.916 226.073
158 289 176 289
178.446 328.972 173.23 55.9956
167.398 384.066 175.423 335.904
176.532 70.0117 178.215 137.02
183.075 185.011 181.755 70.0028
178.651 194.022 177.751 180.016
178.785 187.983 180.953 286.979
193.484 57.9962 194.613 201.995
198.317 131.008 196.899 183.997
207.625 155.932 198.127 208.023
258.921 83.9815 258.521 64.0096
206.539 70.0038 206.318 42.9974
210.606 0.0266132 215.608 74.0265
213.261 372.004 211.776 478.997
215 361 215 436
215.138 459.009 213.815 478.988
224.994 76.9056 207.066 78.038
224.264 122.012 224.864 160.018
229.228 121.963 230.732 172.008
211 173.838 257 173.857
234.893 114.831 253.107 113.169
244.993 114.502 209.013 114.024
231 421 246 421
229.952 90.7482 255.972 92.4321
244.493 369.061 257.699 479.036
246.512 366.938 260.151 478.982
255.592 174.525 470.979 443.017
468.896 437.269 365.036 309.971
406.86 366.13 435.269 396.75
261.981 37.3517 291.005 38.9142
266.994 66.1269 296 65.9398
345.96 88.6121 314.982 91.8314
303.415 188.005 304.735 76.9968
311.415 192.485 325.269 203.667
264 152 264 113
266.996 76.1126 300 75.9462
261.016 48.4823 304.006 49.7911
278.379 93.9482 283.167 128.977
289.983 169.842 292.252 183.96
280.586 377.102 299.835 455.041
282.089 393.978 288.274 418.932
260.978 33.7055 366 36.9919
279.919 96.2487 302.868 93.7742
288.687 421.077 303.026 478.994
264.999 60.0701 345.974 61.4854
295.001 71.1522 316.999 70.9348
292.913 324.033 301.65 347.132
295.08 282.96 304.13 300.934
312.229 278.859 296.246 252.849
300.803 459.046 305.468 478.89
319.997 82.8917 305.981 83.2421
306.789 361.08 325.206 409.922
314.814 143.468 343.637 154.914
334 138 334 124
345.986 121.999 347.499 91.9748
356.979 94.9991 355.78 122.991
313.22 318.89 335.857 364.072
367.582 249.45 329.155 208.798
374.443 259.017 379.928 112.997
373.045 94.9675 370.591 167.02
368.335 215.991 367.915 246.999
301.813 201.16 338.769 244.198
331.342 217.667 356.989 244.011
325.964 419.014 339.61 455.147
330.954 349.025 339.635 365.196
331.858 427.053 341.622 453.142
341.171 368.914 350.829 388.086
332.184 356.907 360.905 414.048
336.206 445.924 348.317 478.884
342.883 457.043 348.059 470.978
344.081 253.931 411.337 332.712
358.71 267.428 348.81 255.154
351.72 185.989 353.438 142.978
354.307 143.147 361.057 129.027
351.133 215 351.133 201
353.794 192.299 369.089 202.871
346.769 380.116 365.104 416.452
361.521 123.194 371.994 94.9977
396.613 478.688 366.836 420.083
393.577 478.711 363.141 417.93
386.963 80.9987 379.81 281.993
404.031 282.045 412.834 81.9927
417.503 81.7898 452.96 166.599
421.671 180.015 422.264 153.006
424.301 100.012 423.074 131.003
420.024 195.001 418.078 233.004
417.641 247.975 415.525 277.966
415.451 278.607 457.487 316.568
459.104 332.935 467.561 216.041
473.208 334.772 539.527 395.424
539.532 395.791 572.068 478.58
553.464 434.537 474.025 354.975
469.041 356.935 531.258 420.748
520.103 421.854 470.857 370.136
389.052 301.956 538.654 478.446
546.062 418.936 404.302 281.688
459.484 328.085 451.968 370.994
420.506 232.757 459.763 258.363
397.961 283.763 382.003 282.941
381.419 387.736 421.514 451.307
403.154 243.005 401.848 279.959
403.035 286.48 383.022 286.948
405.051 77.3168 419.012 75.0731
420.243 74.5025 581.944 478.622
561.34 408.035 572.654 299.068
569.426 334.362 509.712 294.43
510.957 292.067 569.043 329.933
638.509 406.672 520.433 320.407
590.232 372.027 584.068 425.893
584.947 426.06 638.811 473.216
467.109 183.902 473.118 129.013
467.484 184.171 475.754 209.082
483.78 207.986 487.005 158
487.015 157.409 523.017 158.322
526 176.046 486.997 175.904
471.147 136.981 472.092 95.0021
472.036 93.6163 434.983 92.6473
432.983 86.2283 447.998 85.8971
447.952 88.0178 575.975 91.0502
586.269 86.0121 589.95 3.95288
410.172 89.9636 403.877 232.951
403.688 418.198 422.691 448.196
413.6 280.346 458.983 322.019
412.788 279.985 415.284 244.949
413.102 334.914 535.043 478.964
415.994 19.1641 519.011 22.663
516.955 25.9091 452.017 22.6652
450.26 22.9417 448.149 85.9715
417.133 208 417.133 194
415.373 232.431 463.16 263.756
427.008 73.6919 440.999 74.0416
419.716 147.985 417.841 182.991
421.107 103.001 420.73 131.984
415.46 238.769 467.697 275.431
479.595 271.977 481.203 243.067
479.959 243.016 469.848 217.059
420.79 184.507 466.271 203.345
454.34 174.283 483.281 241.88
442.206 328.793 406.229 292.771
433.495 329.494 414.226 309.779
414.788 441.134 438.496 478.687
426.089 79.008 447.015 77.1647
419.957 188.099 463.954 207.107
437.026 224.236 465.992 223.63
418.891 442.067 441.452 478.722
433.043 186.893 460.945 198.136
436.977 97.3241 470.998 96.8476
435.012 178.628 455.023 179.278
427.134 252.816 506.959 311.056
506.663 311.132 535.282 384.281
534.049 385.946 479.005 335.995
480.985 334.017 528.873 376.144
477.75 290.982 474.776 331.984
487.579 143.072 489.595 126.949
490.004 126.781 530.009 127.512
530.455 128.031 529.142 147.01
539.512 149.052 541.668 127.966
542.01 127.689 583.001 128.978
583.503 129.033 581.711 155.981
586.458 157.041 593.559 77.0496
460.176 23.9728 458.225 82.9744
465.198 358.809 520.159 415.846
490.025 242.792 517.997 241.897
518.014 244.772 489.005 245.295
477.409 281.794 503.074 300.9
480.102 274.853 502.428 290.385
492.847 267.663 512.064 315.974
489.474 266.22 478.924 241.032
495.765 282.321 480.758 271.33
483.84 210.392 578.577 249.037
487.222 121.957 487.991 90.0238
484.897 216.236 638.931 283.158
603.75 259.595 638.853 274.35
489.076 121.006 491 96
492.992 94.2911 590.977 96.8867
487 179.02 523.988 179.664
484.787 207.515 578.83 246.411
523.982 206.997 524.02 222
493 251 518 251
518.476 251.039 517.076 268.006
517.014 268.795 500.002 269.094
508.993 318.847 478.013 320.278
521.81 241.987 519.968 267.998
523.986 282.207 509.983 281.257
500.987 148.082 584.881 161.731
492.001 97.9744 530.003 98.8975
518.716 311.407 566.508 344.706
523 210.06 494 210.07
525.076 1.55653 587.011 4.79718
526.484 113.982 526.983 99.9994
512.001 209.799 571.005 210.172
573.003 222.904 534 223.046
519.909 158.461 611.11 176.444
611.674 177.067 603.821 255.982
603.963 256.085 638.874 271.289
552.966 206.765 536.044 206.014
517.008 176.526 580.992 175.501
535.474 374.813 576.457 478.82
533.582 225.027 577.45 242.894
536.971 178.997 564.006 179.788
542.968 99.0566 585.989 100.351
549.009 274.083 566.906 272.137
573.9 278.013 573.7 291.996
552.927 304.736 570.982 303.691
555.065 154.515 578.056 157.584
579 149.967 540.996 149.784
560.605 148.954 562.816 129.863
561.73 421.104 581.207 471.534
564.288 422.031 581.112 268.012
581.093 267.793 615.824 283.392
599.995 286.999 593.209 349.023
593.027 349.298 574.089 350.992
578.009 152.703 542.981 151.63
574.91 233.938 575.872 216.993
584.209 432.908 568.873 436.449
590.09 174.009 582.005 257
582.123 434.866 630.141 478.846
598.536 478.437 581.126 461.868
585.519 430.572 622.466 475.44
587.849 434.169 637.462 478.483
599.054 73.0048 591.213 161.019
598.935 72.0161 619.975 70.6261
621.812 72.9823 613.329 163.031
628.004 163.337 592.999 163.149
593.047 0.845032 639.011 2.73184
594.803 305.976 598.409 276.927
590.557 361.62 638.874 396.177
598.007 471.992 574.711 450.238
593.74 350.387 638.636 380.542
600.963 61.6839 621.042 59.3631
623.202 58.0155 626.426 15.956
597.995 316.817 638.994 315.754
594.739 342.406 638.594 370.631
598.9 469.101 575.758 446.245
600.824 253.982 607.512 187.951
594.976 347.037 638.891 376.164
585.944 424.334 638.991 419.894
603.02 37.2353 639.012 34.1438
602.271 37.0055 602.129 17.999
608.764 286.011 636.14 292.402
610.146 162.013 616.703 90.9726
622.013 222.726 607.997 222.075
604.004 438.045 638.963 434.625
592.987 441.013 633.366 478.607
618.041 129.107 635.005 129.895
632.076 307.497 619.072 305.525
631.948 311.276 619.026 308.862
622.038 168.743 638.962 171.257
625 69 639 69
639.026 168.863 607.996 163.022
639.017 98.6851 621.014 97.7376
