456.025 474.776 489.94 478.541
186.216 395.924 192.18 412.937
114.962 436.695 132.935 434.475
497.003 425.695 607.003 426.613
193.006 414.041 242.978 406.847
160.009 392.747 183.015 393.588
121.997 397.977 152.933 393.533
340.274 330.973 347.611 405.94
368.347 338.966 373.14 387.986
155.908 400.215 179.929 397.395
344.633 340.035 349.347 389.967
213.944 422.738 207.708 447.928
150.215 401.135 138.281 420.176
86.9928 420.44 136.997 419.795
548 404 605 404
356.13 238.989 360.158 285.986
603.969 388.666 637.952 385.485
584.334 339.094 589.139 372.98
600.995 391.859 637.989 390.668
607.786 415.613 626.565 405.214
53.9808 425.845 85.9859 421.886
136.291 436.928 141.486 457.879
429.141 334.085 433.798 381.02
230.293 421.93 234.555 439.868
514.268 267.101 518.804 300.027
149.997 418.983 185.96 413.726
458.014 329.998 465.384 390.954
377.253 240.983 380.034 282.998
433.207 244.111 445.362 330.949
437.458 296.07 444.291 348.962
625.789 419.105 638.525 444.739
392.823 347.012 396.233 397.984
479.993 375.941 502.045 373.39
245.213 408.028 243.787 418.972
55.9717 448.928 103.988 450.391
589.768 320.033 596.235 365.967
406.133 166.984 423.166 312.981
131.015 398.82 148.977 400.281
154.327 401.578 145.484 415.676
365.01 330.999 370.485 387.953
407.463 330.952 414.048 394.995
445.123 357.99 448.539 398.039
76.1772 322.224 98.172 327.247
611.709 297.043 613.769 311.034
451.458 356.085 457.09 391.986
491 478 547 478
466.707 187.039 475.256 250.966
608.128 293.979 610.98 311.003
614.766 296.037 616.973 310.004
502.423 262.946 507.017 298.998
617.904 297.014 619.965 311.005
462.225 259.969 467.288 296.961
502.393 329.072 508.625 381.926
611.77 341.034 615.014 362.998
380.567 240.043 385.608 291.039
517.98 409.786 586.994 408.643
516.745 205.037 524.624 259.91
410.348 334.065 415.093 381.991
387.12 329.987 394.218 397.977
420.994 383.956 445.97 380.765
472.671 331.042 480.543 393.058
623.601 298.061 626.054 313.992
620.352 295.938 623.011 310.998
489.591 263.052 494.072 297.991
627.638 289.059 631.235 310.961
522.908 214.669 637.917 182.702
608.174 426.431 621.941 420.855
624.531 421.779 633.812 444.078
448.074 253.991 452.892 295.013
494.217 207.97 497.509 231.93
448.871 355.013 453.685 401.93
167.03 221.834 179.97 224.166
292.012 417.138 307.976 415.727
506.292 211.956 509.789 235.032
360.476 236.051 365.613 289.037
626.138 296.975 628.862 312.025
63.0112 261.875 78.9732 263.301
425.8 330.022 432.713 393.032
327.03 194.997 337.263 308.976
596.045 371.392 618.974 368.773
210.085 304.512 225.95 307.288
454.165 195.98 457.289 221.965
481.199 203.971 484.829 229.025
492.753 261.033 497.884 300.015
488.999 376 491.14 388.977
63.071 432.422 100.99 437.079
192.879 183.951 197.915 274.005
242.609 211.956 247.397 278.972
511.962 330.005 517.922 374.011
500.017 299.774 536.036 302.525
553.007 405.796 595.989 407.316
460.804 333.024 467.683 390.038
439.888 191.014 443.253 217.968
282 401 282 421
595.353 318.96 600.568 364.936
192.063 140.001 191.606 162.992
498.123 421.311 512.806 415.509
333.927 287.682 377.959 292.386
373.034 230.949 384.575 238.637
429.965 229.003 431.828 250.015
197.153 278.986 199.37 303.967
601.034 367.278 626.027 364.224
275.972 404.006 279.454 419.901
489.578 340.047 493.277 372.969
428.725 376.017 429.869 394.008
605.472 295.948 607.225 311.975
424.86 188.018 428.559 216.058
285.635 333.043 287.621 350.044
526.494 330.057 530.205 363.089
588.484 334.082 594.154 369.976
324.95 324.145 337.224 328.347
563.709 251.978 562.723 264.979
179.187 323.242 198.031 327.876
603.768 263.037 606.175 277.972
347.215 238.678 371.945 230.827
118.006 231.937 132.971 233.311
284.833 328.532 295.857 324.598
120.984 324.681 139.986 323.721
475.504 333.057 480.213 373.975
152.129 368.993 153.323 391.983
409.949 292.644 492.981 299.242
609.865 264.023 612.265 277.954
621.908 269.021 624.869 282.03
254.96 402.704 267.011 401.079
481.165 301.973 483.135 313.978
307.244 222.979 312.409 283.965
599.058 252.777 622.064 258.755
43.9493 142.227 326.889 205.496
324.264 122.062 339.726 305.023
278.274 216.978 283.521 281.958
50.9087 328.661 74.7919 322.227
615.992 265.001 618.36 279.943
53.6422 177.991 54.1673 214.998
119.025 234.695 133.013 235.842
294.007 308.834 354.991 311.238
242.993 209.909 258.976 208.682
204.011 203.125 219.973 201.699
413.075 252.992 417.321 291.965
159.008 195.105 177.977 193.692
313.199 220.253 327.266 224.004
159.506 199.98 162.342 271.987
451.306 255.961 456.266 294.966
258.077 324.411 276.031 326.761
116.009 302.809 208.003 306.941
343.814 240.014 347.179 283.986
425.693 299.028 426.882 312.011
596.533 418.607 611.52 405.453
0.964922 292.449 22.9868 294.169
36.0189 300.451 109.001 302.965
40.2399 113.061 325.988 186.046
634.908 287.014 638.499 309.922
30.2175 355.02 28.9643 368.997
227.982 306.379 281.006 308.866
505.694 264.038 510.17 299.979
535.311 330.077 538.866 362.015
521.007 414.563 591.021 415.709
386.011 245.037 409.002 238.006
569.001 300.984 602.975 303.361
287.245 214.3 302.17 219.513
109.934 193.002 112.26 267.992
597.023 253.997 604.13 301.981
387.94 179.008 391.702 208.039
565.319 322.958 571.884 372.884
632.682 288.049 636.238 310.963
54.0164 175.22 73.9801 173.733
255.167 406.99 254.916 426.999
345.125 164.988 348.099 194.99
616.521 328.066 620.242 354.967
633.276 328.959 638.338 362.95
365.346 170.964 368.379 199.96
397.708 181.89 399.431 192.933
402.23 182.975 405.05 208.995
627.615 327.05 631.402 355.947
384.323 176.965 387.324 204.965
517.219 264.971 522.09 301.988
399.232 272.983 400.51 290.037
630.152 286.976 634.004 310.999
502.639 374.062 504.88 387.021
485.601 206.057 489.017 229.998
456 258 456 272
613.221 265.964 615.335 278.945
142.079 452.41 208.924 439.605
409.138 163.092 422.953 293.005
478.803 267.033 486.59 314.068
155.035 434.186 166.993 431.962
142.065 458.325 211.121 444.607
160.887 329.656 179.806 323.413
369.751 169.026 373.029 199.997
621.721 327.047 627.39 361.102
179.326 194.347 192.131 200.738
221.242 202.454 235.165 208.629
465.267 255.084 469.977 296.003
56.051 121.796 191.1 155.599
581.838 343.026 586.564 373.069
263.134 157.515 325.094 174.662
349.723 162.026 353.029 196.997
128.282 184.287 148.839 192.407
121.131 267.188 144.019 270.88
606.999 265 609.278 277.951
569.574 305.057 571.84 322.021
536.816 272.028 541.452 302.932
619.412 325.943 623.265 353.964
558.384 274.943 562.08 299.988
510.553 213.932 513.244 235.97
209.818 328.404 224.938 323.796
340.694 164.006 341.222 192.996
565.587 343.053 567.643 359.046
404.771 180.027 408.096 207.989
207.747 367.015 208.585 381.025
630.699 328.042 634.15 352.979
154.702 369.013 155.741 393.011
542.96 321.006 547.477 352.932
451.877 200.012 453.964 221.004
227.24 324.223 243.885 329.371
485.447 327.941 492.838 384.021
437.215 192.975 440.122 217.986
600.672 418.537 616.523 407.326
38.0028 306.899 339.017 315.381
205.11 158.565 326.902 189.387
498.819 209.019 501.812 237.02
311.982 348.001 317.491 417.041
399.229 247.974 404.415 292.952
624.029 270.881 637.924 274.308
77.2822 174.317 96.835 182.399
343.373 165.986 344.368 192.024
469.321 185.09 478.151 251.98
391.646 176.039 395.046 206.995
363.699 173.013 364.925 201.003
301.883 224.009 306.502 282.961
373.112 170.988 376.331 200.964
421.852 189.018 424.872 214.016
353.537 165.04 356.215 195.981
110.992 319.371 198.991 321.378
422.809 269.021 425.268 290.97
63.0642 152.704 184.964 179.166
382.745 179.012 383.833 203.008
338.191 231.981 343.436 285.958
160.685 369.021 162.035 388.998
574.644 346.056 579.001 374
203.669 181.984 202.731 200.987
457.645 198.046 460.764 222.031
367.099 240.008 365.762 255.98
441.829 252.984 440.509 266.954
458.059 255.196 472.906 250.689
579.636 346.061 584.117 372.98
109.012 186.144 126.976 184.699
499.77 330.028 505.93 381.008
428.639 189.043 431.74 215.031
613.479 325.071 617.565 355.059
548.152 273.978 552.63 304.909
63.1058 155.508 182.935 181.301
443.604 193.047 446.313 215.963
433.646 192.985 434.139 213.997
146.787 197.007 149.159 269.995
384.362 337.058 388.337 380.97
579 314 600 314
53.6843 431.94 50.8331 446.968
329.966 135.002 331.318 153.977
269.095 216.057 273.154 280.99
563.535 268.069 568.259 299.962
334.713 194.021 337.285 228.979
96.1628 188.998 97.3359 265.995
479.973 232.119 562.75 251.09
248.997 321.079 274.999 322.032
362.509 346.045 366.231 386.979
366.77 258.018 368.969 286.002
233.077 211.995 237.026 278.998
210 321.073 241 321.12
558.667 343.042 561.434 365.071
504.662 218.046 507.084 235.989
464.756 200.909 467.651 225.042
393.449 252.95 397.798 292.022
284.032 321.693 296.008 322.926
166.066 256.458 180.968 258.263
544.097 274.977 550.588 301.858
63.0076 264.908 79.9741 266.313
430.133 258.984 434.433 293.947
371.999 389.988 407.973 387.593
210.234 213.989 212.125 255.994
577.115 345.985 579.323 362.958
263.465 155.642 278.702 144.59
420.896 195.002 421.227 211.016
417.609 215.035 420.226 243.98
403.716 257.029 406.934 289.007
150.024 271.784 179.984 275.141
385.332 246.053 388.655 288.027
273.034 150.055 322.127 119.202
515.567 217.924 518.257 237.966
166.01 207 167.271 236.989
353.935 246.006 357.505 284.954
90.986 319.89 109.936 317.492
548.663 326.035 552.163 359.983
328.008 322.2 535.997 324.259
99.8682 370.004 101.342 415.989
284.138 227.982 290.962 280.005
446.015 411.078 508.932 398.655
1.04883 170.522 20.0548 172.463
210.112 186.477 320.966 210.158
114.025 269.665 131.999 271.017
51.1285 258.995 52.2852 286.988
624.852 326.021 629.16 355.977
38.9931 477.199 71.9879 478.348
212.119 184.444 322.97 208.14
400.728 186.012 401.814 210.008
274 282 292 282
356.986 310.342 455.986 314.354
602.969 325.005 607.972 358.004
362.04 411.235 376.951 408.71
53.0368 270.521 194.966 281.438
46.6218 349.017 48.6015 393.018
90.5707 192.995 91.1963 266.998
425.294 252.979 424.883 266.997
52.0003 319.097 89.9999 318.966
597.704 320.034 599.068 331.992
199.723 372.012 201.25 406.989
435.762 196.012 436.704 215.015
212.398 256.983 213.198 275.992
214.012 276.847 232.977 278.298
465.995 315.229 531.007 316.702
236.056 434.147 252.913 427.77
456.723 353.025 459.187 379.983
71.0954 439.253 105.052 443.589
525.691 244.027 527.427 264.05
532.755 273.012 533.746 293.013
0.945498 117.371 39.0063 114.072
141.783 201.007 144.13 268.996
445.346 260.957 449.439 293.946
348.937 243.003 351.156 283.992
299.132 227.99 303.06 278.995
187.818 209.008 190.505 273.021
423.595 344.04 426.635 375.036
551.985 389.905 596.977 382.854
326.235 232.98 330.428 282.964
612.371 428.712 631.617 453.521
528.869 275.018 534.272 314.101
208.001 281.982 333.98 291.274
50.7035 333.992 51.1425 371.998
24.5202 374.017 26.8329 440.006
265.86 222.009 269.46 279.971
510.967 389.714 542.02 386.173
328.954 359.004 333.343 413.973
74.2398 185.292 89.2158 190.363
560.305 267.962 566.42 316.948
410.744 256.03 414.898 291.012
161.688 334.979 162.395 358.019
497.212 335.094 500.657 364.041
229.338 215.98 232.888 277.007
523.012 274.998 527.349 300.942
385.996 413.984 445.764 399.054
35 326 49 326
412.734 163.018 413.894 180.007
460.926 395.571 478.908 392.465
352.032 395.286 363.993 393.934
522.85 216.021 526.301 240.958
475.561 205.982 476.113 222.996
636.975 333.003 638.308 345.968
289.231 361.984 291.796 398.015
175.236 203.326 186.284 207.189
191.591 203.021 195.274 274.986
280.561 361.065 282.782 376.032
103.1 478.502 215.796 455.978
345 291.994 530.018 306.775
479.768 211.021 481.232 226.979
127.186 194.494 141.138 199.625
374.625 250.037 378.325 287.968
519.503 203.054 523.212 236.977
468.956 355.004 472.509 391.048
459.848 264.02 464.058 295.992
208.829 338.005 209.372 357.018
361.046 408.338 397.913 403.359
486.681 267.9 491.087 297.987
472.855 266.02 477.027 295.996
369.89 248.007 372.146 285.991
121 307.004 210.011 309.629
542 319 604 319
534 407 551 407
37.9862 304.395 113.998 307.059
434.901 410.03 438.517 421.842
475.308 260.069 478.772 295.023
44.99 289.169 105.016 292.736
107.947 370.004 109.471 388.045
492.768 215.021 494.232 230.979
509.987 338.002 513.916 370.01
511.477 272.918 516.113 299.981
247.586 334.938 249.378 351.96
525.124 366.788 542.996 363.977
203.671 367.019 205.909 406.005
244.3 362.953 246.834 379.026
313.016 229.998 316.057 255.993
300.74 398.022 302.206 414.982
400.175 328.984 406.194 392.982
466.887 202.014 469.18 219.977
492.781 421.731 503.816 412.774
142 454.998 207.889 442.418
499.992 271.001 504.008 298.999
483.354 334.067 487.307 371.968
405.989 420.949 428.994 415.971
1.01171 108.114 24.9638 105.649
602.982 279.09 624.929 283.366
492.006 319.722 538.007 320.691
494.011 404.106 532.026 400.26
506.586 338.048 510.262 369.97
549.018 411.657 590.012 413.774
527.026 252.872 560.067 259.677
231.075 455.564 256.032 452.237
45.7428 106.969 191.114 145.571
374.257 328.974 379.739 382.925
409.012 316.732 487.993 320.157
508.967 392.667 542.039 389.396
375.046 423.349 391.031 421.238
89.0044 478.147 105.02 477.667
27.9676 473.809 66.0624 467.369
249.26 370.018 247.951 388.997
388.749 251.017 391.165 286.989
323.094 445.994 400.065 438.679
326.981 125.051 522.886 198.305
253.795 237.013 255.241 259.985
586.956 386.693 628.954 380.676
211.013 309.502 308.001 311.95
525.935 376.655 540.004 374.023
176.313 228.01 175.028 269.001
402.871 435.449 429.801 429.148
470.854 353.014 474.105 386.99
201.846 374.008 203.442 406.028
344.984 416.657 367.98 415.571
629.134 451.928 638.27 468.854
195.254 169.036 201.322 293.984
444.036 297.531 534.967 304.439
578.015 307.803 596.984 309.209
203.152 148.432 322.9 180.373
397.811 348.018 400.364 374.966
119.017 249.835 132.976 251.241
110.27 336.99 111.229 362.992
216.753 221.014 217.938 242.004
379.007 291.927 433.98 297.203
535.998 400.91 593.992 399.64
62 188 62 209
464.075 333.992 468.69 377.033
67.2694 223.994 68.0209 259
194.373 137.982 196.061 172.997
442.726 359.025 444.481 378.048
20.2721 338.014 22.8096 469.004
72.0051 462.196 102.011 461.411
406.704 258.022 409.051 288.996
215.51 351.442 226.413 363.53
622.67 444.649 636.376 470.803
129.605 206.986 130.151 230.997
127.729 238.014 129.181 265.991
255.599 350.398 266.567 361.43
51.7777 384.02 54.4615 413.959
605.976 315.428 637.988 317.209
277.103 361.992 278.897 386.008
287.032 424.202 317.879 419.246
419.977 217.096 469.931 229.282
101.992 372 103.734 414.011
41 127 41 143
607.99 313.286 638.023 314.383
408.025 425.119 428.94 420.714
311.036 445.119 339.863 436.539
78 198 78 230
402.668 333.032 407.518 383.951
61.9962 437.074 84.9862 438.266
20.0198 98.7206 38.9954 100.065
203.894 204.949 208.046 276.997
531.982 413.274 547.997 412.874
374.952 387.558 389.005 386.046
231.046 451.244 333.988 431.935
0.969022 105.632 24.9671 103.61
312.93 252.01 317.045 281.994
1.01785 101.206 17.9775 99.7402
1.04565 132.284 27.0184 128.115
539.695 271.084 546.271 294.925
32.0081 148.805 49.0203 149.51
350.983 397.868 366.979 395.834
55.1836 125.244 187.882 157.488
332.001 130.996 518.048 198.868
591.747 263.042 593.917 276.014
525.051 270.993 529.16 298.977
568.866 321.018 576.308 376.959
246.069 382.996 247.3 401.981
409.059 429.354 424.947 426.687
62.0141 179.721 81.0161 180.681
628.84 439.057 635.244 456.913
47.0638 270.015 40.4505 298.874
134.277 452.019 133.33 466.022
126.286 189.189 144.179 195.491
73.8039 234.01 75.1831 260.991
538.62 341.055 540.938 357.009
63.9681 192.176 80.954 195.254
181.991 365.725 213.99 364.689
102.54 337.079 105.805 356.034
211.065 386.996 212.319 405.979
44.9826 312.73 199.99 316.423
281.98 380.002 284.485 403.056
60.9885 442.282 83.9911 443.218
82.2088 181.575 93.0492 186.9
217.274 206.287 231.147 211.618
24.6035 354.043 27.8476 384.016
333.008 312.685 394.994 314.243
164.273 338.341 173.195 357.377
555.001 397.871 606.006 398.288
0.968619 148.577 22.0012 147.016
573.894 322.012 575.982 341.002
53.0925 129.616 188.925 162.311
42.3424 152.01 40.8824 202.997
1.02105 276.836 11.9689 278.242
383.886 412.639 405.895 405.668
160.993 199.909 176.976 198.682
1.18807 113.82 39.0314 105.137
0.977929 157.709 13.979 156.723
279.976 220.392 293.994 219.841
572.704 268.034 574.068 279.992
40.7874 331.005 42.6564 405.009
60.9873 445.314 84.9885 446.285
241.277 364.985 243.323 401.982
428.695 278.025 429.842 292.013
41.8996 124.414 239.885 172.475
336.913 196.349 408.911 214.356
26.985 266.403 49.9956 265.823
207.001 315.964 272.001 317.968
228.019 364.196 242.975 362.744
251.197 390.983 252.292 403.975
232.013 448.066 331.947 428.727
250.123 212.384 265.124 215.379
535.005 308.895 563.984 310.325
104.793 372.008 105.475 389.021
45.6087 422.101 49.1882 435.951
117.909 200 117.986 246
68.0198 371.353 102.025 369.447
487.894 427.403 464.499 470.729
216.022 297.604 275.003 300.939
248.94 333.025 256.091 350.375
316.265 224.292 327.227 228.392
1.01254 146.107 29.9655 142.706
268.03 362.265 279.991 360.923
113.008 191.068 124.966 189.704
403.006 314.759 431.013 315.498
43.9148 350.003 45.3691 394.988
1.04783 129.367 44.9538 123.645
330.128 132.651 405.863 160.373
42.3077 205.022 41.1538 221.011
427.042 258.995 428.412 270.953
207.51 326.165 215.994 351.339
543.311 339.957 546.224 360.969
0.968813 296.829 13.9027 294.467
115.003 292.953 203.996 298.071
179.225 199.493 190.269 204.394
567.065 440.977 571.344 452.876
536.034 282.995 539.348 304.947
204.107 165.564 324.027 194.89
564.726 290.04 567.168 306.976
117.394 352.439 127.482 366.375
129.02 368.325 150.001 367.024
156.824 369.022 159.176 387.978
55.257 105.048 280.07 165.74
582.916 186.639 607.964 180.844
608.012 320.758 637.986 322.284
415.037 170.893 464.064 187.816
535.99 306.807 558.999 307.087
132.761 239.013 134.239 266.987
57.5548 354.27 67.0652 369.96
221.248 218.986 224.336 274.981
44 225 44 256
51.9719 267.353 192.953 278.593
109.598 324.113 117.245 351.213
117.974 124.102 164.006 135.978
53.1171 334.97 57.7019 353.076
247.759 412.022 248.94 425.005
1.01872 122.18 25.9576 119.591
30.5754 426.031 32.9273 458.005
1.00669 340.796 47.9892 342.332
263.803 363.014 266.235 397.984
565.943 259.724 593.995 253.975
557.742 286.038 560.362 303.947
46.0024 291.961 99.9792 295.334
487.479 435.756 476.1 460.047
321.056 233.995 325.323 284.973
182.551 212.019 185.122 271.995
294.322 228.977 299.095 294.993
260.569 224.026 264.028 280.998
332.9 142.293 403.84 166.468
258.655 227.014 260.018 259.999
136.695 204.008 138.457 268.015
552.1 396.536 565.99 393.947
156.086 439.336 178.883 433.538
224.108 217.994 227.429 275.975
134 207 134 231
405.881 337.011 409.175 372.984
483.735 268.974 484.129 279.995
293.498 250.029 295.14 277.992
473.393 446.683 460.754 470.871
84.6503 195.008 86.1371 263.997
549.898 377.694 561.902 373.706
454.991 404.953 505.902 395.473
1.01768 127.126 23.0075 124.054
239.014 301.684 272.992 303.178
112.012 295.787 193.988 300.228
466.24 328.97 467.97 343.004
475.143 191.591 513.935 205.187
216 301 234 301
325.841 328.024 329.549 352.918
532.018 435.73 546.022 436.673
30.2918 375.009 29.3025 406.01
435.086 443.34 452.953 438.815
481.172 456.076 475.949 467.977
80 235 80 261
607.045 399.593 634.047 402.575
284.076 478.25 492.76 415.204
553.173 435.321 566.1 438.606
435.915 440.659 451.919 436.676
323.978 318.36 338.984 319.263
195.045 415.996 197.314 438.969
571 436 598 436
81.26 198.99 83.129 245.995
169.813 227.011 171.252 251.986
293.069 478.227 442.87 432.572
568 439 598 439
35.7796 350.993 36.1073 388.999
366.986 432.826 388.015 431.194
32.5274 350.972 34.0426 379.998
1.0237 377.319 18.0044 376.06
72.319 204.011 70.7747 248.992
318.982 236.001 321.112 280.995
44.2264 407.019 42.9107 422.993
285.705 380.028 287.115 394.989
28 138 46 138
202.693 216.015 205.397 271.981
206.275 207.039 209.967 275.002
30.0247 269.292 43.0166 268.197
116.961 391.573 145.004 389.042
18.3497 214.003 17.863 263.999
0.993756 265.914 16.9817 264.749
69 202 69 225
39 348 39 378
318.719 390.021 320.05 407.996
368.062 430.406 389.033 427.216
532 433 560 433
30 271 30 286
403.063 418.289 427.977 412.894
57 184 57 213
617.005 448.999 625.291 477.917
415.931 164.192 465.925 182.207
435.373 349.976 437.246 378.984
113 194 113 208
1.00456 270.049 25.9745 267.726
0.986467 343.222 17.9843 344.258
405.08 415.386 426.963 410.825
29.8515 451.015 31.2324 464.977
570.047 384.26 593.99 379.945
43.56 221.239 29.2848 254.695
442.811 262.016 445.354 291.97
321.713 319.018 323.233 342.985
3.07368 182.564 17.0139 184.918
126 415 138 415
173 228 173 240
290.761 232.018 292.113 249.992
115.869 456.005 116.286 468.025
110.02 115.927 187.025 136.907
125.188 197.577 136.231 202.48
607.971 430.009 620.3 467.902
59.8751 215.995 60.0603 252
459.904 172.256 510.85 191.399
298.126 330.988 300.216 352.98
617 394 631 394
84 316 99 316
169.211 243.013 167.775 266.987
208.995 143.017 245.977 153.084
123.201 220.009 122.289 240.013
5 459 5 472
2.0271 166.298 16.994 164.934
356.027 439.193 373.953 436.667
616.68 229.074 620.839 247.037
130.216 478.938 186.968 465.859
74.3182 188.435 84.0472 193.916
296.161 333.987 297.555 351.036
265.028 436.23 285.961 433.683
0.97081 187.872 22.9701 182.868
1.05422 180.502 20.047 182.568
359.771 353.02 361.229 369.98
434.939 435.792 488.984 419.947
357.982 435.762 371.978 434.713
546 420 570 420
307.761 293.158 315.733 305.177
114 224 114 244
310.083 291.947 319.052 305.967
478.985 472.757 496.998 473.114
30 183 30 245
568.108 395.392 584.007 391.026
575 421 591 421
503.987 470.376 530.99 471.286
32.9419 299.403 50.9656 297.647
588 467 605 467
259.036 434.333 282.97 431.723
490.903 440.956 484.141 456.063
526.996 224.982 563.936 215.745
541.067 219.253 583.017 208.065
58 286.999 103.981 289.373
577.009 212.033 592.031 208.118
125.417 328.154 128.337 339.176
485 470 498 470
117.014 289.772 175.971 293.466
27 232 27 251
27 205 27 220
594.036 205.138 622.901 197.62
