3.567420043945312500e+02 2.981229858398437500e+02 3.599360046386718750e+02 9.311430358886718750e+01
4.613999938964843750e+02 2.506430053710937500e+02 4.588999938964843750e+02 3.593930053710937500e+02
1.990039978027343750e+02 1.831230010986328125e+02 1.994499969482421875e+02 1.131179962158203125e+02
2.377180023193359375e+02 3.368949890136718750e+02 2.382850036621093750e+02 3.130989990234375000e+02
1.980769958496093750e+02 2.443619995117187500e+02 1.986860046386718750e+02 1.856179962158203125e+02
6.068070068359375000e+02 3.731229858398437500e+02 6.112919921875000000e+02 2.268569946289062500e+02
3.994419860839843750e+02 3.024309997558593750e+02 4.131849975585937500e+02 3.037500000000000000e+02
5.029769897460937500e+02 3.655880126953125000e+02 5.060220031738281250e+02 2.506020050048828125e+02
4.294309997558593750e+02 3.048729858398437500e+02 4.494140014648437500e+02 3.063510131835937500e+02
5.118469848632812500e+02 1.807870025634765625e+02 6.105949707031250000e+02 1.782169952392578125e+02
1.932209930419921875e+02 2.717529907226562500e+02 1.318329925537109375e+02 2.674779968261718750e+02
4.631650085449218750e+02 1.843760070800781250e+02 4.623949890136718750e+02 2.194140014648437500e+02
4.508150024414062500e+02 3.768240051269531250e+02 4.573290100097656250e+02 8.435729980468750000e+01
4.636329956054687500e+02 1.469060058593750000e+02 4.629899902343750000e+02 1.831450042724609375e+02
2.382319946289062500e+02 3.131080017089843750e+02 1.928459930419921875e+02 2.710239868164062500e+02
4.293779907226562500e+02 3.443450012207031250e+02 4.483120117187500000e+02 3.464360046386718750e+02
3.350809936523437500e+02 2.863179931640625000e+02 3.231000061035156250e+02 2.769070129394531250e+02
4.505530090332031250e+02 2.966679992675781250e+02 4.305620117187500000e+02 2.952959899902343750e+02
4.142940063476562500e+02 2.793739929199218750e+02 4.147879943847656250e+02 2.256060028076171875e+02
4.617810058593750000e+02 2.218659973144531250e+02 4.620090026855468750e+02 2.506340026855468750e+02
3.482529907226562500e+02 2.967160034179687500e+02 3.379200134277343750e+02 2.883789978027343750e+02
2.808500061035156250e+02 2.390930023193359375e+02 3.141319885253906250e+02 2.656119995117187500e+02
1.738200073242187500e+02 3.005599975585937500e+02 1.767279968261718750e+02 3.318890075683593750e+02
3.363840026855468750e+02 2.837420043945312500e+02 3.460010070800781250e+02 2.914030151367187500e+02
3.476499938964843750e+02 2.924240112304687500e+02 3.549360046386718750e+02 2.987260131835937500e+02
3.756189880371093750e+02 3.007019958496093750e+02 3.956900024414062500e+02 3.023150024414062500e+02
3.354169921875000000e+02 2.993710021972656250e+02 3.356629943847656250e+02 2.868510131835937500e+02
3.869089965820312500e+02 2.947739868164062500e+02 4.119400024414062500e+02 2.926359863281250000e+02
4.126480102539062500e+02 3.518659973144531250e+02 4.135209960937500000e+02 3.081080017089843750e+02
3.554419860839843750e+02 3.631210021972656250e+02 3.566570129394531250e+02 3.005960083007812500e+02
3.224479980468750000e+02 2.727650146484375000e+02 3.336029968261718750e+02 2.812470092773437500e+02
6.117490234375000000e+02 1.768719940185546875e+02 6.125000000000000000e+02 1.406119995117187500e+02
1.316770019531250000e+02 2.683210144042968750e+02 8.163849639892578125e+01 2.183619995117187500e+02
2.767219848632812500e+02 1.031230010986328125e+02 2.739049987792968750e+02 3.106359863281250000e+02
6.155070190429687500e+02 2.268719940185546875e+02 6.114559936523437500e+02 3.731830139160156250e+02
6.180980224609375000e+02 1.783459930419921875e+02 6.381829833984375000e+02 1.778170013427734375e+02
3.354559936523437500e+02 2.756549987792968750e+02 3.352160034179687500e+02 2.643840026855468750e+02
8.016449737548828125e+01 2.206410064697265625e+02 7.955190277099609375e+01 3.006359863281250000e+02
6.106339721679687500e+02 1.822539978027343750e+02 5.118840026855468750e+02 1.847189941406250000e+02
5.106239929199218750e+02 2.209440002441406250e+02 6.093790283203125000e+02 2.211340026855468750e+02
4.284970092773437500e+02 3.093439941406250000e+02 4.272850036621093750e+02 3.432739868164062500e+02
6.093829956054687500e+02 2.257850036621093750e+02 5.106109924316406250e+02 2.250489959716796875e+02
2.393809967041015625e+02 2.206250000000000000e+02 2.392760009765625000e+02 2.106130065917968750e+02
2.071699981689453125e+02 3.268699951171875000e+02 2.073769989013671875e+02 2.856210021972656250e+02
3.952200012207031250e+02 3.468710021972656250e+02 3.953840026855468750e+02 3.293729858398437500e+02
5.062489929199218750e+02 2.193609924316406250e+02 5.069979858398437500e+02 1.856000061035156250e+02
4.302749938964843750e+02 2.356150054931640625e+02 4.287229919433593750e+02 2.906419982910156250e+02
2.395809936523437500e+02 1.856269989013671875e+02 2.398569946289062500e+02 1.606170043945312500e+02
2.389219970703125000e+02 2.043589935302734375e+02 2.393939971923828125e+02 1.905829925537109375e+02
3.987109985351562500e+02 3.068829956054687500e+02 3.981119995117187500e+02 3.506419982910156250e+02
4.152869873046875000e+02 1.818630065917968750e+02 4.163850097656250000e+02 1.518569946289062500e+02
1.364060058593750000e+02 1.756589965820312500e+02 1.367910003662109375e+02 1.668170013427734375e+02
4.655929870605468750e+02 1.817680053710937500e+02 5.056289978027343750e+02 1.808099975585937500e+02
6.112609863281250000e+02 2.206190032958984375e+02 6.116359863281250000e+02 1.831100006103515625e+02
4.306109924316406250e+02 2.920400085449218750e+02 4.506789855957031250e+02 2.937390136718750000e+02
1.091460037231445312e+02 2.993739929199218750e+02 1.092570037841796875e+02 2.668750000000000000e+02
4.168750000000000000e+02 2.205509948730468750e+02 4.518750000000000000e+02 2.205429992675781250e+02
4.142919921875000000e+02 2.919200134277343750e+02 4.139509887695312500e+02 2.818469848632812500e+02
3.406250000000000000e+02 2.193860015869140625e+02 3.556419982910156250e+02 2.196419982910156250e+02
4.230650024414062500e+02 2.895239868164062500e+02 4.299490051269531250e+02 2.923009948730468750e+02
5.056369934082031250e+02 1.851280059814453125e+02 4.656080017089843750e+02 1.857440032958984375e+02
5.095899963378906250e+02 2.256289978027343750e+02 5.069580078125000000e+02 3.631510009765625000e+02
2.087530059814453125e+02 1.818860015869140625e+02 2.090939941406250000e+02 1.631199951171875000e+02
5.434400024414062500e+02 2.906430053710937500e+02 5.420050048828125000e+02 3.155610046386718750e+02
3.369440002441406250e+02 1.843549957275390625e+02 3.374500122070312500e+02 1.543639984130859375e+02
3.944590148925781250e+02 2.974930114746093750e+02 3.855339965820312500e+02 2.963099975585937500e+02
4.205830078125000000e+02 1.829900054931640625e+02 4.518800048828125000e+02 1.820440063476562500e+02
4.281740112304687500e+02 2.967550048828125000e+02 4.283760070800781250e+02 3.031570129394531250e+02
4.643750000000000000e+02 2.205180053710937500e+02 5.056279907226562500e+02 2.206020050048828125e+02
2.972959899902343750e+02 2.238370056152343750e+02 3.351220092773437500e+02 2.534199981689453125e+02
2.385729980468750000e+02 2.091250000000000000e+02 2.170950012207031250e+02 1.919100036621093750e+02
4.151300048828125000e+02 2.193710021972656250e+02 4.152659912109375000e+02 2.043600006103515625e+02
5.380079956054687500e+02 3.169760131835937500e+02 5.399260253906250000e+02 2.955620117187500000e+02
4.118940124511718750e+02 3.065490112304687500e+02 3.993630065917968750e+02 3.058320007324218750e+02
3.702739868164062500e+02 2.810989990234375000e+02 3.869639892578125000e+02 2.934450073242187500e+02
2.918729858398437500e+02 2.193300018310546875e+02 3.356250000000000000e+02 2.192779998779296875e+02
3.849930114746093750e+02 2.961440124511718750e+02 3.763039855957031250e+02 2.888009948730468750e+02
6.009609985351562500e+02 2.755920104980468750e+02 6.004240112304687500e+02 2.906180114746093750e+02
5.060629882812500000e+02 2.468809967041015625e+02 5.063619995117187500e+02 2.256179962158203125e+02
3.507860107421875000e+02 2.691749877929687500e+02 3.404379882812500000e+02 2.608580017089843750e+02
7.922460174560546875e+01 3.025629882812500000e+02 1.717500000000000000e+02 3.097399902343750000e+02
5.455809936523437500e+02 2.729679870605468750e+02 5.443339843750000000e+02 2.832709960937500000e+02
5.072279968261718750e+02 1.793769989013671875e+02 5.074490051269531250e+02 1.456210021972656250e+02
1.768820037841796875e+02 2.180480041503906250e+02 1.831929931640625000e+02 2.186190032958984375e+02
6.168779907226562500e+02 2.215590057373046875e+02 6.381389770507812500e+02 2.217790069580078125e+02
4.144769897460937500e+02 1.499329986572265625e+02 3.656700134277343750e+02 1.526779937744140625e+02
1.551430053710937500e+02 3.043729858398437500e+02 1.552519989013671875e+02 2.718739929199218750e+02
3.366910095214843750e+02 2.583550109863281250e+02 3.249479980468750000e+02 2.489730072021484375e+02
3.227529907226562500e+02 2.869100036621093750e+02 3.216839904785156250e+02 2.755260009765625000e+02
4.134129943847656250e+02 3.018989868164062500e+02 4.141560058593750000e+02 2.930020141601562500e+02
3.145469970703125000e+02 2.630950012207031250e+02 3.151709899902343750e+02 2.406119995117187500e+02
1.544620056152343750e+02 1.645189971923828125e+02 1.419329986572265625e+02 1.653000030517578125e+02
4.515469970703125000e+02 2.359920043945312500e+02 4.305710144042968750e+02 2.335930023193359375e+02
5.527969970703125000e+02 2.017619934082031250e+02 5.497080078125000000e+02 2.107400054931640625e+02
4.945629882812500000e+02 3.672690124511718750e+02 6.383280029296875000e+02 3.866149902343750000e+02
3.357099914550781250e+02 1.545859985351562500e+02 2.856600036621093750e+02 1.574869995117187500e+02
3.162109985351562500e+02 2.714450073242187500e+02 2.851019897460937500e+02 2.462720031738281250e+02
3.177900085449218750e+02 2.456199951171875000e+02 3.174739990234375000e+02 2.668840026855468750e+02
3.647030029296875000e+02 9.315160369873046875e+01 3.601350097656250000e+02 3.644089965820312500e+02
6.381770019531250000e+02 2.262749938964843750e+02 6.168380126953125000e+02 2.256739959716796875e+02
2.382079925537109375e+02 1.596719970703125000e+02 2.105859985351562500e+02 1.611450042724609375e+02
5.976729736328125000e+02 2.868779907226562500e+02 5.975980224609375000e+02 2.756199951171875000e+02
6.164650268554687500e+02 1.831470031738281250e+02 6.154990234375000000e+02 2.206540069580078125e+02
4.131419982910156250e+02 2.239709930419921875e+02 3.643840026855468750e+02 2.234640045166015625e+02
2.223609924316406250e+02 1.925030059814453125e+02 2.377359924316406250e+02 2.045229949951171875e+02
5.422589721679687500e+02 2.669089965820312500e+02 5.443339843750000000e+02 2.431210021972656250e+02
3.680010070800781250e+02 3.043729858398437500e+02 3.674259948730468750e+02 3.368850097656250000e+02
1.643520050048828125e+02 1.898639984130859375e+02 1.818739929199218750e+02 1.893339996337890625e+02
5.044030151367187500e+02 2.248919982910156250e+02 4.643760070800781250e+02 2.243320007324218750e+02
3.943800048828125000e+02 3.050299987792968750e+02 3.693609924316406250e+02 3.048299865722656250e+02
2.778529930114746094e+01 2.918750000000000000e+02 2.786199951171875000e+01 2.193730010986328125e+02
3.356159973144531250e+02 2.230959930419921875e+02 2.968680114746093750e+02 2.228150024414062500e+02
1.969530029296875000e+02 1.620509948730468750e+02 1.594290008544921875e+02 1.641089935302734375e+02
3.671530151367187500e+02 2.981530151367187500e+02 3.684450073242187500e+02 2.855299987792968750e+02
2.808099937438964844e+01 2.181170043945312500e+02 2.852339935302734375e+01 1.443769989013671875e+02
4.493649902343750000e+02 3.095209960937500000e+02 4.305320129394531250e+02 3.082680053710937500e+02
3.175199890136718750e+02 2.743800048828125000e+02 3.173160095214843750e+02 3.031189880371093750e+02
1.019079971313476562e+02 2.575039978027343750e+02 8.183180236816406250e+01 2.564389953613281250e+02
5.112900085449218750e+02 1.456159973144531250e+02 5.117239990234375000e+02 1.793609924316406250e+02
2.168549957275390625e+02 1.871809997558593750e+02 2.381490020751953125e+02 1.867259979248046875e+02
2.071430053710937500e+02 2.418760070800781250e+02 2.072389984130859375e+02 2.231199951171875000e+02
5.466950073242187500e+02 2.531139984130859375e+02 5.458510131835937500e+02 2.668890075683593750e+02
3.656180114746093750e+02 1.839790039062500000e+02 4.143760070800781250e+02 1.831699981689453125e+02
2.832030029296875000e+02 2.456399993896484375e+02 2.825159912109375000e+02 3.056319885253906250e+02
2.819800109863281250e+02 2.129819946289062500e+02 2.912319946289062500e+02 2.198020019531250000e+02
6.170079956054687500e+02 1.406100006103515625e+02 6.165109863281250000e+02 1.768869934082031250e+02
3.604809875488281250e+02 3.741050109863281250e+02 4.257300109863281250e+02 3.836579895019531250e+02
6.106849975585937500e+02 1.393249969482421875e+02 5.118689880371093750e+02 1.442640075683593750e+02
3.569119873046875000e+02 1.534100036621093750e+02 3.418609924316406250e+02 1.537720031738281250e+02
3.180020141601562500e+02 2.861029968261718750e+02 3.337340087890625000e+02 2.986090087890625000e+02
5.113710021972656250e+02 1.856479949951171875e+02 5.103160095214843750e+02 2.194040069580078125e+02
3.405929870605468750e+02 1.847140045166015625e+02 3.568670043945312500e+02 1.841470031738281250e+02
2.368939971923828125e+02 2.223090057373046875e+02 2.106000061035156250e+02 2.217010040283203125e+02
4.768410034179687500e+02 2.503200073242187500e+02 4.681470031738281250e+02 2.500110015869140625e+02
3.142250061035156250e+02 2.408190002441406250e+02 2.902909851074218750e+02 2.223070068359375000e+02
1.028860015869140625e+02 2.593819885253906250e+02 1.035100021362304688e+02 2.818640136718750000e+02
1.109499969482421875e+02 3.260390014648437500e+02 3.546350097656250000e+02 3.639509887695312500e+02
5.411680297851562500e+02 2.844159851074218750e+02 5.420139770507812500e+02 2.731350097656250000e+02
4.152630004882812500e+02 2.018730010986328125e+02 4.153410034179687500e+02 1.881159973144531250e+02
3.756010131835937500e+02 2.881589965820312500e+02 3.645029907226562500e+02 2.804410095214843750e+02
6.069329833984375000e+02 2.978859863281250000e+02 5.905620117187500000e+02 2.972449951171875000e+02
4.519209899902343750e+02 1.858800048828125000e+02 4.194129943847656250e+02 1.868710021972656250e+02
5.070429992675781250e+02 3.628930053710937500e+02 6.057979736328125000e+02 3.740969848632812500e+02
2.029980010986328125e+02 3.365469970703125000e+02 2.357389984130859375e+02 3.410429992675781250e+02
3.360870056152343750e+02 2.468820037841796875e+02 3.364179992675781250e+02 2.243679962158203125e+02
3.650780029296875000e+02 3.231229858398437500e+02 3.651489868164062500e+02 3.018729858398437500e+02
5.984719848632812500e+02 2.718940124511718750e+02 5.981810302734375000e+02 2.580969848632812500e+02
9.327580261230468750e+01 2.381390075683593750e+02 9.385099792480468750e+01 2.318269958496093750e+02
1.434320068359375000e+02 1.812510070800781250e+02 1.544700012207031250e+02 1.866809997558593750e+02
2.706159973144531250e+02 2.931400146484375000e+02 2.729259948730468750e+02 1.031230010986328125e+02
3.148930053710937500e+02 3.412929992675781250e+02 3.023290100097656250e+02 3.301149902343750000e+02
2.106159973144531250e+02 2.187810058593750000e+02 2.369179992675781250e+02 2.183690032958984375e+02
2.381239929199218750e+02 1.907319946289062500e+02 2.206119995117187500e+02 1.905299987792968750e+02
6.193350219726562500e+02 2.902130126953125000e+02 6.382210083007812500e+02 2.911149902343750000e+02
2.843559875488281250e+02 1.568820037841796875e+02 2.841910095214843750e+02 1.856309967041015625e+02
3.362250061035156250e+02 2.181159973144531250e+02 3.366080017089843750e+02 1.893549957275390625e+02
2.856099853515625000e+02 1.863930053710937500e+02 3.356000061035156250e+02 1.848370056152343750e+02
6.381760253906250000e+02 1.379279937744140625e+02 6.181619873046875000e+02 1.388939971923828125e+02
3.643739929199218750e+02 2.194170074462890625e+02 4.143819885253906250e+02 2.200850067138671875e+02
1.656190032958984375e+02 1.854559936523437500e+02 1.768999938964843750e+02 1.850370025634765625e+02
5.031539916992187500e+02 2.493509979248046875e+02 4.818009948730468750e+02 2.488619995117187500e+02
2.384389953613281250e+02 2.468820037841796875e+02 2.389589996337890625e+02 2.230890045166015625e+02
2.033079986572265625e+02 1.131269989013671875e+02 2.019360046386718750e+02 2.456390075683593750e+02
2.996300048828125000e+02 3.278349914550781250e+02 2.877090148925781250e+02 3.173479919433593750e+02
3.370700073242187500e+02 2.553619995117187500e+02 3.485119934082031250e+02 2.638540039062500000e+02
2.093139953613281250e+02 2.462799987792968750e+02 2.368659973144531250e+02 2.453670043945312500e+02
4.606640014648437500e+02 3.790910034179687500e+02 6.381179809570312500e+02 4.031789855957031250e+02
4.119620056152343750e+02 2.948599853515625000e+02 4.006300048828125000e+02 2.968999938964843750e+02
4.531300048828125000e+02 1.469369964599609375e+02 4.206570129394531250e+02 1.497429962158203125e+02
1.793789978027343750e+02 1.830290069580078125e+02 1.969010009765625000e+02 1.837619934082031250e+02
3.955270080566406250e+02 3.256610107421875000e+02 3.961130065917968750e+02 3.068510131835937500e+02
1.881029968261718750e+02 1.888379974365234375e+02 1.968890075683593750e+02 1.884779968261718750e+02
2.074479980468750000e+02 2.168820037841796875e+02 2.077559967041015625e+02 1.931199951171875000e+02
6.322619915008544922e+00 1.981239929199218750e+02 6.208000183105468750e+00 2.881260070800781250e+02
3.309920043945312500e+02 3.552099914550781250e+02 3.177760009765625000e+02 3.435190124511718750e+02
5.056900024414062500e+02 1.447669982910156250e+02 4.656040039062500000e+02 1.463470001220703125e+02
1.871920013427734375e+02 2.265379943847656250e+02 1.962039947509765625e+02 2.350079956054687500e+02
2.104320068359375000e+02 1.834389953613281250e+02 2.177579956054687500e+02 1.879369964599609375e+02
6.281099853515625000e+02 2.748250122070312500e+02 6.381409912109375000e+02 2.751570129394531250e+02
2.171909942626953125e+02 1.921580047607421875e+02 2.115659942626953125e+02 1.903200073242187500e+02
2.829479980468750000e+02 2.181060028076171875e+02 2.833210144042968750e+02 2.393930053710937500e+02
3.398829956054687500e+02 1.893789978027343750e+02 3.396589965820312500e+02 2.181269989013671875e+02
1.409499969482421875e+02 1.193799972534179688e+02 1.391580047607421875e+02 2.418899993896484375e+02
3.395830078125000000e+02 2.243780059814453125e+02 3.391839904785156250e+02 2.556390075683593750e+02
6.012880249023437500e+02 2.531190032958984375e+02 6.011099853515625000e+02 2.718800048828125000e+02
1.968950042724609375e+02 1.915200042724609375e+02 1.881490020751953125e+02 1.917129974365234375e+02
3.605409851074218750e+02 3.649800109863281250e+02 4.570159912109375000e+02 3.783550109863281250e+02
5.468049926757812500e+02 2.858479919433593750e+02 5.618900146484375000e+02 2.865610046386718750e+02
6.381459960937500000e+02 1.820390014648437500e+02 6.181129760742187500e+02 1.823339996337890625e+02
2.081210021972656250e+02 3.319049987792968750e+02 2.356329956054687500e+02 3.355669860839843750e+02
5.431589965820312500e+02 2.477680053710937500e+02 5.168959960937500000e+02 2.481909942626953125e+02
5.324390258789062500e+02 2.955719909667968750e+02 5.299450073242187500e+02 3.280729980468750000e+02
3.689739990234375000e+02 3.270480041503906250e+02 3.941180114746093750e+02 3.468649902343750000e+02
3.544890136718750000e+02 2.493880004882812500e+02 3.533880004882812500e+02 2.594039916992187500e+02
4.617239990234375000e+02 3.566539916992187500e+02 4.909460144042968750e+02 3.609339904785156250e+02
4.118940124511718750e+02 2.861579895019531250e+02 3.780360107421875000e+02 2.852720031738281250e+02
9.709079742431640625e+01 2.830939941406250000e+02 9.775420379638671875e+01 2.606879882812500000e+02
5.619310302734375000e+02 2.869200134277343750e+02 5.831350097656250000e+02 2.879020080566406250e+02
4.590429992675781250e+02 3.618210144042968750e+02 4.594479980468750000e+02 3.781229858398437500e+02
5.924420166015625000e+02 2.515019989013671875e+02 5.935780029296875000e+02 2.570390014648437500e+02
5.989030151367187500e+02 2.556300048828125000e+02 5.989559936523437500e+02 2.468719940185546875e+02
3.395220031738281250e+02 2.919899902343750000e+02 3.383160095214843750e+02 3.066860046386718750e+02
2.705280151367187500e+02 2.344949951171875000e+02 2.615780029296875000e+02 2.272420043945312500e+02
3.743150024414062500e+02 2.893840026855468750e+02 3.742510070800781250e+02 2.981419982910156250e+02
1.969759979248046875e+02 2.214329986572265625e+02 1.883609924316406250e+02 2.225110015869140625e+02
3.157569885253906250e+02 4.437839965820312500e+02 4.243940124511718750e+02 4.680409851074218750e+02
5.893239746093750000e+02 3.177470092773437500e+02 6.069099731445312500e+02 3.187829895019531250e+02
4.143959960937500000e+02 1.865140075683593750e+02 3.656449890136718750e+02 1.876900024414062500e+02
1.831340026855468750e+02 1.923439941406250000e+02 1.593690032958984375e+02 1.928079986572265625e+02
1.599299926757812500e+02 1.649680023193359375e+02 1.809490051269531250e+02 1.827420043945312500e+02
2.840409851074218750e+02 2.585310058593750000e+02 3.134389953613281250e+02 2.827430114746093750e+02
1.443459930419921875e+02 3.078489990234375000e+02 9.203589630126953125e+01 3.133930053710937500e+02
4.504880065917968750e+02 3.816449890136718750e+02 3.604370117187500000e+02 3.695190124511718750e+02
1.819309997558593750e+02 1.868300018310546875e+02 1.643529968261718750e+02 1.876430053710937500e+02
3.423890075683593750e+02 1.545529937744140625e+02 3.395079956054687500e+02 1.831380004882812500e+02
3.395109863281250000e+02 3.042030029296875000e+02 3.534240112304687500e+02 3.152489929199218750e+02
4.758519897460937500e+02 2.268569946289062500e+02 4.754760131835937500e+02 2.481219940185546875e+02
4.801380004882812500e+02 2.543600006103515625e+02 4.795360107421875000e+02 2.743800048828125000e+02
4.780859985351562500e+02 7.154290008544921875e+01 8.300080108642578125e+01 1.183259963989257812e+02
6.094730224609375000e+02 3.747229919433593750e+02 6.384249877929687500e+02 3.778540039062500000e+02
1.779570007324218750e+02 3.260419921875000000e+02 2.041929931640625000e+02 3.286809997558593750e+02
4.192449951171875000e+02 1.506289978027343750e+02 4.201319885253906250e+02 1.807859954833984375e+02
2.564879989624023438e+01 2.204770050048828125e+02 1.186019992828369141e+01 2.202420043945312500e+02
3.556520080566406250e+02 2.236109924316406250e+02 3.405820007324218750e+02 2.230780029296875000e+02
4.201549987792968750e+02 1.881660003662109375e+02 4.185679931640625000e+02 2.181479949951171875e+02
3.386990051269531250e+02 2.605069885253906250e+02 3.404159851074218750e+02 2.870499877929687500e+02
3.356430053710937500e+02 1.887180023193359375e+02 2.856130065917968750e+02 1.902140045166015625e+02
4.384140074253082275e-01 2.900039978027343750e+02 2.704669952392578125e+01 2.926459960937500000e+02
5.992509765625000000e+02 2.431150054931640625e+02 5.999780273437500000e+02 2.343220062255859375e+02
5.515919799804687500e+02 2.135590057373046875e+02 5.646840209960937500e+02 2.090169982910156250e+02
2.848900146484375000e+02 3.150320129394531250e+02 2.775190124511718750e+02 3.086329956054687500e+02
2.702780151367187500e+02 3.022780151367187500e+02 2.588760070800781250e+02 2.924540100097656250e+02
6.382399902343750000e+02 4.072820129394531250e+02 4.604549865722656250e+02 3.831279907226562500e+02
6.144270019531250000e+02 3.199440002441406250e+02 6.382290039062500000e+02 3.217510070800781250e+02
4.143909912109375000e+02 2.029839935302734375e+02 4.057470092773437500e+02 2.020269927978515625e+02
3.740480041503906250e+02 2.748519897460937500e+02 3.773750000000000000e+02 2.858519897460937500e+02
5.748010253906250000e+02 2.531289978027343750e+02 5.746450195312500000e+02 2.718770141601562500e+02
5.893499755859375000e+02 2.733330078125000000e+02 5.968759765625000000e+02 2.731510009765625000e+02
1.592350006103515625e+02 2.007769927978515625e+02 1.768480072021484375e+02 2.170110015869140625e+02
6.375170230865478516e+00 1.718780059814453125e+02 6.488959789276123047e+00 1.931199951171875000e+02
5.814699707031250000e+02 2.570700073242187500e+02 5.827570190429687500e+02 2.515010070800781250e+02
1.874400024414062500e+02 1.931260070800781250e+02 1.874140014648437500e+02 2.156260070800781250e+02
2.155820007324218750e+02 3.285320129394531250e+02 2.356230010986328125e+02 3.306449890136718750e+02
6.057919921875000000e+02 3.433450012207031250e+02 5.094200134277343750e+02 3.362680053710937500e+02
5.302500000000000000e+02 2.693859863281250000e+02 5.355239868164062500e+02 2.677909851074218750e+02
1.756920013427734375e+02 2.874309997558593750e+02 2.045359954833984375e+02 2.901990051269531250e+02
1.848840026855468750e+02 2.168820037841796875e+02 1.852129974365234375e+02 1.943690032958984375e+02
5.852670288085937500e+02 3.156279907226562500e+02 5.851309814453125000e+02 2.981189880371093750e+02
2.840669860839843750e+02 1.881199951171875000e+02 2.836430053710937500e+02 2.131340026855468750e+02
6.382130126953125000e+02 3.823630065917968750e+02 5.045220031738281250e+02 3.668599853515625000e+02
5.288540039062500000e+02 3.105960083007812500e+02 5.296760253906250000e+02 2.955729980468750000e+02
1.981430053710937500e+02 3.329979858398437500e+02 1.792429962158203125e+02 3.303020019531250000e+02
4.648789978027343750e+02 7.936560058593750000e+01 4.640599975585937500e+02 1.444029998779296875e+02
1.392120056152343750e+02 1.080029983520507812e+02 4.771279907226562500e+02 6.774549865722656250e+01
2.356089935302734375e+02 3.382439880371093750e+02 2.030290069580078125e+02 3.338359985351562500e+02
5.124660034179687500e+02 2.943739929199218750e+02 5.125360107421875000e+02 3.243760070800781250e+02
1.131630020141601562e+02 2.506380004882812500e+02 1.129189987182617188e+02 2.993859863281250000e+02
1.856439971923828125e+02 2.437879943847656250e+02 1.969219970703125000e+02 2.441479949951171875e+02
4.917500000000000000e+02 2.764979858398437500e+02 4.861250000000000000e+02 2.783659973144531250e+02
2.089519958496093750e+02 2.894230041503906250e+02 2.131670074462890625e+02 3.264429931640625000e+02
3.998330078125000000e+02 3.495039978027343750e+02 4.111480102539062500e+02 3.518129882812500000e+02
1.570659942626953125e+02 1.960460052490234375e+02 1.643520050048828125e+02 2.006609954833984375e+02
4.238670043945312500e+02 1.506360015869140625e+02 4.235719909667968750e+02 1.706320037841796875e+02
1.968860015869140625e+02 1.861950073242187500e+02 1.881150054931640625e+02 1.863690032958984375e+02
6.382299804687500000e+02 3.480209960937500000e+02 6.143330078125000000e+02 3.461600036621093750e+02
6.019699707031250000e+02 2.006210021972656250e+02 6.027769775390625000e+02 2.180829925537109375e+02
2.243229980468750000e+02 8.526660156250000000e+01 2.166219940185546875e+02 8.638970184326171875e+01
1.776750030517578125e+02 1.836679992675781250e+02 1.599389953613281250e+02 1.689519958496093750e+02
3.793489990234375000e+02 2.791650085449218750e+02 4.118909912109375000e+02 2.799649963378906250e+02
5.273079833984375000e+02 3.245469970703125000e+02 5.287230224609375000e+02 3.106860046386718750e+02
6.382020263671875000e+02 2.515709991455078125e+02 6.281710205078125000e+02 2.519230041503906250e+02
2.785780029296875000e+02 3.056069946289062500e+02 2.802850036621093750e+02 1.068720016479492188e+02
3.230289916992187500e+02 3.458070068359375000e+02 3.343949890136718750e+02 3.465710144042968750e+02
5.882290039062500000e+02 2.981279907226562500e+02 5.877670288085937500e+02 3.156480102539062500e+02
5.605360107421875000e+02 3.138789978027343750e+02 5.831630249023437500e+02 3.165520019531250000e+02
8.312220001220703125e+01 2.405469970703125000e+02 9.310970306396484375e+01 2.401929931640625000e+02
5.359799804687500000e+02 2.894289855957031250e+02 5.363549804687500000e+02 2.956560058593750000e+02
3.085910034179687500e+02 3.341470031738281250e+02 3.544490051269531250e+02 3.247349853515625000e+02
2.556360015869140625e+02 2.193609924316406250e+02 2.698580017089843750e+02 2.299779968261718750e+02
2.565110015869140625e+01 1.968000030517578125e+02 1.185239982604980469e+01 1.971060028076171875e+02
4.644509887695312500e+02 3.293770141601562500e+02 4.649070129394531250e+02 3.131050109863281250e+02
1.880579986572265625e+02 2.175039978027343750e+02 1.968410034179687500e+02 2.171869964599609375e+02
8.120849609375000000e+00 2.173339996337890625e+02 2.563069915771484375e+01 2.174920043945312500e+02
3.689469909667968750e+02 3.533569946289062500e+02 3.843420104980468750e+02 3.504490051269531250e+02
1.558910064697265625e+02 1.834429931640625000e+02 1.509019927978515625e+02 1.680350036621093750e+02
2.102140045166015625e+02 2.206239929199218750e+02 2.102440032958984375e+02 2.431239929199218750e+02
5.141140136718750000e+02 2.555959930419921875e+02 5.128289794921875000e+02 2.669830017089843750e+02
1.155289993286132812e+02 2.859790039062500000e+02 1.532680053710937500e+02 2.882500000000000000e+02
4.664450073242187500e+02 2.456430053710937500e+02 4.666130065917968750e+02 2.380910034179687500e+02
4.866520080566406250e+02 2.789119873046875000e+02 4.816879882812500000e+02 2.759360046386718750e+02
8.120340347290039062e+00 1.942460021972656250e+02 2.568779945373535156e+01 1.936109924316406250e+02
4.330750122070312500e+02 3.848800048828125000e+02 4.407470092773437500e+02 3.856380004882812500e+02
4.585310058593750000e+02 3.830820007324218750e+02 4.588229980468750000e+02 3.943569946289062500e+02
4.680020141601562500e+02 2.558769989013671875e+02 4.756549987792968750e+02 2.565060119628906250e+02
3.102009887695312500e+02 2.469040069580078125e+02 3.104620056152343750e+02 2.393690032958984375e+02
5.933200073242187500e+02 2.357109985351562500e+02 5.998599853515625000e+02 2.297819976806640625e+02
9.268939971923828125e+01 2.681069946289062500e+02 9.215730285644531250e+01 2.806369934082031250e+02
1.848150024414062500e+02 2.302189941406250000e+02 1.606730041503906250e+02 2.055780029296875000e+02
2.692860031127929688e+01 1.728110046386718750e+02 8.097169876098632812e+00 1.738890075683593750e+02
4.545759887695312500e+02 8.381960296630859375e+01 3.645060119628906250e+02 9.314060211181640625e+01
6.024299926757812500e+02 2.887120056152343750e+02 6.078319702148437500e+02 2.932309875488281250e+02
2.897720031738281250e+02 1.918750000000000000e+02 2.897709960937500000e+02 2.168750000000000000e+02
6.250310058593750000e+02 2.489510040283203125e+02 6.209780273437500000e+02 2.546269989013671875e+02
4.243909912109375000e+02 4.655549926757812500e+02 3.166619873046875000e+02 4.415830078125000000e+02
4.955539855957031250e+02 3.662099914550781250e+02 4.616950073242187500e+02 3.621090087890625000e+02
4.107539978027343750e+02 3.297869873046875000e+02 4.006090087890625000e+02 3.282300109863281250e+02
5.143959960937500000e+02 2.841990051269531250e+02 5.282479858398437500e+02 2.858309936523437500e+02
2.743529968261718750e+02 3.104869995117187500e+02 3.108139953613281250e+02 3.427489929199218750e+02
2.708160095214843750e+02 2.076109924316406250e+02 2.627799987792968750e+02 2.010480041503906250e+02
5.514600219726562500e+02 3.212359924316406250e+02 5.576510009765625000e+02 3.127780151367187500e+02
4.921090087890625000e+02 3.130719909667968750e+02 4.928309936523437500e+02 2.993599853515625000e+02
2.792239990234375000e+02 9.806529998779296875e+01 3.968900146484375000e+02 8.450440216064453125e+01
2.555509948730468750e+02 2.894609985351562500e+02 2.447640075683593750e+02 2.801730041503906250e+02
3.543689880371093750e+02 3.118829956054687500e+02 3.423819885253906250e+02 3.024790039062500000e+02
3.583529968261718750e+02 9.386990356445312500e+01 2.782579956054687500e+02 1.030390014648437500e+02
5.574279785156250000e+02 3.119419860839843750e+02 5.592570190429687500e+02 2.968609924316406250e+02
5.617780151367187500e+02 2.968599853515625000e+02 5.595100097656250000e+02 3.118949890136718750e+02
3.568210144042968750e+02 2.006799926757812500e+02 3.473609924316406250e+02 1.914040069580078125e+02
3.636520080566406250e+02 3.481600036621093750e+02 3.651229858398437500e+02 3.257560119628906250e+02
3.689379882812500000e+02 2.656010131835937500e+02 3.695599975585937500e+02 2.543159942626953125e+02
3.110010070800781250e+02 3.426919860839843750e+02 3.311640014648437500e+02 3.601940002441406250e+02
2.936610031127929688e+01 1.168750000000000000e+02 2.931310081481933594e+01 4.562500000000000000e+01
4.932120056152343750e+02 3.346489868164062500e+02 4.755180053710937500e+02 3.330790100097656250e+02
1.585399932861328125e+02 1.693710021972656250e+02 1.586710052490234375e+02 1.831320037841796875e+02
4.655740051269531250e+02 3.031189880371093750e+02 4.666650085449218750e+02 2.931019897460937500e+02
5.885510253906250000e+02 2.593739929199218750e+02 5.885939941406250000e+02 2.718729858398437500e+02
5.893540039062500000e+02 2.890830078125000000e+02 5.956560058593750000e+02 2.892219848632812500e+02
2.600899963378906250e+02 2.281060028076171875e+02 2.608129882812500000e+02 2.556199951171875000e+02
4.589379882812500000e+02 4.800100097656250000e+02 1.130289993286132812e+02 3.997900085449218750e+02
4.017030029296875000e+02 8.409629821777343750e+01 4.631610107421875000e+02 7.719960021972656250e+01
5.438339843750000000e+02 2.135240020751953125e+02 5.471760253906250000e+02 2.075899963378906250e+02
4.678980102539062500e+02 2.696369934082031250e+02 4.658469848632812500e+02 2.580859985351562500e+02
1.653139953613281250e+02 2.966629943847656250e+02 1.732519989013671875e+02 2.949729919433593750e+02
5.155709838867187500e+02 3.255289916992187500e+02 5.281019897460937500e+02 3.261180114746093750e+02
5.801350097656250000e+02 2.461049957275390625e+02 5.770009765625000000e+02 2.531809997558593750e+02
2.603999938964843750e+02 2.006230010986328125e+02 2.604370117187500000e+02 2.218780059814453125e+02
1.921450042724609375e+02 1.806289978027343750e+02 1.923480072021484375e+02 1.681119995117187500e+02
2.130939941406250000e+02 8.084559631347656250e+01 2.244720001220703125e+02 8.242350006103515625e+01
6.242360229492187500e+02 1.656029968261718750e+02 6.230679931640625000e+02 1.731159973144531250e+02
5.860759887695312500e+02 2.669410095214843750e+02 5.854550170898437500e+02 2.593890075683593750e+02
4.742909851074218750e+02 3.068290100097656250e+02 4.738120117187500000e+02 3.206050109863281250e+02
6.206049804687500000e+02 2.449609985351562500e+02 6.381699829101562500e+02 2.455610046386718750e+02
5.334769897460937500e+02 2.731229858398437500e+02 5.335339965820312500e+02 2.831300048828125000e+02
6.193250122070312500e+02 1.647530059814453125e+02 6.381560058593750000e+02 1.636699981689453125e+02
3.148930053710937500e+02 3.006270141601562500e+02 3.148450012207031250e+02 2.856229858398437500e+02
5.256270141601562500e+02 1.532079925537109375e+02 5.131320190429687500e+02 1.534579925537109375e+02
2.406950073242187500e+02 2.767969970703125000e+02 2.315010070800781250e+02 2.685409851074218750e+02
1.055800018310546875e+02 1.190039978027343750e+02 2.770339965820312500e+02 9.818260192871093750e+01
2.126369934082031250e+02 1.931130065917968750e+02 2.127810058593750000e+02 2.168919982910156250e+02
2.012140045166015625e+02 2.462070007324218750e+02 2.683389892578125000e+02 3.053819885253906250e+02
8.986289978027343750e+01 2.806380004882812500e+02 9.019920349121093750e+01 2.681140136718750000e+02
4.924769897460937500e+02 2.843800048828125000e+02 4.926690063476562500e+02 2.606419982910156250e+02
6.381870117187500000e+02 2.423820037841796875e+02 6.292899780273437500e+02 2.416360015869140625e+02
1.360740051269531250e+02 2.406269989013671875e+02 1.362799987792968750e+02 1.818769989013671875e+02
6.334869995117187500e+02 1.468990020751953125e+02 6.339030151367187500e+02 1.405939941406250000e+02
1.611929931640625000e+02 2.723059997558593750e+02 1.566889953613281250e+02 3.043489990234375000e+02
1.001669998168945312e+02 2.506069946289062500e+02 1.005080032348632812e+02 2.418220062255859375e+02
2.923880004882812500e+02 3.209700012207031250e+02 3.382720031738281250e+02 3.126889953613281250e+02
4.952279968261718750e+02 3.131149902343750000e+02 4.947539978027343750e+02 3.318850097656250000e+02
2.586099853515625000e+02 1.949389953613281250e+02 2.696459960937500000e+02 2.027420043945312500e+02
6.381510009765625000e+02 2.856940002441406250e+02 6.193820190429687500e+02 2.852850036621093750e+02
3.098320007324218750e+02 2.518410034179687500e+02 3.104859924316406250e+02 2.607269897460937500e+02
3.975079956054687500e+02 3.556059875488281250e+02 3.978139953613281250e+02 3.656340026855468750e+02
4.781109924316406250e+02 3.095490112304687500e+02 4.906289978027343750e+02 3.105820007324218750e+02
2.872720031738281250e+02 3.080469970703125000e+02 2.866940002441406250e+02 3.143580017089843750e+02
4.735830078125000000e+02 3.231239929199218750e+02 4.735710144042968750e+02 3.306260070800781250e+02
4.959479980468750000e+02 2.605679931640625000e+02 4.955570068359375000e+02 2.669469909667968750e+02
3.557300109863281250e+02 1.887129974365234375e+02 3.405700073242187500e+02 1.878820037841796875e+02
4.958129882812500000e+02 2.981390075683593750e+02 4.947929992675781250e+02 3.119060058593750000e+02
6.382800292968750000e+02 2.985409851074218750e+02 6.156270141601562500e+02 2.968510131835937500e+02
1.807449951171875000e+02 1.681020050048828125e+02 1.804920043945312500e+02 1.806219940185546875e+02
1.077509994506835938e+02 2.557200012207031250e+02 1.087210006713867188e+02 2.468040008544921875e+02
5.994010009765625000e+02 1.496250000000000000e+02 5.844349975585937500e+02 1.511950073242187500e+02
4.698859863281250000e+02 2.905480041503906250e+02 4.688240051269531250e+02 3.006979980468750000e+02
2.584679870605468750e+02 2.830419921875000000e+02 2.578890075683593750e+02 2.893529968261718750e+02
4.642739868164062500e+02 7.706320190429687500e+01 5.002040100097656250e+02 9.640720367431640625e+01
4.768689880371093750e+02 2.993750000000000000e+02 4.767940063476562500e+02 2.843750000000000000e+02
2.143070068359375000e+02 1.631230010986328125e+02 2.143229980468750000e+02 1.843769989013671875e+02
4.851189880371093750e+02 2.667409973144531250e+02 4.830109863281250000e+02 2.746770019531250000e+02
8.566359710693359375e+01 1.256250000000000000e+02 8.498850250244140625e+01 1.918809967041015625e+02
4.906199951171875000e+02 2.369380035400390625e+02 4.793399963378906250e+02 2.361000061035156250e+02
4.794779968261718750e+02 2.856310119628906250e+02 4.787229919433593750e+02 2.981610107421875000e+02
1.530859985351562500e+02 2.249900054931640625e+02 1.756529998779296875e+02 2.264369964599609375e+02
4.879330139160156250e+02 2.667090148925781250e+02 4.891409912109375000e+02 2.744119873046875000e+02
2.593609924316406250e+02 2.477830047607421875e+02 2.206269989013671875e+02 2.494199981689453125e+02
5.388460083007812500e+02 2.506219940185546875e+02 5.387589721679687500e+02 2.668779907226562500e+02
2.158209991455078125e+02 2.243119964599609375e+02 2.162070007324218750e+02 2.330989990234375000e+02
5.619500122070312500e+02 2.830580139160156250e+02 5.467860107421875000e+02 2.821910095214843750e+02
5.721229858398437500e+02 2.731239929199218750e+02 5.720339965820312500e+02 2.531239929199218750e+02
4.818160095214843750e+02 2.821449890136718750e+02 4.909490051269531250e+02 2.841449890136718750e+02
3.430939941406250000e+02 3.470740051269531250e+02 3.532390136718750000e+02 3.486369934082031250e+02
8.186990356445312500e+01 2.823250122070312500e+02 8.813330078125000000e+01 2.823970031738281250e+02
6.381820068359375000e+02 1.489519958496093750e+02 6.181959838867187500e+02 1.494969940185546875e+02
3.817210083007812500e+02 2.688420104980468750e+02 3.981719970703125000e+02 2.674230041503906250e+02
5.348430175781250000e+02 2.668720092773437500e+02 5.348969726562500000e+02 2.543719940185546875e+02
3.144549865722656250e+02 1.631269989013671875e+02 3.141900024414062500e+02 1.768710021972656250e+02
2.893900146484375000e+02 2.243760070800781250e+02 2.885180053710937500e+02 2.430850067138671875e+02
6.083150024414062500e+02 2.338240051269531250e+02 6.018729858398437500e+02 2.331459960937500000e+02
1.982960052490234375e+02 1.119980010986328125e+02 1.418300018310546875e+02 1.190090026855468750e+02
4.916080017089843750e+02 3.319339904785156250e+02 4.922879943847656250e+02 3.206499938964843750e+02
4.050090026855468750e+02 2.541580047607421875e+02 4.010639953613281250e+02 2.653389892578125000e+02
2.707009887695312500e+02 1.037630004882812500e+02 2.043529968261718750e+02 1.116940002441406250e+02
5.831619873046875000e+02 2.838410034179687500e+02 5.644169921875000000e+02 2.825280151367187500e+02
3.680419921875000000e+02 9.610009765625000000e+01 4.093559875488281250e+02 9.170030212402343750e+01
4.643739929199218750e+02 3.468750000000000000e+02 4.644700012207031250e+02 3.343659973144531250e+02
3.408890075683593750e+02 3.705979919433593750e+02 3.533720092773437500e+02 3.731809997558593750e+02
3.280450134277343750e+02 2.532050018310546875e+02 3.349230041503906250e+02 2.600769958496093750e+02
5.020140075683593750e+02 1.048710021972656250e+02 6.382969970703125000e+02 9.404409790039062500e+01
5.893880004882812500e+02 1.890590057373046875e+02 5.630800170898437500e+02 1.879929962158203125e+02
5.043850097656250000e+02 1.549649963378906250e+02 4.668309936523437500e+02 1.556309967041015625e+02
5.033949890136718750e+02 2.775840148925781250e+02 4.955090026855468750e+02 2.763970031738281250e+02
5.293720092773437500e+02 2.811759948730468750e+02 5.206220092773437500e+02 2.812149963378906250e+02
6.048670043945312500e+02 2.789230041503906250e+02 6.011309814453125000e+02 2.851809997558593750e+02
3.955180053710937500e+02 1.994830017089843750e+02 3.867479858398437500e+02 1.907590026855468750e+02
3.693640136718750000e+02 3.378750000000000000e+02 3.677909851074218750e+02 3.458070068359375000e+02
5.282069702148437500e+02 2.917170104980468750e+02 5.143430175781250000e+02 2.922030029296875000e+02
3.516369934082031250e+02 3.382609863281250000e+02 3.269630126953125000e+02 3.435360107421875000e+02
2.856560058593750000e+02 2.921119995117187500e+02 3.107170104980468750e+02 2.888229980468750000e+02
3.357160034179687500e+02 3.666730041503906250e+02 3.418540039062500000e+02 3.694230041503906250e+02
5.931970214843750000e+02 1.418150024414062500e+02 5.983150024414062500e+02 1.479669952392578125e+02
4.481369934082031250e+02 3.604869995117187500e+02 3.993280029296875000e+02 3.561480102539062500e+02
5.650629882812500000e+02 2.526719970703125000e+02 5.715150146484375000e+02 2.465650024414062500e+02
5.008359985351562500e+02 3.356749877929687500e+02 4.955599975585937500e+02 3.347460021972656250e+02
2.843320007324218750e+02 2.789049987792968750e+02 2.981950073242187500e+02 2.776440124511718750e+02
8.941690063476562500e+01 1.868750000000000000e+02 8.933910369873046875e+01 1.368730010986328125e+02
2.993619995117187500e+02 5.383669734001159668e-01 2.853659973144531250e+02 2.698859930038452148e+00
1.756329956054687500e+02 2.954509887695312500e+02 2.043789978027343750e+02 2.967909851074218750e+02
5.230380249023437500e+02 2.688089904785156250e+02 5.295009765625000000e+02 2.696300048828125000e+02
5.955659790039062500e+02 2.845650024414062500e+02 5.888040161132812500e+02 2.824540100097656250e+02
6.245319824218750000e+02 2.419680023193359375e+02 6.166680297851562500e+02 2.409029998779296875e+02
4.968720092773437500e+02 9.683609771728515625e+01 5.156140136718750000e+02 9.547519683837890625e+01
4.444779968261718750e+02 2.656449890136718750e+02 4.468909912109375000e+02 2.531280059814453125e+02
2.053489990234375000e+02 3.053179931640625000e+02 1.728139953613281250e+02 3.034020080566406250e+02
1.361849975585937500e+02 1.631369934082031250e+02 1.371510009765625000e+02 1.193809967041015625e+02
4.774710083007812500e+02 2.743989868164062500e+02 4.766369934082031250e+02 2.518840026855468750e+02
2.619800109863281250e+02 1.206259994506835938e+02 2.610289916992187500e+02 1.956300048828125000e+02
4.006119995117187500e+02 2.673980102539062500e+02 4.118859863281250000e+02 2.676830139160156250e+02
3.933099975585937500e+02 3.280350036621093750e+02 3.703840026855468750e+02 3.248659973144531250e+02
1.690879974365234375e+02 1.682969970703125000e+02 1.793939971923828125e+02 1.670260009765625000e+02
4.519240112304687500e+02 1.563569946289062500e+02 4.330079956054687500e+02 1.576320037841796875e+02
4.119190063476562500e+02 2.763200073242187500e+02 3.817120056152343750e+02 2.739490051269531250e+02
3.994570007324218750e+02 2.606329956054687500e+02 4.006659851074218750e+02 2.481289978027343750e+02
2.805969848632812500e+02 3.079559936523437500e+02 3.130209960937500000e+02 3.025079956054687500e+02
6.382520141601562500e+02 8.968139648437500000e+01 5.031289978027343750e+02 1.006750030517578125e+02
3.947640075683593750e+02 2.029210052490234375e+02 3.994460144042968750e+02 2.118379974365234375e+02
2.294060058593750000e+02 2.668380126953125000e+02 2.212230072021484375e+02 2.599179992675781250e+02
2.345209960937500000e+02 3.118020019531250000e+02 2.155870056152343750e+02 3.097160034179687500e+02
2.356069946289062500e+02 2.702279968261718750e+02 2.456020050048828125e+02 2.704440002441406250e+02
6.235109863281250000e+02 1.405939941406250000e+02 6.240120239257812500e+02 1.469040069580078125e+02
4.488420104980468750e+02 2.567650146484375000e+02 4.470039978027343750e+02 2.656520080566406250e+02
3.921300048828125000e+02 2.103220062255859375e+02 3.846270141601562500e+02 2.090890045166015625e+02
1.862779998779296875e+02 2.295039978027343750e+02 1.890650024414062500e+02 2.423809967041015625e+02
1.761300048828125000e+02 2.768479919433593750e+02 1.758159942626953125e+02 2.856319885253906250e+02
4.943640136718750000e+02 2.695360107421875000e+02 5.032420043945312500e+02 2.701319885253906250e+02
1.568470001220703125e+02 2.170370025634765625e+02 1.656549987792968750e+02 2.168130035400390625e+02
4.305379943847656250e+02 2.688210144042968750e+02 4.431889953613281250e+02 2.682130126953125000e+02
3.429620056152343750e+02 3.096350097656250000e+02 3.349920043945312500e+02 3.046400146484375000e+02
5.615040283203125000e+02 2.553150024414062500e+02 5.481270141601562500e+02 2.500379943847656250e+02
5.506209716796875000e+02 2.434680023193359375e+02 5.631190185546875000e+02 2.436109924316406250e+02
2.568850097656250000e+02 1.168150024414062500e+02 2.293430023193359375e+02 1.120599975585937500e+02
1.677500000000000000e+02 2.157899932861328125e+02 1.660249938964843750e+02 2.249230041503906250e+02
5.102609863281250000e+02 3.243710021972656250e+02 5.107009887695312500e+02 2.856260070800781250e+02
5.643209838867187500e+02 2.297649993896484375e+02 5.717919921875000000e+02 2.293000030517578125e+02
1.218860015869140625e+02 1.107190017700195312e+02 1.368370056152343750e+02 1.090390014648437500e+02
3.108020019531250000e+02 1.806340026855468750e+02 3.117109985351562500e+02 1.631159973144531250e+02
4.947990112304687500e+02 3.368829956054687500e+02 4.944219970703125000e+02 3.568989868164062500e+02
5.451840209960937500e+02 3.126369934082031250e+02 5.589470214843750000e+02 3.190440063476562500e+02
4.668580017089843750e+02 9.259909820556640625e+01 4.968670043945312500e+02 1.043960037231445312e+02
2.980589904785156250e+02 4.396440124511718750e+02 3.083590087890625000e+02 4.421700134277343750e+02
4.136610107421875000e+02 3.561700134277343750e+02 4.196679992675781250e+02 3.364769897460937500e+02
4.781510009765625000e+02 1.486719970703125000e+02 4.956709899902343750e+02 1.478350067138671875e+02
3.857229919433593750e+02 2.055780029296875000e+02 3.931740112304687500e+02 2.049709930419921875e+02
8.143530273437500000e+01 2.181269989013671875e+02 8.181390380859375000e+01 7.937480163574218750e+01
3.368370056152343750e+02 3.454710083007812500e+02 3.533099975585937500e+02 3.413699951171875000e+02
2.898770141601562500e+02 1.593670043945312500e+02 2.896180114746093750e+02 1.843780059814453125e+02
2.063059997558593750e+02 1.593769989013671875e+02 2.064510040283203125e+02 1.156240005493164062e+02
9.674549865722656250e+01 4.379679870605468750e+01 6.803620147705078125e+01 5.022869873046875000e+01
3.477359924316406250e+02 2.540220031738281250e+02 3.543429870605468750e+02 2.467279968261718750e+02
5.018110046386718750e+02 3.831159973144531250e+02 5.034469909667968750e+02 3.717420043945312500e+02
2.668049926757812500e+02 3.548380126953125000e+02 1.131859970092773438e+02 3.314769897460937500e+02
4.481589965820312500e+02 3.327550048828125000e+02 4.305780029296875000e+02 3.311369934082031250e+02
2.001260070800781250e+02 9.938400268554687500e+01 1.998540039062500000e+02 8.434380340576171875e+01
4.282470092773437500e+02 4.688229980468750000e+02 4.469150085449218750e+02 4.729410095214843750e+02
5.768549804687500000e+02 2.329960021972656250e+02 5.654899902343750000e+02 2.347570037841796875e+02
2.146609954833984375e+02 2.540370025634765625e+02 2.079369964599609375e+02 2.483470001220703125e+02
4.968649902343750000e+02 2.834280090332031250e+02 5.031499938964843750e+02 2.836440124511718750e+02
4.132690124511718750e+02 9.321970367431640625e+01 4.521090087890625000e+02 8.905439758300781250e+01
3.333569946289062500e+02 3.480169982910156250e+02 3.326860046386718750e+02 3.543280029296875000e+02
4.966619873046875000e+02 3.105280151367187500e+02 5.019440002441406250e+02 3.115029907226562500e+02
3.256530151367187500e+02 2.705419921875000000e+02 3.335199890136718750e+02 2.732090148925781250e+02
5.582319946289062500e+02 2.935360107421875000e+02 5.455089721679687500e+02 2.928859863281250000e+02
1.373459930419921875e+02 1.068899993896484375e+02 1.371770019531250000e+02 9.809510040283203125e+01
4.780050048828125000e+02 6.705789947509765625e+01 4.916400146484375000e+02 7.598329925537109375e+01
2.492649993896484375e+02 2.817900085449218750e+02 2.592940063476562500e+02 2.827340087890625000e+02
5.018989868164062500e+02 2.857709960937500000e+02 4.868949890136718750e+02 2.882470092773437500e+02
4.492980041503906250e+02 4.734960021972656250e+02 4.730629882812500000e+02 4.784240112304687500e+02
4.408450012207031250e+02 2.761839904785156250e+02 4.342369995117187500e+02 2.769890136718750000e+02
5.143679809570312500e+02 3.111220092773437500e+02 5.268829956054687500e+02 3.112959899902343750e+02
5.802169799804687500e+02 1.656280059814453125e+02 5.802570190429687500e+02 1.718849945068359375e+02
4.625320129394531250e+02 4.247260131835937500e+02 5.016040039062500000e+02 3.989639892578125000e+02
3.906659851074218750e+02 3.198909912109375000e+02 3.743210144042968750e+02 3.211929931640625000e+02
5.834260253906250000e+02 2.965620117187500000e+02 5.636779785156250000e+02 2.927560119628906250e+02
1.927550048828125000e+02 1.943710021972656250e+02 1.925980072021484375e+02 2.093690032958984375e+02
6.293720092773437500e+02 2.691310119628906250e+02 6.381359863281250000e+02 2.690270080566406250e+02
4.418840026855468750e+02 1.507409973144531250e+02 4.506780090332031250e+02 1.500919952392578125e+02
3.467799987792968750e+02 1.601959991455078125e+02 3.571050109863281250e+02 1.579179992675781250e+02
4.751740112304687500e+02 3.784649963378906250e+02 5.016480102539062500e+02 3.651619873046875000e+02
2.205220031738281250e+02 2.575660095214843750e+02 2.304880065917968750e+02 2.590459899902343750e+02
4.816490173339843750e+01 3.047900009155273438e+01 9.554080200195312500e+01 4.343299865722656250e+01
2.989809875488281250e+02 2.780329895019531250e+02 2.963070068359375000e+02 2.895339965820312500e+02
1.423020019531250000e+02 2.418280029296875000e+02 1.452389984130859375e+02 1.906029968261718750e+02
2.200239896774291992e+00 2.881239929199218750e+02 2.365689992904663086e+00 1.731239929199218750e+02
5.301510009765625000e+02 1.595370025634765625e+02 5.329660034179687500e+02 1.677510070800781250e+02
3.130799865722656250e+02 1.600059967041015625e+02 3.320010070800781250e+02 1.613470001220703125e+02
4.006730041503906250e+02 3.092909851074218750e+02 4.114110107421875000e+02 3.155209960937500000e+02
4.055520019531250000e+02 2.134160003662109375e+02 4.130939941406250000e+02 2.137740020751953125e+02
3.931199951171875000e+02 2.347010040283203125e+02 4.018680114746093750e+02 2.348379974365234375e+02
4.818890075683593750e+02 2.133659973144531250e+02 4.969110107421875000e+02 2.124909973144531250e+02
9.187609863281250000e+01 2.927090148925781250e+02 1.043759994506835938e+02 2.927430114746093750e+02
5.818909912109375000e+02 2.393070068359375000e+02 5.919119873046875000e+02 2.417209930419921875e+02
4.913059997558593750e+02 3.568670043945312500e+02 4.915820007324218750e+02 3.368710021972656250e+02
2.875499877929687500e+02 2.143609924316406250e+02 2.880690002441406250e+02 1.931239929199218750e+02
3.846170043945312500e+02 3.530780029296875000e+02 3.840409851074218750e+02 3.655520019531250000e+02
4.156250000000000000e+02 3.093750000000000000e+02 4.156250000000000000e+02 3.306250000000000000e+02
5.231019897460937500e+02 2.421300048828125000e+02 5.343720092773437500e+02 2.431589965820312500e+02
5.153309936523437500e+02 1.908670043945312500e+02 5.226649780273437500e+02 1.997550048828125000e+02
4.195239868164062500e+02 3.031270141601562500e+02 4.207640075683593750e+02 2.243970031738281250e+02
1.343970031738281250e+02 2.946199951171875000e+02 1.169000015258789062e+02 2.948739929199218750e+02
4.107139892578125000e+02 3.207590026855468750e+02 4.005150146484375000e+02 3.214119873046875000e+02
3.707479858398437500e+02 1.566300048828125000e+02 3.792369995117187500e+02 1.608990020751953125e+02
3.855369873046875000e+02 1.555789947509765625e+02 3.803840026855468750e+02 1.654429931640625000e+02
5.155100097656250000e+02 9.333080291748046875e+01 4.788510131835937500e+02 7.281189727783203125e+01
5.217769775390625000e+02 9.204309844970703125e+01 6.382050170898437500e+02 8.151149749755859375e+01
5.982100219726562500e+02 3.385289916992187500e+02 5.869489746093750000e+02 3.373940124511718750e+02
1.035649967193603516e+01 2.143780059814453125e+02 1.022210025787353516e+01 2.006289978027343750e+02
5.854370117187500000e+02 3.258030090332031250e+02 5.915100097656250000e+02 3.322200012207031250e+02
3.398930053710937500e+02 3.142999877929687500e+02 3.387260131835937500e+02 3.256870117187500000e+02
5.256900024414062500e+02 1.655119934082031250e+02 5.193660278320312500e+02 1.618910064697265625e+02
3.795790100097656250e+02 1.686260070800781250e+02 3.692550048828125000e+02 1.728320007324218750e+02
1.878809967041015625e+02 4.118750000000000000e+02 1.877910003662109375e+02 3.468750000000000000e+02
1.133219985961914062e+02 3.960509948730468750e+02 1.870350036621093750e+02 4.137090148925781250e+02
5.363020019531250000e+02 2.768429870605468750e+02 5.365989990234375000e+02 2.831960144042968750e+02
4.188399963378906250e+02 3.356310119628906250e+02 4.190889892578125000e+02 3.081109924316406250e+02
3.780929870605468750e+02 3.117529907226562500e+02 3.932219848632812500e+02 3.121789855957031250e+02
1.893600006103515625e+02 4.144450073242187500e+02 2.006369934082031250e+02 4.168200073242187500e+02
2.030509948730468750e+02 4.171910095214843750e+02 2.556119995117187500e+02 4.294299926757812500e+02
8.029669952392578125e+01 3.193720092773437500e+02 8.048069763183593750e+01 3.018729858398437500e+02
5.844219970703125000e+02 2.815780029296875000e+02 5.861660156250000000e+02 2.745079956054687500e+02
3.663420104980468750e+02 1.493930053710937500e+02 3.675750122070312500e+02 1.006429977416992188e+02
5.608189697265625000e+02 2.568720092773437500e+02 5.609910278320312500e+02 2.668689880371093750e+02
2.196889953613281250e+02 2.003110046386718750e+02 2.328099975585937500e+02 2.134389953613281250e+02
3.112560119628906250e+02 2.902650146484375000e+02 3.092659912109375000e+02 3.006040039062500000e+02
4.624219970703125000e+02 3.968590087890625000e+02 4.618269958496093750e+02 4.231520080566406250e+02
1.569810028076171875e+02 2.068459930419921875e+02 1.571410064697265625e+02 2.143959960937500000e+02
2.017519989013671875e+02 8.239510345458984375e+01 1.982250061035156250e+02 7.308699798583984375e+01
3.147390136718750000e+02 4.481480102539062500e+02 3.133129882812500000e+02 4.707160034179687500e+02
5.105589904785156250e+02 3.302520141601562500e+02 5.204719848632812500e+02 3.285060119628906250e+02
5.113200073242187500e+02 1.081200027465820312e+02 5.110079956054687500e+02 1.418789978027343750e+02
6.247479858398437500e+02 3.258250122070312500e+02 6.191530151367187500e+02 3.272640075683593750e+02
1.059220027923583984e+01 1.906260070800781250e+02 1.029059982299804688e+01 1.768820037841796875e+02
4.943030090332031250e+02 1.007549972534179688e+02 4.673169860839843750e+02 8.583609771728515625e+01
1.943730010986328125e+02 2.918999938964843750e+02 1.781410064697265625e+02 2.904509887695312500e+02
3.981340026855468750e+02 2.707130126953125000e+02 3.881099853515625000e+02 2.717250061035156250e+02
5.569290161132812500e+02 1.667480010986328125e+02 5.616179809570312500e+02 1.687319946289062500e+02
4.778880004882812500e+02 2.431069946289062500e+02 4.790440063476562500e+02 2.281959991455078125e+02
3.242659912109375000e+02 1.009049987792968750e+02 3.569169921875000000e+02 9.724900054931640625e+01
2.881250000000000000e+02 1.831250000000000000e+02 2.880859985351562500e+02 1.593750000000000000e+02
2.595950012207031250e+02 3.318800048828125000e+02 2.592399902343750000e+02 3.481489868164062500e+02
4.741080017089843750e+02 2.931229858398437500e+02 4.740499877929687500e+02 3.031229858398437500e+02
4.177130126953125000e+02 2.343659973144531250e+02 4.165759887695312500e+02 2.881189880371093750e+02
4.986659851074218750e+02 3.716629943847656250e+02 4.823039855957031250e+02 3.801979980468750000e+02
2.978819885253906250e+02 3.768720092773437500e+02 2.972189941406250000e+02 4.243970031738281250e+02
1.013980007171630859e+01 2.868760070800781250e+02 1.002350044250488281e+01 2.231260070800781250e+02
9.776100158691406250e+01 2.393639984130859375e+02 9.746880340576171875e+01 2.493919982910156250e+02
1.434889984130859375e+02 1.543780059814453125e+02 1.436260070800781250e+02 1.343780059814453125e+02
3.605329895019531250e+02 7.951519775390625000e+01 3.586700134277343750e+02 6.168740081787109375e+01
4.130029907226562500e+02 1.654290008544921875e+02 4.053559875488281250e+02 1.701940002441406250e+02
5.599530029296875000e+02 3.301889953613281250e+02 5.754769897460937500e+02 3.240050048828125000e+02
3.085150146484375000e+02 4.581839904785156250e+02 3.102279968261718750e+02 4.468150024414062500e+02
1.055679988861083984e+01 1.475469970703125000e+02 5.487040281295776367e-01 1.487290039062500000e+02
2.681690063476562500e+02 2.699660034179687500e+02 2.468509979248046875e+02 2.715520019531250000e+02
3.130350036621093750e+02 2.857340087890625000e+02 2.965809936523437500e+02 2.722330017089843750e+02
4.506300048828125000e+02 1.708079986572265625e+02 4.331250000000000000e+02 1.707319946289062500e+02
4.394540100097656250e+02 2.886149902343750000e+02 4.317770080566406250e+02 2.878179931640625000e+02
4.892420043945312500e+02 3.803850097656250000e+02 5.005079956054687500e+02 3.741629943847656250e+02
2.680969848632812500e+02 2.586350097656250000e+02 2.331000061035156250e+02 2.599540100097656250e+02
4.478559875488281250e+02 4.718680114746093750e+02 4.499840087890625000e+02 3.893580017089843750e+02
1.923930053710937500e+02 3.456679992675781250e+02 1.929790039062500000e+02 3.557070007324218750e+02
5.444920043945312500e+02 3.352869873046875000e+02 5.344010009765625000e+02 3.317980041503906250e+02
3.085329895019531250e+02 2.751329956054687500e+02 2.894440002441406250e+02 2.592919921875000000e+02
2.667999877929687500e+02 4.321870117187500000e+02 2.918640136718750000e+02 4.381730041503906250e+02
1.864980010986328125e+02 1.806250000000000000e+02 1.865050048828125000e+02 1.681250000000000000e+02
4.776310119628906250e+02 3.368689880371093750e+02 4.774159851074218750e+02 3.543819885253906250e+02
3.318309936523437500e+02 3.646589965820312500e+02 2.706799926757812500e+02 3.552650146484375000e+02
6.036669921875000000e+02 4.081600036621093750e+02 6.030260009765625000e+02 4.181979980468750000e+02
5.845939941406250000e+02 3.303689880371093750e+02 5.859349975585937500e+02 3.380710144042968750e+02
4.424509887695312500e+02 2.028059997558593750e+02 4.489849853515625000e+02 2.145910034179687500e+02
1.345189971923828125e+02 1.203330001831054688e+02 1.105589981079101562e+02 1.239380035400390625e+02
3.253259887695312500e+02 3.030859985351562500e+02 3.240100097656250000e+02 3.130769958496093750e+02
1.429680023193359375e+02 9.063130187988281250e+01 1.429239959716796875e+02 1.068809967041015625e+02
2.976659965515136719e+01 4.236949920654296875e+01 6.624060273170471191e-01 2.804899978637695312e+01
1.381260070800781250e+02 2.968720092773437500e+02 1.322519989013671875e+02 2.946350097656250000e+02
5.071780090332031250e+02 1.418750000000000000e+02 5.072009887695312500e+02 1.068750000000000000e+02
5.197620239257812500e+02 2.384129943847656250e+02 5.160289916992187500e+02 2.434259948730468750e+02
1.207799987792968750e+02 2.229530029296875000e+02 1.129240036010742188e+02 2.158480072021484375e+02
4.317569885253906250e+02 1.718820037841796875e+02 4.322319946289062500e+02 1.793520050048828125e+02
4.868580017089843750e+02 1.690670013427734375e+02 4.705889892578125000e+02 1.699920043945312500e+02
1.924810028076171875e+02 3.581229858398437500e+02 1.925899963378906250e+02 4.018760070800781250e+02
3.100379943847656250e+02 4.406260070800781250e+02 3.101530151367187500e+02 3.668739929199218750e+02
4.736279907226562500e+02 3.343640136718750000e+02 4.733330078125000000e+02 3.543779907226562500e+02
4.338670043945312500e+02 2.825769958496093750e+02 4.406359863281250000e+02 2.806650085449218750e+02
4.562290039062500000e+02 6.833619689941406250e+01 4.527929992675781250e+02 5.782490158081054688e+01
2.066950073242187500e+02 8.695149993896484375e+01 2.058820037841796875e+02 9.832209777832031250e+01
5.019270019531250000e+02 2.925520019531250000e+02 4.868250122070312500e+02 2.911770019531250000e+02
6.381279907226562500e+02 2.713519897460937500e+02 6.293729858398437500e+02 2.713909912109375000e+02
2.393130035400390625e+02 1.179889984130859375e+02 2.593900146484375000e+02 1.191139984130859375e+02
6.272940063476562500e+02 4.781409912109375000e+02 6.299400024414062500e+02 4.080989990234375000e+02
5.980339965820312500e+02 4.781220092773437500e+02 6.004569702148437500e+02 4.081189880371093750e+02
4.886620044708251953e-01 1.736700057983398438e+01 3.440549850463867188e+01 2.676490020751953125e+01
5.827979736328125000e+02 1.620469970703125000e+02 5.929970092773437500e+02 1.589530029296875000e+02
4.716789855957031250e+02 3.864649963378906250e+02 4.605790100097656250e+02 3.917780151367187500e+02
2.020939941406250000e+02 4.156189880371093750e+02 2.001390075683593750e+02 3.468529968261718750e+02
2.925719909667968750e+02 4.368699951171875000e+02 2.932839965820312500e+02 3.618770141601562500e+02
4.868099975585937500e+02 1.024700012207031250e+02 4.668819885253906250e+02 1.044479980468750000e+02
4.646499938964843750e+02 3.428870010375976562e+01 4.663540039062500000e+02 6.440450286865234375e+01
4.543710021972656250e+02 1.055800018310546875e+02 4.081619873046875000e+02 1.097870025634765625e+02
1.783079986572265625e+02 3.443580017089843750e+02 1.845110015869140625e+02 4.107290039062500000e+02
6.326459960937500000e+02 4.081449890136718750e+02 6.322930297851562500e+02 4.218859863281250000e+02
4.255589904785156250e+02 4.656239929199218750e+02 4.271870117187500000e+02 3.868810119628906250e+02
1.081409988403320312e+02 1.245169982910156250e+02 9.057990264892578125e+01 1.264700012207031250e+02
1.093759994506835938e+02 1.677500000000000000e+02 9.812590026855468750e+01 1.677259979248046875e+02
1.044950027465820312e+02 3.193750000000000000e+02 1.043229980468750000e+02 3.906250000000000000e+02
4.944989979267120361e-01 1.517530059814453125e+02 9.401720046997070312e+00 1.509060058593750000e+02
1.888329925537109375e+02 1.681219940185546875e+02 1.887619934082031250e+02 1.806289978027343750e+02
1.443710021972656250e+02 1.330859985351562500e+02 1.969649963378906250e+02 1.277600021362304688e+02
2.363090057373046875e+02 4.231140136718750000e+02 2.377480010986328125e+02 3.518670043945312500e+02
2.736660003662109375e+01 1.651479949951171875e+02 1.011660003662109375e+01 1.473679962158203125e+02
4.879339904785156250e+02 3.677219848632812500e+02 4.671830139160156250e+02 3.775280151367187500e+02
2.062819976806640625e+02 3.606239929199218750e+02 2.063480072021484375e+02 4.043760070800781250e+02
5.430109863281250000e+02 3.259840087890625000e+02 5.531810302734375000e+02 3.291960144042968750e+02
8.313249969482421875e+01 1.219349975585937500e+02 1.031320037841796875e+02 1.194349975585937500e+02
2.076380004882812500e+02 6.935299682617187500e+01 2.068450012207031250e+02 8.687359619140625000e+01
4.642229919433593750e+02 3.940929870605468750e+02 4.765169982910156250e+02 3.874620056152343750e+02
6.384959716796875000e+02 2.167090034484863281e+01 6.287880249023437500e+02 4.010590076446533203e+00
4.504079895019531250e+02 4.381350097656250000e+02 4.513389892578125000e+02 4.580920104980468750e+02
6.317429809570312500e+02 4.447020053863525391e+00 6.379110107421875000e+02 1.574170017242431641e+01
9.310630035400390625e+01 1.364589996337890625e+02 1.181119995117187500e+02 1.353370056152343750e+02
2.001349945068359375e+02 7.433799743652343750e+01 2.003209991455078125e+02 6.559200286865234375e+01
1.202060031890869141e+01 2.231119995117187500e+02 1.179839992523193359e+01 2.418739929199218750e+02
4.806860046386718750e+02 4.778519897460937500e+02 4.543450012207031250e+02 4.720109863281250000e+02
2.348990020751953125e+02 9.151730346679687500e+01 2.443070068359375000e+02 9.458270263671875000e+01
6.323619995117187500e+02 4.280889892578125000e+02 6.299899902343750000e+02 4.781539916992187500e+02
2.831250000000000000e+02 1.056269989013671875e+02 3.143970031738281250e+02 1.020719985961914062e+02
2.069360046386718750e+02 1.140589981079101562e+02 2.343750000000000000e+02 1.193750000000000000e+02
6.030560302734375000e+02 4.231220092773437500e+02 6.009730224609375000e+02 4.781380004882812500e+02
2.093690032958984375e+02 1.580359954833984375e+02 2.369149932861328125e+02 1.562350006103515625e+02
1.781519927978515625e+02 1.171169967651367188e+02 1.969459991455078125e+02 1.150029983520507812e+02
1.230559997558593750e+02 1.350200042724609375e+02 1.344429931640625000e+02 1.337250061035156250e+02
2.318480072021484375e+02 2.577560119628906250e+02 2.569869995117187500e+02 2.558919982910156250e+02
3.660509948730468750e+02 6.550160217285156250e+01 3.669930114746093750e+02 7.830039978027343750e+01
4.576830139160156250e+02 5.829560089111328125e+01 4.548999938964843750e+02 3.069820022583007812e+01
4.969679870605468750e+02 4.011340026855468750e+02 5.007539978027343750e+02 3.911480102539062500e+02
1.442740020751953125e+02 7.937400054931640625e+01 1.442879943847656250e+02 9.437619781494140625e+01
3.355960083007812500e+02 3.254869995117187500e+02 3.130459899902343750e+02 3.302529907226562500e+02
2.365590057373046875e+02 8.339499664306640625e+01 2.435169982910156250e+02 9.154039764404296875e+01
3.756780090332031250e+02 3.637030029296875000e+02 3.844719848632812500e+02 3.643949890136718750e+02
2.269210052490234375e+02 3.051020050048828125e+01 2.493520050048828125e+02 3.943230056762695312e+01
4.318450012207031250e+02 1.054830017089843750e+02 4.538699951171875000e+02 1.007659988403320312e+02
2.082299957275390625e+02 1.265120010375976562e+02 2.382539978027343750e+02 1.229690017700195312e+02
3.183329963684082031e+01 3.489549865722656250e+02 1.685689926147460938e+01 3.504429931640625000e+02
2.689299926757812500e+02 3.410950012207031250e+02 2.612290039062500000e+02 3.338080139160156250e+02
3.535910034179687500e+02 3.549240112304687500e+02 3.409670104980468750e+02 3.581950073242187500e+02
1.995619964599609375e+02 6.560559844970703125e+01 1.988910064697265625e+02 5.916519927978515625e+01
4.269169921875000000e+02 1.017500000000000000e+02 4.130469970703125000e+02 9.710949707031250000e+01
3.230840148925781250e+02 3.128850097656250000e+02 2.981709899902343750e+02 3.171419982910156250e+02
2.989819946289062500e+02 3.398200073242187500e+02 1.967720031738281250e+02 2.494920043945312500e+02
1.669259948730468750e+02 7.466629791259765625e+01 1.843309936523437500e+02 7.162460327148437500e+01
1.531269989013671875e+02 2.430480041503906250e+02 1.806410064697265625e+02 2.438119964599609375e+02
3.067850036621093750e+02 3.012900085449218750e+02 2.856530151367187500e+02 3.045539855957031250e+02
1.843289947509765625e+02 9.084159851074218750e+01 1.656210021972656250e+02 8.689219665527343750e+01
1.603379974365234375e+02 9.750489807128906250e+01 1.679629974365234375e+02 1.009800033569335938e+02
5.877899780273437500e+02 3.591370010375976562e+01 5.692940063476562500e+02 1.444460010528564453e+01
4.343410034179687500e+02 3.545889892578125000e+02 4.456990051269531250e+02 3.564179992675781250e+02
3.002070007324218750e+02 4.501159973144531250e+02 2.934110107421875000e+02 4.557009887695312500e+02
4.531809997558593750e+02 4.006690063476562500e+02 4.521400146484375000e+02 4.318840026855468750e+02
3.666600036621093750e+02 5.317639923095703125e+01 3.693439941406250000e+02 6.438240051269531250e+01
2.447630004882812500e+02 8.243779754638671875e+01 2.379429931640625000e+02 7.199359893798828125e+01
1.230510025024414062e+02 1.975039978027343750e+02 1.344369964599609375e+02 1.988509979248046875e+02
1.793769989013671875e+02 1.594750061035156250e+02 1.968930053710937500e+02 1.591779937744140625e+02
5.994299926757812500e+02 4.557609939575195312e+01 6.158519897460937500e+02 6.417489624023437500e+01
5.796920166015625000e+02 2.285180091857910156e+01 5.906760253906250000e+02 3.558069992065429688e+01
1.881130065917968750e+02 2.485119934082031250e+02 1.343760070800781250e+02 2.468419952392578125e+02
3.611080017089843750e+02 5.956090164184570312e+01 3.589649963378906250e+02 5.072439956665039062e+01
1.214619979858398438e+02 1.728979949951171875e+02 1.236169967651367188e+02 1.808309936523437500e+02
4.305530090332031250e+02 3.968320007324218750e+02 4.314169921875000000e+02 4.205960083007812500e+02
3.881969909667968750e+02 1.039020004272460938e+02 3.981119995117187500e+02 1.029850006103515625e+02
3.408810119628906250e+02 3.765880126953125000e+02 3.283320007324218750e+02 3.653930053710937500e+02
5.495679931640625000e+02 5.289920043945312500e+01 5.320499877929687500e+02 3.792010116577148438e+01
4.217520141601562500e+02 3.525769958496093750e+02 4.306659851074218750e+02 3.541440124511718750e+02
8.030599975585937500e+01 9.507699966430664062e+00 8.547660064697265625e+01 2.193670082092285156e+01
1.062510013580322266e+01 1.106230010986328125e+02 2.562199974060058594e+01 1.119100036621093750e+02
3.218479919433593750e+02 1.178000030517578125e+02 2.843980102539062500e+02 1.209059982299804688e+02
3.056250000000000000e+02 4.118750000000000000e+02 3.056250000000000000e+02 3.831250000000000000e+02
2.420709991455078125e+02 6.952529907226562500e+01 2.411470031738281250e+02 6.305049896240234375e+01
3.081250000000000000e+02 3.843750000000000000e+02 3.081250000000000000e+02 4.068750000000000000e+02
1.231250000000000000e+02 3.506250000000000000e+02 1.231250000000000000e+02 3.693750000000000000e+02
3.131250000000000000e+02 3.781250000000000000e+02 3.131250000000000000e+02 3.968750000000000000e+02
2.429080047607421875e+02 5.048149871826171875e+01 2.365829925537109375e+02 4.209519958496093750e+01
8.001309967041015625e+01 2.529019927978515625e+01 8.417769622802734375e+01 3.322850036621093750e+01
3.578850030899047852e+00 1.593619995117187500e+02 3.822819948196411133e+00 1.681399993896484375e+02
1.945870056152343750e+02 7.806919860839843750e+01 1.745079956054687500e+02 7.480719757080078125e+01
