5.964559936523437500e+02 3.934620056152343750e+02 5.920339965820312500e+02 3.715899963378906250e+02
6.138280029296875000e+02 4.418630065917968750e+02 6.141870117187500000e+02 4.631279907226562500e+02
6.331820068359375000e+02 3.654719848632812500e+02 6.005830078125000000e+02 3.641530151367187500e+02
6.233489990234375000e+02 4.006239929199218750e+02 6.235659790039062500e+02 4.443850097656250000e+02
6.142429809570312500e+02 4.784150085449218750e+02 5.968209838867187500e+02 3.953739929199218750e+02
5.968020019531250000e+02 3.641310119628906250e+02 5.653540039062500000e+02 3.618340148925781250e+02
1.894219970703125000e+02 5.437590026855468750e+01 1.888190002441406250e+02 8.438890075683593750e+01
3.381250000000000000e+02 2.645069885253906250e+02 3.068750000000000000e+02 2.644970092773437500e+02
5.031400146484375000e+02 3.590979919433593750e+02 2.342299957275390625e+02 3.445620117187500000e+02
6.063419799804687500e+02 4.044649963378906250e+02 6.052849731445312500e+02 3.981820068359375000e+02
2.042279968261718750e+02 6.187229919433593750e+01 2.040659942626953125e+02 7.064250183105468750e+01
4.240929870605468750e+02 4.256260070800781250e+02 4.241740112304687500e+02 4.456359863281250000e+02
6.091500244140625000e+02 3.784559936523437500e+02 6.141480102539062500e+02 4.044190063476562500e+02
5.507109985351562500e+02 3.178339958190917969e+01 5.095029907226562500e+02 3.485020065307617188e+01
4.647650146484375000e+02 3.935309982299804688e+01 3.880469970703125000e+02 4.737900161743164062e+01
5.581430053710937500e+02 4.168750000000000000e+02 5.578920288085937500e+02 4.406359863281250000e+02
1.723769989013671875e+02 4.537170028686523438e+01 1.798659973144531250e+02 4.160029983520507812e+01
2.081710052490234375e+02 7.062539672851562500e+01 2.083119964599609375e+02 5.436569976806640625e+01
3.441849975585937500e+02 4.193770141601562500e+02 3.439880065917968750e+02 3.993670043945312500e+02
3.858099975585937500e+02 4.720660018920898438e+01 2.929729919433593750e+02 5.807740020751953125e+01
1.782330017089843750e+02 6.937660217285156250e+01 1.785980072021484375e+02 4.436370086669921875e+01
3.431430053710937500e+02 3.978559875488281250e+02 3.267990112304687500e+02 3.967439880371093750e+02
6.081339721679687500e+02 2.852000122070312500e+02 5.631010131835937500e+02 2.842709960937500000e+02
6.170120239257812500e+02 4.643590087890625000e+02 6.172969970703125000e+02 4.443630065917968750e+02
5.656680297851562500e+02 3.624110107421875000e+02 5.054349975585937500e+02 3.588210144042968750e+02
5.581240234375000000e+02 2.844230041503906250e+02 5.155709838867187500e+02 2.836719970703125000e+02
5.070989990234375000e+02 3.545809936523437500e+01 4.679890136718750000e+02 3.921039962768554688e+01
3.152959899902343750e+02 3.831159973144531250e+02 3.308580017089843750e+02 3.872479858398437500e+02
6.381560058593750000e+02 1.933560028076171875e+02 2.507749938964843750e+02 2.015050048828125000e+02
6.344080200195312500e+02 3.802500000000000000e+02 6.256160278320312500e+02 3.794830017089843750e+02
6.132340087890625000e+02 4.052390136718750000e+02 6.219899902343750000e+02 4.077189941406250000e+02
5.793640136718750000e+02 3.958160095214843750e+02 5.606049804687500000e+02 3.947250061035156250e+02
5.544010009765625000e+02 4.025960083007812500e+02 5.843300170898437500e+02 4.040480041503906250e+02
1.853309936523437500e+02 6.943470001220703125e+01 1.864290008544921875e+02 5.184719848632812500e+01
3.018640136718750000e+02 2.607879943847656250e+02 6.093850097656250000e+02 2.630809936523437500e+02
3.933139953613281250e+02 4.293800048828125000e+02 3.934710083007812500e+02 3.856130065917968750e+02
5.513720092773437500e+02 4.781530151367187500e+02 5.525369873046875000e+02 3.956170043945312500e+02
4.106119995117187500e+02 4.238299865722656250e+02 4.356270141601562500e+02 4.242829895019531250e+02
3.798179931640625000e+02 1.486609954833984375e+02 3.857349853515625000e+02 1.419730072021484375e+02
2.012969970703125000e+02 7.062830352783203125e+01 2.013959960937500000e+02 5.062260055541992188e+01
4.193750000000000000e+02 2.653959960937500000e+02 3.868739929199218750e+02 2.653599853515625000e+02
1.464720001220703125e+02 5.613140106201171875e+01 1.691009979248046875e+02 4.386920166015625000e+01
1.722929992675781250e+02 4.539229965209960938e+01 1.445619964599609375e+02 6.095890045166015625e+01
3.706180114746093750e+02 3.646239929199218750e+02 3.555939941406250000e+02 3.641740112304687500e+02
6.023820190429687500e+02 3.668020019531250000e+02 6.030020141601562500e+02 3.818280029296875000e+02
6.001409912109375000e+02 3.831229858398437500e+02 6.001049804687500000e+02 3.918779907226562500e+02
1.744400024414062500e+02 2.277449951171875000e+02 1.580899963378906250e+02 2.282480010986328125e+02
3.594479980468750000e+02 3.818760070800781250e+02 3.589689941406250000e+02 4.218850097656250000e+02
1.819640045166015625e+02 5.311970138549804688e+01 1.820240020751953125e+02 6.812940216064453125e+01
5.794650268554687500e+02 4.169670104980468750e+02 5.592949829101562500e+02 4.154030151367187500e+02
3.594549865722656250e+02 1.451490020751953125e+02 3.744240112304687500e+02 1.436000061035156250e+02
3.306210021972656250e+02 3.870769958496093750e+02 3.468640136718750000e+02 3.874089965820312500e+02
6.131040039062500000e+02 2.815929870605468750e+02 6.281510009765625000e+02 2.819200134277343750e+02
6.231179809570312500e+02 3.984289855957031250e+02 6.155939941406250000e+02 3.982579956054687500e+02
6.256190185546875000e+02 2.909240112304687500e+02 6.143740234375000000e+02 2.906809997558593750e+02
1.865070037841796875e+02 3.935219955444335938e+01 1.856470031738281250e+02 5.320389938354492188e+01
1.919230041503906250e+02 4.136800003051757812e+01 1.990130004882812500e+02 5.951649856567382812e+01
3.818519897460937500e+02 1.514190063476562500e+02 6.031630249023437500e+02 1.401179962158203125e+02
3.537619934082031250e+02 1.521540069580078125e+02 3.592959899902343750e+02 1.453229980468750000e+02
4.280119934082031250e+02 4.944480133056640625e+01 4.644079895019531250e+02 4.597219848632812500e+01
6.268779907226562500e+02 2.852290039062500000e+02 6.143690185546875000e+02 2.851329956054687500e+02
1.725939941406250000e+02 4.287639999389648438e+01 8.742340087890625000e+01 -4.529150128364562988e-01
5.781179809570312500e+02 3.895480041503906250e+02 5.592979736328125000e+02 3.887860107421875000e+02
5.581270141601562500e+02 2.896210021972656250e+02 5.431190185546875000e+02 2.897260131835937500e+02
6.206450195312500000e+02 3.790650024414062500e+02 6.081170043945312500e+02 3.782460021972656250e+02
4.114830017089843750e+02 4.456210021972656250e+02 4.116919860839843750e+02 4.256229858398437500e+02
5.506190185546875000e+02 3.757380065917968750e+02 5.081119995117187500e+02 3.733580017089843750e+02
5.181229858398437500e+02 2.782189941406250000e+02 5.556580200195312500e+02 2.789660034179687500e+02
3.479289855957031250e+02 3.831159973144531250e+02 3.475169982910156250e+02 4.481369934082031250e+02
2.393860015869140625e+02 1.542400054931640625e+02 3.756220092773437500e+02 1.528679962158203125e+02
3.905169982910156250e+02 5.197990036010742188e+01 4.219599914550781250e+02 4.902519989013671875e+01
3.245740051269531250e+02 3.943680114746093750e+02 3.247229919433593750e+02 4.506270141601562500e+02
3.011619873046875000e+02 2.731480102539062500e+02 3.016520080566406250e+02 2.618649902343750000e+02
4.631319885253906250e+02 2.660010070800781250e+02 4.281239929199218750e+02 2.657250061035156250e+02
3.394800109863281250e+02 2.756090087890625000e+02 3.396350097656250000e+02 2.643439941406250000e+02
3.468760070800781250e+02 3.743609924316406250e+02 3.367460021972656250e+02 3.736019897460937500e+02
5.106069946289062500e+02 4.169079971313476562e+01 5.494710083007812500e+02 3.785200119018554688e+01
3.868169860839843750e+02 1.430529937744140625e+02 3.994020080566406250e+02 1.424989929199218750e+02
5.568610229492187500e+02 3.733819885253906250e+02 5.906450195312500000e+02 3.752709960937500000e+02
3.781199951171875000e+02 2.649869995117187500e+02 3.456220092773437500e+02 2.647080078125000000e+02
3.524689941406250000e+02 4.206409912109375000e+02 3.520700073242187500e+02 4.043699951171875000e+02
6.056240234375000000e+02 2.669859924316406250e+02 5.656170043945312500e+02 2.666730041503906250e+02
2.409289932250976562e+01 3.628810119628906250e+02 7.563009643554687500e+01 3.531520080566406250e+02
5.918870239257812500e+02 3.779370117187500000e+02 5.568649902343750000e+02 3.757879943847656250e+02
5.080880126953125000e+02 3.887579956054687500e+02 5.506610107421875000e+02 3.912720031738281250e+02
3.056210021972656250e+02 2.656250000000000000e+02 3.055520019531250000e+02 2.731359863281250000e+02
5.831079711914062500e+02 3.933800048828125000e+02 5.943920288085937500e+02 3.941220092773437500e+02
3.517550048828125000e+02 5.692720031738281250e+01 3.856659851074218750e+02 5.353570175170898438e+01
5.031990051269531250e+02 3.731440124511718750e+02 4.606270141601562500e+02 3.705989990234375000e+02
6.131220092773437500e+02 2.628500061035156250e+02 6.268759765625000000e+02 2.628869934082031250e+02
2.515789947509765625e+02 2.907900085449218750e+02 2.529149932861328125e+02 2.830889892578125000e+02
4.704939880371093750e+02 4.423410034179687500e+01 5.044140014648437500e+02 4.103979873657226562e+01
5.081099853515625000e+02 3.709270019531250000e+02 5.506300048828125000e+02 3.730310058593750000e+02
3.845899963378906250e+02 2.668699951171875000e+02 3.847569885253906250e+02 2.743940124511718750e+02
3.856369934082031250e+02 2.761809997558593750e+02 4.206480102539062500e+02 2.768039855957031250e+02
3.294039916992187500e+02 3.787250061035156250e+02 3.193680114746093750e+02 3.782760009765625000e+02
3.618359985351562500e+02 3.788080139160156250e+02 3.731210021972656250e+02 3.794500122070312500e+02
5.543150024414062500e+02 3.916390075683593750e+02 5.731469726562500000e+02 3.927539978027343750e+02
6.331649780273437500e+02 2.251920013427734375e+02 2.718770141601562500e+02 2.295269927978515625e+02
5.031679992675781250e+02 3.912579956054687500e+02 4.756270141601562500e+02 3.893429870605468750e+02
3.056400146484375000e+02 2.750060119628906250e+02 3.381329956054687500e+02 2.751640014648437500e+02
5.955999755859375000e+02 3.971409912109375000e+02 5.830939941406250000e+02 3.959530029296875000e+02
1.830119967460632324e+00 3.643819885253906250e+02 1.652029991149902344e+00 3.331189880371093750e+02
5.506420288085937500e+02 3.940950012207031250e+02 5.080700073242187500e+02 3.915450134277343750e+02
5.690409851074218750e+01 3.400820007324218750e+02 4.181349945068359375e+01 3.392749938964843750e+02
4.703739929199218750e+02 2.680539855957031250e+02 4.709200134277343750e+02 2.756929931640625000e+02
8.068099975585937500e+01 3.506250000000000000e+02 8.067559814453125000e+01 3.343750000000000000e+02
4.281170043945312500e+02 2.772409973144531250e+02 4.631250000000000000e+02 2.769079895019531250e+02
3.806040039062500000e+02 4.296080017089843750e+02 3.918750000000000000e+02 4.306279907226562500e+02
2.398049926757812500e+02 1.342960052490234375e+02 2.391829986572265625e+02 1.506179962158203125e+02
4.581430053710937500e+02 3.703280029296875000e+02 4.193099975585937500e+02 3.679119873046875000e+02
3.331260070800781250e+02 2.803200073242187500e+02 2.968750000000000000e+02 2.803590087890625000e+02
3.794739990234375000e+02 3.843689880371093750e+02 3.792539978027343750e+02 4.281239929199218750e+02
3.755910034179687500e+02 1.431470031738281250e+02 3.795679931640625000e+02 1.492489929199218750e+02
3.206839904785156250e+02 3.751730041503906250e+02 3.282189941406250000e+02 3.761549987792968750e+02
3.792409973144531250e+02 2.755700073242187500e+02 3.794729919433593750e+02 2.643510131835937500e+02
3.730469970703125000e+02 3.764869995117187500e+02 3.605360107421875000e+02 3.753510131835937500e+02
5.081459960937500000e+02 2.659179992675781250e+02 4.720750122070312500e+02 2.684599914550781250e+02
5.656300048828125000e+02 2.789079895019531250e+02 6.056389770507812500e+02 2.793619995117187500e+02
6.245239868164062500e+02 3.818739929199218750e+02 6.245900268554687500e+02 3.931310119628906250e+02
6.106699829101562500e+02 2.655379943847656250e+02 6.117600097656250000e+02 2.817139892578125000e+02
3.356210021972656250e+02 2.947009887695312500e+02 3.506340026855468750e+02 2.948750000000000000e+02
5.556270141601562500e+02 2.666170043945312500e+02 5.181199951171875000e+02 2.663200073242187500e+02
6.343599853515625000e+02 3.995150146484375000e+02 6.268129882812500000e+02 3.987109985351562500e+02
3.594739990234375000e+02 4.237170104980468750e+02 3.718760070800781250e+02 4.243619995117187500e+02
7.329190063476562500e+01 3.417399902343750000e+02 6.190589904785156250e+01 3.403680114746093750e+02
3.432669982910156250e+02 4.531130065917968750e+02 3.435610046386718750e+02 4.256159973144531250e+02
5.166010131835937500e+02 2.680679931640625000e+02 5.164180297851562500e+02 2.768909912109375000e+02
7.563349914550781250e+01 3.342500000000000000e+02 4.178540039062500000e+01 3.319360046386718750e+02
4.637640075683593750e+02 1.389550018310546875e+02 4.598219909667968750e+02 1.446820068359375000e+02
5.131380004882812500e+02 2.838429870605468750e+02 4.718810119628906250e+02 2.828559875488281250e+02
4.006549987792968750e+02 1.429450073242187500e+02 4.053850097656250000e+02 1.483359985351562500e+02
6.268579711914062500e+02 3.959620056152343750e+02 6.344019775390625000e+02 3.963399963378906250e+02
3.359920043945312500e+02 3.993519897460937500e+02 3.362879943847656250e+02 4.206159973144531250e+02
4.731099853515625000e+02 2.774939880371093750e+02 5.081499938964843750e+02 2.783619995117187500e+02
2.006239929199218750e+02 2.294010009765625000e+02 1.843520050048828125e+02 2.285970001220703125e+02
3.793129882812500000e+02 3.668760070800781250e+02 3.795620117187500000e+02 3.781480102539062500e+02
7.678820037841796875e+01 3.393129882812500000e+02 7.739409637451171875e+01 3.505969848632812500e+02
3.519049987792968750e+02 4.031570129394531250e+02 3.524440002441406250e+02 3.818580017089843750e+02
5.156069946289062500e+02 2.988760070800781250e+02 5.919030151367187500e+02 3.007510070800781250e+02
5.522990112304687500e+02 3.893760070800781250e+02 5.523330078125000000e+02 3.768729858398437500e+02
3.308750000000000000e+02 3.718389892578125000e+02 3.309939880371093750e+02 3.643810119628906250e+02
4.393840026855468750e+02 1.145630035400390625e+02 4.519150085449218750e+02 1.139449996948242188e+02
3.831220092773437500e+02 2.957659912109375000e+02 4.056650085449218750e+02 2.962390136718750000e+02
6.268790283203125000e+02 4.449400024414062500e+02 6.332119750976562500e+02 4.681010131835937500e+02
4.381359863281250000e+02 4.341619873046875000e+02 4.569660034179687500e+02 4.351570129394531250e+02
5.843469848632812500e+02 4.043930053710937500e+02 5.845729980468750000e+02 4.206570129394531250e+02
5.593010253906250000e+02 4.415849914550781250e+02 5.832940063476562500e+02 4.434230041503906250e+02
3.936619873046875000e+02 3.793760070800781250e+02 3.936749877929687500e+02 3.681239929199218750e+02
6.256140136718750000e+02 2.658519897460937500e+02 6.130830078125000000e+02 2.652390136718750000e+02
6.105629882812500000e+02 3.011380004882812500e+02 6.268029785156250000e+02 2.997730102539062500e+02
4.630379943847656250e+02 3.857439880371093750e+02 5.031940002441406250e+02 3.882950134277343750e+02
2.690729980468750000e+02 2.106230010986328125e+02 2.692319946289062500e+02 2.806250000000000000e+02
2.756770019531250000e+02 2.740599975585937500e+02 2.894660034179687500e+02 2.763229980468750000e+02
4.756409912109375000e+02 3.690809936523437500e+02 5.031289978027343750e+02 3.705509948730468750e+02
3.768399963378906250e+02 3.823729858398437500e+02 3.618259887695312500e+02 3.813259887695312500e+02
3.131109924316406250e+02 2.939159851074218750e+02 3.343989868164062500e+02 2.942959899902343750e+02
3.341199951171875000e+02 4.154389953613281250e+02 3.310599975585937500e+02 3.990599975585937500e+02
6.088510131835937500e+02 2.606250000000000000e+02 6.088439941406250000e+02 2.381250000000000000e+02
2.524299926757812500e+02 2.756470031738281250e+02 2.530260009765625000e+02 2.269040069580078125e+02
5.568350219726562500e+02 3.788169860839843750e+02 5.831420288085937500e+02 3.803309936523437500e+02
3.756310119628906250e+02 3.629710083007812500e+02 3.906570129394531250e+02 3.635870056152343750e+02
4.743909912109375000e+02 3.891430053710937500e+02 4.606199951171875000e+02 3.882040100097656250e+02
6.069689941406250000e+02 2.781270141601562500e+02 6.069569702148437500e+02 2.693729858398437500e+02
5.577930297851562500e+02 2.781289978027343750e+02 5.576610107421875000e+02 2.681149902343750000e+02
6.357719726562500000e+02 3.781310119628906250e+02 6.357150268554687500e+02 3.681170043945312500e+02
4.830369873046875000e+02 4.514599914550781250e+02 5.044440002441406250e+02 4.537170104980468750e+02
4.631310119628906250e+02 3.680509948730468750e+02 4.731669921875000000e+02 3.688550109863281250e+02
3.843789978027343750e+02 2.842420043945312500e+02 4.131409912109375000e+02 2.850690002441406250e+02
3.618750000000000000e+02 2.858320007324218750e+02 3.443760070800781250e+02 2.858720092773437500e+02
4.306289978027343750e+02 3.242399902343750000e+02 4.481510009765625000e+02 3.247619934082031250e+02
4.193210144042968750e+02 3.826080017089843750e+02 4.581380004882812500e+02 3.854479980468750000e+02
4.356470031738281250e+02 3.865220031738281250e+02 4.193049926757812500e+02 3.854939880371093750e+02
5.041210021972656250e+02 4.293750000000000000e+02 5.041830139160156250e+02 3.931250000000000000e+02
4.131250000000000000e+02 2.870599975585937500e+02 3.881250000000000000e+02 2.870350036621093750e+02
3.737090148925781250e+02 4.292439880371093750e+02 3.767669982910156250e+02 3.843680114746093750e+02
6.215499877929687500e+02 3.931329956054687500e+02 6.216560058593750000e+02 3.806229858398437500e+02
5.881270141601562500e+02 2.899679870605468750e+02 5.693729858398437500e+02 2.899079895019531250e+02
4.556969909667968750e+02 1.104599990844726562e+02 3.217909851074218750e+02 1.193550033569335938e+02
1.192639999389648438e+02 1.842160034179687500e+02 1.030910034179687500e+02 1.955760040283203125e+02
3.469079895019531250e+02 4.603240051269531250e+02 4.594129943847656250e+02 4.727839965820312500e+02
3.918420104980468750e+02 3.834830017089843750e+02 3.818120117187500000e+02 3.825620117187500000e+02
5.144790039062500000e+02 4.405459899902343750e+02 5.495579833984375000e+02 4.432980041503906250e+02
5.156259765625000000e+02 2.867860107421875000e+02 5.331250000000000000e+02 2.869140014648437500e+02
4.293609924316406250e+02 2.851969909667968750e+02 4.506260070800781250e+02 2.855620117187500000e+02
5.769739990234375000e+02 9.456919860839843750e+01 4.069150085449218750e+02 1.062080001831054688e+02
4.693760070800781250e+02 2.980450134277343750e+02 5.106549987792968750e+02 2.986799926757812500e+02
4.658469848632812500e+02 2.656659851074218750e+02 4.646400146484375000e+02 2.721570129394531250e+02
4.668750000000000000e+02 1.156289978027343750e+02 4.542529907226562500e+02 1.170039978027343750e+02
6.068599853515625000e+02 3.758930053710937500e+02 6.206370239257812500e+02 3.766480102539062500e+02
4.081289978027343750e+02 1.194349975585937500e+02 3.643280029296875000e+02 1.224349975585937500e+02
5.506339721679687500e+02 1.057740020751953125e+02 4.718840026855468750e+02 1.107659988403320312e+02
4.293760070800781250e+02 2.968469848632812500e+02 4.644190063476562500e+02 2.978840026855468750e+02
6.344669799804687500e+02 4.668619995117187500e+02 6.352260131835937500e+02 4.006059875488281250e+02
3.456289978027343750e+02 2.754460144042968750e+02 3.781409912109375000e+02 2.761759948730468750e+02
5.106300048828125000e+02 2.887780151367187500e+02 4.831220092773437500e+02 2.885570068359375000e+02
3.729159851074218750e+02 4.043890075683593750e+02 3.715750122070312500e+02 3.842290039062500000e+02
3.469530029296875000e+02 3.636400146484375000e+02 3.330939941406250000e+02 3.621690063476562500e+02
3.505350036621093750e+02 3.607820129394531250e+02 3.730870056152343750e+02 3.589159851074218750e+02
3.793500061035156250e+02 2.593869934082031250e+02 3.795700073242187500e+02 2.368650054931640625e+02
3.257170104980468750e+02 4.523049926757812500e+02 3.420419921875000000e+02 4.541289978027343750e+02
4.669079895019531250e+02 2.828009948730468750e+02 3.843659973144531250e+02 2.810539855957031250e+02
6.279840087890625000e+02 2.818630065917968750e+02 6.284600219726562500e+02 2.256170043945312500e+02
3.818510131835937500e+02 3.800969848632812500e+02 3.918810119628906250e+02 3.804299926757812500e+02
2.280959930419921875e+02 2.910870056152343750e+02 2.494190063476562500e+02 2.924159851074218750e+02
1.817299957275390625e+02 2.242369995117187500e+02 1.828439941406250000e+02 2.331600036621093750e+02
5.146019897460937500e+02 2.381250000000000000e+02 5.145919799804687500e+02 2.606250000000000000e+02
6.298859863281250000e+02 3.069809875488281250e+02 6.277180175781250000e+02 2.919339904785156250e+02
2.756749877929687500e+02 2.926239929199218750e+02 2.881650085449218750e+02 2.929840087890625000e+02
3.443750000000000000e+02 2.656250000000000000e+02 3.441830139160156250e+02 2.743980102539062500e+02
5.533170166015625000e+02 1.407209930419921875e+02 5.517979736328125000e+02 1.240410003662109375e+02
3.906560058593750000e+02 3.658110046386718750e+02 3.755960083007812500e+02 3.653720092773437500e+02
3.364370117187500000e+02 4.237319946289062500e+02 3.415979919433593750e+02 4.202179870605468750e+02
4.755060119628906250e+02 4.377929992675781250e+02 5.018890075683593750e+02 4.358049926757812500e+02
2.881239929199218750e+02 2.846099853515625000e+02 2.781250000000000000e+02 2.845880126953125000e+02
4.181470031738281250e+02 3.653059997558593750e+02 4.381369934082031250e+02 3.667099914550781250e+02
3.556210021972656250e+02 3.669549865722656250e+02 3.718919982910156250e+02 3.677820129394531250e+02
5.756550292968750000e+02 1.048310012817382812e+02 5.505989990234375000e+02 1.064820022583007812e+02
4.618959960937500000e+02 4.729440002441406250e+02 5.043940124511718750e+02 4.779670104980468750e+02
5.840300292968750000e+02 3.806610107421875000e+02 5.852039794921875000e+02 3.919190063476562500e+02
5.100039978027343750e+02 2.768810119628906250e+02 5.099240112304687500e+02 2.681090087890625000e+02
4.081059875488281250e+02 2.964920043945312500e+02 4.131340026855468750e+02 2.964339904785156250e+02
5.070809936523437500e+02 3.931270141601562500e+02 5.068110046386718750e+02 4.293750000000000000e+02
2.781199951171875000e+02 2.599639892578125000e+02 2.993789978027343750e+02 2.601440124511718750e+02
6.352940063476562500e+02 3.981250000000000000e+02 6.353189697265625000e+02 3.793729858398437500e+02
2.755799865722656250e+02 3.756250000000000000e+02 2.757470092773437500e+02 4.393750000000000000e+02
4.493819885253906250e+02 2.878640136718750000e+02 4.293630065917968750e+02 2.873429870605468750e+02
5.718629760742187500e+02 2.876220092773437500e+02 6.093740234375000000e+02 2.882040100097656250e+02
5.593670043945312500e+02 4.770520019531250000e+02 5.781350097656250000e+02 4.779159851074218750e+02
2.471139984130859375e+02 2.053209991455078125e+02 1.183359985351562500e+02 1.855010070800781250e+02
5.860230102539062500e+02 4.456860046386718750e+02 6.059260253906250000e+02 4.478309936523437500e+02
4.102439880371093750e+02 3.868689880371093750e+02 4.101130065917968750e+02 4.231279907226562500e+02
4.569590148925781250e+02 3.879039916992187500e+02 4.406199951171875000e+02 3.869689941406250000e+02
4.589989929199218750e+02 4.256279907226562500e+02 4.588559875488281250e+02 4.056289978027343750e+02
6.044340209960937500e+02 4.411940002441406250e+02 5.868499755859375000e+02 4.396600036621093750e+02
4.818680114746093750e+02 2.860180053710937500e+02 5.106310119628906250e+02 2.865530090332031250e+02
5.119500122070312500e+02 2.606239929199218750e+02 5.115679931640625000e+02 2.381300048828125000e+02
2.693670043945312500e+02 2.831250000000000000e+02 2.691380004882812500e+02 3.118829956054687500e+02
4.506010131835937500e+02 3.226130065917968750e+02 5.018779907226562500e+02 3.242919921875000000e+02
2.571289978027343750e+02 1.543769989013671875e+02 2.573269958496093750e+02 1.268690032958984375e+02
2.869330139160156250e+02 2.788529968261718750e+02 2.755450134277343750e+02 2.775989990234375000e+02
3.330379943847656250e+02 3.650830078125000000e+02 3.445750122070312500e+02 3.665060119628906250e+02
3.419620056152343750e+02 1.206269989013671875e+02 3.414389953613281250e+02 1.506390075683593750e+02
4.216799926757812500e+02 4.500719909667968750e+02 4.245429992675781250e+02 4.555369873046875000e+02
4.619219970703125000e+02 4.373500061035156250e+02 4.732070007324218750e+02 4.380390014648437500e+02
4.406279907226562500e+02 3.668150024414062500e+02 4.581419982910156250e+02 3.678290100097656250e+02
3.143630065917968750e+02 3.958299865722656250e+02 2.993410034179687500e+02 3.949760131835937500e+02
6.112050170898437500e+02 2.303670043945312500e+02 6.134730224609375000e+02 2.354700012207031250e+02
4.046960144042968750e+02 3.856279907226562500e+02 4.042460021972656250e+02 4.381130065917968750e+02
4.266189880371093750e+02 2.668599853515625000e+02 4.267510070800781250e+02 2.756270141601562500e+02
4.580289916992187500e+02 1.135780029296875000e+02 4.669500122070312500e+02 1.124990005493164062e+02
5.037839965820312500e+02 4.518850097656250000e+02 5.039549865722656250e+02 4.406189880371093750e+02
5.577609863281250000e+02 4.468739929199218750e+02 5.576729736328125000e+02 4.756310119628906250e+02
3.422860107421875000e+02 2.318719940185546875e+02 3.421780090332031250e+02 2.593760070800781250e+02
5.590540161132812500e+02 2.606199951171875000e+02 5.593709716796875000e+02 2.381250000000000000e+02
4.217890014648437500e+02 2.593810119628906250e+02 4.219469909667968750e+02 2.306250000000000000e+02
4.815870056152343750e+02 4.619110107421875000e+02 4.819660034179687500e+02 4.518779907226562500e+02
3.456119995117187500e+02 2.836990051269531250e+02 3.806229858398437500e+02 2.844739990234375000e+02
4.105499877929687500e+02 3.568649902343750000e+02 4.106040039062500000e+02 3.631250000000000000e+02
5.623859863281250000e+02 2.293800048828125000e+02 5.620709838867187500e+02 2.606270141601562500e+02
5.343759765625000000e+02 2.868550109863281250e+02 5.481530151367187500e+02 2.873489990234375000e+02
2.577279968261718750e+02 3.063299942016601562e+01 2.574240112304687500e+02 1.563920021057128906e+01
5.827319946289062500e+02 4.406250000000000000e+02 5.827390136718750000e+02 4.243750000000000000e+02
3.317260131835937500e+02 3.577090148925781250e+02 3.445180053710937500e+02 3.586250000000000000e+02
4.152590026855468750e+02 4.206270141601562500e+02 4.150859985351562500e+02 3.943699951171875000e+02
1.814700012207031250e+02 1.359040069580078125e+02 2.432749938964843750e+02 1.522760009765625000e+02
2.780799865722656250e+02 2.815690002441406250e+02 2.869289855957031250e+02 2.819920043945312500e+02
2.760010070800781250e+02 2.631170043945312500e+02 2.761839904785156250e+02 2.718890075683593750e+02
4.906260070800781250e+02 2.695050048828125000e+02 5.068750000000000000e+02 2.693469848632812500e+02
5.082000122070312500e+02 4.660780029296875000e+02 5.481989746093750000e+02 4.698349914550781250e+02
5.356469726562500000e+02 1.046630020141601562e+02 5.768439941406250000e+02 1.014769973754882812e+02
5.904509887695312500e+02 3.547810058593750000e+02 5.863579711914062500e+02 3.404159851074218750e+02
4.396289978027343750e+02 3.881239929199218750e+02 4.397000122070312500e+02 4.118739929199218750e+02
5.804740142822265625e+01 3.543770141601562500e+02 5.778689956665039062e+01 3.431040039062500000e+02
3.806409912109375000e+02 2.813919982910156250e+02 3.418089904785156250e+02 2.801029968261718750e+02
3.993710021972656250e+02 4.429240112304687500e+02 4.094200134277343750e+02 4.427090148925781250e+02
6.068779907226562500e+02 2.365859985351562500e+02 5.718740234375000000e+02 2.366950073242187500e+02
5.268809814453125000e+02 2.352039947509765625e+02 5.568790283203125000e+02 2.349960021972656250e+02
4.706109924316406250e+02 1.079479980468750000e+02 4.580899963378906250e+02 1.089280014038085938e+02
5.625739746093750000e+02 2.906430053710937500e+02 5.623820190429687500e+02 2.981380004882812500e+02
3.927130126953125000e+02 4.443880004882812500e+02 3.928919982910156250e+02 4.331010131835937500e+02
4.730650024414062500e+02 1.083349990844726562e+02 5.081650085449218750e+02 1.063239974975585938e+02
4.660719909667968750e+02 2.606279907226562500e+02 4.662090148925781250e+02 2.381210021972656250e+02
2.808949890136718750e+02 5.999440002441406250e+01 2.896449890136718750e+02 6.374639892578125000e+01
1.842830047607421875e+02 2.223999938964843750e+02 2.068520050048828125e+02 2.235650024414062500e+02
2.993800048828125000e+02 2.626029968261718750e+02 2.781199951171875000e+02 2.623940124511718750e+02
3.005119934082031250e+02 2.581369934082031250e+02 3.007860107421875000e+02 2.331130065917968750e+02
3.395840148925781250e+02 2.581279907226562500e+02 3.398439941406250000e+02 2.393639984130859375e+02
4.631189880371093750e+02 4.606629943847656250e+02 5.043649902343750000e+02 4.669429931640625000e+02
3.726059875488281250e+02 4.493760070800781250e+02 3.726409912109375000e+02 4.318739929199218750e+02
7.445950317382812500e+01 3.518810119628906250e+02 7.495880126953125000e+01 3.443309936523437500e+02
5.756879882812500000e+02 4.223930053710937500e+02 5.605850219726562500e+02 4.210929870605468750e+02
3.416679992675781250e+02 5.558950042724609375e+01 3.412399902343750000e+02 7.313999938964843750e+01
4.613399963378906250e+02 3.956319885253906250e+02 4.610480041503906250e+02 4.256289978027343750e+02
2.931319885253906250e+02 3.830580139160156250e+02 3.160429992675781250e+02 3.855809936523437500e+02
4.591040039062500000e+02 3.843770141601562500e+02 4.590060119628906250e+02 3.718779907226562500e+02
3.706270141601562500e+02 4.059800109863281250e+02 3.618689880371093750e+02 4.060390014648437500e+02
4.706239929199218750e+02 2.351920013427734375e+02 4.893739929199218750e+02 2.351660003662109375e+02
2.895939941406250000e+02 5.648260116577148438e+01 2.819530029296875000e+02 5.843030166625976562e+01
4.105729980468750000e+02 3.693599853515625000e+02 4.104429931640625000e+02 3.806229858398437500e+02
2.569289855957031250e+02 1.965330047607421875e+02 2.600899963378906250e+02 2.085930023193359375e+02
2.761539916992187500e+02 2.306260070800781250e+02 2.760790100097656250e+02 2.606260070800781250e+02
4.530920104980468750e+02 1.165390014648437500e+02 4.418269958496093750e+02 1.176320037841796875e+02
5.531619873046875000e+02 1.234749984741210938e+02 5.780189819335937500e+02 1.208659973144531250e+02
6.112789916992187500e+02 2.381250000000000000e+02 6.112789916992187500e+02 2.606250000000000000e+02
3.137470092773437500e+02 4.270239868164062500e+02 3.160480041503906250e+02 3.980589904785156250e+02
4.248840026855468750e+02 2.306199951171875000e+02 4.246830139160156250e+02 2.593770141601562500e+02
5.710130004882812500e+02 2.381320037841796875e+02 5.706229858398437500e+02 2.606470031738281250e+02
5.718779907226562500e+02 2.700710144042968750e+02 6.043770141601562500e+02 2.702720031738281250e+02
4.644070129394531250e+02 2.881260070800781250e+02 4.531000061035156250e+02 2.878330078125000000e+02
4.180039978027343750e+02 3.868739929199218750e+02 4.176900024414062500e+02 4.206329956054687500e+02
4.611239929199218750e+02 4.393710021972656250e+02 4.612980041503906250e+02 4.606189880371093750e+02
2.491179962158203125e+02 1.493739929199218750e+02 2.491660003662109375e+02 1.331239929199218750e+02
5.693510131835937500e+02 1.857980041503906250e+02 5.956160278320312500e+02 1.852140045166015625e+02
2.978229980468750000e+02 3.943729858398437500e+02 2.979639892578125000e+02 4.481220092773437500e+02
6.280200195312500000e+02 3.943750000000000000e+02 6.279929809570312500e+02 3.818729858398437500e+02
2.368990020751953125e+02 2.787380065917968750e+02 2.293159942626953125e+02 2.784519958496093750e+02
3.744089965820312500e+02 4.256239929199218750e+02 3.750960083007812500e+02 4.506400146484375000e+02
3.213760070800781250e+02 3.631050109863281250e+02 3.216459960937500000e+02 3.731979980468750000e+02
5.506149902343750000e+02 3.708160095214843750e+02 5.168900146484375000e+02 3.690899963378906250e+02
4.582890014648437500e+02 4.593770141601562500e+02 4.585050048828125000e+02 4.418640136718750000e+02
3.814099884033203125e+01 3.320409851074218750e+02 1.812689971923828125e+01 3.317460021972656250e+02
5.071990051269531250e+02 3.756149902343750000e+02 5.070790100097656250e+02 3.868770141601562500e+02
5.281010131835937500e+02 3.190650024414062500e+02 4.693250122070312500e+02 3.175570068359375000e+02
3.643229980468750000e+02 1.198420028686523438e+02 4.081279907226562500e+02 1.169229965209960938e+02
5.067520141601562500e+02 4.405849914550781250e+02 5.064240112304687500e+02 4.518980102539062500e+02
4.193500061035156250e+02 2.969890136718750000e+02 4.269010009765625000e+02 2.968250122070312500e+02
4.216119995117187500e+02 2.768680114746093750e+02 4.216419982910156250e+02 2.656180114746093750e+02
5.794940185546875000e+01 2.978599929809570312e+01 3.530939865112304688e+01 2.011380004882812500e+01
3.643460083007812500e+02 2.952319946289062500e+02 3.806619873046875000e+02 2.957919921875000000e+02
5.051860046386718750e+02 3.269689941406250000e+02 5.107999877929687500e+02 3.248359985351562500e+02
5.405939941406250000e+02 3.988280029296875000e+02 5.506290283203125000e+02 3.992749938964843750e+02
4.691730041503906250e+02 2.305370025634765625e+02 4.681919860839843750e+02 2.606270141601562500e+02
2.530570068359375000e+02 2.263919982910156250e+02 2.680490112304687500e+02 2.277270050048828125e+02
1.119800033569335938e+02 2.277440032958984375e+02 8.061849975585937500e+01 2.257259979248046875e+02
4.331910095214843750e+02 1.179290008544921875e+02 4.106229858398437500e+02 1.193470001220703125e+02
5.850789794921875000e+02 4.218689880371093750e+02 5.849390258789062500e+02 4.343810119628906250e+02
5.048580017089843750e+02 3.856369934082031250e+02 5.046879882812500000e+02 3.743699951171875000e+02
6.355969848632812500e+02 2.281040039062500000e+02 6.356680297851562500e+02 2.406390075683593750e+02
5.839719848632812500e+02 3.407019958496093750e+02 5.872630004882812500e+02 3.580509948730468750e+02
5.295000000000000000e+02 2.606409912109375000e+02 5.291699829101562500e+02 2.381280059814453125e+02
2.381250000000000000e+02 1.118750000000000000e+02 2.382969970703125000e+02 7.187570190429687500e+01
3.493680114746093750e+02 4.495209960937500000e+02 3.706900024414062500e+02 4.506080017089843750e+02
8.305799865722656250e+01 2.139839935302734375e+02 1.830350036621093750e+02 2.217819976806640625e+02
6.130220031738281250e+01 3.431000061035156250e+02 6.166759872436523438e+01 3.531780090332031250e+02
3.768949890136718750e+02 4.517330017089843750e+02 4.118859863281250000e+02 4.567969970703125000e+02
4.223770141601562500e+02 4.594270019531250000e+02 4.215979919433593750e+02 4.669750061035156250e+02
4.418760070800781250e+02 3.918619995117187500e+02 4.569790039062500000e+02 3.932130126953125000e+02
2.967359924316406250e+02 3.732449951171875000e+02 3.144339904785156250e+02 3.750469970703125000e+02
3.531130065917968750e+02 2.950429992675781250e+02 3.593840026855468750e+02 2.951600036621093750e+02
4.194410095214843750e+02 4.571700134277343750e+02 4.569339904785156250e+02 4.597770080566406250e+02
3.706910095214843750e+02 4.538049926757812500e+02 3.617709960937500000e+02 4.527739868164062500e+02
4.771059875488281250e+02 3.918640136718750000e+02 4.769010009765625000e+02 4.106250000000000000e+02
3.826929931640625000e+02 2.306179962158203125e+02 3.822409973144531250e+02 2.593810119628906250e+02
1.594539947509765625e+02 2.330169982910156250e+02 2.069389953613281250e+02 2.357859954833984375e+02
2.693500061035156250e+02 2.068329925537109375e+02 6.356539916992187500e+02 1.996150054931640625e+02
6.029899902343750000e+02 2.671999931335449219e+01 5.543280029296875000e+02 3.138769912719726562e+01
3.731400146484375000e+02 2.863359985351562500e+02 3.618989868164062500e+02 2.860239868164062500e+02
3.907099914550781250e+02 4.338359985351562500e+02 3.793489990234375000e+02 4.320379943847656250e+02
3.264750061035156250e+02 2.845450134277343750e+02 3.153609924316406250e+02 2.886640014648437500e+02
4.048940124511718750e+02 3.693659973144531250e+02 4.047590026855468750e+02 3.806300048828125000e+02
5.281500244140625000e+02 2.369019927978515625e+02 5.156300048828125000e+02 2.371499938964843750e+02
5.513699951171875000e+02 1.180739974975585938e+02 5.515339965820312500e+02 1.244160003662109375e+02
5.868909912109375000e+02 4.015899963378906250e+02 5.943670043945312500e+02 4.020100097656250000e+02
4.268739929199218750e+02 2.354309997558593750e+02 4.506239929199218750e+02 2.353619995117187500e+02
5.493939819335937500e+02 4.366600036621093750e+02 5.168179931640625000e+02 4.337680053710937500e+02
2.681830139160156250e+02 3.756499938964843750e+02 2.698030090332031250e+02 4.531159973144531250e+02
5.643480224609375000e+02 2.352440032958984375e+02 5.818469848632812500e+02 2.339839935302734375e+02
6.273770141601562500e+02 4.118850097656250000e+02 6.275960083007812500e+02 4.006149902343750000e+02
3.714899826049804688e+01 3.556260070800781250e+02 3.717570114135742188e+01 3.418729858398437500e+02
4.568840026855468750e+02 4.630390014648437500e+02 4.255769958496093750e+02 4.598399963378906250e+02
3.987680053710937500e+01 3.418750000000000000e+02 3.986690139770507812e+01 3.568750000000000000e+02
5.766569824218750000e+02 1.194270019531250000e+02 5.773590087890625000e+02 1.055859985351562500e+02
5.019800109863281250e+02 4.635050048828125000e+02 4.832019958496093750e+02 4.612349853515625000e+02
3.473129882812500000e+02 4.505979919433593750e+02 3.477760009765625000e+02 4.581459960937500000e+02
5.777700195312500000e+02 4.368750000000000000e+02 5.777769775390625000e+02 4.243750000000000000e+02
5.065000000000000000e+02 4.532439880371093750e+02 5.102000122070312500e+02 4.649060058593750000e+02
2.518860015869140625e+02 3.153519897460937500e+02 4.282009887695312500e+02 3.224930114746093750e+02
4.631579895019531250e+02 3.638229980468750000e+02 5.031629943847656250e+02 3.662479858398437500e+02
4.710520019531250000e+02 1.364019927978515625e+02 4.691789855957031250e+02 1.446150054931640625e+02
5.580839843750000000e+02 3.687850036621093750e+02 5.818980102539062500e+02 3.702470092773437500e+02
2.079680023193359375e+02 2.243000030517578125e+02 2.075010070800781250e+02 2.330919952392578125e+02
5.106589965820312500e+02 3.256109924316406250e+02 6.381680297851562500e+02 3.290280151367187500e+02
3.855249938964843750e+02 1.406419982910156250e+02 3.857799987792968750e+02 1.231269989013671875e+02
5.155629882812500000e+02 3.667699890136718750e+02 5.494169921875000000e+02 3.685960083007812500e+02
5.106400146484375000e+02 1.059290008544921875e+02 5.306539916992187500e+02 1.049710006713867188e+02
5.503319702148437500e+02 2.918309936523437500e+02 5.506160278320312500e+02 2.980679931640625000e+02
4.844309997558593750e+02 4.426109924316406250e+02 4.617909851074218750e+02 4.401520080566406250e+02
2.556049957275390625e+02 1.676649932861328125e+02 6.031459960937500000e+02 1.523410034179687500e+02
3.164309997558593750e+02 3.631229858398437500e+02 3.164609985351562500e+02 3.731260070800781250e+02
5.293770141601562500e+02 1.143750000000000000e+02 5.298159790039062500e+02 1.281510009765625000e+02
4.605650024414062500e+02 1.056549987792968750e+02 4.706019897460937500e+02 1.051610031127929688e+02
3.968750000000000000e+02 4.568779907226562500e+02 3.818030090332031250e+02 4.549309997558593750e+02
9.951930236816406250e+01 5.148889923095703125e+01 1.073300018310546875e+02 5.440739822387695312e+01
4.580620117187500000e+02 4.706220092773437500e+02 4.583739929199218750e+02 4.643250122070312500e+02
5.980570068359375000e+02 1.850789947509765625e+02 6.256119995117187500e+02 1.840390014648437500e+02
6.055889892578125000e+02 1.547740020751953125e+02 6.381890258789062500e+02 1.534089965820312500e+02
6.273439941406250000e+02 4.381289978027343750e+02 6.274600219726562500e+02 4.256189880371093750e+02
3.143989868164062500e+02 3.778150024414062500e+02 2.943269958496093750e+02 3.762380065917968750e+02
2.556239929199218750e+02 1.255410003662109375e+02 2.356289978027343750e+02 1.258610000610351562e+02
1.080810012817382812e+02 4.437910079956054688e+01 1.087829971313476562e+02 5.204380035400390625e+01
5.943720092773437500e+02 3.009360046386718750e+02 6.031329956054687500e+02 3.010199890136718750e+02
5.160590209960937500e+02 3.943450012207031250e+02 5.152230224609375000e+02 4.168599853515625000e+02
5.867780151367187500e+02 4.370799865722656250e+02 6.032050170898437500e+02 4.381770019531250000e+02
2.560509948730468750e+02 2.184160003662109375e+02 2.630920104980468750e+02 2.081029968261718750e+02
5.127319946289062500e+02 4.281369934082031250e+02 5.129619750976562500e+02 4.118729858398437500e+02
3.334519958496093750e+01 3.406130065917968750e+02 3.346910095214843750e+01 3.556319885253906250e+02
4.614549865722656250e+02 3.718649902343750000e+02 4.615859985351562500e+02 3.831430053710937500e+02
3.631430053710937500e+02 2.677179870605468750e+02 3.769219970703125000e+02 2.683380126953125000e+02
3.968949890136718750e+02 2.698129882812500000e+02 3.868699951171875000e+02 2.695719909667968750e+02
4.034790039062500000e+02 4.371849975585937500e+02 3.935989990234375000e+02 4.412279968261718750e+02
4.392720031738281250e+02 1.085520019531250000e+02 4.580390014648437500e+02 1.061930007934570312e+02
2.440850067138671875e+02 8.064279937744140625e+01 2.432980041503906250e+02 1.231510009765625000e+02
5.493140258789062500e+02 4.724989929199218750e+02 5.105690002441406250e+02 4.686940002441406250e+02
2.130800018310546875e+02 7.082900238037109375e+01 2.243630065917968750e+02 7.033989715576171875e+01
4.568500061035156250e+02 4.396789855957031250e+02 4.319169921875000000e+02 4.376170043945312500e+02
2.906910095214843750e+02 3.907500000000000000e+02 2.917619934082031250e+02 3.794830017089843750e+02
5.831510009765625000e+02 3.726740112304687500e+02 5.568439941406250000e+02 3.711650085449218750e+02
4.418210144042968750e+02 3.624979858398437500e+02 4.569249877929687500e+02 3.637999877929687500e+02
4.154349975585937500e+02 3.806239929199218750e+02 4.155069885253906250e+02 3.693739929199218750e+02
1.272990036010742188e+02 3.114049911499023438e+01 1.623190002441406250e+02 4.752069854736328125e+01
4.668649902343750000e+02 3.132869873046875000e+02 5.018859863281250000e+02 3.154379882812500000e+02
3.884469909667968750e+02 1.231169967651367188e+02 3.883099975585937500e+02 1.381269989013671875e+02
5.106220092773437500e+02 2.367400054931640625e+02 4.918810119628906250e+02 2.371490020751953125e+02
4.905159912109375000e+02 2.381230010986328125e+02 4.901719970703125000e+02 2.594079895019531250e+02
3.484540176391601562e+01 2.327379989624023438e+01 5.552550125122070312e+01 3.210800170898437500e+01
3.040260009765625000e+02 2.318739929199218750e+02 3.039519958496093750e+02 2.581270141601562500e+02
6.185869750976562500e+02 2.493930053710937500e+02 6.181610107421875000e+02 2.606260070800781250e+02
2.550130004882812500e+02 3.146559906005859375e+01 2.859249877929687500e+02 5.396350097656250000e+01
3.144030151367187500e+02 3.614729919433593750e+02 2.943259887695312500e+02 3.600790100097656250e+02
3.906449890136718750e+02 3.697210083007812500e+02 3.806780090332031250e+02 3.702959899902343750e+02
4.493770141601562500e+02 3.168550109863281250e+02 4.317890014648437500e+02 3.154309997558593750e+02
2.942650146484375000e+02 3.570700073242187500e+02 3.144339904785156250e+02 3.586069946289062500e+02
4.698680114746093750e+02 2.893120117187500000e+02 4.700969848632812500e+02 2.956889953613281250e+02
4.683999938964843750e+02 1.168750000000000000e+02 4.684219970703125000e+02 1.343750000000000000e+02
3.729599914550781250e+02 4.310280151367187500e+02 3.556329956054687500e+02 4.292929992675781250e+02
2.867919921875000000e+02 6.483779907226562500e+01 2.442389984130859375e+02 6.933899688720703125e+01
4.669490051269531250e+02 3.163619995117187500e+02 4.518489990234375000e+02 3.178689880371093750e+02
4.182250061035156250e+02 3.693750000000000000e+02 4.182489929199218750e+02 3.806250000000000000e+02
4.393519897460937500e+02 4.246090087890625000e+02 4.569259948730468750e+02 4.263689880371093750e+02
4.514039916992187500e+02 1.456439971923828125e+02 4.515880126953125000e+02 1.381179962158203125e+02
4.630559997558593750e+02 3.940119934082031250e+02 4.731889953613281250e+02 3.948030090332031250e+02
5.869260253906250000e+02 4.738450012207031250e+02 6.068610229492187500e+02 4.757730102539062500e+02
5.056470031738281250e+02 4.530639953613281250e+02 5.175780029296875000e+02 4.574700012207031250e+02
2.919429931640625000e+02 3.762109985351562500e+02 2.780820007324218750e+02 3.747919921875000000e+02
2.922510070800781250e+02 4.518770141601562500e+02 2.921010131835937500e+02 3.906239929199218750e+02
5.493599853515625000e+02 4.482969970703125000e+02 5.119370117187500000e+02 4.449389953613281250e+02
5.168159790039062500e+02 4.313049926757812500e+02 5.493939819335937500e+02 4.341549987792968750e+02
3.843750000000000000e+02 2.356210021972656250e+02 3.956539916992187500e+02 2.359839935302734375e+02
4.506099853515625000e+02 2.705069885253906250e+02 4.356130065917968750e+02 2.703110046386718750e+02
2.756409912109375000e+02 4.517659912109375000e+02 3.443779907226562500e+02 4.618569946289062500e+02
4.793959960937500000e+02 4.654460144042968750e+02 4.630759887695312500e+02 4.635459899902343750e+02
3.447319946289062500e+02 7.190740203857421875e+01 3.459890136718750000e+02 5.804470062255859375e+01
5.127620239257812500e+02 4.106080017089843750e+02 5.135109863281250000e+02 3.943349914550781250e+02
4.233030090332031250e+02 1.124660034179687500e+02 4.335050048828125000e+02 1.093840026855468750e+02
4.151510009765625000e+02 4.256300048828125000e+02 4.154349975585937500e+02 4.531270141601562500e+02
2.757070007324218750e+02 1.937120056152343750e+02 5.369050292968750000e+02 1.867380065917968750e+02
2.734930114746093750e+02 2.768850097656250000e+02 2.737820129394531250e+02 2.293710021972656250e+02
1.532039947509765625e+02 2.312140045166015625e+02 1.205709991455078125e+02 2.273260040283203125e+02
3.397659912109375000e+02 1.310410003662109375e+02 3.149429931640625000e+02 1.194130020141601562e+02
4.530669860839843750e+02 1.363489990234375000e+02 4.643169860839843750e+02 1.351029968261718750e+02
4.368510131835937500e+02 3.646239929199218750e+02 4.193919982910156250e+02 3.629500122070312500e+02
4.118789978027343750e+02 4.543429870605468750e+02 4.006319885253906250e+02 4.530629882812500000e+02
2.543459930419921875e+02 1.165079975128173828e+01 3.455039978027343750e+02 -2.961969971656799316e-01
5.268530273437500000e+02 3.969920043945312500e+02 5.357550048828125000e+02 3.986950073242187500e+02
4.659800109863281250e+02 1.331340026855468750e+02 4.658229980468750000e+02 1.181230010986328125e+02
4.643880004882812500e+02 2.374210052490234375e+02 4.543680114746093750e+02 2.372339935302734375e+02
3.492839965820312500e+02 4.788309936523437500e+02 2.557920074462890625e+02 4.668210144042968750e+02
5.781699829101562500e+02 4.550880126953125000e+02 5.605839843750000000e+02 4.536199951171875000e+02
4.744869995117187500e+02 4.031270141601562500e+02 4.746960144042968750e+02 3.918580017089843750e+02
6.883640289306640625e+01 2.240440063476562500e+02 8.444490051269531250e+01 2.119649963378906250e+02
2.781099853515625000e+02 3.721510009765625000e+02 2.918859863281250000e+02 3.729200134277343750e+02
2.131499938964843750e+02 4.144450073242187500e+02 1.934559936523437500e+02 4.215440063476562500e+02
3.406270141601562500e+02 4.269750061035156250e+02 3.268580017089843750e+02 4.272489929199218750e+02
5.019140014648437500e+02 4.326749877929687500e+02 4.781239929199218750e+02 4.306359863281250000e+02
5.380709838867187500e+02 1.865879974365234375e+02 5.655809936523437500e+02 1.856230010986328125e+02
2.569020080566406250e+02 3.444100036621093750e+02 2.573770141601562500e+02 3.268890075683593750e+02
1.722189941406250000e+02 4.139880065917968750e+02 2.670960083007812500e+02 3.761789855957031250e+02
3.818280029296875000e+02 4.246900024414062500e+02 3.907520141601562500e+02 4.260299987792968750e+02
5.056539916992187500e+02 4.775530090332031250e+02 5.193699951171875000e+02 4.782349853515625000e+02
4.096549987792968750e+02 1.206250000000000000e+02 4.096310119628906250e+02 1.368750000000000000e+02
2.919299926757812500e+02 3.599590148925781250e+02 2.780679931640625000e+02 3.588229980468750000e+02
3.818590087890625000e+02 4.195429992675781250e+02 3.906470031738281250e+02 4.203949890136718750e+02
4.758630065917968750e+02 4.163410034179687500e+02 4.626480102539062500e+02 4.104429931640625000e+02
1.945839996337890625e+02 4.231170043945312500e+02 1.948780059814453125e+02 4.781289978027343750e+02
1.993600006103515625e+02 2.813810119628906250e+02 1.731349945068359375e+02 2.821860046386718750e+02
3.318880004882812500e+02 2.691640014648437500e+02 3.206040039062500000e+02 2.684630126953125000e+02
1.047679977416992188e+02 4.311959838867187500e+01 1.048889999389648438e+02 5.190230178833007812e+01
5.799080200195312500e+02 4.243580017089843750e+02 5.795759887695312500e+02 4.381300048828125000e+02
1.569620056152343750e+02 2.834760131835937500e+02 1.431170043945312500e+02 2.842250061035156250e+02
4.193410034179687500e+02 3.610989990234375000e+02 4.356870117187500000e+02 3.622539978027343750e+02
2.111929931640625000e+02 7.438529968261718750e+01 2.108769989013671875e+02 9.190209960937500000e+01
4.494450073242187500e+02 1.379640045166015625e+02 4.205729980468750000e+02 1.398260040283203125e+02
2.781050109863281250e+02 3.560740051269531250e+02 2.919389953613281250e+02 3.566969909667968750e+02
6.047449951171875000e+02 2.289909973144531250e+02 6.098369750976562500e+02 2.338959960937500000e+02
4.216340026855468750e+02 4.704289855957031250e+02 4.149819946289062500e+02 4.786180114746093750e+02
4.630000000000000000e+02 4.264769897460937500e+02 4.731480102539062500e+02 4.279649963378906250e+02
3.547130126953125000e+02 1.256200027465820312e+02 3.546210021972656250e+02 1.418760070800781250e+02
2.001959991455078125e+02 4.734240112304687500e+02 2.129250030517578125e+02 4.676820068359375000e+02
4.519349975585937500e+02 2.381230010986328125e+02 4.525119934082031250e+02 2.593919982910156250e+02
6.007369995117187500e+02 4.237950134277343750e+02 5.880549926757812500e+02 4.230169982910156250e+02
2.960629882812500000e+02 2.870620117187500000e+02 2.949710083007812500e+02 2.969410095214843750e+02
4.068489990234375000e+02 4.318750000000000000e+02 4.076780090332031250e+02 3.868670043945312500e+02
2.780260009765625000e+02 4.343750000000000000e+02 2.783120117187500000e+02 3.768760070800781250e+02
4.267369995117187500e+02 4.295469970703125000e+02 4.344070129394531250e+02 4.302929992675781250e+02
5.846770019531250000e+02 2.342149963378906250e+02 5.857369995117187500e+02 2.279329986572265625e+02
5.031059875488281250e+02 3.684309997558593750e+02 4.793689880371093750e+02 3.669719848632812500e+02
3.971239929199218750e+02 2.393679962158203125e+02 3.971759948730468750e+02 2.593739929199218750e+02
2.329129943847656250e+02 3.174679870605468750e+02 2.519830017089843750e+02 3.153460083007812500e+02
3.635660095214843750e+02 1.256139984130859375e+02 3.633540039062500000e+02 1.406280059814453125e+02
4.968859863281250000e+02 4.107070007324218750e+02 4.855050048828125000e+02 4.122309875488281250e+02
4.824320068359375000e+02 4.719700012207031250e+02 4.815719909667968750e+02 4.656659851074218750e+02
1.940919952392578125e+02 5.789709854125976562e+01 1.957319946289062500e+02 7.384989929199218750e+01
7.589340209960937500e+00 3.343619995117187500e+02 6.599410057067871094e+00 3.756180114746093750e+02
1.291150054931640625e+02 2.927050018310546875e+01 1.430019989013671875e+02 3.241719818115234375e+01
5.324320068359375000e+02 1.178209972381591797e+01 5.347650146484375000e+02 2.576849937438964844e+01
2.994490051269531250e+02 4.488309936523437500e+02 3.145100097656250000e+02 4.508779907226562500e+02
2.383809967041015625e+02 7.276760101318359375e+01 2.105769958496093750e+02 5.986629867553710938e+01
4.467349853515625000e+02 1.811920013427734375e+02 3.405249938964843750e+02 1.858480072021484375e+02
3.449060058593750000e+02 2.581279907226562500e+02 3.448349914550781250e+02 2.393730010986328125e+02
2.941000061035156250e+02 2.317389984130859375e+02 2.854549865722656250e+02 2.492910003662109375e+02
2.493869934082031250e+02 1.233150024414062500e+02 3.044790039062500000e+02 1.197229995727539062e+02
4.831520080566406250e+02 4.072279968261718750e+02 5.018869934082031250e+02 4.057789916992187500e+02
7.940239715576171875e+01 2.830310058593750000e+02 8.698750305175781250e+01 2.852390136718750000e+02
3.910729980468750000e+02 4.004830017089843750e+02 3.828900146484375000e+02 4.037940063476562500e+02
4.081220092773437500e+02 3.144890136718750000e+02 3.643359985351562500e+02 3.132560119628906250e+02
1.717039947509765625e+02 4.331260070800781250e+02 1.715950012207031250e+02 4.143689880371093750e+02
5.918969726562500000e+02 3.196050109863281250e+02 5.393679809570312500e+02 3.184609985351562500e+02
2.494069976806640625e+02 3.282630004882812500e+02 3.867819905281066895e-01 3.858450012207031250e+02
2.330890045166015625e+02 3.935369873046875000e+02 2.531529998779296875e+02 3.953039855957031250e+02
2.318509979248046875e+02 2.931250000000000000e+02 2.318370056152343750e+02 3.068750000000000000e+02
1.795359954833984375e+02 2.895559997558593750e+02 1.855130004882812500e+02 2.842489929199218750e+02
1.536970062255859375e+02 2.218540039062500000e+02 1.540180053710937500e+02 2.306380004882812500e+02
4.370150146484375000e+02 4.118779907226562500e+02 4.373829956054687500e+02 3.956080017089843750e+02
2.113009948730468750e+02 9.656410217285156250e+01 2.087109985351562500e+02 1.117620010375976562e+02
4.731690063476562500e+02 4.300329895019531250e+02 4.630390014648437500e+02 4.292810058593750000e+02
4.888750000000000000e+02 1.331649932861328125e+02 4.892749938964843750e+02 1.256200027465820312e+02
2.993519897460937500e+02 1.227470016479492188e+02 2.606700134277343750e+02 1.251110000610351562e+02
4.880369873046875000e+02 4.789419860839843750e+02 4.229869995117187500e+02 4.718959960937500000e+02
5.066189880371093750e+02 3.122869873046875000e+02 4.909330139160156250e+02 3.098739929199218750e+02
3.817789916992187500e+02 3.920589904785156250e+02 3.907070007324218750e+02 3.967189941406250000e+02
3.965710144042968750e+02 1.368970031738281250e+02 3.968900146484375000e+02 1.230970001220703125e+02
3.768829956054687500e+02 2.375149993896484375e+02 3.518710021972656250e+02 2.378150024414062500e+02
4.179249877929687500e+02 4.543760070800781250e+02 4.177990112304687500e+02 4.281270141601562500e+02
3.093439941406250000e+02 1.218610000610351562e+02 3.090740051269531250e+02 1.468719940185546875e+02
4.522090148925781250e+02 1.193280029296875000e+02 4.514339904785156250e+02 1.345440063476562500e+02
1.419450073242187500e+02 2.872260131835937500e+02 1.693760070800781250e+02 2.893599853515625000e+02
2.332429962158203125e+02 7.236289978027343750e+01 2.130809936523437500e+02 7.372930145263671875e+01
3.157659912109375000e+02 4.493770141601562500e+02 3.160899963378906250e+02 4.268640136718750000e+02
4.705910034179687500e+02 2.593750000000000000e+02 4.707279968261718750e+02 2.393760070800781250e+02
6.368790283203125000e+02 3.197019958496093750e+02 6.068679809570312500e+02 3.200629882812500000e+02
5.480300140380859375e+01 -3.191319942474365234e+00 1.121989974975585938e+02 2.204560089111328125e+01
6.294270019531250000e+02 1.750379943847656250e+02 5.994130249023437500e+02 1.773699951171875000e+02
4.131270141601562500e+02 2.375330047607421875e+02 3.981220092773437500e+02 2.374700012207031250e+02
5.632030029296875000e+02 1.779259948730468750e+02 5.381550292968750000e+02 1.797850036621093750e+02
4.143290100097656250e+02 2.593750000000000000e+02 4.142959899902343750e+02 2.393730010986328125e+02
5.647490234375000000e+02 1.068980026245117188e+02 5.639760131835937500e+02 1.194280014038085938e+02
4.398380126953125000e+02 3.718720092773437500e+02 4.398030090332031250e+02 3.818760070800781250e+02
6.036539916992187500e+02 5.904030203819274902e-01 6.032150268554687500e+02 2.560460090637207031e+01
3.743750000000000000e+02 3.856250000000000000e+02 3.743750000000000000e+02 4.043750000000000000e+02
1.442339935302734375e+02 1.637920074462890625e+02 2.495359954833984375e+02 1.861179962158203125e+02
4.399280090332031250e+02 4.118569946289062500e+02 4.396679992675781250e+02 4.218829956054687500e+02
3.506489868164062500e+02 3.126709899902343750e+02 2.931090087890625000e+02 3.096860046386718750e+02
1.620399932861328125e+02 5.247349929809570312e+01 1.761179962158203125e+02 5.369490051269531250e+01
5.849470214843750000e+02 4.518800048828125000e+02 5.847670288085937500e+02 4.743779907226562500e+02
5.361749877929687500e+02 1.948830032348632812e+01 5.345330200195312500e+02 9.349399566650390625e+00
4.834079895019531250e+02 4.143240051269531250e+02 4.760239868164062500e+02 4.160660095214843750e+02
4.569240112304687500e+02 4.288200073242187500e+02 4.418210144042968750e+02 4.274760131835937500e+02
2.079340057373046875e+02 8.563459777832031250e+01 2.074270019531250000e+02 7.559709930419921875e+01
5.159589843750000000e+02 3.756239929199218750e+02 5.159840087890625000e+02 3.868770141601562500e+02
3.129979858398437500e+02 3.033330078125000000e+02 3.243829956054687500e+02 3.019410095214843750e+02
5.816669921875000000e+02 4.731629943847656250e+02 5.822559814453125000e+02 4.568439941406250000e+02
1.232330017089843750e+02 4.558659973144531250e+02 1.656239929199218750e+02 4.368729858398437500e+02
2.123730010986328125e+02 4.656390075683593750e+02 2.137429962158203125e+02 4.156080017089843750e+02
5.018810119628906250e+02 4.161319885253906250e+02 4.831340026855468750e+02 4.163559875488281250e+02
3.994419860839843750e+02 1.492489929199218750e+02 3.718909912109375000e+02 1.508990020751953125e+02
1.998450012207031250e+02 4.043190002441406250e+02 1.989369964599609375e+02 4.169330139160156250e+02
1.675079956054687500e+02 4.156270141601562500e+02 1.677010040283203125e+02 4.781300048828125000e+02
7.798979949951171875e+01 2.195140075683593750e+02 7.885639953613281250e+01 2.281770019531250000e+02
6.050009765625000000e+02 1.356159973144531250e+02 6.047739868164062500e+02 1.506309967041015625e+02
3.456440124511718750e+02 1.851840057373046875e+02 2.618819885253906250e+02 1.871629943847656250e+02
5.080079956054687500e+02 4.681099853515625000e+02 5.070360107421875000e+02 4.758030090332031250e+02
1.686670074462890625e+02 3.331189880371093750e+02 1.685970001220703125e+02 3.418689880371093750e+02
5.969609985351562500e+02 1.769779968261718750e+02 5.693350219726562500e+02 1.787429962158203125e+02
4.281359863281250000e+02 3.150369873046875000e+02 4.106189880371093750e+02 3.147200012207031250e+02
1.189970016479492188e+02 2.193739929199218750e+02 1.189710006713867188e+02 2.281269989013671875e+02
2.119620056152343750e+02 1.041600036621093750e+02 2.358399963378906250e+02 1.138440017700195312e+02
6.044650268554687500e+02 8.187409973144531250e+01 6.049810180664062500e+02 1.331309967041015625e+02
4.630260009765625000e+02 4.324689941406250000e+02 4.719440002441406250e+02 4.339609985351562500e+02
1.856139984130859375e+02 9.187500000000000000e+01 1.856109924316406250e+02 7.187480163574218750e+01
3.526170043945312500e+02 1.393829956054687500e+02 3.527569885253906250e+02 1.256210021972656250e+02
1.632059936523437500e+02 1.809450073242187500e+02 1.368300018310546875e+02 1.786459960937500000e+02
5.181610107421875000e+02 1.297469940185546875e+02 5.080140075683593750e+02 1.307310028076171875e+02
2.880889892578125000e+02 2.986589965820312500e+02 2.743169860839843750e+02 2.977409973144531250e+02
2.893479919433593750e+02 1.994230041503906250e+02 2.781510009765625000e+02 1.930800018310546875e+02
5.615020141601562500e+02 1.206159973144531250e+02 5.617890014648437500e+02 1.081230010986328125e+02
3.281050109863281250e+02 2.393760070800781250e+02 3.287260131835937500e+02 2.581459960937500000e+02
3.365050048828125000e+02 4.343269958496093750e+02 3.360150146484375000e+02 4.506740112304687500e+02
2.593139953613281250e+02 3.270220031738281250e+02 4.718450012207031250e+02 3.363020019531250000e+02
2.667739868164062500e+02 2.257059936523437500e+02 2.597019958496093750e+02 2.168639984130859375e+02
4.079360046386718750e+02 3.793779907226562500e+02 4.077520141601562500e+02 3.693590087890625000e+02
3.143670043945312500e+02 1.193899993896484375e+02 3.028829956054687500e+02 1.136050033569335938e+02
4.906340026855468750e+02 3.066830139160156250e+02 5.256110229492187500e+02 3.084089965820312500e+02
6.043850097656250000e+02 4.334719848632812500e+01 6.119569702148437500e+02 4.189270138740539551e-01
2.347419929504394531e+01 3.393739929199218750e+02 2.353540039062500000e+01 3.618739929199218750e+02
5.807269897460937500e+02 4.493320007324218750e+02 5.605570068359375000e+02 4.477349853515625000e+02
4.730950012207031250e+02 6.631420135498046875e+00 4.981789855957031250e+02 3.563920021057128906e+00
2.471979980468750000e+02 2.146869964599609375e+02 2.572399902343750000e+02 2.119779968261718750e+02
4.792600097656250000e+02 4.283489990234375000e+02 5.019140014648437500e+02 4.301229858398437500e+02
2.512899932861328125e+02 1.651560058593750000e+02 1.524819946289062500e+02 1.531340026855468750e+02
2.338049926757812500e+02 2.087980041503906250e+02 2.483609924316406250e+02 2.131159973144531250e+02
6.196729736328125000e+02 4.121089875698089600e-01 6.101420288085937500e+02 4.301699829101562500e+01
4.022850036621093750e+02 4.627420043945312500e+02 3.962990112304687500e+02 4.563290100097656250e+02
2.088569946289062500e+02 2.047319946289062500e+02 2.302599945068359375e+02 2.116309967041015625e+02
6.044910278320312500e+02 4.531090087890625000e+02 5.855570068359375000e+02 4.513699951171875000e+02
2.034510040283203125e+02 2.956090087890625000e+02 2.028320007324218750e+02 3.318909912109375000e+02
2.004940032958984375e+02 3.118739929199218750e+02 2.006609954833984375e+02 2.931250000000000000e+02
3.011130065917968750e+02 1.243789978027343750e+02 3.009450073242187500e+02 1.468769989013671875e+02
6.357969970703125000e+02 2.681239929199218750e+02 6.357899780273437500e+02 2.806260070800781250e+02
6.357230224609375000e+02 2.468739929199218750e+02 6.357160034179687500e+02 2.618739929199218750e+02
5.364530029296875000e+02 1.281300048828125000e+02 5.365449829101562500e+02 1.131230010986328125e+02
2.498910064697265625e+02 3.068909912109375000e+02 2.502899932861328125e+02 2.943250122070312500e+02
1.655659942626953125e+02 4.342420043945312500e+02 1.216449966430664062e+02 4.538599853515625000e+02
5.138950195312500000e+02 3.868750000000000000e+02 5.138989868164062500e+02 3.756250000000000000e+02
2.307129974365234375e+02 4.506250000000000000e+02 2.306820068359375000e+02 3.943739929199218750e+02
5.893699951171875000e+02 1.003239974975585938e+02 6.018870239257812500e+02 1.001190032958984375e+02
2.843259887695312500e+02 5.569530105590820312e+01 2.556280059814453125e+02 3.562049865722656250e+01
2.563020019531250000e+02 4.653039855957031250e+02 2.756919860839843750e+02 4.511830139160156250e+02
6.056300048828125000e+02 4.780679931640625000e+02 5.868129882812500000e+02 4.762699890136718750e+02
2.618750000000000000e+02 1.543750000000000000e+02 2.618750000000000000e+02 1.293750000000000000e+02
2.417070007324218750e+02 7.203780364990234375e+01 2.478820037841796875e+02 7.839700317382812500e+01
1.011369991302490234e+01 3.684270019531250000e+02 1.309679985046386719e+01 3.611239929199218750e+02
1.097200012207031250e+02 1.407149982452392578e+01 1.197330017089843750e+02 2.546199989318847656e+01
2.540850067138671875e+02 3.968750000000000000e+02 2.539920043945312500e+02 4.506239929199218750e+02
2.769410095214843750e+02 4.400780029296875000e+02 2.895589904785156250e+02 4.415939941406250000e+02
3.608460083007812500e+02 1.392870025634765625e+02 3.583519897460937500e+02 1.330350036621093750e+02
1.268720016479492188e+02 4.781180114746093750e+02 1.658040008544921875e+02 4.584790039062500000e+02
7.182219696044921875e+01 2.856570129394531250e+02 6.829650115966796875e+01 2.797730102539062500e+02
1.073919982910156250e+02 1.929609985351562500e+02 2.082050018310546875e+02 2.062709960937500000e+02
3.803150024414062500e+02 1.243330001831054688e+02 3.784450073242187500e+02 1.379980010986328125e+02
3.005750122070312500e+02 4.261380004882812500e+02 3.094840087890625000e+02 4.270069885253906250e+02
2.736260070800781250e+02 4.481149902343750000e+02 2.722749938964843750e+02 3.768439941406250000e+02
1.078909988403320312e+02 1.449839973449707031e+01 1.149629974365234375e+02 2.788509941101074219e+01
1.610199928283691406e+01 3.330750122070312500e+02 1.696470069885253906e+01 3.631220092773437500e+02
6.374539794921875000e+02 2.055590057373046875e+02 6.359559936523437500e+02 2.207810058593750000e+02
1.656929931640625000e+02 4.557609863281250000e+02 1.217300033569335938e+02 4.778359985351562500e+02
3.531900024414062500e+02 4.304360046386718750e+02 3.523500061035156250e+02 4.357009887695312500e+02
2.257050018310546875e+02 2.055310058593750000e+02 2.344850006103515625e+02 2.129949951171875000e+02
2.594729919433593750e+02 1.268690032958984375e+02 2.593250122070312500e+02 1.531250000000000000e+02
4.842340087890625000e+02 2.593999938964843750e+02 4.838970031738281250e+02 2.406109924316406250e+02
4.442850036621093750e+02 9.876090049743652344e+00 4.681400146484375000e+02 6.996749877929687500e+00
9.297589874267578125e+01 1.029909973144531250e+02 1.318139953613281250e+02 9.880809783935546875e+01
5.043529968261718750e+02 3.374469909667968750e+02 5.318599853515625000e+02 3.385190124511718750e+02
3.196229858398437500e+02 2.368710021972656250e+02 3.199349975585937500e+02 2.568859863281250000e+02
1.103929977416992188e+02 4.389100036621093750e+02 1.183939971923828125e+02 4.349140014648437500e+02
8.745960235595703125e+01 2.858619995117187500e+02 9.036219787597656250e+01 2.940239868164062500e+02
5.006409912109375000e+02 3.291759967803955078e+00 5.293679809570312500e+02 5.505689978599548340e-01
9.305919647216796875e+01 2.299450073242187500e+02 1.130810012817382812e+02 2.322539978027343750e+02
1.543540039062500000e+02 3.386109924316406250e+02 1.305939941406250000e+02 3.375910034179687500e+02
6.074849853515625000e+02 1.478609924316406250e+02 6.387189941406250000e+02 7.211990356445312500e+01
2.492749938964843750e+02 1.939570007324218750e+02 2.133959960937500000e+02 1.896269989013671875e+02
5.068850097656250000e+02 1.307299957275390625e+02 4.905419921875000000e+02 1.322109985351562500e+02
5.387559814453125000e+02 1.131050033569335938e+02 5.392249755859375000e+02 1.281300048828125000e+02
2.379149932861328125e+02 3.586889953613281250e+02 2.692940063476562500e+02 3.491080017089843750e+02
3.231990051269531250e+02 2.581229858398437500e+02 3.228099975585937500e+02 2.393560028076171875e+02
1.253270034790039062e+02 3.381250000000000000e+02 1.252839965820312500e+02 2.956250000000000000e+02
1.190230026245117188e+02 4.548399963378906250e+02 6.585359954833984375e+01 4.786359863281250000e+02
6.019050292968750000e+02 1.024609985351562500e+02 5.881270141601562500e+02 1.031630020141601562e+02
2.069700012207031250e+02 4.899109899997711182e-01 2.509089965820312500e+02 3.147150039672851562e+01
1.665269927978515625e+02 3.093789978027343750e+02 1.663569946289062500e+02 2.931170043945312500e+02
5.056400146484375000e+02 1.135500030517578125e+02 4.956080017089843750e+02 1.138980026245117188e+02
3.194259948730468750e+02 1.188619995117187500e+02 3.394159851074218750e+02 1.174700012207031250e+02
4.326799926757812500e+02 1.356250000000000000e+02 4.326659851074218750e+02 1.193750000000000000e+02
4.393750000000000000e+02 3.056250000000000000e+02 4.631250000000000000e+02 3.056250000000000000e+02
5.360510253906250000e+02 2.393739929199218750e+02 5.361099853515625000e+02 2.593770141601562500e+02
5.516350097656250000e+02 5.440150070190429688e+01 5.520310058593750000e+02 3.934619903564453125e+01
1.690290069580078125e+01 4.756950073242187500e+02 6.072529983520507812e+01 4.583789978027343750e+02
4.461749877929687500e+02 2.593779907226562500e+02 4.462820129394531250e+02 2.393719940185546875e+02
1.848780059814453125e+02 1.125469970703125000e+02 1.135719966888427734e+01 2.424329986572265625e+02
6.375009765625000000e+02 1.969709930419921875e+02 6.363480224609375000e+02 2.044859924316406250e+02
3.061610107421875000e+02 1.468699951171875000e+02 3.063120117187500000e+02 1.256210021972656250e+02
5.929110107421875000e+02 2.285209960937500000e+02 5.908250122070312500e+02 2.339730072021484375e+02
2.247030029296875000e+02 3.056279907226562500e+02 2.246620025634765625e+02 2.918739929199218750e+02
4.743529968261718750e+02 3.360400085449218750e+02 5.006619873046875000e+02 3.374360046386718750e+02
3.599159851074218750e+02 4.380469970703125000e+02 3.603569946289062500e+02 4.481910095214843750e+02
5.541229858398437500e+02 1.207710037231445312e+02 5.530419921875000000e+02 1.096259994506835938e+02
1.267749977111816406e+01 3.606260070800781250e+02 1.261670017242431641e+01 3.343760070800781250e+02
7.191709899902343750e+01 2.999230041503906250e+02 9.065249633789062500e+01 2.984830017089843750e+02
2.768850097656250000e+02 1.930780029296875000e+02 2.558170013427734375e+02 1.884909973144531250e+02
5.488930053710937500e+02 2.593810119628906250e+02 5.487609863281250000e+02 2.493670043945312500e+02
5.506320190429687500e+02 1.107470016479492188e+02 5.405930175781250000e+02 1.113170013427734375e+02
5.281380004882812500e+02 1.121200027465820312e+02 5.118020019531250000e+02 1.129609985351562500e+02
1.413350067138671875e+02 9.689790344238281250e+01 1.419810028076171875e+02 7.687840270996093750e+01
5.762479858398437500e+02 4.756350097656250000e+02 5.765410156250000000e+02 4.568699951171875000e+02
5.777319946289062500e+02 2.593760070800781250e+02 5.777540283203125000e+02 2.393750000000000000e+02
5.481270141601562500e+02 2.372149963378906250e+02 5.381270141601562500e+02 2.372749938964843750e+02
6.331290283203125000e+02 3.093049926757812500e+02 6.068900146484375000e+02 3.078559875488281250e+02
3.804020080566406250e+02 4.355119934082031250e+02 3.792390136718750000e+02 4.506149902343750000e+02
2.780880126953125000e+02 4.480180053710937500e+02 2.855490112304687500e+02 4.454070129394531250e+02
5.131220092773437500e+02 1.250240020751953125e+02 5.231279907226562500e+02 1.250719985961914062e+02
2.071250000000000000e+02 3.614779968261718750e+02 1.532350006103515625e+02 3.772520141601562500e+02
9.175820159912109375e+01 2.984110107421875000e+02 9.824089813232421875e+01 3.293510131835937500e+02
1.994909973144531250e+02 4.782909851074218750e+02 2.060460052490234375e+02 4.737290039062500000e+02
4.327740097045898438e+01 7.562750244140625000e+01 4.300740051269531250e+01 9.189379882812500000e+01
9.189559936523437500e+01 2.958630065917968750e+02 2.436039924621582031e+01 3.017059936523437500e+02
1.196399993896484375e+02 4.368670043945312500e+02 1.195000000000000000e+02 4.531369934082031250e+02
5.368439941406250000e+02 3.387600097656250000e+02 5.643389892578125000e+02 3.401029968261718750e+02
2.546179962158203125e+02 1.531980037689208984e+01 2.350540008544921875e+02 -2.298499941825866699e-01
3.905750122070312500e+02 3.039819946289062500e+02 4.055969848632812500e+02 3.048599853515625000e+02
3.768779907226562500e+02 3.018330078125000000e+02 3.643590087890625000e+02 3.008280029296875000e+02
1.602799987792968750e+02 3.093789978027343750e+02 1.601089935302734375e+02 2.943670043945312500e+02
1.212740020751953125e+02 2.993729858398437500e+02 1.213889999389648438e+02 3.356270141601562500e+02
1.558249969482421875e+02 1.546300048828125000e+02 1.809779968261718750e+02 1.348229980468750000e+02
4.137589931488037109e-01 4.199079895019531250e+02 2.193110046386718750e+02 3.554089965820312500e+02
5.052460021972656250e+02 1.846779937744140625e+02 4.997560119628906250e+02 1.778200073242187500e+02
3.598810119628906250e+02 4.541799926757812500e+02 3.604599914550781250e+02 4.593930053710937500e+02
3.631140136718750000e+02 3.033720092773437500e+02 3.781390075683593750e+02 3.040639953613281250e+02
1.698690032958984375e+02 2.931289978027343750e+02 1.695220031738281250e+02 3.318880004882812500e+02
2.282859992980957031e+01 -1.808120012283325195e-01 1.416210021972656250e+02 5.492210006713867188e+01
3.912430114746093750e+02 2.593779907226562500e+02 3.913479919433593750e+02 2.393719940185546875e+02
1.169380035400390625e+02 3.559049987792968750e+02 1.918190002441406250e+02 3.391260070800781250e+02
1.636959991455078125e+02 2.943670043945312500e+02 1.635160064697265625e+02 3.093800048828125000e+02
3.206189880371093750e+02 2.350420074462890625e+02 3.268800048828125000e+02 2.351000061035156250e+02
1.287760009765625000e+02 2.956260070800781250e+02 1.287350006103515625e+02 3.356239929199218750e+02
5.989110107421875000e+02 2.593750000000000000e+02 5.989039916992187500e+02 2.393750000000000000e+02
3.112810058593750000e+02 1.468760070800781250e+02 3.112290039062500000e+02 1.256240005493164062e+02
6.383389892578125000e+02 4.118770141601562500e+02 6.377319946289062500e+02 4.781329956054687500e+02
4.568510131835937500e+02 3.037950134277343750e+02 4.406289978027343750e+02 3.044639892578125000e+02
5.681040039062500000e+02 3.399469909667968750e+02 5.818820190429687500e+02 3.404410095214843750e+02
2.506250000000000000e+02 2.381250000000000000e+02 2.506250000000000000e+02 2.568750000000000000e+02
4.693580017089843750e+02 1.603560028076171875e+02 4.431329956054687500e+02 1.620039978027343750e+02
3.162009887695312500e+02 2.581250000000000000e+02 3.161900024414062500e+02 2.343750000000000000e+02
4.076570129394531250e+02 1.368789978027343750e+02 4.075180053710937500e+02 1.218690032958984375e+02
4.371109924316406250e+02 3.818789978027343750e+02 4.371329956054687500e+02 3.743760070800781250e+02
4.276449890136718750e+02 2.593770141601562500e+02 4.276990051269531250e+02 2.393739929199218750e+02
2.371210021972656250e+02 1.324369964599609375e+02 1.846320037841796875e+02 1.136559982299804688e+02
8.115830230712890625e+01 9.062709808349609375e+01 8.125099945068359375e+01 6.687259674072265625e+01
3.206250000000000000e+02 4.493750000000000000e+02 3.206250000000000000e+02 3.981250000000000000e+02
3.132380065917968750e+02 1.228929977416992188e+02 3.403559875488281250e+02 1.361119995117187500e+02
4.529970092773437500e+02 3.110729980468750000e+02 4.620780029296875000e+02 3.136610107421875000e+02
1.791600036621093750e+02 9.913749694824218750e+01 1.857050018310546875e+02 9.321360015869140625e+01
1.949700012207031250e+02 3.106329956054687500e+02 1.951450042724609375e+02 2.981180114746093750e+02
5.494219970703125000e+02 4.195910034179687500e+02 5.193699951171875000e+02 4.182300109863281250e+02
4.326690063476562500e+02 4.406830139160156250e+02 4.315729980468750000e+02 4.556940002441406250e+02
5.618750000000000000e+02 2.256250000000000000e+02 5.893750000000000000e+02 2.256250000000000000e+02
3.625069885253906250e+02 2.393730010986328125e+02 3.624400024414062500e+02 2.581270141601562500e+02
2.054389953613281250e+02 3.246799926757812500e+02 2.258789978027343750e+02 3.206659851074218750e+02
9.382379531860351562e+00 6.184320068359375000e+01 5.290939807891845703e-01 5.978820037841796875e+01
1.918450012207031250e+02 4.209920043945312500e+02 1.742579956054687500e+02 4.195469970703125000e+02
5.347890014648437500e+02 1.682169952392578125e+02 5.363189697265625000e+02 1.820740051269531250e+02
8.513330078125000000e+01 5.561380004882812500e+01 8.436430358886718750e+01 8.937480163574218750e+01
1.347500000000000000e+02 6.630690002441406250e+01 9.061609649658203125e+01 9.060890197753906250e+01
1.180800018310546875e+02 3.181250000000000000e+02 1.179199981689453125e+02 2.981270141601562500e+02
5.200519943237304688e+01 2.853160095214843750e+02 6.198709869384765625e+01 2.839360046386718750e+02
9.026850128173828125e+01 8.747910308837890625e+01 1.362969970703125000e+02 6.207780075073242188e+01
2.033569946289062500e+02 2.017350006103515625e+02 2.062469940185546875e+02 2.064980010986328125e+02
2.952999877929687500e+02 3.706300048828125000e+02 2.951650085449218750e+02 3.618630065917968750e+02
2.509950065612792969e+01 2.599800109863281250e+02 6.430419921875000000e+01 2.280379943847656250e+02
1.607870025634765625e+02 4.331260070800781250e+02 1.607790069580078125e+02 4.193750000000000000e+02
1.199329986572265625e+02 4.581250000000000000e+02 1.199380035400390625e+02 4.781250000000000000e+02
2.565719909667968750e+02 2.406210021972656250e+02 2.561239929199218750e+02 2.781310119628906250e+02
6.005980224609375000e+02 3.411650085449218750e+02 6.318300170898437500e+02 3.427520141601562500e+02
6.267860107421875000e+02 1.846119995117187500e+02 6.381680297851562500e+02 1.836159973144531250e+02
2.468809967041015625e+02 3.085090026855468750e+02 2.343639984130859375e+02 3.087099914550781250e+02
3.442799987792968750e+02 4.589400024414062500e+02 3.256369934082031250e+02 4.567680053710937500e+02
2.835780029296875000e+02 6.811530303955078125e+01 2.831669921875000000e+02 1.018759994506835938e+02
4.462049865722656250e+02 1.343769989013671875e+02 4.462520141601562500e+02 1.193730010986328125e+02
5.093630065917968750e+02 3.150989990234375000e+02 5.268790283203125000e+02 3.153980102539062500e+02
3.507019958496093750e+02 2.393739929199218750e+02 3.510549926757812500e+02 2.581400146484375000e+02
2.469570007324218750e+02 3.496530151367187500e+02 2.219149932861328125e+02 3.570100097656250000e+02
1.534960021972656250e+02 5.857979965209960938e+01 1.758079986572265625e+02 6.898269653320312500e+01
2.958280029296875000e+02 3.003729858398437500e+02 2.967409973144531250e+02 3.056480102539062500e+02
5.029450073242187500e+02 4.722390136718750000e+02 4.820140075683593750e+02 4.709209899902343750e+02
1.259319992065429688e+02 1.785099945068359375e+02 1.433320007324218750e+02 1.646340026855468750e+02
4.595100097656250000e+02 3.086260070800781250e+02 4.518089904785156250e+02 3.072420043945312500e+02
6.354099731445312500e+02 2.926470031738281250e+02 6.368720092773437500e+02 2.996369934082031250e+02
5.868880004882812500e+02 3.074700012207031250e+02 5.456290283203125000e+02 3.066589965820312500e+02
5.935500264167785645e-01 2.605530090332031250e+02 2.438949966430664062e+01 2.599869995117187500e+02
6.136930084228515625e+01 4.606239929199218750e+02 6.132860183715820312e+01 4.781270141601562500e+02
4.189679870605468750e+02 1.206210021972656250e+02 4.188219909667968750e+02 1.356320037841796875e+02
3.736809997558593750e+02 1.381399993896484375e+02 3.740419921875000000e+02 1.243659973144531250e+02
5.456110229492187500e+02 3.085450134277343750e+02 5.856500244140625000e+02 3.098429870605468750e+02
4.993670043945312500e+02 1.592160034179687500e+02 4.743670043945312500e+02 1.604680023193359375e+02
1.955930023193359375e+02 3.353309936523437500e+02 1.755599975585937500e+02 3.375360107421875000e+02
1.793990020751953125e+02 7.086019897460937500e+01 1.505639953613281250e+02 7.376879882812500000e+01
4.043940124511718750e+02 3.029349975585937500e+02 3.918970031738281250e+02 3.016610107421875000e+02
2.524470062255859375e+02 1.856089935302734375e+02 2.528670043945312500e+02 1.681190032958984375e+02
1.219970016479492188e+02 4.508980102539062500e+02 1.582619934082031250e+02 4.346799926757812500e+02
5.318809814453125000e+02 1.791410064697265625e+02 5.193889770507812500e+02 1.788170013427734375e+02
3.430899963378906250e+02 7.395040130615234375e+01 4.018489990234375000e+02 6.905740356445312500e+01
3.469829940795898438e+01 1.199329986572265625e+02 7.199870300292968750e+01 9.833860015869140625e+01
2.368110046386718750e+02 1.604160003662109375e+02 2.481510009765625000e+02 1.569600067138671875e+02
3.093750000000000000e+02 2.106560058593750000e+02 2.756250000000000000e+02 2.107400054931640625e+02
4.119599914550781250e+02 4.623070068359375000e+02 4.015520019531250000e+02 4.612210083007812500e+02
1.563589954376220703e+01 3.794219970703125000e+02 1.145830001831054688e+02 3.565230102539062500e+02
2.577489929199218750e+02 2.984570026397705078e+00 2.552440032958984375e+02 9.699080467224121094e+00
4.644230041503906250e+02 1.809060058593750000e+02 4.506449890136718750e+02 1.832429962158203125e+02
5.246030273437500000e+02 4.644200134277343750e+02 5.275850219726562500e+02 4.492690124511718750e+02
5.831300048828125000e+02 2.721459960937500000e+02 5.718610229492187500e+02 2.723519897460937500e+02
1.663659973144531250e+02 3.306250000000000000e+02 1.663710021972656250e+02 3.131250000000000000e+02
4.459049987792968750e+01 9.359519958496093750e+01 5.452280044555664062e+01 9.634020233154296875e+01
1.681170043945312500e+02 3.806010131835937500e+02 2.307949981689453125e+02 3.611740112304687500e+02
2.104940032958984375e+02 5.086740112304687500e+01 2.341049957275390625e+02 6.362519836425781250e+01
1.879400024414062500e+02 9.319309997558593750e+01 2.019049987792968750e+02 9.930639648437500000e+01
5.306129760742187500e+02 1.578930053710937500e+02 5.056159973144531250e+02 1.592079925537109375e+02
1.952089996337890625e+02 3.256340026855468750e+02 1.950030059814453125e+02 3.156119995117187500e+02
4.150230102539062500e+02 1.218690032958984375e+02 4.151430053710937500e+02 1.356289978027343750e+02
4.339660034179687500e+02 2.393710021972656250e+02 4.337479858398437500e+02 2.593819885253906250e+02
4.031990051269531250e+02 1.218769989013671875e+02 4.027239990234375000e+02 1.368619995117187500e+02
1.443890075683593750e+02 7.687519836425781250e+01 1.435610046386718750e+02 1.231330032348632812e+02
2.474600067138671875e+02 3.420910034179687500e+02 2.316300048828125000e+02 3.349150085449218750e+02
4.146480102539062500e+02 3.518810119628906250e+02 4.148670043945312500e+02 3.418859863281250000e+02
1.604750061035156250e+02 4.556250000000000000e+02 1.604259948730468750e+02 4.406220092773437500e+02
7.472799682617187500e+01 1.030930023193359375e+02 7.388110351562500000e+01 1.268570022583007812e+02
2.524770050048828125e+02 3.061960029602050781e+01 2.525919952392578125e+02 1.687059974670410156e+01
3.304909973144531250e+02 4.494270019531250000e+02 3.307869873046875000e+02 4.430740051269531250e+02
4.413479919433593750e+02 1.756210021972656250e+02 4.414479980468750000e+02 1.631219940185546875e+02
1.200739974975585938e+02 4.812480163574218750e+01 1.200770034790039062e+02 5.812519836425781250e+01
5.406270141601562500e+02 3.155260009765625000e+02 5.556209716796875000e+02 3.158349914550781250e+02
1.455460052490234375e+02 1.217600021362304688e+02 1.758070068359375000e+02 1.008889999389648438e+02
1.332200012207031250e+02 5.816889953613281250e+01 1.230910034179687500e+02 5.891239929199218750e+01
9.683439636230468750e+01 2.964920043945312500e+02 1.181100006103515625e+02 2.942340087890625000e+02
4.796879882812500000e+02 3.299769973754882812e+01 4.716499938964843750e+02 1.321630001068115234e+01
6.135989990234375000e+02 1.170279998779296875e+02 6.185889892578125000e+02 1.016200027465820312e+02
6.011859741210937500e+02 2.393750000000000000e+02 6.011929931640625000e+02 2.593750000000000000e+02
4.755759887695312500e+02 6.254150009155273438e+01 5.505739746093750000e+02 5.626879882812500000e+01
1.601109924316406250e+02 3.318779907226562500e+02 1.601739959716796875e+02 3.143729858398437500e+02
5.853029785156250000e+02 1.205899963378906250e+02 5.869219970703125000e+02 1.056299972534179688e+02
6.068809814453125000e+02 3.103399963378906250e+02 6.318950195312500000e+02 3.108259887695312500e+02
1.635030059814453125e+02 3.131250000000000000e+02 1.634989929199218750e+02 3.318750000000000000e+02
1.601820068359375000e+02 4.781600036621093750e+02 1.608890075683593750e+02 4.618320007324218750e+02
1.187639999389648438e+01 2.414029998779296875e+02 3.126519918441772461e+00 2.413760070800781250e+02
1.930430030822753906e+01 8.187359619140625000e+01 2.008320045471191406e+01 4.188880157470703125e+01
5.210670166015625000e+02 4.093349914550781250e+02 5.356409912109375000e+02 4.143280029296875000e+02
1.716000061035156250e+02 4.781239929199218750e+02 1.716979980468750000e+02 4.443739929199218750e+02
5.926220092773437500e+02 2.393739929199218750e+02 5.926569824218750000e+02 2.593760070800781250e+02
4.744590148925781250e+02 1.434039974212646484e+01 4.821860046386718750e+02 3.299629974365234375e+01
5.656099853515625000e+02 1.565330047607421875e+02 5.368599853515625000e+02 1.577850036621093750e+02
3.556380004882812500e+02 1.095350036621093750e+02 3.768479919433593750e+02 1.077939987182617188e+02
4.393739929199218750e+02 1.618500061035156250e+02 4.243850097656250000e+02 1.622559967041015625e+02
1.918750000000000000e+02 4.781250000000000000e+02 1.918750000000000000e+02 4.256250000000000000e+02
4.356390075683593750e+02 4.129419860839843750e+02 4.193919982910156250e+02 4.116589965820312500e+02
6.085640258789062500e+02 4.058640136718750000e+02 6.191770019531250000e+02 4.419330139160156250e+02
3.001199951171875000e+02 4.350220031738281250e+02 3.062579956054687500e+02 4.298869934082031250e+02
3.913609924316406250e+02 4.523919982910156250e+02 3.953659973144531250e+02 4.466929931640625000e+02
6.078170166015625000e+02 1.368309936523437500e+02 6.099500122070312500e+02 1.217789993286132812e+02
2.561520004272460938e+01 3.064970016479492188e+01 7.565769958496093750e+01 5.054270172119140625e+01
8.022250366210937500e+01 3.061370086669921875e+01 7.997709655761718750e+01 3.939179992675781250e+01
4.831400146484375000e+02 2.373800048828125000e+02 4.718630065917968750e+02 2.377169952392578125e+02
3.487359924316406250e+02 1.431329956054687500e+02 3.489280090332031250e+02 1.281190032958984375e+02
4.731650085449218750e+02 1.618739929199218750e+02 4.737600097656250000e+02 1.806439971923828125e+02
5.800620117187500000e+02 2.393750000000000000e+02 5.800540161132812500e+02 2.593750000000000000e+02
5.593790283203125000e+02 3.165790100097656250e+02 5.881229858398437500e+02 3.169989929199218750e+02
6.564890289306640625e+01 4.931489944458007812e+01 2.553319931030273438e+01 3.335570144653320312e+01
4.242829895019531250e+02 1.244320011138916016e+01 4.381189880371093750e+02 1.057940006256103516e+01
2.577709960937500000e+02 1.856430053710937500e+02 2.570729980468750000e+02 1.718650054931640625e+02
6.322539901733398438e+01 6.458059692382812500e+01 4.313430023193359375e+01 7.439409637451171875e+01
9.166919708251953125e+01 3.143680114746093750e+02 9.116970062255859375e+01 3.293930053710937500e+02
1.281300048828125000e+02 2.329689941406250000e+02 1.481499938964843750e+02 2.336150054931640625e+02
2.295690002441406250e+02 7.649189758300781250e+01 2.360570068359375000e+02 7.977100372314453125e+01
4.944010009765625000e+02 1.837940063476562500e+02 4.793760070800781250e+02 1.831119995117187500e+02
5.015899963378906250e+02 1.706430053710937500e+02 5.009559936523437500e+02 1.606040039062500000e+02
4.441719970703125000e+02 1.322819995880126953e+01 4.543200073242187500e+02 3.315309906005859375e+01
3.065299987792968750e+01 3.034989929199218750e+02 5.312089920043945312e+01 3.018200073242187500e+02
6.560150146484375000e+01 4.755719909667968750e+02 1.117289962768554688e+02 4.552919921875000000e+02
5.907030029296875000e+02 2.593729858398437500e+02 5.903120117187500000e+02 2.393569946289062500e+02
5.168750000000000000e+02 2.593750000000000000e+02 5.168750000000000000e+02 2.393750000000000000e+02
2.155639953613281250e+02 4.473410034179687500e+02 2.281759948730468750e+02 4.489869995117187500e+02
5.306220092773437500e+02 3.407749938964843750e+02 5.056069946289062500e+02 3.402810058593750000e+02
4.993720092773437500e+02 3.395079956054687500e+02 4.743810119628906250e+02 3.390360107421875000e+02
6.200980224609375000e+02 4.445220031738281250e+02 6.294600219726562500e+02 4.781010131835937500e+02
9.476110458374023438e+00 5.062450027465820312e+01 9.372920036315917969e+00 2.812500000000000000e+01
4.993710021972656250e+02 1.794470062255859375e+02 4.869070129394531250e+02 1.787799987792968750e+02
4.031250000000000000e+02 2.581250000000000000e+02 4.031250000000000000e+02 2.393750000000000000e+02
1.895030059814453125e+02 3.914839935302734375e+01 2.055729980468750000e+02 4.821730041503906250e+01
4.056600036621093750e+02 6.852850341796875000e+01 4.718460083007812500e+02 6.279439926147460938e+01
2.460560035705566406e+01 4.438399887084960938e+01 2.368250083923339844e+01 6.814669799804687500e+01
4.264660034179687500e+02 3.714260101318359375e+01 4.131910095214843750e+02 1.683209991455078125e+01
1.139509963989257812e+02 4.543590087890625000e+02 1.145309982299804688e+02 4.393330078125000000e+02
5.193750000000000000e+02 2.393750000000000000e+02 5.193750000000000000e+02 2.593750000000000000e+02
8.805860137939453125e+01 3.293710021972656250e+02 8.897180175781250000e+01 3.155979919433593750e+02
5.893690185546875000e+02 1.554420013427734375e+02 5.693499755859375000e+02 1.560529937744140625e+02
9.134289741516113281e+00 8.062180328369140625e+01 9.350580215454101562e+00 6.437470245361328125e+01
2.781250000000000000e+02 2.531250000000000000e+02 2.781250000000000000e+02 2.331250000000000000e+02
3.568750000000000000e+02 2.093750000000000000e+02 3.256250000000000000e+02 2.093750000000000000e+02
1.688109970092773438e+01 1.318750000000000000e+02 1.546640014648437500e+01 1.556159973144531250e+02
1.136250000000000000e+02 4.781319885253906250e+02 1.138639984130859375e+02 4.606010131835937500e+02
3.762369995117187500e+02 4.257659912109375000e+01 3.620350036621093750e+02 2.673119926452636719e+01
3.521030044555664062e+01 7.475409698486328125e+01 5.539559936523437500e+01 6.514330291748046875e+01
1.043830032348632812e+02 1.347149963378906250e+02 1.193740005493164062e+02 1.343540039062500000e+02
4.756960144042968750e+02 1.318699951171875000e+02 4.748940124511718750e+02 1.193420028686523438e+02
5.993750000000000000e+02 1.368750000000000000e+02 5.993750000000000000e+02 1.143750000000000000e+02
4.177940063476562500e+02 1.958810043334960938e+01 4.281310119628906250e+02 3.562129974365234375e+01
5.968750000000000000e+02 1.143750000000000000e+02 5.968750000000000000e+02 1.368750000000000000e+02
7.371440124511718750e+01 6.561070251464843750e+01 7.401830291748046875e+01 7.813369750976562500e+01
