1.540000000000000000e+02 2.943859863281250000e+02 1.552440032958984375e+02 3.356740112304687500e+02
1.383639984130859375e+02 3.393840026855468750e+02 1.386199951171875000e+02 2.968699951171875000e+02
5.691470146179199219e+00 3.260299987792968750e+02 1.356829986572265625e+02 3.208099975585937500e+02
1.793719940185546875e+02 2.271869964599609375e+02 5.625189781188964844e+00 2.256040039062500000e+02
4.391550064086914062e+00 1.861670074462890625e+02 1.793840026855468750e+02 1.902610015869140625e+02
5.618070125579833984e+00 2.562680053710937500e+02 1.306300048828125000e+02 2.548410034179687500e+02
4.317739868164062500e+01 2.954460144042968750e+02 5.644989967346191406e+00 2.972829895019531250e+02
3.592000122070312500e+02 2.359239959716796875e+02 3.682860107421875000e+02 2.412369995117187500e+02
5.932800292968750000e+02 3.993770141601562500e+02 5.952119750976562500e+02 2.293699951171875000e+02
3.582099914550781250e+02 1.874790039062500000e+02 4.007489929199218750e+02 1.815110015869140625e+02
5.710540008544921875e+01 3.209030151367187500e+02 4.527040100097656250e+01 3.180979919433593750e+02
3.123819885253906250e+02 2.331170043945312500e+02 3.121740112304687500e+02 2.531280059814453125e+02
5.819819927215576172e+00 1.568789978027343750e+02 5.278150081634521484e+00 1.844170074462890625e+02
2.056399993896484375e+02 9.277390289306640625e+01 2.219140014648437500e+02 9.347260284423828125e+01
1.794029998779296875e+02 1.636549987792968750e+02 5.577529907226562500e+00 1.568350067138671875e+02
1.375030059814453125e+02 2.969309997558593750e+02 1.289149932861328125e+02 2.928410034179687500e+02
3.597810058593750000e+02 2.507339935302734375e+02 3.605979919433593750e+02 2.382870025634765625e+02
1.574929962158203125e+02 2.978919982910156250e+02 1.642769927978515625e+02 2.937709960937500000e+02
2.632460021972656250e+02 2.518760070800781250e+02 2.634830017089843750e+02 2.268670043945312500e+02
1.484320068359375000e+02 2.643869934082031250e+02 1.480339965820312500e+02 2.744209899902343750e+02
4.426510009765625000e+02 2.469010009765625000e+02 4.430660095214843750e+02 2.343730010986328125e+02
3.951199951171875000e+02 2.506260070800781250e+02 3.950750122070312500e+02 2.343730010986328125e+02
4.294270019531250000e+02 1.078590011596679688e+02 4.144020080566406250e+02 1.086470031738281250e+02
3.957720031738281250e+02 1.864499969482421875e+02 3.832250061035156250e+02 1.886869964599609375e+02
2.243650054931640625e+02 8.958509826660156250e+01 2.068459930419921875e+02 8.872370147705078125e+01
3.963619995117187500e+02 2.031589965820312500e+02 3.952929992675781250e+02 1.869799957275390625e+02
1.343679962158203125e+02 2.438780059814453125e+02 1.606269989013671875e+02 2.441060028076171875e+02
3.989710083007812500e+02 1.881159973144531250e+02 3.990660095214843750e+02 1.968650054931640625e+02
3.806470031738281250e+02 2.516100006103515625e+02 3.944060058593750000e+02 2.527440032958984375e+02
1.481239929199218750e+02 1.359429931640625000e+02 1.606289978027343750e+02 1.360000000000000000e+02
1.593849945068359375e+02 1.329259948730468750e+02 1.493739929199218750e+02 1.330220031738281250e+02
3.991099853515625000e+02 2.368630065917968750e+02 3.985060119628906250e+02 2.506419982910156250e+02
4.155710144042968750e+02 1.118970031738281250e+02 4.306520080566406250e+02 1.112289962768554688e+02
4.458399963378906250e+02 1.729570007324218750e+02 4.544960021972656250e+02 1.712350006103515625e+02
4.063019943237304688e+01 3.207569885253906250e+02 1.182639980316162109e+01 3.218840026855468750e+02
3.570869827270507812e+01 3.080710144042968750e+02 4.687110137939453125e+01 2.956220092773437500e+02
4.729320049285888672e+00 2.280480041503906250e+02 6.000020027160644531e+00 2.543569946289062500e+02
6.067310180664062500e+02 1.731250000000000000e+02 6.067349853515625000e+02 1.543750000000000000e+02
6.293569946289062500e+02 1.770440063476562500e+02 6.080759887695312500e+02 1.748459930419921875e+02
3.955849914550781250e+02 2.283029937744140625e+02 3.818460083007812500e+02 2.279160003662109375e+02
1.281589965820312500e+02 2.931369934082031250e+02 6.064130020141601562e+01 2.949729919433593750e+02
3.444570007324218750e+02 2.251609954833984375e+02 3.094479980468750000e+02 2.288220062255859375e+02
1.327039947509765625e+02 2.531300048828125000e+02 1.325910034179687500e+02 2.443659973144531250e+02
4.123729858398437500e+02 2.844169921875000000e+02 4.115369873046875000e+02 2.693240051269531250e+02
3.131250000000000000e+02 1.942330017089843750e+02 3.343789978027343750e+02 1.942989959716796875e+02
4.167690124511718750e+02 2.692919921875000000e+02 4.161700134277343750e+02 2.880629882812500000e+02
5.566009902954101562e+01 3.196499938964843750e+02 6.565480041503906250e+01 3.194200134277343750e+02
1.568459930419921875e+02 3.196990051269531250e+02 1.781529998779296875e+02 3.190379943847656250e+02
4.428320007324218750e+02 2.343750000000000000e+02 4.428250122070312500e+02 2.056250000000000000e+02
3.718949890136718750e+02 2.818750000000000000e+02 3.717460021972656250e+02 2.368710021972656250e+02
4.564879989624023438e+01 3.155650024414062500e+02 1.803199958801269531e+01 3.046090087890625000e+02
3.811430053710937500e+02 2.396020050048828125e+02 3.841879882812500000e+02 2.494329986572265625e+02
1.781629943847656250e+02 2.917699890136718750e+02 1.656349945068359375e+02 2.921860046386718750e+02
5.959109878540039062e+01 2.943999938964843750e+02 5.827539825439453125e+01 3.057869873046875000e+02
2.045479965209960938e+01 2.440670013427734375e+02 2.803149986267089844e+01 2.353840026855468750e+02
3.943659973144531250e+02 1.793040008544921875e+02 3.570180053710937500e+02 1.842129974365234375e+02
6.114110107421875000e+02 1.543730010986328125e+02 6.114600219726562500e+02 1.731260070800781250e+02
4.030979919433593750e+02 2.506239929199218750e+02 4.036109924316406250e+02 2.306049957275390625e+02
2.317969970703125000e+02 1.681239929199218750e+02 2.316170043945312500e+02 1.906329956054687500e+02
3.439540100097656250e+01 2.536759948730468750e+02 2.311459922790527344e+01 2.540939941406250000e+02
3.094039916992187500e+02 2.903009948730468750e+02 2.643309936523437500e+02 2.916929931640625000e+02
2.315379943847656250e+02 2.293730010986328125e+02 2.314320068359375000e+02 2.518789978027343750e+02
3.843519897460937500e+02 1.973939971923828125e+02 3.943420104980468750e+02 1.970809936523437500e+02
4.452789916992187500e+02 1.820039978027343750e+02 4.463500061035156250e+02 1.744779968261718750e+02
4.560769958496093750e+02 1.731049957275390625e+02 4.564129943847656250e+02 1.807010040283203125e+02
4.975469970703125000e+01 2.971369934082031250e+02 5.613230133056640625e+01 3.183479919433593750e+02
4.545360107421875000e+02 1.832960052490234375e+02 4.470180053710937500e+02 1.821710052490234375e+02
1.618739929199218750e+02 2.549040069580078125e+02 1.793750000000000000e+02 2.548979949951171875e+02
3.949580078125000000e+02 2.491069946289062500e+02 3.968269958496093750e+02 2.618819885253906250e+02
4.682109985351562500e+02 1.977019958496093750e+02 4.444570007324218750e+02 2.001690063476562500e+02
2.318970031738281250e+02 1.919660034179687500e+02 2.619100036621093750e+02 1.925290069580078125e+02
2.618880004882812500e+02 2.900230102539062500e+02 2.306499938964843750e+02 2.906440124511718750e+02
2.318159942626953125e+02 3.168580017089843750e+02 3.243469848632812500e+02 3.125310058593750000e+02
3.602219848632812500e+02 2.492460021972656250e+02 3.574410095214843750e+02 2.579049987792968750e+02
3.540380096435546875e+01 3.075830078125000000e+02 4.180979919433593750e+01 3.095840148925781250e+02
4.255889892578125000e+02 1.976929931640625000e+02 4.706919860839843750e+02 1.939320068359375000e+02
3.043659973144531250e+02 1.450209960937500000e+02 3.156140136718750000e+02 1.448589935302734375e+02
3.122239990234375000e+02 1.718710021972656250e+02 3.122739868164062500e+02 1.931239929199218750e+02
2.618779907226562500e+02 2.275959930419921875e+02 2.306219940185546875e+02 2.274149932861328125e+02
3.143880004882812500e+02 1.424739990234375000e+02 3.043659973144531250e+02 1.426940002441406250e+02
2.311309967041015625e+02 2.918789978027343750e+02 2.309539947509765625e+02 3.156270141601562500e+02
4.778739929199218750e+02 2.506199951171875000e+02 4.782650146484375000e+02 2.306280059814453125e+02
2.109440040588378906e+01 2.542870025634765625e+02 1.923979949951171875e+01 2.443999938964843750e+02
1.513249969482421875e+02 2.494179992675781250e+02 1.623919982910156250e+02 2.546699981689453125e+02
1.555059967041015625e+02 2.756210021972656250e+02 1.554649963378906250e+02 2.881329956054687500e+02
4.240289916992187500e+02 2.268760070800781250e+02 4.240700073242187500e+02 2.006250000000000000e+02
1.493880004882812500e+02 2.863930053710937500e+02 1.356139984130859375e+02 2.860109863281250000e+02
1.311439971923828125e+02 2.918729858398437500e+02 1.312449951171875000e+02 2.581229858398437500e+02
3.752139892578125000e+02 2.394429931640625000e+02 3.879159851074218750e+02 2.350240020751953125e+02
3.231119995117187500e+02 2.886340026855468750e+02 3.143359985351562500e+02 2.884089965820312500e+02
1.614589996337890625e+02 2.455549926757812500e+02 1.611929931640625000e+02 2.518990020751953125e+02
3.800230026245117188e+01 2.381080017089843750e+02 3.592969894409179688e+01 2.529929962158203125e+02
2.331170043945312500e+02 2.538439941406250000e+02 3.343599853515625000e+02 2.534120025634765625e+02
4.245230102539062500e+02 2.318840026855468750e+02 4.230880126953125000e+02 2.556979980468750000e+02
5.956409912109375000e+02 2.268750000000000000e+02 5.952030029296875000e+02 1.006220016479492188e+02
6.140729904174804688e+00 2.980750122070312500e+02 6.855860233306884766e+00 3.231969909667968750e+02
4.554660034179687500e+02 2.036450042724609375e+02 4.770549926757812500e+02 1.989530029296875000e+02
1.337350006103515625e+02 2.568739929199218750e+02 1.336770019531250000e+02 2.881260070800781250e+02
1.801390075683593750e+02 2.531280059814453125e+02 1.799989929199218750e+02 2.293710021972656250e+02
3.562149963378906250e+02 2.293789978027343750e+02 3.560599975585937500e+02 2.518780059814453125e+02
4.452850036621093750e+02 2.342920074462890625e+02 4.447590026855468750e+02 2.443950042724609375e+02
3.566669921875000000e+02 3.381229858398437500e+02 3.573049926757812500e+02 2.556280059814453125e+02
1.823130035400390625e+02 2.542920074462890625e+02 1.842310028076171875e+02 2.644020080566406250e+02
1.793880004882812500e+02 3.168750000000000000e+02 1.808990020751953125e+02 2.593819885253906250e+02
1.406159973144531250e+02 2.964450073242187500e+02 1.531369934082031250e+02 2.961770019531250000e+02
3.424960021972656250e+02 1.628679962158203125e+02 3.138640136718750000e+02 1.707940063476562500e+02
7.807460021972656250e+01 3.207200012207031250e+02 6.080910110473632812e+01 3.115289916992187500e+02
4.780849914550781250e+02 2.278419952392578125e+02 4.467479858398437500e+02 2.322189941406250000e+02
4.467900085449218750e+02 2.366540069580078125e+02 4.606380004882812500e+02 2.358549957275390625e+02
1.853439941406250000e+02 2.165379943847656250e+02 1.828119964599609375e+02 2.280559997558593750e+02
5.990260009765625000e+02 2.318699951171875000e+02 5.967119750976562500e+02 4.006229858398437500e+02
1.822949981689453125e+02 3.156690063476562500e+02 1.834029998779296875e+02 3.367950134277343750e+02
1.872369995117187500e+02 1.514620056152343750e+02 1.820509948730468750e+02 1.626260070800781250e+02
4.206170043945312500e+02 2.398959960937500000e+02 4.068699951171875000e+02 2.396950073242187500e+02
5.557379913330078125e+01 3.119840087890625000e+02 6.924009704589843750e+01 3.184119873046875000e+02
1.111340045928955078e+01 2.971589965820312500e+02 3.455640029907226562e+01 3.090159912109375000e+02
4.245109863281250000e+02 3.593840026855468750e+02 4.251629943847656250e+02 2.543800048828125000e+02
1.908150024414062500e+02 2.006109924316406250e+02 1.915440063476562500e+02 1.468869934082031250e+02
3.992030029296875000e+02 2.843930053710937500e+02 3.986289978027343750e+02 3.193829956054687500e+02
1.873999938964843750e+02 2.591570129394531250e+02 1.923260040283203125e+02 2.145630035400390625e+02
1.416289978027343750e+02 2.531159973144531250e+02 1.415700073242187500e+02 2.468549957275390625e+02
1.491089935302734375e+02 2.763710021972656250e+02 1.540529937744140625e+02 2.737640075683593750e+02
3.950220031738281250e+02 3.243689880371093750e+02 3.956210021972656250e+02 2.618750000000000000e+02
4.407520141601562500e+02 2.334160003662109375e+02 4.241310119628906250e+02 2.312129974365234375e+02
3.559849853515625000e+02 2.256380004882812500e+02 3.570849914550781250e+02 1.955870056152343750e+02
4.081080017089843750e+02 2.373049926757812500e+02 4.206380004882812500e+02 2.377989959716796875e+02
1.801060028076171875e+02 1.893670043945312500e+02 1.804949951171875000e+02 1.656230010986328125e+02
3.080669860839843750e+02 1.117350006103515625e+02 3.608940124511718750e+02 9.002909851074218750e+01
5.902449951171875000e+02 2.293739929199218750e+02 5.902059936523437500e+02 2.493769989013671875e+02
1.557350006103515625e+02 2.543609924316406250e+02 1.558220062255859375e+02 2.631229858398437500e+02
4.414939880371093750e+02 3.531199951171875000e+02 4.428259887695312500e+02 2.481210021972656250e+02
4.431340026855468750e+02 1.994720001220703125e+02 4.306210021972656250e+02 2.005839996337890625e+02
3.959010009765625000e+02 2.267409973144531250e+02 3.948880004882812500e+02 2.341020050048828125e+02
3.104920043945312500e+02 1.714210052490234375e+02 2.317500000000000000e+02 1.662910003662109375e+02
4.044660034179687500e+02 2.418589935302734375e+02 4.039769897460937500e+02 3.543680114746093750e+02
2.638529968261718750e+02 1.906349945068359375e+02 2.640589904785156250e+02 1.756380004882812500e+02
6.044770050048828125e+01 3.084790039062500000e+02 7.944149780273437500e+01 3.179920043945312500e+02
1.443430023193359375e+02 2.509320068359375000e+02 1.518910064697265625e+02 2.510859985351562500e+02
6.200699806213378906e+00 3.518659973144531250e+02 5.812310218811035156e+00 3.268529968261718750e+02
3.708039855957031250e+02 2.339259948730468750e+02 3.581809997558593750e+02 2.325950012207031250e+02
3.799450073242187500e+02 1.919620056152343750e+02 3.893590087890625000e+02 1.944360046386718750e+02
3.532270050048828125e+01 3.037200012207031250e+02 2.685359954833984375e+01 2.994169921875000000e+02
4.733630065917968750e+02 3.681409912109375000e+02 4.261740112304687500e+02 3.590329895019531250e+02
5.914860229492187500e+02 2.743269958496093750e+02 5.899450073242187500e+02 2.869450073242187500e+02
6.281090087890625000e+02 1.712550048828125000e+02 6.168670043945312500e+02 1.715410003662109375e+02
5.317329883575439453e+00 2.231260070800781250e+02 5.339169979095458984e+00 1.893750000000000000e+02
4.606390075683593750e+02 2.504570007324218750e+02 4.769840087890625000e+02 2.518170013427734375e+02
3.241879882812500000e+02 3.132179870605468750e+02 3.447340087890625000e+02 3.352070007324218750e+02
5.908850097656250000e+02 1.718739929199218750e+02 5.907319946289062500e+02 9.812480163574218750e+01
4.269440002441406250e+02 2.378009948730468750e+02 4.407109985351562500e+02 2.367749938964843750e+02
5.888109741210937500e+02 3.993850097656250000e+02 5.902490234375000000e+02 2.993699951171875000e+02
3.942260131835937500e+02 3.444429931640625000e+02 3.953120117187500000e+02 3.268559875488281250e+02
3.893880004882812500e+02 2.326360015869140625e+02 3.730840148925781250e+02 2.322189941406250000e+02
4.266400146484375000e+02 2.106269989013671875e+02 4.267739868164062500e+02 2.281349945068359375e+02
6.168770141601562500e+02 1.742059936523437500e+02 6.331250000000000000e+02 1.743840026855468750e+02
2.656080017089843750e+02 2.888829956054687500e+02 3.093909912109375000e+02 2.873349914550781250e+02
4.450840148925781250e+02 2.056239929199218750e+02 4.450369873046875000e+02 2.293760070800781250e+02
3.958120117187500000e+02 3.462040100097656250e+02 3.840799865722656250e+02 3.429349975585937500e+02
3.630000000000000000e+02 1.925010070800781250e+02 3.730960083007812500e+02 1.904819946289062500e+02
3.376210021972656250e+02 1.587779998779296875e+02 3.280799865722656250e+02 1.668220062255859375e+02
3.931740112304687500e+02 2.848670043945312500e+02 3.830549926757812500e+02 2.842149963378906250e+02
5.985609741210937500e+02 9.812870025634765625e+01 5.989260253906250000e+02 1.781269989013671875e+02
3.093750000000000000e+02 2.519100036621093750e+02 2.656170043945312500e+02 2.523220062255859375e+02
7.937079906463623047e+00 3.135230102539062500e+02 2.159560012817382812e+01 3.199670104980468750e+02
2.605490112304687500e+02 1.740070037841796875e+02 2.968510131835937500e+02 1.771499938964843750e+02
4.798789978027343750e+02 1.931139984130859375e+02 4.771489868164062500e+02 3.756099853515625000e+02
1.412120056152343750e+02 2.843840026855468750e+02 1.415950012207031250e+02 2.593900146484375000e+02
3.980740051269531250e+02 3.293760070800781250e+02 3.983649902343750000e+02 3.443699951171875000e+02
3.275100097656250000e+02 2.548549957275390625e+02 3.425740051269531250e+02 2.672770080566406250e+02
4.578399963378906250e+02 2.373589935302734375e+02 4.667520141601562500e+02 2.340449981689453125e+02
2.922240066528320312e+01 4.381340026855468750e+02 2.738159942626953125e+01 4.080939941406250000e+02
3.121239929199218750e+02 2.918590087890625000e+02 3.118330078125000000e+02 3.106440124511718750e+02
3.664129943847656250e+02 9.196230316162109375e+01 3.142080078125000000e+02 1.127050018310546875e+02
3.807260131835937500e+02 3.405960083007812500e+02 3.594110107421875000e+02 3.389129943847656250e+02
1.832279968261718750e+02 1.643739929199218750e+02 1.834889984130859375e+02 2.181230010986328125e+02
3.833030090332031250e+02 2.401510009765625000e+02 3.896040039062500000e+02 2.425130004882812500e+02
1.531130065917968750e+02 3.253670043945312500e+02 1.406399993896484375e+02 3.259500122070312500e+02
4.068999938964843750e+02 2.540930023193359375e+02 4.168250122070312500e+02 2.549550018310546875e+02
1.831250000000000000e+02 2.293750000000000000e+02 1.831250000000000000e+02 2.531250000000000000e+02
6.311320190429687500e+02 1.606239929199218750e+02 6.311140136718750000e+02 1.706260070800781250e+02
5.907529907226562500e+02 1.768769989013671875e+02 5.904780273437500000e+02 1.956410064697265625e+02
4.449360046386718750e+02 2.506179962158203125e+02 4.439230041503906250e+02 3.468699951171875000e+02
6.168989868164062500e+02 1.553350067138671875e+02 6.319210205078125000e+02 1.549579925537109375e+02
5.164690017700195312e+00 2.943829956054687500e+02 5.517039775848388672e+00 2.581239929199218750e+02
4.035669860839843750e+02 1.956900024414062500e+02 4.046690063476562500e+02 2.306549987792968750e+02
1.806250000000000000e+02 2.243750000000000000e+02 1.806250000000000000e+02 1.931250000000000000e+02
1.417539978027343750e+02 3.439230041503906250e+02 1.305720062255859375e+02 3.422200012207031250e+02
3.252869873046875000e+02 3.021719970703125000e+02 3.194559936523437500e+02 2.889370117187500000e+02
1.796719970703125000e+02 3.368859863281250000e+02 1.801479949951171875e+02 3.244049987792968750e+02
5.736350059509277344e+00 1.531770019531250000e+02 5.162759780883789062e+00 1.405890045166015625e+02
3.716789855957031250e+02 2.231230010986328125e+02 3.719549865722656250e+02 1.931260070800781250e+02
2.687500000000000000e+01 3.493750000000000000e+02 2.687500000000000000e+01 3.681250000000000000e+02
4.751279907226562500e+02 2.868710021972656250e+02 4.750480041503906250e+02 2.981300048828125000e+02
2.656149902343750000e+02 2.278339996337890625e+02 3.056239929199218750e+02 2.282579956054687500e+02
3.943800048828125000e+02 2.018750000000000000e+02 3.945520019531250000e+02 2.256239929199218750e+02
4.536019897460937500e+02 2.806140136718750000e+02 4.540209960937500000e+02 2.993550109863281250e+02
2.318910026550292969e+01 3.652139892578125000e+02 1.058590030670166016e+01 3.656000061035156250e+02
2.626370048522949219e+01 3.906650085449218750e+02 2.544300079345703125e+01 3.781369934082031250e+02
4.749630126953125000e+02 2.692590026855468750e+02 4.761499938964843750e+02 2.752749938964843750e+02
3.940239868164062500e+02 2.556300048828125000e+02 3.942909851074218750e+02 2.743760070800781250e+02
2.985070037841796875e+01 4.131010131835937500e+02 3.120350074768066406e+01 4.394100036621093750e+02
3.714389953613281250e+02 3.356340026855468750e+02 3.720400085449218750e+02 2.831270141601562500e+02
5.044769763946533203e+00 3.580299987792968750e+02 6.411540031433105469e+00 3.857099914550781250e+02
4.767839965820312500e+02 2.968680114746093750e+02 4.776140136718750000e+02 2.855870056152343750e+02
3.739909973144531250e+02 2.481300048828125000e+02 3.741270141601562500e+02 2.593779907226562500e+02
1.827469940185546875e+02 2.943689880371093750e+02 1.823979949951171875e+02 3.156340026855468750e+02
4.445949935913085938e+01 3.500469970703125000e+02 3.077790021896362305e+00 3.552489929199218750e+02
5.993859863281250000e+02 3.994630126953125000e+02 6.381500244140625000e+02 3.945750122070312500e+02
2.330879974365234375e+02 3.286679992675781250e+02 3.281520080566406250e+02 3.236409912109375000e+02
1.843489990234375000e+02 3.342000122070312500e+02 1.883679962158203125e+02 3.389729919433593750e+02
1.925829925537109375e+02 2.606210021972656250e+02 1.923569946289062500e+02 2.931279907226562500e+02
1.933099975585937500e+02 3.445270080566406250e+02 1.720330047607421875e+02 3.409400024414062500e+02
1.721670074462890625e+02 3.437239990234375000e+02 1.429550018310546875e+02 3.392300109863281250e+02
4.731960144042968750e+02 2.833919982910156250e+02 4.556069946289062500e+02 2.821279907226562500e+02
4.698439941406250000e+02 2.355899963378906250e+02 4.692170104980468750e+02 2.494239959716796875e+02
4.803529968261718750e+02 3.691029968261718750e+02 5.867169799804687500e+02 3.986929931640625000e+02
2.292140045166015625e+02 3.256539916992187500e+02 2.306190032958984375e+02 3.333540039062500000e+02
1.887469940185546875e+02 3.307120056152343750e+02 1.871230010986328125e+02 2.957300109863281250e+02
3.078350067138671875e+01 4.743710021972656250e+02 3.026619911193847656e+01 4.531029968261718750e+02
3.592009887695312500e+02 2.143650054931640625e+02 3.585570068359375000e+02 2.256499938964843750e+02
3.467139892578125000e+02 3.316629943847656250e+02 3.530899963378906250e+02 3.312839965820312500e+02
4.481430053710937500e+02 2.503099975585937500e+02 4.644840087890625000e+02 2.512630004882812500e+02
6.752300262451171875e+01 4.295270080566406250e+02 7.414759826660156250e+01 4.556830139160156250e+02
3.799320068359375000e+02 3.334230041503906250e+02 3.830480041503906250e+02 3.406579895019531250e+02
5.884069824218750000e+02 9.935189819335937500e+01 4.956430053710937500e+02 1.207050018310546875e+02
5.901539916992187500e+02 2.231179962158203125e+02 5.905089721679687500e+02 2.006029968261718750e+02
3.756589889526367188e+01 1.844129943847656250e+02 3.859349822998046875e+01 1.656510009765625000e+02
3.997120056152343750e+02 2.256130065917968750e+02 3.991809997558593750e+02 2.106320037841796875e+02
1.581130065917968750e+02 3.327309875488281250e+02 1.768840026855468750e+02 3.321640014648437500e+02
1.757709960937500000e+02 2.331309967041015625e+02 1.750449981689453125e+02 2.519010009765625000e+02
9.346400260925292969e+00 3.387049865722656250e+02 1.318899993896484375e+02 3.334769897460937500e+02
5.939710083007812500e+02 1.993639984130859375e+02 5.936170043945312500e+02 2.118890075683593750e+02
4.990009784698486328e+00 3.852650146484375000e+02 9.854909896850585938e+00 3.935759887695312500e+02
4.281369934082031250e+02 2.570469970703125000e+02 4.406350097656250000e+02 2.571860046386718750e+02
3.394410095214843750e+02 3.336130065917968750e+02 3.119320068359375000e+02 3.312219848632812500e+02
1.731840057373046875e+02 1.522649993896484375e+02 1.857749938964843750e+02 1.503719940185546875e+02
2.668800048828125000e+02 1.917220001220703125e+02 3.093739929199218750e+02 1.931450042724609375e+02
4.841149902343750000e+02 3.812080078125000000e+02 4.718309936523437500e+02 3.757229919433593750e+02
2.637609863281250000e+02 3.362430114746093750e+02 2.205099945068359375e+02 3.423020019531250000e+02
4.523180007934570312e+01 3.469719848632812500e+02 4.953670120239257812e+01 3.643349914550781250e+02
3.742890014648437500e+02 2.606250000000000000e+02 3.743750000000000000e+02 2.818750000000000000e+02
9.553240203857421875e+01 4.094159851074218750e+02 1.193310012817382812e+02 4.631449890136718750e+02
4.200450134277343750e+01 3.636300048828125000e+02 2.815060043334960938e+01 3.627300109863281250e+02
6.727039813995361328e+00 1.383890075683593750e+02 4.807089996337890625e+01 1.424290008544921875e+02
4.468720092773437500e+02 2.571669921875000000e+02 4.593699951171875000e+02 2.573070068359375000e+02
7.651850128173828125e+01 4.744639892578125000e+02 7.239309692382812500e+01 4.579949951171875000e+02
1.881990051269531250e+02 2.955790100097656250e+02 1.837669982910156250e+02 2.912470092773437500e+02
4.068940124511718750e+02 3.480610046386718750e+02 4.208859863281250000e+02 3.522539978027343750e+02
2.343800048828125000e+02 3.332070007324218750e+02 3.043609924316406250e+02 3.291380004882812500e+02
1.930939941406250000e+02 1.474909973144531250e+02 2.043780059814453125e+02 1.480590057373046875e+02
5.177199707031250000e+02 3.868460083007812500e+02 5.330999755859375000e+02 3.919500122070312500e+02
7.198919677734375000e+01 4.568479919433593750e+02 6.781009674072265625e+01 4.394509887695312500e+02
2.317440032958984375e+02 1.500059967041015625e+02 2.406289978027343750e+02 1.518549957275390625e+02
5.169089965820312500e+02 3.900270080566406250e+02 5.068699951171875000e+02 3.894609985351562500e+02
5.355609741210937500e+02 3.920700073242187500e+02 5.532059936523437500e+02 3.978789978027343750e+02
2.310820007324218750e+02 1.643710021972656250e+02 2.309609985351562500e+02 1.518719940185546875e+02
3.705400085449218750e+02 2.166029968261718750e+02 3.603630065917968750e+02 2.197899932861328125e+02
4.568699951171875000e+02 2.426159973144531250e+02 4.668810119628906250e+02 2.425269927978515625e+02
3.156969909667968750e+02 1.921719970703125000e+02 3.307229919433593750e+02 1.885310058593750000e+02
3.330180053710937500e+02 4.333049926757812500e+02 3.518059997558593750e+02 4.444920043945312500e+02
1.441920013427734375e+02 4.344960021972656250e+02 1.730310058593750000e+02 4.781870117187500000e+02
8.549639892578125000e+01 3.432109985351562500e+02 9.146869659423828125e+01 3.521470031738281250e+02
3.743750000000000000e+02 2.831250000000000000e+02 3.743750000000000000e+02 3.168750000000000000e+02
5.989039916992187500e+02 2.118670043945312500e+02 5.986510009765625000e+02 2.268630065917968750e+02
2.305529937744140625e+02 2.256260070800781250e+02 2.300570068359375000e+02 1.956340026855468750e+02
5.564290161132812500e+02 3.982510070800781250e+02 5.895050048828125000e+02 4.089750061035156250e+02
4.804819946289062500e+02 3.760950012207031250e+02 4.993819885253906250e+02 3.818510131835937500e+02
4.468439941406250000e+02 2.704700012207031250e+02 4.543729858398437500e+02 2.706820068359375000e+02
3.921099853515625000e+02 3.334140014648437500e+02 3.841669921875000000e+02 3.314750061035156250e+02
1.123649978637695312e+02 3.457609863281250000e+02 9.206020355224609375e+01 3.430090026855468750e+02
1.658919982910156250e+02 4.717000122070312500e+02 1.520229949951171875e+02 4.505280151367187500e+02
1.637830047607421875e+02 2.581229858398437500e+02 1.638260040283203125e+02 2.743729858398437500e+02
4.067520141601562500e+02 3.535360107421875000e+02 4.207470092773437500e+02 3.577179870605468750e+02
4.556589965820312500e+02 2.998699951171875000e+02 4.731799926757812500e+02 3.006610107421875000e+02
4.281050109863281250e+02 2.715679931640625000e+02 4.406260070800781250e+02 2.718349914550781250e+02
8.937020111083984375e+01 3.405509948730468750e+02 1.056330032348632812e+02 3.394949951171875000e+02
1.306869964599609375e+02 3.446440124511718750e+02 1.168069992065429688e+02 3.452130126953125000e+02
3.607219848632812500e+02 2.540989990234375000e+02 3.700729980468750000e+02 2.573949890136718750e+02
3.068729858398437500e+02 1.806690063476562500e+02 2.731449890136718750e+02 1.789759979248046875e+02
3.830620117187500000e+02 2.913750000000000000e+02 3.919859924316406250e+02 2.902569885253906250e+02
3.844840087890625000e+02 1.460859985351562500e+02 3.582170104980468750e+02 1.522680053710937500e+02
6.069279785156250000e+02 4.128210144042968750e+02 5.943770141601562500e+02 4.106109924316406250e+02
3.081189880371093750e+02 3.290799865722656250e+02 3.193640136718750000e+02 3.288479919433593750e+02
4.340150146484375000e+02 2.161510009765625000e+02 4.280140075683593750e+02 2.120370025634765625e+02
4.606700134277343750e+02 2.726919860839843750e+02 4.731650085449218750e+02 2.739890136718750000e+02
4.930469970703125000e+02 1.215149993896484375e+02 4.781990051269531250e+02 1.247190017700195312e+02
8.573359680175781250e+01 3.462770080566406250e+02 7.296330261230468750e+01 3.484039916992187500e+02
3.334299926757812500e+02 3.063800048828125000e+02 3.268489990234375000e+02 2.981449890136718750e+02
6.438919830322265625e+01 3.487470092773437500e+02 4.939699935913085938e+01 3.490889892578125000e+02
