
1	2.411758e+01	4.319997e+02	4.966420e+01	
4.011728e+01	3.415645e+02	4.329164e+02	2.607960e+02	
1	2.678234e+02	3.808839e+02	2.147557e+02	
1	4.218795e+01	4.039560e+02	6.041546e+01	
1	2.532340e+02	3.627966e+02	2.071121e+02	
1	2.237650e+02	3.560326e+02	1.871398e+02	
1	2.181321e+02	3.579864e+02	1.820268e+02	
2.398034e+01	3.014274e+02	3.889770e+02	2.399763e+02	
7.326078e+01	3.104261e+02	4.048370e+02	2.491309e+02	
9.299818e+01	3.380072e+02	4.297908e+02	2.666461e+02	
1.912958e+01	2.710999e+02	3.762476e+02	2.197553e+02	
9.709376e+01	3.719890e+02	4.099788e+02	2.964824e+02	
2.887088e+02	2.476976e+01	5.689519e+02	8.273487e+00	
2.576042e+02	3.374733e+02	4.833277e+02	480	
1.010809e+00	7.682559e+01	4.041063e+02	8.053565e+01	
1	2.092836e+02	2.539733e+02	1.847199e+02	
4.109865e+02	2.970263e+02	640	3.851162e+02	
4.201644e+02	2.936100e+02	640	3.746554e+02	
1.190806e+02	5.913469e+01	3.338178e+02	6.841790e+01	
1.477629e+02	2.599997e+02	3.650345e+02	2.283178e+02	
4.393681e+02	2.921065e+02	640	3.633492e+02	
4.289525e+02	2.910722e+02	640	3.669654e+02	
4.527700e+02	2.191401e+02	640	2.659923e+02	
1.378382e+02	2.064317e+02	2.990664e+02	1.897995e+02	
4.373271e+02	5.312634e+01	4.258865e+02	2.211119e+02	
1	3.146904e+01	2.042566e+02	1	
3.780462e+02	3.186202e+01	5.496238e+02	4.790015e+01	
2.509500e+02	1.748008e+01	4.268412e+02	2.174920e+00	
4.220530e+02	2.247008e+02	5.957377e+02	2.703850e+02	
4.601117e+02	5.133048e+01	640	6.199299e+01	
4.255873e+02	2.297843e+02	5.919435e+02	2.738968e+02	
4.306090e+02	2.862958e+02	5.710505e+02	3.364819e+02	
1.014910e+00	4.484066e+00	1.721095e+02	1.462535e+01	
4.953386e+02	2.064207e+02	640	2.374363e+02	
1.459911e+02	1.915799e+02	3.488066e+02	1.673722e+02	
4.941157e+02	2.011023e+02	640	2.320750e+02	
3.339753e+02	3.779641e+01	4.819640e+02	3.442223e+01	
4.561671e+02	1.848842e+02	6.108961e+02	2.148348e+02	
2.421794e+01	9.197816e+01	3.187652e+01	1.987697e+02	
4.840769e+02	2.494409e+01	6.399944e+02	1.982873e+01	
2.808564e+01	8.621726e+01	3.615523e+01	2.129413e+02	
5.165353e+02	3.363399e+01	640	3.081897e+01	
2.678454e+02	3.602225e+01	4.060164e+02	4.448940e+01	
2.459673e+02	5.190531e+01	3.640101e+02	5.511730e+01	
4.648712e+02	6.899983e+01	4.538366e+02	2.178432e+02	
3.450956e+02	5.271349e+01	4.720576e+02	5.032679e+01	
8.999832e+01	8.515532e+01	9.442655e+01	1.969418e+02	
5.957706e+02	9.589215e+01	5.834082e+02	2.078242e+02	
2.242813e+02	8.200274e+01	2.244328e+02	1.771235e+02	
5.236581e+02	4.935677e+01	640	4.716971e+01	
3.232416e+01	8.004248e+01	4.020381e+01	2.000003e+02	
2.370914e+02	4.098708e+02	3.198125e+02	480	
8.416577e+01	8.225950e+01	8.896027e+01	1.921739e+02	
6.003384e+02	9.707128e+01	5.869402e+02	2.081862e+02	
1.421120e+02	8.014213e+01	1.440600e+02	1.908562e+02	
2.550067e+02	3.245944e+01	3.519466e+02	2.927903e+01	
5.446950e+02	9.409316e+01	5.335697e+02	1.967038e+02	
1	2.205480e+02	9.315786e+01	2.110410e+02	
1.384127e+02	8.704699e+01	1.413992e+02	1.879373e+02	
1.881674e+02	8.100662e+01	1.893269e+02	1.810194e+02	
4.721510e+02	5.805985e+01	5.796818e+02	6.098581e+01	
4.984139e+02	9.186645e+01	4.901642e+02	1.898454e+02	
5.103118e+02	8.971725e+01	640	9.142971e+01	
2.182847e+01	8.808093e+01	2.938412e+01	2.031061e+02	
2.063698e+02	3.789635e+02	2.073390e+02	480	
4.730567e+02	8.680200e+01	5.770197e+02	8.879872e+01	
2.386125e+02	4.145690e+02	3.157918e+02	480	
3.450805e+02	3.192502e+01	4.419396e+02	2.835935e+01	
1.316722e+02	8.710631e+01	1.348291e+02	1.869973e+02	
1.060539e+02	4.299308e+01	2.049631e+02	4.073793e+01	
4.078450e+02	5.605720e+01	4.027424e+02	1.470808e+02	
1.824504e+02	8.302106e+01	1.836748e+02	1.730960e+02	
1	4.417273e+02	8.548884e+01	4.077071e+02	
2.000889e+02	1.081955e+02	2.929445e+02	1.127680e+02	
9.621567e+01	2.944308e+02	1.839586e+02	2.791164e+02	
3.890938e+02	8.383434e+01	3.836819e+02	1.710104e+02	
4.390008e+02	6.100618e+01	4.338102e+02	1.419978e+02	
3.320861e+02	8.316911e+01	3.291688e+02	1.689377e+02	
3.281213e+02	8.417214e+01	3.249711e+02	1.670326e+02	
2.677197e+02	8.200030e+01	2.664141e+02	1.752506e+02	
4.056024e+02	1	4.877083e+02	1.166782e+01	
4.670783e+02	6.595409e+01	5.560219e+02	6.908652e+01	
2.968561e+02	8.325497e+01	2.945084e+02	1.670793e+02	
5.472743e+02	1.969296e+02	6.358829e+02	2.091639e+02	
5.505325e+02	9.315686e+01	5.403306e+02	1.928291e+02	
7.503485e+01	4.144883e+02	1.286204e+02	480	
5.044563e+02	9.126370e+01	4.955115e+02	1.861415e+02	
7.180120e+01	4.145537e+02	1.240351e+02	480	
1.160764e+02	1.070482e+02	1.195645e+02	1.870148e+02	
2.011513e+02	1.291836e+02	2.914757e+02	1.453591e+02	
3.537774e+02	8.818830e+01	3.505763e+02	1.608932e+02	
2.070194e+02	4.253581e+01	2.872008e+02	4.584145e+01	
1.990528e+02	1.872607e+02	2.679562e+02	1.790365e+02	
2.301487e+02	8.499644e+01	2.295784e+02	1.800300e+02	
2.623570e+02	8.403857e+01	2.614450e+02	1.600305e+02	
3.499693e+02	8.501506e+01	3.473788e+02	1.569416e+02	
1.739998e+02	3.563829e+02	2.289199e+02	4.029432e+02	
3.594975e+02	8.234734e+01	3.559437e+02	1.669133e+02	
3.016362e+02	8.387977e+01	2.997577e+02	1.692511e+02	
5.482624e+02	1.713614e+02	6.320438e+02	1.613614e+02	
2.000568e+02	1.195797e+02	2.910237e+02	1.242416e+02	
2.285921e+02	4.039138e+02	2.449397e+02	4.696917e+02	
1.709175e+02	4.364965e+01	2.475885e+02	4.681056e+01	
1.600625e+02	4.708817e+01	2.320305e+02	4.775056e+01	
8.185094e+01	4.201639e+02	1.349263e+02	480	
4.669575e+02	2.691415e+02	5.346188e+02	2.901609e+02	
5.570750e+02	6.734172e+01	6.246371e+02	7.039786e+01	
4.012286e+02	1.740840e+02	3.974806e+02	2.409425e+02	
1.660087e+02	2.978167e+01	2.290256e+02	3.364337e+01	
3.321511e+02	1.631487e+02	4.012555e+02	1.768121e+02	
8.894746e+01	3.157673e+01	1.848462e+02	2.323210e+01	
3.567797e+02	8.509548e+01	3.533820e+02	1.659472e+02	
2.878597e+02	4.484888e+02	3.432538e+02	480	
3.929335e+02	8.587534e+01	3.888132e+02	1.682131e+02	
9.002416e+01	3.787220e+01	1.549251e+02	3.574293e+01	
5.819913e+02	5.097157e+01	640	5.150548e+01	
5.639558e+02	9.236041e+01	640	9.412523e+01	
2.155075e+02	4.251539e+02	2.151784e+02	480	
9.627531e+01	3.993696e+02	1.460933e+02	3.644918e+02	
2.099760e+01	3.700767e+02	1.365546e+01	4.342022e+02	
9.102402e+01	8.418079e+01	1.679977e+02	8.519719e+01	
2.897586e+02	1.764342e+02	3.488746e+02	1.693783e+02	
4.629343e+02	1.507429e+02	5.256409e+02	1.262193e+02	
2.956356e+02	4.127646e+02	3.468338e+02	4.373198e+02	
3.635673e+02	8.329611e+01	3.594232e+02	1.629179e+02	
1	1.966991e+01	7.009331e+01	2.390396e+01	
2.332722e+02	9.204354e+01	2.870713e+02	9.318445e+01	
3.233025e+02	3.730257e+02	3.811788e+02	3.596698e+02	
4.628160e+02	1.655263e+02	5.189176e+02	1.421503e+02	
5.895511e+02	3.072259e+02	640	3.228982e+02	
1.558955e+02	1.609563e+02	2.059036e+02	1.792789e+02	
2.372739e+02	4.150178e+02	2.500612e+02	4.678215e+02	
2.320165e+02	1.294056e+02	2.919869e+02	1.330806e+02	
5.898428e+02	7.043758e+00	640	4.091298e+00	
4.282391e+02	2.535731e+02	4.768390e+02	2.694203e+02	
2.699093e+02	1.400941e+02	3.227082e+02	1.438599e+02	
2.370912e+02	1.184082e+02	2.930909e+02	1.216151e+02	
6.710243e+01	5.793935e+01	1.169639e+02	5.700203e+01	
3.702182e+01	3.958511e+01	8.891833e+01	3.653027e+01	
2.789313e+02	1.735010e+02	3.230102e+02	1.686863e+02	
2.331958e+02	1.005026e+02	2.918951e+02	1.024524e+02	
3.760937e+02	6.507718e+01	4.120653e+02	6.540826e+01	
8.121130e+01	4.130637e+02	1.084841e+02	4.476588e+02	
3.893774e+02	1.089188e+02	3.874256e+02	1.479212e+02	
3.208359e+01	3.192415e+02	7.477343e+01	3.025462e+02	
9.269784e+01	3.622032e+02	8.535531e+01	4.060282e+02	
1.450371e+02	1.103913e+02	2.170601e+02	1.146603e+02	
4.307417e+02	2.819904e+02	4.789479e+02	2.886463e+02	
5.481735e+02	9.295753e+01	5.435649e+02	1.339333e+02	
3.866817e+02	2.052931e+02	4.180371e+02	2.326392e+02	
2.369167e+02	3.750471e+02	2.726541e+02	4.026234e+02	
5.769732e+02	3.021808e+02	6.242458e+02	3.087077e+02	
2.295024e+02	4.443276e+02	2.176017e+02	480	
4.565869e+02	1.877523e+02	5.018920e+02	1.967101e+02	
3.849570e+02	3.554947e+02	4.288115e+02	3.478404e+02	
4.594679e+02	1	5.018644e+02	7.199755e+00	
1.550562e+02	1.137104e+02	2.147417e+02	1.171284e+02	
3.069539e+02	4.290902e+02	3.392448e+02	4.540070e+02	
3.259588e+02	4.160682e+02	3.585619e+02	4.359321e+02	
1.241550e+02	2.345506e+02	1.629690e+02	2.296815e+02	
3.380311e+02	7.297113e+00	3.739633e+02	4.315245e+00	
1	3.094253e+02	3.311480e+01	3.038201e+02	
2.699939e+02	1.291280e+02	3.209124e+02	1.322483e+02	
2.920621e+02	3.428780e+02	3.309334e+02	3.452601e+02	
3.411967e+02	4.875532e+01	3.820172e+02	4.913103e+01	
3.902616e+01	7.846600e+01	7.875102e+01	7.922895e+01	
2.520968e+02	1.936643e+01	2.940253e+02	2.185166e+01	
2.740563e+02	1.342680e+02	3.218671e+02	1.417485e+02	
1.558505e+02	1.647540e+02	2.058245e+02	1.810493e+02	
3.589146e+02	1.933832e+02	3.983798e+02	2.023413e+02	
1.737035e+02	3.595404e+02	2.045388e+02	3.856819e+02	
2.257212e+02	4.460071e+02	2.149072e+02	480	
2.903720e+02	3.756769e+02	3.161570e+02	4.028283e+02	
2.770169e+02	4.816461e+01	3.079539e+02	4.844935e+01	
3.950155e+00	9.396778e+01	6.729622e+00	1.316678e+02	
5.479223e+02	1.748427e+02	5.847637e+02	1.701461e+02	
1.462006e+02	1.804879e+02	1.809950e+02	1.752009e+02	
1	4.591642e+02	3.141846e+01	4.439873e+02	
5.630979e+02	5.411539e+01	5.999965e+02	5.637654e+01	
3.117683e+01	2.769999e+02	6.634501e+01	2.718718e+02	
2.721419e+02	3.660805e+02	3.049540e+02	3.798452e+02	
6.089197e+02	7.723930e+00	640	5.894414e+00	
3.316945e+02	4.034414e+02	3.608031e+02	4.164127e+02	
6.022420e+02	2.913665e+02	640	3.025191e+02	
2.077541e+02	4.024165e+02	2.137292e+02	4.338935e+02	
2.242402e+02	2.720858e+02	2.631595e+02	2.652930e+02	
3.551571e+02	4.209296e+02	3.883946e+02	4.281949e+02	
2.389762e+02	9.036410e+01	2.928384e+02	9.150635e+01	
3.099435e+02	1.792852e+02	3.428022e+02	1.760946e+02	
6.080486e+02	2.809338e+02	640	2.921358e+02	
3.730613e+01	1.203827e+02	8.309250e+01	1.307755e+02	
2.084197e+02	3.941592e+02	2.129882e+02	4.221842e+02	
5.492735e+02	2.403370e+02	5.790572e+02	2.477268e+02	
5.999611e+02	1.708302e+02	640	1.658074e+02	
6.020708e+02	3.594014e+01	640	3.811220e+01	
5.379923e+02	1.965005e+02	5.816381e+02	1.902253e+02	
1.597438e+02	3.718083e+02	1.777075e+02	3.934150e+02	
1	2.272302e+01	3.010689e+01	2.374812e+01	
5.012139e+01	3.542523e+02	8.480688e+01	3.618341e+02	
1.211204e+02	3.992318e+02	1.470155e+02	3.863118e+02	
4.113373e+02	3.255451e+02	4.420769e+02	3.365991e+02	
6.092510e+02	2.552183e+02	640	2.628476e+02	
2.651222e+02	3.879524e+02	2.946240e+02	4.005372e+02	
1.449819e+02	1.220721e+02	1.798554e+02	1.285335e+02	
5.271489e+02	2.315700e+02	5.613004e+02	2.393219e+02	
3.626320e+01	1.001281e+02	6.802767e+01	1.016923e+02	
1.450039e+02	1.246528e+02	1.799651e+02	1.314202e+02	
5.344742e+01	1.813277e+02	8.488203e+01	1.897979e+02	
6.087272e+01	2.424893e+02	9.185154e+01	2.386030e+02	
1.552678e+02	3.869007e+02	1.847516e+02	3.790322e+02	
1	4.447775e+02	2.654167e+01	4.374109e+02	
1.909249e+02	1.514254e+02	2.207854e+02	1.588342e+02	
4.379854e+02	2.654360e+01	4.709484e+02	2.843127e+01	
5.488441e+02	1.627236e+02	5.847734e+02	1.590898e+02	
4.830847e+02	3.305776e+01	5.109969e+02	3.471220e+01	
6.107940e+02	2.006154e+02	640	1.855292e+02	
1.451968e+02	1.382339e+02	1.759546e+02	1.371632e+02	
4.990498e+02	1.861077e+02	5.253680e+02	1.738204e+02	
5.614828e+02	1.480253e+02	5.893466e+02	1.348805e+02	
1.913418e+02	1.699990e+02	2.253591e+02	1.800467e+02	
1	3.922947e+01	2.900115e+01	3.679295e+01	
4.059420e+02	2.501867e+02	4.328563e+02	2.585478e+02	
5.146664e+02	2.935780e+02	5.429359e+02	2.974812e+02	
5.929130e+02	2.050653e+02	6.268849e+02	2.113596e+02	
3.070704e+02	3.412115e+01	3.350201e+02	3.560958e+01	
4.540383e+02	2.149749e+02	4.870685e+02	2.224723e+02	
3.608838e+02	3.272635e+02	3.879840e+02	3.254506e+02	
5.481339e+02	1.897397e+02	5.832045e+02	1.802298e+02	
1.450290e+02	1.054841e+02	1.800787e+02	1.072101e+02	
6.072318e+02	2.260793e+01	640	2.739972e+01	
5.207127e+01	1.589696e+02	8.517354e+01	1.717024e+02	
4.894189e+01	9.606972e+01	8.237040e+01	9.744788e+01	
3.339379e+01	8.004721e+01	6.604176e+01	8.080490e+01	
3.587742e+02	2.000395e+02	3.862543e+02	2.043955e+02	
1.722597e+02	2.846378e+02	1.978151e+02	2.744663e+02	
5.427409e+02	1.921451e+02	5.816399e+02	1.867112e+02	
5.259391e+01	1.512138e+02	8.376004e+01	1.623508e+02	
3.127322e+02	4.439590e+02	3.286589e+02	4.650145e+02	
3.502058e+01	8.344130e+01	7.798365e+01	8.400860e+01	
8.503051e+01	2.940823e+02	8.528486e+01	3.160219e+02	
1	4.474024e+02	2.664997e+01	4.414832e+02	
3.709433e+01	1.174607e+02	7.888883e+01	1.200219e+02	
4.635288e+02	1.322699e+02	4.931630e+02	1.277670e+02	
3.902198e+01	5.567371e+01	6.608180e+01	5.684352e+01	
1.910169e+02	1.831036e+02	2.218404e+02	1.797369e+02	
4.883014e+01	1.042569e+02	8.196776e+01	1.103967e+02	
1.443908e+02	1.311771e+02	1.797890e+02	1.387665e+02	
3.329732e+02	4.380629e+02	3.570245e+02	4.463334e+02	
6.161168e+02	2.939485e+02	640	2.992192e+02	
6.050711e+02	1.570369e+02	640	1.535042e+02	
1.300114e+02	4.250149e+02	1.509097e+02	4.148477e+02	
5.543483e+01	1.979129e+02	8.396585e+01	1.947966e+02	
4.793600e+01	8.631274e+01	7.694336e+01	8.692789e+01	
6.090421e+02	1.885080e+02	640	1.840570e+02	
2.798744e+01	2.425833e+02	5.687366e+01	2.389596e+02	
5.026715e+02	1.531280e+02	5.347522e+02	1.403593e+02	
1.960721e+02	8.382263e+01	2.179887e+02	8.433126e+01	
1.911696e+02	1.536774e+02	2.214373e+02	1.612516e+02	
4.587498e+02	1.756809e+02	4.899584e+02	1.679511e+02	
4.632743e+02	1.761251e+02	4.889547e+02	1.807240e+02	
4.812144e+01	8.999159e+01	7.788430e+01	9.068233e+01	
2.172462e+02	2.772642e+02	2.408392e+02	2.775757e+02	
6.601347e+01	3.703726e+02	9.003716e+01	3.678458e+02	
1.910804e+02	1.268970e+02	2.209572e+02	1.287279e+02	
5.086486e+01	1.380983e+02	8.321545e+01	1.423673e+02	
1.460710e+02	1.415350e+02	1.800352e+02	1.462245e+02	
1.471444e+02	1.934564e+02	1.689831e+02	1.908498e+02	
1.912617e+02	1.306468e+02	2.207169e+02	1.361043e+02	
5.974963e+02	2.954881e+02	6.210190e+02	3.032103e+02	
1.890317e+02	8.134701e+01	2.179546e+02	8.190250e+01	
1	2.500002e+02	2.403329e+01	2.471107e+02	
1.125093e+01	3.506525e+02	3.483481e+01	3.490749e+02	
7.634459e+01	2.703960e+02	9.826664e+01	2.649663e+02	
1.989461e+02	1.212946e+02	2.210813e+02	1.224734e+02	
5.207329e+01	1.402554e+02	8.415511e+01	1.502218e+02	
5.160144e+02	9.803961e+01	5.408704e+02	9.856673e+01	
5.416383e+01	1.562972e+02	8.390427e+01	1.669920e+02	
5.571145e+02	1.762052e+02	5.848983e+02	1.727198e+02	
1.461106e+02	1.556757e+02	1.784629e+02	1.642545e+02	
5.037785e+02	1.231502e+02	5.290627e+02	1.243952e+02	
2.964089e+01	4.460207e+02	4.896333e+01	4.324929e+02	
3.571102e+02	3.125139e+02	3.850858e+02	3.125476e+02	
6.480419e+00	3.580576e+02	1	3.808470e+02	
1.019465e+00	2.529018e+02	1.634422e+01	2.695646e+02	
1.179986e+02	3.886024e+02	1.399922e+02	3.866886e+02	
2.311164e+02	3.007630e+01	2.540286e+02	3.129646e+01	
6.904105e+01	7.557107e+01	9.600835e+01	7.587322e+01	
5.468394e+02	1.836503e+02	5.800332e+02	1.794187e+02	
1.430938e+02	8.046472e+01	1.767000e+02	8.111017e+01	
2.991763e+02	2.125945e+02	3.209037e+02	2.098688e+02	
5.495210e+02	1.579181e+02	5.745683e+02	1.472456e+02	
4.921417e+01	1.107712e+02	8.175221e+01	1.177473e+02	
5.072023e+02	1.048306e+02	5.320162e+02	1.055058e+02	
9.613268e+01	1.975309e+02	1.179038e+02	1.949324e+02	
4.927278e+02	1.991317e+02	5.159735e+02	1.958844e+02	
1.448534e+02	1.269504e+02	1.753313e+02	1.334211e+02	
5.670144e+02	1.043463e+02	5.910208e+02	1.049514e+02	
6.204537e+02	3.000779e+02	640	3.090234e+02	
4.110436e+02	5.639710e+01	4.349079e+02	5.704645e+01	
5.960400e+02	2.731580e+02	6.169686e+02	2.671219e+02	
1.563102e+02	1.473949e+02	1.802634e+02	1.528319e+02	
1.912110e+02	9.779164e+01	2.111350e+02	9.837366e+01	
2.321056e+02	1.415129e+02	2.580850e+02	1.465417e+02	
1.549361e+02	1.409562e+02	1.799931e+02	1.426427e+02	
3.660370e+02	8.225623e+01	3.869565e+02	8.269987e+01	
1	8.531737e+01	2.698018e+01	8.586833e+01	
5.625616e+01	1.844874e+02	8.592052e+01	1.924170e+02	
9.647142e+01	2.339921e+02	1.181480e+02	2.312728e+02	
5.968412e+02	2.690560e+02	6.176037e+02	2.635151e+02	
7.099325e+01	3.157897e+02	8.801729e+01	3.297604e+02	
3.119639e+02	2.567748e+02	3.388836e+02	2.520763e+02	
6.474717e+01	4.260761e+02	6.190079e+01	4.451678e+02	
5.942823e+02	2.737952e+02	5.927649e+02	2.932091e+02	
1	3.110495e+02	1.819929e+01	3.080476e+02	
4.881373e+01	1.065602e+02	7.975628e+01	1.131296e+02	
5.049112e+02	1.685645e+02	5.268250e+02	1.663039e+02	
5.836384e+02	4.099780e+02	5.821573e+02	4.289284e+02	
3.997204e+01	1.475364e+02	6.699236e+01	1.474068e+02	
3.889682e+02	3.275949e+02	4.099392e+02	3.255163e+02	
1	2.901271e+02	1.775850e+01	2.876150e+02	
2.319012e+02	1.499395e+02	2.584746e+02	1.556368e+02	
4.938117e+02	2.041706e+02	4.920740e+02	2.226023e+02	
2.701413e+02	8.290480e+01	2.940920e+02	8.336480e+01	
1	3.250417e+02	2.070737e+01	3.262493e+02	
2.687702e+02	4.686070e+02	2.892430e+02	4.607417e+02	
3.997521e+01	4.280373e+02	5.878003e+01	4.251414e+02	
2.730875e+02	1.252429e+02	2.919190e+02	1.262458e+02	
6.985033e+01	3.374922e+02	8.687689e+01	3.340621e+02	
5.915884e+02	3.903638e+02	6.078583e+02	3.962145e+02	
1.218474e+02	1.906589e+02	1.408890e+02	1.885790e+02	
1	7.929542e+01	2.090069e+01	7.975727e+01	
2.320673e+02	1.268038e+02	2.589173e+02	1.284492e+02	
1.539637e+02	1.172175e+02	1.788293e+02	1.184918e+02	
4.719659e+02	1.392520e+02	4.930090e+02	1.310709e+02	
5.403864e+01	1.778575e+02	8.513546e+01	1.827867e+02	
1.440719e+02	8.835148e+01	1.777292e+02	8.906524e+01	
5.064352e+02	1.554174e+02	5.260189e+02	1.484282e+02	
2.691207e+02	1.486779e+02	2.924322e+02	1.531903e+02	
5.303553e+01	1.733565e+02	8.484939e+01	1.771024e+02	
8.261971e+01	8.613216e+01	8.291640e+01	1.117240e+02	
5.378837e+01	1.897118e+02	7.428099e+01	1.934663e+02	
5.812697e+02	3.248291e+02	5.997570e+02	3.297710e+02	
4.607436e+01	3.682260e+02	6.522439e+01	3.698616e+02	
1.993090e+02	1.429517e+02	2.209404e+02	1.475894e+02	
1.911927e+02	1.676301e+02	2.196418e+02	1.751739e+02	
4.426584e+01	1.959769e+02	6.909102e+01	1.922047e+02	
5.495519e+02	1.531909e+02	5.695627e+02	1.482345e+02	
4.660344e+02	8.437686e+01	4.850585e+02	8.478030e+01	
2.453214e+02	3.548398e+02	2.566909e+02	3.698707e+02	
6.139616e+02	1.605319e+02	6.399843e+02	1.578474e+02	
2.681869e+02	1.531353e+02	2.924402e+02	1.582845e+02	
3.634507e+02	2.092867e+02	3.807404e+02	2.138344e+02	
1.540893e+02	8.647697e+01	1.787635e+02	8.695087e+01	
6.231230e+02	2.680640e+02	640	2.707392e+02	
5.000695e+01	9.239010e+01	7.976987e+01	9.319996e+01	
1.900355e+02	8.932622e+01	2.208117e+02	8.997889e+01	
5.030700e+02	1.805604e+02	5.247610e+02	1.777953e+02	
2.321682e+02	8.604452e+01	2.500227e+02	8.628028e+01	
6.240235e+02	4.141162e+01	640	4.235859e+01	
2.322191e+02	1.036257e+02	2.560064e+02	1.046064e+02	
4.639551e+02	2.738272e+02	4.806811e+02	2.799555e+02	
2.724109e+02	1.673339e+02	2.947052e+02	1.702759e+02	
2.322242e+02	1.382364e+02	2.568687e+02	1.428026e+02	
1.908554e+02	1.638890e+02	2.207292e+02	1.717467e+02	
5.796115e+02	3.312295e+02	5.942820e+02	3.416411e+02	
2.030369e+02	1.507247e+02	2.205339e+02	1.549177e+02	
5.285226e+01	1.704607e+02	8.019986e+01	1.709312e+02	
7.308919e+01	4.193782e+01	9.193593e+01	4.124402e+01	
3.473886e+01	4.649309e+02	5.223853e+01	4.546588e+02	
4.686530e+01	3.907981e+02	6.485216e+01	3.823127e+02	
2.727622e+02	1.052972e+02	2.949661e+02	1.062126e+02	
5.589800e+02	9.715037e+01	5.911383e+02	9.783235e+01	
2.690679e+02	1.450629e+02	2.921669e+02	1.493427e+02	
5.570294e+02	1.802473e+02	5.741727e+02	1.780967e+02	
1.919578e+02	1.614970e+02	2.109816e+02	1.612916e+02	
2.790069e+02	1.039582e+02	2.925750e+02	1.044360e+02	
1.751214e+02	4.166307e+02	1.922793e+02	4.191397e+02	
5.225142e+01	1.301794e+02	6.903987e+01	1.238832e+02	
2.021232e+02	1.415096e+02	2.177491e+02	1.448598e+02	
1.462610e+02	1.663537e+02	1.672099e+02	1.696744e+02	
2.387053e+02	1.592723e+02	2.597455e+02	1.643143e+02	
1.017854e+01	3.580335e+02	1.059112e+01	3.729821e+02	
2.321653e+02	8.217543e+01	2.567162e+02	8.264696e+01	
3.805962e+01	1.330899e+02	6.808324e+01	1.351106e+02	
6.166630e+02	1.818186e+02	640	1.785586e+02	
5.650544e+02	1.064047e+02	5.927446e+02	1.071582e+02	
2.770097e+02	9.703552e+01	2.928650e+02	9.743522e+01	
4.120257e+01	3.444161e+02	5.794617e+01	3.465575e+02	
2.690692e+02	1.083691e+02	2.930530e+02	1.094540e+02	
1.420121e+02	3.340494e+01	1.589064e+02	3.241047e+01	
5.587366e+02	1.582415e+02	5.772166e+02	1.496137e+02	
5.928802e+01	1.292829e+02	8.309503e+01	1.355449e+02	
2.691696e+02	1.143101e+02	2.918714e+02	1.154735e+02	
2.065848e+02	3.732533e+02	2.191734e+02	3.835001e+02	
4.120245e+02	3.971037e+01	4.320897e+02	4.077892e+01	
1.544629e+02	3.680671e+02	1.546237e+02	3.848330e+02	
5.199378e+02	1.073944e+02	5.399366e+02	1.079786e+02	
2.391005e+02	1.469600e+02	2.593688e+02	1.512631e+02	
4.587822e+02	3.600314e+02	4.721088e+02	3.665216e+02	
5.619360e+02	1.391972e+02	5.786112e+02	1.320526e+02	
1.560073e+02	1.221429e+02	1.750418e+02	1.233093e+02	
1.619936e+02	9.813757e+01	1.805103e+02	9.875262e+01	
4.963253e+02	2.824049e+02	5.113137e+02	2.854620e+02	
4.705860e+02	1.721074e+02	4.832890e+02	1.656100e+02	
5.871510e+02	2.451896e+02	6.058548e+02	2.494351e+02	
5.110901e+02	1.899050e+02	5.317430e+02	1.937316e+02	
6.426064e+01	1.533557e+02	8.325882e+01	1.563672e+02	
3.691802e+01	9.786790e+01	6.577789e+01	9.917336e+01	
6.259007e+02	1.080604e+02	640	1.084440e+02	
2.320404e+02	9.425996e+01	2.569860e+02	9.483889e+01	
4.286678e+02	2.189671e+02	4.426895e+02	2.124208e+02	
5.633888e+02	1.350915e+02	5.804179e+02	1.290140e+02	
2.740738e+02	1.180397e+02	2.918748e+02	1.190948e+02	
5.591722e+02	1.661839e+02	5.761843e+02	1.644290e+02	
3.109856e+02	9.609210e+01	3.238909e+02	9.639161e+01	
1.692914e+01	2.700118e+02	1.803148e+01	2.849637e+02	
5.568369e+02	3.035673e+02	5.694513e+02	3.112528e+02	
1.684933e+02	2.249571e+02	1.868879e+02	2.226495e+02	
2.630791e+02	1.631194e+02	2.636669e+02	1.760041e+02	
4.759598e+02	8.926365e+01	4.959444e+02	8.952754e+01	
2.969707e+02	3.984067e+02	3.099719e+02	4.063279e+02	
3.050947e+02	1.161512e+02	3.228749e+02	1.170624e+02	
2.709466e+02	1.830718e+02	2.862604e+02	1.815848e+02	
5.093328e+02	1.664929e+02	5.240631e+02	1.599713e+02	
3.662023e+02	1.738225e+02	3.820714e+02	1.722816e+02	
1.904111e+02	1.019021e+02	2.110624e+02	1.027535e+02	
6.215858e+02	1.741216e+02	640	1.717742e+02	
1.468844e+02	1.697090e+02	1.668327e+02	1.759061e+02	
1	2.890576e+02	1.370251e+01	2.859114e+02	
6.106751e+02	1.962362e+02	6.284866e+02	1.890643e+02	
5.100148e+02	1.007111e+02	5.309756e+02	1.011976e+02	
1.998263e+02	1.352647e+02	2.205773e+02	1.392814e+02	
3.661831e+02	1.652982e+02	3.819052e+02	1.634216e+02	
4.680208e+02	1.213893e+02	4.859099e+02	1.222703e+02	
3.621060e+02	4.401691e+01	3.737750e+02	4.452137e+01	
5.977427e+02	1.974596e+02	6.123597e+02	1.903483e+02	
5.720988e+02	3.833389e+01	5.869559e+02	3.921451e+01	
3.012100e+02	1.601465e+02	3.191834e+02	1.639624e+02	
5.650011e+02	1.019873e+02	5.829165e+02	1.024030e+02	
2.785590e+02	2.111495e+02	2.929774e+02	2.093408e+02	
4.238857e+01	1.898184e+02	5.895734e+01	1.931978e+02	
5.516425e+02	3.735629e+02	5.610983e+02	3.805038e+02	
5.562040e+02	2.934802e+02	5.670179e+02	3.016533e+02	
5.360808e+02	2.887375e+02	5.495964e+02	2.931446e+02	
3.639117e+02	4.730408e+02	3.729305e+02	480	
4.769958e+02	9.267873e+01	4.957777e+02	9.303945e+01	
3.617401e+02	2.480870e+02	3.758861e+02	2.456180e+02	
3.079080e+02	8.943122e+01	3.237707e+02	8.973588e+01	
1.810822e+02	2.906520e+01	1.920167e+02	2.945029e+01	
6.271692e+02	3.411902e+02	640	3.423895e+02	
2.010254e+02	1.491226e+02	2.211513e+02	1.519014e+02	
4.291179e+02	2.220126e+02	4.428001e+02	2.183024e+02	
5.672781e+01	3.006881e+02	6.858318e+01	2.960789e+02	
1	2.038587e+02	1.831857e+01	2.019671e+02	
1.567580e+02	1.549204e+02	1.765451e+02	1.601250e+02	
1.580298e+02	1.722703e+02	1.700025e+02	1.724763e+02	
1.539467e+02	1.031616e+02	1.800749e+02	1.043435e+02	
2.321293e+02	1.066982e+02	2.521495e+02	1.076038e+02	
3.089777e+02	1.101744e+02	3.239983e+02	1.108538e+02	
1.901372e+02	8.548953e+01	2.207886e+02	8.589426e+01	
1.539636e+02	9.521880e+01	1.800685e+02	9.592913e+01	
4.194029e+01	1.631167e+02	5.483604e+01	1.629774e+02	
3.702359e+02	8.482722e+01	3.838497e+02	8.508869e+01	
4.670571e+02	1.173250e+02	4.859850e+02	1.181812e+02	
3.061000e+02	9.178758e+01	3.220397e+02	9.212561e+01	
5.008542e+02	1.786547e+02	5.148657e+02	1.726845e+02	
9.115461e+01	7.946718e+01	1.090704e+02	7.981127e+01	
3.041901e+02	1.554662e+02	3.208571e+02	1.586924e+02	
2.390353e+02	1.349674e+02	2.590304e+02	1.342713e+02	
3.441830e+02	2.069485e+02	3.567951e+02	2.053663e+02	
2.389434e+02	1.159574e+02	2.591445e+02	1.171548e+02	
4.886045e+01	1.155769e+02	6.911254e+01	1.168179e+02	
3.349820e+02	4.451469e+02	3.485239e+02	4.461944e+02	
6.080949e+02	1.524518e+02	6.238702e+02	1.534185e+02	
1.903509e+02	1.102707e+02	2.123879e+02	1.114001e+02	
5.150306e+02	9.340922e+01	5.319048e+02	9.373331e+01	
3.060939e+02	1.223598e+02	3.219443e+02	1.232675e+02	
5.625711e+02	1.114431e+02	5.820391e+02	1.120898e+02	
1.989457e+02	1.247741e+02	2.208627e+02	1.261172e+02	
2.391133e+02	1.127697e+02	2.589070e+02	1.137841e+02	
2.722811e+02	8.657419e+01	2.941219e+02	8.686259e+01	
2.949804e+02	2.663761e+02	3.069291e+02	2.612849e+02	
1.991472e+02	1.384775e+02	2.210041e+02	1.431179e+02	
5.903049e+01	3.474563e+02	7.089039e+01	3.466629e+02	
3.261442e+02	4.358865e+02	3.339464e+02	4.440040e+02	
1.363992e+02	2.643456e+02	1.471524e+02	2.607248e+02	
5.629117e+02	1.172592e+02	5.809982e+02	1.180048e+02	
3.841901e+02	4.489535e+02	3.991465e+02	4.501105e+02	
3.069785e+02	1.250593e+02	3.230051e+02	1.258806e+02	
3.397791e+02	3.286176e+02	3.506929e+02	3.347684e+02	
9.083163e+01	3.501073e+02	9.174500e+01	3.610083e+02	
3.068221e+02	1.520580e+02	3.211718e+02	1.547167e+02	
4.749556e+02	9.536848e+01	4.959929e+02	9.581461e+01	
2.759947e+02	1.520454e+02	2.859930e+02	1.540222e+02	
4.693645e+02	1.686474e+02	4.831545e+02	1.637260e+02	
2.440197e+02	3.966151e+02	2.551182e+02	3.949060e+02	
2.717263e+02	4.711038e+02	2.659231e+02	480	
5.628911e+02	1.260611e+02	5.770628e+02	1.267589e+02	
3.442138e+02	1.765038e+02	3.545054e+02	1.811641e+02	
3.249953e+02	2.053242e+02	3.379112e+02	2.037039e+02	
5.680579e+02	1.163867e+02	5.797639e+02	1.146080e+02	
5.138077e+02	1.408464e+02	5.289795e+02	1.388815e+02	
3.807472e+02	2.182835e+02	3.801435e+02	2.280078e+02	
3.080650e+02	1.067526e+02	3.230601e+02	1.073708e+02	
3.682815e+02	1.678723e+02	3.807037e+02	1.702768e+02	
4.111096e+01	2.020669e+02	5.203990e+01	2.006515e+02	
1.540118e+02	1.004014e+02	1.691023e+02	1.010236e+02	
2.716302e+02	1.629876e+02	2.828098e+02	1.669071e+02	
3.070533e+02	1.011756e+02	3.171366e+02	1.014702e+02	
2.745664e+02	3.779841e+02	2.846737e+02	3.824881e+02	
3.543622e+02	3.227550e+02	3.610177e+02	3.309922e+02	
2.670420e+02	4.087274e+02	2.766244e+02	4.111049e+02	
3.069888e+02	1.481372e+02	3.207285e+02	1.505977e+02	
1.548525e+02	1.445895e+02	1.694404e+02	1.482399e+02	
6.029091e+02	1.508383e+02	6.169440e+02	1.494755e+02	
5.170584e+02	1.123419e+02	5.311351e+02	1.128377e+02	
5.130361e+02	9.617605e+01	5.332460e+02	9.660463e+01	
2.602518e+01	3.268691e+02	3.546477e+01	3.235003e+02	
4.942825e+02	2.266929e+02	5.044432e+02	2.292139e+02	
5.130136e+02	1.595672e+02	5.274324e+02	1.581671e+02	
5.156817e+02	1.366332e+02	5.293582e+02	1.320281e+02	
3.868796e+02	2.277550e+02	3.966710e+02	2.306470e+02	
8.803104e+01	4.752997e+00	1.041126e+02	6.256217e+00	
2.047812e+02	1.779299e+02	2.138915e+02	1.795990e+02	
4.697982e+02	1.662122e+02	4.833678e+02	1.608112e+02	
5.731659e+02	3.005600e+02	5.721204e+02	3.100263e+02	
4.751209e+02	1.039576e+02	4.868313e+02	1.042763e+02	
7.162550e+01	3.481931e+02	8.101568e+01	3.514221e+02	
1.441596e+02	3.759857e+02	1.527880e+02	3.701734e+02	
6.760292e+01	3.791058e+02	8.025264e+01	3.760531e+02	
2.104774e+02	3.720422e+02	2.208950e+02	3.802821e+02	
6.300009e+02	9.561735e+01	640	9.580939e+01	
3.826414e+01	3.585859e+02	4.398772e+01	3.658462e+02	
3.089782e+02	8.705875e+01	3.218834e+02	8.722916e+01	
4.749109e+02	1.267564e+02	4.859433e+02	1.263724e+02	
4.705858e+02	1.518180e+02	4.839866e+02	1.473056e+02	
3.079293e+02	8.363056e+01	3.190388e+02	8.384393e+01	
2.176338e+02	4.023393e+02	2.227598e+02	4.087619e+02	
3.459322e+02	1.747947e+02	3.541711e+02	1.704340e+02	
1.539157e+02	1.084035e+02	1.690584e+02	1.091795e+02	
4.440702e+02	2.193982e+02	4.519680e+02	2.203281e+02	
1.558739e+02	1.519555e+02	1.691894e+02	1.537126e+02	
1.930448e+02	5.630311e+01	2.009583e+02	5.658182e+01	
1.199800e+02	4.376694e+02	1.290276e+02	4.387531e+02	
1.651757e+02	3.599426e+02	1.729906e+02	3.591206e+02	
2.738533e+02	1.589340e+02	2.843875e+02	1.611926e+02	
5.508515e+01	1.033386e+02	6.794618e+01	1.039977e+02	
3.520565e+02	3.343828e+02	3.602714e+02	3.321905e+02	
1.560780e+02	9.249703e+01	1.680766e+02	9.277549e+01	
5.627983e+02	1.418305e+02	5.771967e+02	1.401119e+02	
2.039852e+02	1.013161e+02	2.108852e+02	1.015591e+02	
3.379936e+02	1.114869e+02	3.471417e+02	1.119007e+02	
4.272312e+02	2.442230e+02	4.335353e+02	2.482389e+02	
1.418736e+01	3.284419e+02	2.102159e+01	3.307920e+02	
7.392267e+01	1.261155e+02	8.057520e+01	1.265900e+02	
4.749207e+02	1.085317e+02	4.850336e+02	1.088676e+02	
1.980833e+02	1.051581e+02	2.120628e+02	1.057905e+02	
5.703302e+02	1.394872e+02	5.772938e+02	1.364042e+02	
7.487027e+01	1.226305e+02	8.297380e+01	1.246411e+02	
5.119455e+02	1.710558e+02	5.230810e+02	1.699071e+02	
2.321669e+02	9.734675e+01	2.480466e+02	9.777884e+01	
5.209792e+02	1.155304e+02	5.310105e+02	1.159440e+02	
2.513823e+02	4.638252e+02	2.563227e+02	4.678795e+02	
5.100317e+02	1.821117e+02	5.211555e+02	1.807162e+02	
4.741450e+02	1.768120e+02	4.822291e+02	1.733483e+02	
4.750574e+02	9.989986e+01	4.866955e+02	1.001699e+02	
4.782932e+02	1.392659e+02	4.850603e+02	1.385952e+02	
1	1.344130e+02	6.031857e+00	1.345801e+02	
2.389570e+02	3.459118e+02	2.445200e+02	3.436718e+02	
6.291067e+02	9.863754e+01	640	9.886855e+01	
4.191461e+01	1.720471e+02	4.712077e+01	1.726601e+02	
3.439826e+02	2.512397e+02	3.437727e+02	2.570682e+02	
2.750104e+02	9.851253e+01	2.862294e+02	9.881781e+01	
3.080208e+02	1.135104e+02	3.159750e+02	1.139021e+02	
7.303153e+01	9.950148e+01	8.086578e+01	9.985586e+01	