1.963500671386718750e+02 9.817307281494140625e+01 2.387798767089843750e+02 9.688730621337890625e+01
3.113111305236816406e+01 4.074107055664062500e+02 2.886732482910156250e+01 3.665816345214843750e+02
1.456216735839843750e+02 3.309835510253906250e+02 1.456036071777343750e+02 3.775793151855468750e+02
2.127234649658203125e+02 3.093276062011718750e+02 2.267257080078125000e+02 3.101788330078125000e+02
2.562229003906250000e+02 1.021663284301757812e+02 2.387798767089843750e+02 9.688730621337890625e+01
2.127234649658203125e+02 3.093276062011718750e+02 2.126749267578125000e+02 3.344481811523437500e+02
2.126853790283203125e+02 1.335541229248046875e+02 2.126650390625000000e+02 1.757065734863281250e+02
1.963500671386718750e+02 9.817307281494140625e+01 1.941084136962890625e+02 2.198415679931640625e+02
4.278298645019531250e+02 1.920912628173828125e+02 3.917942810058593750e+02 2.305554504394531250e+02
2.562229003906250000e+02 1.021663284301757812e+02 2.561818542480468750e+02 1.131284027099609375e+02
2.387798767089843750e+02 9.688730621337890625e+01 2.412235107421875000e+02 1.131197967529296875e+02
2.785173645019531250e+02 1.130539245605468750e+02 2.790754089355468750e+02 7.747938537597656250e+01
3.571804199218750000e+02 2.274069671630859375e+02 3.559597473144531250e+02 1.662017517089843750e+02
1.765534019470214844e+01 1.095964889526367188e+02 4.285234832763671875e+01 1.117239685058593750e+02
5.963040771484375000e+02 2.313283386230468750e+02 3.271865844726562500e+02 3.162750854492187500e+02
9.312297058105468750e+01 3.472506713867187500e+02 9.330549621582031250e+01 3.914251708984375000e+02
5.963040771484375000e+02 2.313283386230468750e+02 6.119024047851562500e+02 2.337861938476562500e+02
2.267257080078125000e+02 3.101788330078125000e+02 2.240783386230468750e+02 3.587847290039062500e+02
7.001936435699462891e-01 4.261045227050781250e+02 3.081670837402343750e+02 4.785278930664062500e+02
3.081670837402343750e+02 4.785278930664062500e+02 6.391779174804687500e+02 4.058197021484375000e+02
1.765534019470214844e+01 1.095964889526367188e+02 5.425393581390380859e-01 1.093583068847656250e+02
2.127234649658203125e+02 3.093276062011718750e+02 2.886732482910156250e+01 3.665816345214843750e+02
4.579553985595703125e+01 1.737626037597656250e+02 1.170642929077148438e+02 1.741644439697265625e+02
3.691602325439453125e+01 6.904385375976562500e+01 5.379560470581054688e+01 6.903194427490234375e+01
1.969808959960937500e+02 1.325281524658203125e+02 3.168036499023437500e+02 1.328637695312500000e+02
2.720862426757812500e+02 3.963959350585937500e+02 6.392252197265625000e+02 3.014193420410156250e+02
2.239658203125000000e+02 1.770851135253906250e+02 2.236838684082031250e+02 2.191162414550781250e+02
1.077802886962890625e+02 2.416809082031250000e+02 1.085345764160156250e+02 3.652320251464843750e+02
2.562158508300781250e+02 1.332570495605468750e+02 2.578560485839843750e+02 2.235464935302734375e+02
4.019962158203125000e+02 2.935620727539062500e+02 4.013862609863281250e+02 3.433863830566406250e+02
4.278298645019531250e+02 1.920912628173828125e+02 4.285507812500000000e+02 2.163805694580078125e+02
2.714200744628906250e+02 3.616147766113281250e+02 2.678183593750000000e+02 4.708388061523437500e+02
6.218216552734375000e+02 4.787866210937500000e+02 6.008834228515625000e+02 4.149422607421875000e+02
5.360943603515625000e+02 2.875815429687500000e+02 5.472124633789062500e+02 3.535605468750000000e+02
2.126749267578125000e+02 3.344481811523437500e+02 2.259769897460937500e+02 3.354169921875000000e+02
2.785173645019531250e+02 1.130539245605468750e+02 2.018782196044921875e+02 1.136039962768554688e+02
1.018962860107421875e+00 3.440460510253906250e+02 1.071525650024414062e+02 3.135809020996093750e+02
5.963040771484375000e+02 2.313283386230468750e+02 5.969239501953125000e+02 2.087190551757812500e+02
2.126650390625000000e+02 1.757065734863281250e+02 2.479304809570312500e+02 1.769530944824218750e+02
5.859322509765625000e+02 7.283390808105468750e+01 2.790754089355468750e+02 7.747938537597656250e+01
2.236518554687500000e+02 2.049053192138671875e+02 2.470967102050781250e+02 2.056551361083984375e+02
2.615125732421875000e+02 3.628674926757812500e+02 6.385136718750000000e+02 2.568864746093750000e+02
6.391749267578125000e+02 3.310291748046875000e+02 1.468968353271484375e+02 4.512290039062500000e+02
6.119024047851562500e+02 2.337861938476562500e+02 6.056916503906250000e+02 2.948924865722656250e+02
6.073028564453125000e+01 1.925893096923828125e+02 6.117712020874023438e+01 2.226001434326171875e+02
2.126544342041015625e+02 1.627388610839843750e+02 2.480085144042968750e+02 1.629244995117187500e+02
1.591846942901611328e+01 7.787904357910156250e+01 3.218663024902343750e+01 7.618115997314453125e+01
5.129094848632812500e+02 4.790510559082031250e+02 5.155771484375000000e+02 2.939187011718750000e+02
4.929243774414062500e+02 6.079530715942382812e-01 4.816093139648437500e+02 2.342084960937500000e+02
2.718453369140625000e+02 3.242462768554687500e+02 2.714900512695312500e+02 2.983408203125000000e+02
5.620740966796875000e+02 4.791775207519531250e+02 5.450800781250000000e+02 3.538497009277343750e+02
1.026627779006958008e+00 3.059258117675781250e+02 1.073148651123046875e+02 3.199589843750000000e+02
7.314172363281250000e+01 8.068673706054687500e+01 7.298964691162109375e+01 1.489814453125000000e+02
2.485838623046875000e+02 1.333654479980468750e+02 2.470967102050781250e+02 2.056551361083984375e+02
5.969239501953125000e+02 2.087190551757812500e+02 5.515985717773437500e+02 1.962697753906250000e+02
3.193702507019042969e+01 1.100863113403320312e+02 3.218663024902343750e+01 7.618115997314453125e+01
2.236838684082031250e+02 2.191162414550781250e+02 2.482189636230468750e+02 2.191610412597656250e+02
6.218216552734375000e+02 4.787866210937500000e+02 5.710864868164062500e+02 4.733655090332031250e+02
5.379560470581054688e+01 6.903194427490234375e+01 5.605937576293945312e+01 1.478781433105468750e+02
4.563673019409179688e+01 1.927451324462890625e+02 8.213143920898437500e+01 1.928199768066406250e+02
5.573718872070312500e+02 2.827899169921875000e+02 6.072945556640625000e+02 4.060804748535156250e+02
9.248985290527343750e+01 8.452236938476562500e+01 9.314125823974609375e+01 1.481991271972656250e+02
3.612617492675781250e+02 3.996359863281250000e+02 3.622460937500000000e+02 3.359377441406250000e+02
1.765534019470214844e+01 1.095964889526367188e+02 1.849900245666503906e+01 1.892105560302734375e+02
5.859322509765625000e+02 7.283390808105468750e+01 5.858337402343750000e+02 1.113678665161132812e+02
2.714900512695312500e+02 2.983408203125000000e+02 4.322712402343750000e+02 3.103989257812500000e+02
8.213147735595703125e+01 1.927790832519531250e+02 9.252598571777343750e+01 1.927887573242187500e+02
1.077802886962890625e+02 2.416809082031250000e+02 4.878455200195312500e+02 2.643010559082031250e+02
2.772332153320312500e+02 3.123799743652343750e+02 3.271865844726562500e+02 3.162750854492187500e+02
6.391189575195312500e+02 3.984594726562500000e+02 2.915402526855468750e+02 4.745743713378906250e+02
4.984440612792968750e+02 2.635898132324218750e+02 5.679706420898437500e+02 2.684705810546875000e+02
5.967543945312500000e+02 2.203134460449218750e+02 6.390940551757812500e+02 2.222795104980468750e+02
4.285234832763671875e+01 1.117239685058593750e+02 4.563673019409179688e+01 1.927451324462890625e+02
3.271760253906250000e+02 3.164060363769531250e+02 3.663869628906250000e+02 3.195669860839843750e+02
2.674940490722656250e+02 1.777983703613281250e+02 2.675325317382812500e+02 2.052884521484375000e+02
2.718453369140625000e+02 3.242462768554687500e+02 2.626480102539062500e+02 3.310343017578125000e+02
5.484346923828125000e+02 2.187601776123046875e+02 5.515985717773437500e+02 1.962697753906250000e+02
2.482763824462890625e+02 2.056601562500000000e+02 2.482189636230468750e+02 2.191610412597656250e+02
4.278762817382812500e+01 1.117262420654296875e+02 4.158298492431640625e+01 7.747027587890625000e+01
4.175145874023437500e+02 2.309168853759765625e+02 4.285507812500000000e+02 2.163805694580078125e+02
2.823682403564453125e+01 3.644722900390625000e+02 7.537527084350585938e-01 3.726872253417968750e+02
6.390387573242187500e+02 1.927671508789062500e+02 4.574973144531250000e+02 1.887668151855468750e+02
9.252598571777343750e+01 1.927887573242187500e+02 9.303918457031250000e+01 2.375399322509765625e+02
4.572680969238281250e+02 1.976188507080078125e+02 4.285800170898437500e+02 2.070612335205078125e+02
8.322220611572265625e+01 3.609632568359375000e+02 1.084571533203125000e+02 3.511135559082031250e+02
3.559597473144531250e+02 1.662017517089843750e+02 3.969438476562500000e+02 1.656738128662109375e+02
5.448674926757812500e+02 3.538709106445312500e+02 5.448683471679687500e+02 3.538777160644531250e+02
3.271865844726562500e+02 3.162750854492187500e+02 3.271870117187500000e+02 3.162751464843750000e+02
3.220954132080078125e+01 7.761957550048828125e+01 4.158298492431640625e+01 7.747027587890625000e+01
4.878676147460937500e+02 2.639239196777343750e+02 6.392854614257812500e+02 2.727850341796875000e+02
1.049686670303344727e+00 4.435485229492187500e+02 2.021704711914062500e+02 4.790981140136718750e+02
2.126749267578125000e+02 3.344481811523437500e+02 1.083427071571350098e+00 4.028575439453125000e+02
6.008330688476562500e+02 4.149588012695312500e+02 5.573718872070312500e+02 2.827899169921875000e+02
6.333146362304687500e+02 4.792445373535156250e+02 6.071589965820312500e+02 4.124805603027343750e+02
5.484346923828125000e+02 2.187601776123046875e+02 4.285507812500000000e+02 2.163805694580078125e+02
4.984440612792968750e+02 2.635898132324218750e+02 4.935703125000000000e+02 3.805707397460937500e+02
1.080297927856445312e+02 4.190058288574218750e+02 2.130738067626953125e+02 4.340256958007812500e+02
6.118154907226562500e+02 2.451921234130859375e+02 9.328681945800781250e+01 2.196973876953125000e+02
4.984440612792968750e+02 2.635898132324218750e+02 4.591415710449218750e+02 4.792757568359375000e+02
6.122700805664062500e+02 1.928039245605468750e+02 6.124892578125000000e+02 2.038032226562500000e+02
4.572680969238281250e+02 1.976188507080078125e+02 4.557722167968750000e+02 2.120813598632812500e+02
2.571007080078125000e+02 1.770505981445312500e+02 2.827937316894531250e+02 1.775017089843750000e+02
1.765534019470214844e+01 1.095964889526367188e+02 1.591846942901611328e+01 7.787904357910156250e+01
3.480308532714843750e+02 2.270758209228515625e+02 3.477032165527343750e+02 1.788133392333984375e+02
4.278298645019531250e+02 1.920912628173828125e+02 4.574973144531250000e+02 1.887668151855468750e+02
6.218804321289062500e+02 4.781643066406250000e+02 6.333146362304687500e+02 4.792445373535156250e+02
2.485838623046875000e+02 1.333654479980468750e+02 2.486526794433593750e+02 1.340346679687500000e+02
5.820275878906250000e+02 2.760244750976562500e+02 6.212801513671875000e+02 3.352276306152343750e+02
3.568933715820312500e+02 1.790101928710937500e+02 4.576509094238281250e+02 1.810036315917968750e+02
5.379560470581054688e+01 6.903194427490234375e+01 7.775103759765625000e+01 7.371750640869140625e+01
2.126650390625000000e+02 1.757065734863281250e+02 1.969492797851562500e+02 1.738485260009765625e+02
2.259769897460937500e+02 3.354169921875000000e+02 2.136340332031250000e+02 3.434456787109375000e+02
7.537527084350585938e-01 3.726872253417968750e+02 6.719373321533203125e+01 3.888640747070312500e+02
2.480025024414062500e+02 1.633018035888671875e+02 3.559785461425781250e+02 1.650214080810546875e+02
6.182849121093750000e+01 2.225762939453125000e+02 6.224740982055664062e+01 2.340150909423828125e+02
2.827828369140625000e+02 1.778512878417968750e+02 2.978898010253906250e+02 1.783222656250000000e+02
5.486112060546875000e+02 2.110146179199218750e+02 4.913121948242187500e+02 2.078132629394531250e+02
4.879185180664062500e+02 2.629995422363281250e+02 4.879194335937500000e+02 2.629995727539062500e+02
7.729352569580078125e+01 8.094939422607421875e+01 7.775103759765625000e+01 7.371750640869140625e+01
2.479409942626953125e+02 1.764631958007812500e+02 4.576647338867187500e+02 1.809614562988281250e+02
4.878742370605468750e+02 2.638078308105468750e+02 4.878743591308593750e+02 2.638078308105468750e+02
8.193231201171875000e+01 2.200606842041015625e+02 9.324827575683593750e+01 2.205640106201171875e+02
5.710864868164062500e+02 4.733655090332031250e+02 5.617227783203125000e+02 4.246541442871093750e+02
5.820275878906250000e+02 2.760244750976562500e+02 6.389420166015625000e+02 2.840335693359375000e+02
3.113111305236816406e+01 4.074107055664062500e+02 1.645761871337890625e+01 4.030237731933593750e+02
4.160830993652343750e+02 4.792337951660156250e+02 4.734723205566406250e+02 3.057149658203125000e+02
2.043322563171386719e+01 1.891430206298828125e+02 2.175320625305175781e+01 2.269415130615234375e+02
3.691602325439453125e+01 6.904385375976562500e+01 4.742929840087890625e+01 2.232970733642578125e+02
5.967759399414062500e+02 2.199253692626953125e+02 5.485192260742187500e+02 2.172408599853515625e+02
2.480024871826171875e+02 1.633027801513671875e+02 4.588729248046875000e+02 1.666668243408203125e+02
6.393181762695312500e+02 3.882389221191406250e+02 5.670520629882812500e+02 2.786298217773437500e+02
4.575205993652343750e+02 1.976494445800781250e+02 4.626076965332031250e+02 1.556587982177734375e+02
4.576336364746093750e+02 1.820074310302734375e+02 4.576983642578125000e+02 1.820093536376953125e+02
3.653264465332031250e+02 3.361349182128906250e+02 3.663869628906250000e+02 3.195669860839843750e+02
4.771742553710937500e+02 4.792270507812500000e+02 4.778346252441406250e+02 3.773327026367187500e+02
3.113111305236816406e+01 4.074107055664062500e+02 2.240783386230468750e+02 3.587847290039062500e+02
9.248985290527343750e+01 8.452236938476562500e+01 7.718663024902343750e+01 8.148861694335937500e+01
3.218663024902343750e+01 7.618115997314453125e+01 3.240281295776367188e+01 7.621081542968750000e+01
2.479412078857421875e+02 1.764301910400390625e+02 4.917559509277343750e+02 1.814315490722656250e+02
1.716073989868164062e+01 1.096158523559570312e+02 2.027390670776367188e+01 1.891492462158203125e+02
2.127760467529296875e+02 4.358746643066406250e+02 2.475092926025390625e+02 4.414682922363281250e+02
5.969239501953125000e+02 2.087190551757812500e+02 6.393724365234375000e+02 2.119204864501953125e+02
4.225786743164062500e+02 7.646278381347656250e+01 4.222201232910156250e+02 1.025423126220703125e+02
1.613715171813964844e+01 4.051386413574218750e+02 1.083427071571350098e+00 4.028575439453125000e+02
4.158298492431640625e+01 7.747027587890625000e+01 5.395848083496093750e+01 7.754245758056640625e+01
2.470373840332031250e+02 2.065162811279296875e+02 2.573643493652343750e+02 2.072276763916015625e+02
5.484765625000000000e+02 3.533224792480468750e+02 5.619053344726562500e+02 4.246197509765625000e+02
3.917942810058593750e+02 2.305554504394531250e+02 3.969975280761718750e+02 1.790935058593750000e+02
6.073028564453125000e+01 1.925893096923828125e+02 7.227232360839843750e+01 1.743196105957031250e+02
9.369921684265136719e-01 4.663645324707031250e+02 5.790604400634765625e+01 4.786347961425781250e+02
2.784985351562500000e+02 1.120964660644531250e+02 3.025943908691406250e+02 1.116223678588867188e+02
2.258493194580078125e+02 3.335481872558593750e+02 2.626480102539062500e+02 3.310343017578125000e+02
2.479923706054687500e+02 1.635927886962890625e+02 2.479954681396484375e+02 1.635928649902343750e+02
3.969438476562500000e+02 1.656738128662109375e+02 3.969975280761718750e+02 1.790935058593750000e+02
4.464163513183593750e+02 1.896451110839843750e+02 4.461989746093750000e+02 2.037887573242187500e+02
2.675325317382812500e+02 2.052884521484375000e+02 2.573643493652343750e+02 2.072276763916015625e+02
8.213143920898437500e+01 1.928199768066406250e+02 8.193231201171875000e+01 2.200606842041015625e+02
7.706242370605468750e+01 8.238522338867187500e+01 5.373527526855468750e+01 7.915372467041015625e+01
6.234624633789062500e+02 1.119900207519531250e+02 4.532921142578125000e+02 1.114462127685546875e+02
3.559597473144531250e+02 1.662017517089843750e+02 3.477032165527343750e+02 1.788133392333984375e+02
5.484491577148437500e+02 2.197398529052734375e+02 5.484072875976562500e+02 2.197386779785156250e+02
2.785173645019531250e+02 1.130539245605468750e+02 2.785553283691406250e+02 1.130516662597656250e+02
4.572680969238281250e+02 1.976188507080078125e+02 5.971429443359375000e+02 2.027444610595703125e+02
3.663869628906250000e+02 3.195669860839843750e+02 4.014501342773437500e+02 3.086743774414062500e+02
2.262861175537109375e+02 3.353417053222656250e+02 2.259769897460937500e+02 3.354169921875000000e+02
1.096936464309692383e+00 2.271441802978515625e+02 2.175320625305175781e+01 2.269415130615234375e+02
5.947972412109375000e+02 2.268206634521484375e+02 6.393724365234375000e+02 2.119204864501953125e+02
8.197965240478515625e+01 2.190447845458984375e+02 1.276054859161376953e+01 2.158194580078125000e+02
1.096936464309692383e+00 2.271441802978515625e+02 1.276054859161376953e+01 2.158194580078125000e+02
4.429295043945312500e+02 3.346778564453125000e+02 4.874844970703125000e+02 3.316463317871093750e+02
6.234453125000000000e+02 1.134493865966796875e+02 6.384318847656250000e+02 1.136258163452148438e+02
5.402497100830078125e+01 7.755449676513671875e+01 5.395848083496093750e+01 7.754245758056640625e+01
8.209981536865234375e+01 2.205755310058593750e+02 9.328681945800781250e+01 2.196973876953125000e+02
2.163556480407714844e+01 2.254851379394531250e+02 8.210186004638671875e+01 2.206008605957031250e+02
7.598302459716796875e+01 7.400173187255859375e+01 5.402141189575195312e+01 7.753234100341796875e+01
4.912689514160156250e+02 2.091259765625000000e+02 4.285800170898437500e+02 2.070612335205078125e+02
2.122440643310546875e+02 1.757021636962890625e+02 2.117797851562500000e+02 2.200451507568359375e+02
3.168037414550781250e+02 1.328279724121093750e+02 4.227888183593750000e+02 1.330931701660156250e+02
4.572680969238281250e+02 1.976188507080078125e+02 4.572683105468750000e+02 1.976173400878906250e+02
8.197387695312500000e+01 2.192131042480468750e+02 8.197140502929687500e+01 2.192129821777343750e+02
6.321178436279296875e+01 7.367840576171875000e+01 7.298964691162109375e+01 1.489814453125000000e+02
9.314125823974609375e+01 1.481991271972656250e+02 4.408057785034179688e+01 1.518595581054687500e+02
3.271866149902343750e+02 3.162752075195312500e+02 3.356315917968750000e+02 3.621156616210937500e+02
2.843790054321289062e+01 3.650292358398437500e+02 2.839422798156738281e+01 3.650413208007812500e+02
6.392252197265625000e+02 3.014193420410156250e+02 6.056916503906250000e+02 2.948924865722656250e+02
5.864485473632812500e+02 1.113596267700195312e+02 5.866871337890625000e+02 1.291649932861328125e+02
