8.724274444580078125e+01 3.060414733886718750e+02 1.376587829589843750e+02 3.053117980957031250e+02
8.771575164794921875e+01 1.548266906738281250e+02 1.406548004150390625e+02 1.559991149902343750e+02
8.768177795410156250e+01 1.394657287597656250e+02 1.392126007080078125e+02 1.410345764160156250e+02
7.373750305175781250e+01 3.625450134277343750e+01 1.534214477539062500e+02 4.568943023681640625e+01
8.768177795410156250e+01 1.394657287597656250e+02 8.872653198242187500e+01 8.346224975585937500e+01
7.351745605468750000e+01 7.216081237792968750e+01 1.534511718750000000e+02 7.783602142333984375e+01
6.365526199340820312e+01 8.324884033203125000e+01 6.342543029785156250e+01 1.393209533691406250e+02
8.872653198242187500e+01 8.346224975585937500e+01 1.410128936767578125e+02 8.491454315185546875e+01
8.736309051513671875e+01 2.953162231445312500e+02 1.384904785156250000e+02 2.975719299316406250e+02
9.879449009895324707e-01 4.682290267944335938e+01 7.373750305175781250e+01 3.625450134277343750e+01
7.377991080284118652e-01 8.080492401123046875e+01 7.351745605468750000e+01 7.216081237792968750e+01
6.275285644531250000e+02 2.486256408691406250e+02 6.263267211914062500e+02 3.292343750000000000e+02
6.323059844970703125e+01 1.552392425537109375e+02 6.229655456542968750e+01 2.947375793457031250e+02
2.092076873779296875e+01 8.829347991943359375e+01 2.061811828613281250e+01 1.406071777343750000e+02
6.535547971725463867e-01 4.035545043945312500e+02 7.140034484863281250e+01 4.171115722656250000e+02
2.092076873779296875e+01 8.829347991943359375e+01 6.365526199340820312e+01 8.324884033203125000e+01
6.834718585014343262e-01 3.954727783203125000e+02 2.163555383682250977e+00 3.957594909667968750e+02
8.771575164794921875e+01 1.548266906738281250e+02 8.736309051513671875e+01 2.953162231445312500e+02
6.794786453247070312e-01 4.145790710449218750e+02 7.208830261230468750e+01 4.287935180664062500e+02
5.858403930664062500e+02 3.326903381347656250e+02 6.138729248046875000e+02 3.390849609375000000e+02
5.857448120117187500e+02 3.137965393066406250e+02 5.522331542968750000e+02 3.121434020996093750e+02
6.229655456542968750e+01 2.947375793457031250e+02 1.892152976989746094e+01 2.906523132324218750e+02
5.257287597656250000e+02 3.176756286621093750e+02 5.293443603515625000e+02 1.658514251708984375e+02
1.392126007080078125e+02 1.410345764160156250e+02 1.410128936767578125e+02 8.491454315185546875e+01
5.467404174804687500e+02 3.252868041992187500e+02 5.257287597656250000e+02 3.176756286621093750e+02
8.724274444580078125e+01 3.060414733886718750e+02 8.742610168457031250e+01 3.997833862304687500e+02
1.923429489135742188e+01 3.016449279785156250e+02 1.923420906066894531e+01 3.884761047363281250e+02
5.889174804687500000e+02 1.817042694091796875e+02 5.541378173828125000e+02 1.818821258544921875e+02
4.288061523437500000e+02 3.100082397460937500e+02 4.315889282226562500e+02 1.672132720947265625e+02
8.742610168457031250e+01 3.997833862304687500e+02 1.377194366455078125e+02 3.966199645996093750e+02
6.307155609130859375e+01 3.987330627441406250e+02 1.923420906066894531e+01 3.884761047363281250e+02
1.978572845458984375e+02 1.486777496337890625e+02 1.980288848876953125e+02 1.021657562255859375e+02
6.190719604492187500e+02 2.294477081298828125e+02 6.105896606445312500e+02 4.738823242187500000e+02
6.234966430664062500e+02 3.403905944824218750e+02 6.391683349609375000e+02 3.460725097656250000e+02
2.091271820068359375e+02 1.513348083496093750e+02 2.109825286865234375e+02 1.039450454711914062e+02
5.865208740234375000e+02 2.986355285644531250e+02 6.161824340820312500e+02 3.024959411621093750e+02
1.965586853027343750e+02 2.972478027343750000e+02 1.983387756347656250e+02 3.758946228027343750e+02
2.730918579101562500e+02 1.600015716552734375e+02 2.734007568359375000e+02 1.228873291015625000e+02
7.208830261230468750e+01 4.287935180664062500e+02 1.513395080566406250e+02 4.225078430175781250e+02
1.517562713623046875e+02 4.034672546386718750e+02 7.240373229980468750e+01 4.093659362792968750e+02
3.339334411621093750e+02 1.706809387207031250e+02 3.338755798339843750e+02 1.371383361816406250e+02
5.480397949218750000e+02 2.226335754394531250e+02 5.335376586914062500e+02 2.223096160888671875e+02
1.612649841308593750e+02 3.023273315429687500e+02 1.965586853027343750e+02 2.972478027343750000e+02
1.892152976989746094e+01 2.906523132324218750e+02 2.083566284179687500e+01 1.564687805175781250e+02
6.394707031250000000e+02 2.298450164794921875e+02 6.190719604492187500e+02 2.294477081298828125e+02
6.275285644531250000e+02 2.486256408691406250e+02 6.394332885742187500e+02 2.488922271728515625e+02
5.532890625000000000e+02 1.588621978759765625e+02 5.908493041992187500e+02 1.581128540039062500e+02
1.534214477539062500e+02 4.568943023681640625e+01 5.623283691406250000e+02 8.319859504699707031e-01
2.061811828613281250e+01 1.406071777343750000e+02 6.342543029785156250e+01 1.393209533691406250e+02
6.127490844726562500e+02 3.761541442871093750e+02 5.836026611328125000e+02 3.666222534179687500e+02
6.258729934692382812e+01 3.059035034179687500e+02 6.307155609130859375e+01 3.987330627441406250e+02
2.078057861328125000e+02 2.870086059570312500e+02 2.089817962646484375e+02 1.660472869873046875e+02
4.315889282226562500e+02 1.672132720947265625e+02 5.293443603515625000e+02 1.658514251708984375e+02
1.618415832519531250e+02 9.213917541503906250e+01 1.980288848876953125e+02 1.021657562255859375e+02
6.111954345703125000e+02 4.114447021484375000e+02 5.827074584960937500e+02 4.020519104003906250e+02
7.306037902832031250e+01 4.169681701660156250e+02 7.140034484863281250e+01 4.171115722656250000e+02
4.288061523437500000e+02 3.100082397460937500e+02 4.168770751953125000e+02 3.165291442871093750e+02
4.878115539550781250e+02 1.774417877197265625e+02 4.423721618652343750e+02 1.773916625976562500e+02
2.483185729980468750e+02 1.701534423828125000e+02 2.482843627929687500e+02 2.798551025390625000e+02
2.831307678222656250e+02 1.971663818359375000e+02 3.011621398925781250e+02 1.972458801269531250e+02
7.373750305175781250e+01 3.625450134277343750e+01 7.208830261230468750e+01 4.287935180664062500e+02
4.835973510742187500e+02 2.973213806152343750e+02 5.260352783203125000e+02 3.028182067871093750e+02
5.939633178710937500e+02 9.208128452301025391e-01 5.794060668945312500e+02 4.598291320800781250e+02
1.615079956054687500e+02 1.588761138916015625e+02 4.166110534667968750e+02 1.939314727783203125e+02
1.983387756347656250e+02 3.758946228027343750e+02 1.593822479248046875e+02 3.918029174804687500e+02
6.170946655273437500e+02 2.649347229003906250e+02 5.877495727539062500e+02 2.618399963378906250e+02
2.368958435058593750e+02 2.796976623535156250e+02 2.382443084716796875e+02 1.700139923095703125e+02
1.513395080566406250e+02 4.225078430175781250e+02 2.234015655517578125e+02 3.928186645507812500e+02
6.868175983428955078e+00 1.412890930175781250e+02 7.161073684692382812e+00 8.793093872070312500e+01
1.377194366455078125e+02 3.966199645996093750e+02 1.014633102416992188e+02 3.890419006347656250e+02
5.625337524414062500e+02 2.790565490722656250e+00 5.829539794921875000e+02 6.493359804153442383e-01
1.615128326416015625e+02 1.437334747314453125e+02 4.165416259765625000e+02 1.863754577636718750e+02
7.184976959228515625e+01 4.287923889160156250e+02 7.175434875488281250e+01 4.486339416503906250e+02
6.323059844970703125e+01 1.552392425537109375e+02 6.994942665100097656e+00 1.560373840332031250e+02
1.517562713623046875e+02 4.034672546386718750e+02 2.223674774169921875e+02 3.767486877441406250e+02
1.534214477539062500e+02 4.568943023681640625e+01 1.513395080566406250e+02 4.225078430175781250e+02
2.820274658203125000e+02 1.744419403076171875e+02 2.819171142578125000e+02 2.724895324707031250e+02
5.816272583007812500e+02 4.341258239746093750e+02 6.090747070312500000e+02 4.470231323242187500e+02
3.239889526367187500e+02 2.481901855468750000e+02 3.136275939941406250e+02 2.482479553222656250e+02
1.615128326416015625e+02 1.437334747314453125e+02 1.618415832519531250e+02 9.213917541503906250e+01
6.994942665100097656e+00 1.560373840332031250e+02 6.775691509246826172e+00 2.900269775390625000e+02
1.366490020751953125e+02 3.847609863281250000e+02 1.015039062500000000e+02 3.770069580078125000e+02
6.258729934692382812e+01 3.059035034179687500e+02 1.923429489135742188e+01 3.016449279785156250e+02
4.878115539550781250e+02 1.774417877197265625e+02 4.835973510742187500e+02 2.973213806152343750e+02
5.669767456054687500e+02 3.099924316406250000e+02 5.715683593750000000e+02 1.656258697509765625e+02
3.337151489257812500e+02 2.832783813476562500e+02 2.819607849121093750e+02 2.912824707031250000e+02
6.226591796875000000e+02 4.793253173828125000e+02 5.424358520507812500e+02 4.445641174316406250e+02
3.028097229003906250e+02 2.713106689453125000e+02 3.079930114746093750e+02 1.786309661865234375e+02
5.227200927734375000e+02 4.791492919921875000e+02 5.424358520507812500e+02 4.445641174316406250e+02
2.831837768554687500e+02 1.626397857666015625e+02 2.829938049316406250e+02 1.216440734863281250e+02
1.974533386230468750e+02 1.639011840820312500e+02 1.959093475341796875e+02 2.866724548339843750e+02
5.473769531250000000e+02 1.900494232177734375e+02 5.365848999023437500e+02 1.893909149169921875e+02
5.467404174804687500e+02 3.252868041992187500e+02 5.837802734375000000e+02 3.246203002929687500e+02
6.226591796875000000e+02 4.793253173828125000e+02 6.234966430664062500e+02 3.403905944824218750e+02
1.932810783386230469e+01 3.008429565429687500e+02 1.782626867294311523e+00 2.987904663085937500e+02
2.390842590332031250e+02 1.136456985473632812e+02 2.109825286865234375e+02 1.039450454711914062e+02
1.376587829589843750e+02 3.053117980957031250e+02 1.377194366455078125e+02 3.966199645996093750e+02
3.671863403320312500e+02 1.968022003173828125e+02 3.558502807617187500e+02 1.935639953613281250e+02
5.865208740234375000e+02 2.986355285644531250e+02 5.539813842773437500e+02 2.985397949218750000e+02
2.078009796142578125e+02 3.737788391113281250e+02 2.082941894531250000e+02 2.870113830566406250e+02
6.191166992187500000e+02 2.286718292236328125e+02 5.885240478515625000e+02 2.269085083007812500e+02
1.615079956054687500e+02 1.588761138916015625e+02 1.593822479248046875e+02 3.918029174804687500e+02
5.626606445312500000e+02 4.101841926574707031e+00 5.939633178710937500e+02 9.208128452301025391e-01
1.959093475341796875e+02 2.866724548339843750e+02 1.609945373535156250e+02 2.944296569824218750e+02
2.268986206054687500e+02 2.873125000000000000e+02 2.819607849121093750e+02 2.912824707031250000e+02
4.182906799316406250e+02 1.599004058837890625e+02 4.168770751953125000e+02 3.165291442871093750e+02
3.134846191406250000e+02 3.832261352539062500e+02 3.012967224121093750e+02 3.838883056640625000e+02
1.518321228027343750e+02 4.101642761230468750e+02 1.539519653320312500e+02 4.093766479492187500e+02
3.337151489257812500e+02 2.832783813476562500e+02 3.321004943847656250e+02 3.321742553710937500e+02
5.922733154296875000e+02 4.748738861083984375e+01 1.672772521972656250e+02 8.165548706054687500e+01
1.406548004150390625e+02 1.559991149902343750e+02 1.388331451416015625e+02 3.053261413574218750e+02
2.234015655517578125e+02 3.928186645507812500e+02 2.223674774169921875e+02 3.767486877441406250e+02
1.366823730468750000e+02 3.654553833007812500e+02 1.083914108276367188e+02 3.587565002441406250e+02
1.883771514892578125e+01 3.906443786621093750e+02 7.266350746154785156e+00 3.885284118652343750e+02
3.261429138183593750e+02 1.973588409423828125e+02 3.136802978515625000e+02 1.971892089843750000e+02
1.534511718750000000e+02 7.783602142333984375e+01 4.182906799316406250e+02 1.599004058837890625e+02
3.471787109375000000e+02 1.441818695068359375e+02 3.467966918945312500e+02 1.742145538330078125e+02
4.174053344726562500e+02 1.626555023193359375e+02 4.315889282226562500e+02 1.672132720947265625e+02
4.288061523437500000e+02 3.100082397460937500e+02 5.257287597656250000e+02 3.176756286621093750e+02
5.467404174804687500e+02 3.252868041992187500e+02 5.532890625000000000e+02 1.588621978759765625e+02
4.319457397460937500e+02 2.047657928466796875e+02 4.566947937011718750e+02 2.067250671386718750e+02
4.382871093750000000e+02 1.894468536376953125e+02 4.833003234863281250e+02 1.868332214355468750e+02
3.525372924804687500e+02 3.250711975097656250e+02 3.321004943847656250e+02 3.321742553710937500e+02
3.468618164062500000e+02 2.711295471191406250e+02 3.439408874511718750e+02 3.214871826171875000e+02
6.395559692382812500e+02 3.347650756835937500e+02 6.263267211914062500e+02 3.292343750000000000e+02
4.917745056152343750e+02 1.777127227783203125e+02 4.925360717773437500e+02 1.665731658935546875e+02
5.888865966796875000e+02 1.923443756103515625e+02 6.392225952148437500e+02 1.900662384033203125e+02
2.983829650878906250e+02 3.912941589355468750e+02 3.062009277343750000e+02 3.046601257324218750e+02
4.878115539550781250e+02 1.774417877197265625e+02 4.586540222167968750e+02 2.497089080810546875e+02
3.324077453613281250e+02 3.329584655761718750e+02 3.169190673828125000e+02 3.390273437500000000e+02
2.078009796142578125e+02 3.737788391113281250e+02 2.367041168212890625e+02 3.619132080078125000e+02
5.870785522460937500e+02 2.408660888671875000e+02 5.559822998046875000e+02 2.394433441162109375e+02
2.826169128417968750e+02 1.744461364746093750e+02 2.827012329101562500e+02 1.626363372802734375e+02
5.908493041992187500e+02 1.581128540039062500e+02 6.391423339843750000e+02 1.514232482910156250e+02
2.822491149902343750e+02 2.459681854248046875e+02 2.986345214843750000e+02 2.468881988525390625e+02
3.067040710449218750e+02 1.785768432617187500e+02 3.087647399902343750e+02 1.295075378417968750e+02
3.727593383789062500e+02 3.272836608886718750e+02 3.768644409179687500e+02 1.885177307128906250e+02
1.687817077636718750e+02 4.150986633300781250e+02 1.683093261718750000e+02 4.039940490722656250e+02
8.754962921142578125e+01 2.953164367675781250e+02 8.753694152832031250e+01 3.060418395996093750e+02
2.679477233886718750e+02 3.990535583496093750e+02 2.684808654785156250e+02 3.254969787597656250e+02
5.540014038085937500e+02 2.609547729492187500e+02 5.664876708984375000e+02 2.575319824218750000e+02
2.115301818847656250e+02 1.039728317260742188e+02 2.119373321533203125e+02 9.594798278808593750e+01
7.115972042083740234e-01 4.294189758300781250e+02 7.175434875488281250e+01 4.486339416503906250e+02
3.136802978515625000e+02 1.971892089843750000e+02 3.136275939941406250e+02 2.482479553222656250e+02
2.090926055908203125e+02 2.870232849121093750e+02 2.118177947998046875e+02 1.039771194458007812e+02
2.118410797119140625e+02 1.039765625000000000e+02 2.082922973632812500e+02 3.999982299804687500e+02
2.684808654785156250e+02 3.254969787597656250e+02 2.836799926757812500e+02 3.243898925781250000e+02
3.877989501953125000e+02 3.198346557617187500e+02 3.915222167968750000e+02 1.903067016601562500e+02
7.266350746154785156e+00 3.885284118652343750e+02 7.151360511779785156e+00 2.900265502929687500e+02
1.979660797119140625e+02 2.866638793945312500e+02 1.980102691650390625e+02 2.972417602539062500e+02
8.768830108642578125e+01 3.803822631835937500e+02 1.365061187744140625e+02 3.171732482910156250e+02
1.995459594726562500e+02 2.935698852539062500e+02 2.268986206054687500e+02 2.873125000000000000e+02
1.014633102416992188e+02 3.890419006347656250e+02 1.015039062500000000e+02 3.770069580078125000e+02
3.671863403320312500e+02 1.968022003173828125e+02 3.622454528808593750e+02 2.576496887207031250e+02
6.258273925781250000e+02 3.292238159179687500e+02 6.255907592773437500e+02 3.404348144531250000e+02
1.963349151611328125e+02 2.906131591796875000e+02 1.991933135986328125e+02 2.903044738769531250e+02
3.134846191406250000e+02 3.832261352539062500e+02 3.180007324218750000e+02 3.022251281738281250e+02
6.230837402343750000e+02 3.420362243652343750e+02 6.137218627929687500e+02 3.396869506835937500e+02
3.324663085937500000e+02 3.330899353027343750e+02 2.879618530273437500e+02 3.508702392578125000e+02
1.612679290771484375e+02 1.996524047851562500e+02 1.960850830078125000e+02 2.303535461425781250e+02
3.528645629882812500e+02 3.352996826171875000e+02 3.273609619140625000e+02 3.497916870117187500e+02
6.385708618164062500e+02 1.884157896041870117e+00 5.939692993164062500e+02 1.738648033142089844e+01
5.649561157226562500e+02 2.636825866699218750e+02 5.668065795898437500e+02 2.641433715820312500e+02
5.891845703125000000e+02 1.952309722900390625e+02 5.790598144531250000e+02 1.962760009765625000e+02
4.137063293457031250e+02 3.019186401367187500e+02 3.938270874023437500e+02 3.100511474609375000e+02
2.256924743652343750e+02 2.825133056640625000e+02 2.368958435058593750e+02 2.796976623535156250e+02
2.820274658203125000e+02 1.744419403076171875e+02 2.723019714355468750e+02 2.724399108886718750e+02
3.334066467285156250e+02 2.975267639160156250e+02 2.865395202636718750e+02 3.099598693847656250e+02
4.172477111816406250e+02 1.632219238281250000e+02 1.980173187255859375e+02 1.022073364257812500e+02
4.315117492675781250e+02 1.597634582519531250e+02 5.532853393554687500e+02 1.585019836425781250e+02
3.011614379882812500e+02 1.970882568359375000e+02 3.558645324707031250e+02 1.968512573242187500e+02
2.092076873779296875e+01 8.829347991943359375e+01 7.161073684692382812e+00 8.793093872070312500e+01
4.310860595703125000e+02 2.386830902099609375e+02 4.486869812011718750e+02 2.388220062255859375e+02
2.131793594360351562e+01 1.216509857177734375e+02 6.283218002319335938e+01 1.285022125244140625e+02
3.525372924804687500e+02 3.250711975097656250e+02 3.468618164062500000e+02 2.711295471191406250e+02
4.827794189453125000e+02 2.600155029296875000e+02 4.313862915039062500e+02 2.720982055664062500e+02
2.062518882751464844e+01 1.408103485107421875e+02 6.868175983428955078e+00 1.412890930175781250e+02
5.563869628906250000e+02 1.975704650878906250e+02 5.790598144531250000e+02 1.962760009765625000e+02
5.532890625000000000e+02 1.588621978759765625e+02 5.532880859375000000e+02 1.588622131347656250e+02
2.731280822753906250e+02 1.600018463134765625e+02 2.723019714355468750e+02 2.724399108886718750e+02
3.723871154785156250e+02 1.513615722656250000e+02 3.725982360839843750e+02 1.783195800781250000e+02
3.466151428222656250e+02 1.847224121093750000e+02 3.458448486328125000e+02 2.528410491943359375e+02
1.185173797607421875e+02 3.436803283691406250e+02 1.366556396484375000e+02 3.434783020019531250e+02
4.287746887207031250e+02 3.104291687011718750e+02 4.166148071289062500e+02 3.095203247070312500e+02
1.983387756347656250e+02 3.758946228027343750e+02 1.621171722412109375e+02 3.696334533691406250e+02
3.287040100097656250e+02 3.318236694335937500e+02 3.240476989746093750e+02 3.769319763183593750e+02
5.335376586914062500e+02 2.223096160888671875e+02 5.358403320312500000e+02 2.579797363281250000e+02
5.790598144531250000e+02 1.962760009765625000e+02 5.883419189453125000e+02 2.155189361572265625e+02
3.558742980957031250e+02 1.968840179443359375e+02 3.558647766113281250e+02 1.968840942382812500e+02
5.888865966796875000e+02 1.923443756103515625e+02 5.881478881835937500e+02 1.926399230957031250e+02
3.468618164062500000e+02 2.711295471191406250e+02 3.468096008300781250e+02 2.528382873535156250e+02
4.166252746582031250e+02 1.858690795898437500e+02 4.382871093750000000e+02 1.894468536376953125e+02
5.366388549804687500e+02 1.736872406005859375e+02 5.361779785156250000e+02 2.223346405029296875e+02
4.285963134765625000e+02 2.946766662597656250e+02 3.531195678710937500e+02 3.357680664062500000e+02
2.373639526367187500e+02 2.797014160156250000e+02 2.367041168212890625e+02 3.619132080078125000e+02
4.486869812011718750e+02 2.388220062255859375e+02 4.566947937011718750e+02 2.067250671386718750e+02
3.028097229003906250e+02 2.713106689453125000e+02 2.819171142578125000e+02 2.724895324707031250e+02
2.234015655517578125e+02 3.928186645507812500e+02 2.679477233886718750e+02 3.990535583496093750e+02
3.528645629882812500e+02 3.352996826171875000e+02 3.529209594726562500e+02 3.352768859863281250e+02
3.240476989746093750e+02 3.769319763183593750e+02 3.126277465820312500e+02 3.804237365722656250e+02
1.121266555786132812e+02 3.726854858398437500e+02 1.083914108276367188e+02 3.587565002441406250e+02
3.532342224121093750e+02 2.867349853515625000e+02 3.636231994628906250e+02 2.900834350585937500e+02
3.337805175781250000e+02 1.824565277099609375e+02 3.326492919921875000e+02 2.832664184570312500e+02
5.877495727539062500e+02 2.618399963378906250e+02 5.668813476562500000e+02 2.612926025390625000e+02
3.529216003417968750e+02 3.352767028808593750e+02 3.529209899902343750e+02 3.352769470214843750e+02
3.908690185546875000e+02 1.902912292480468750e+02 3.917655639648437500e+02 1.524608612060546875e+02
3.140845642089843750e+02 3.828686218261718750e+02 3.134846191406250000e+02 3.832261352539062500e+02
3.519132080078125000e+02 3.251295776367187500e+02 3.528629455566406250e+02 3.352821960449218750e+02
3.325455932617187500e+02 2.832677307128906250e+02 3.335703125000000000e+02 1.706776275634765625e+02
2.679477233886718750e+02 3.990535583496093750e+02 2.866160583496093750e+02 3.959002990722656250e+02
1.983354187011718750e+01 3.016490478515625000e+02 1.990940093994140625e+01 2.906591491699218750e+02
1.410128936767578125e+02 8.491454315185546875e+01 1.673662872314453125e+02 8.272882080078125000e+01
3.321004943847656250e+02 3.321742553710937500e+02 3.320818176269531250e+02 3.321821594238281250e+02
2.819607849121093750e+02 2.912824707031250000e+02 2.866160583496093750e+02 3.959002990722656250e+02
1.538681640625000000e+02 4.091997375488281250e+02 1.543613128662109375e+02 4.089660949707031250e+02
2.383413696289062500e+02 1.700152587890625000e+02 2.390842590332031250e+02 1.136456985473632812e+02
6.190719604492187500e+02 2.294477081298828125e+02 6.190523071289062500e+02 2.294460754394531250e+02
6.313948440551757812e+01 2.947381286621093750e+02 6.313219070434570312e+01 3.059038391113281250e+02
3.334483337402343750e+02 2.832703857421875000e+02 3.334483032226562500e+02 2.832775878906250000e+02
4.585638122558593750e+02 1.971337738037109375e+02 4.786065673828125000e+02 1.967865753173828125e+02
4.174151611328125000e+02 1.626252136230468750e+02 4.174092712402343750e+02 1.626233062744140625e+02
2.983829650878906250e+02 3.912941589355468750e+02 2.866160583496093750e+02 3.959002990722656250e+02
4.181361389160156250e+02 1.598595733642578125e+02 4.181393127441406250e+02 1.598604125976562500e+02
2.078009796142578125e+02 3.737788391113281250e+02 2.222945556640625000e+02 3.440200500488281250e+02
2.171699371337890625e+02 2.942467956542968750e+02 2.222945556640625000e+02 3.440200500488281250e+02
3.624928283691406250e+02 2.678960571289062500e+02 3.680255432128906250e+02 3.135075683593750000e+02
5.227200927734375000e+02 4.791492919921875000e+02 1.687817077636718750e+02 4.150986633300781250e+02
1.882824707031250000e+01 3.884778747558593750e+02 1.923420906066894531e+01 3.884761047363281250e+02
3.524415588378906250e+02 3.251076660156250000e+02 3.494360961914062500e+02 2.526920013427734375e+02
6.234966430664062500e+02 3.403905944824218750e+02 6.234232788085937500e+02 3.403756103515625000e+02
2.986370544433593750e+02 2.468405914306640625e+02 3.136599426269531250e+02 2.476403350830078125e+02
2.730918579101562500e+02 1.600015716552734375e+02 2.829938049316406250e+02 1.216440734863281250e+02
4.071800537109375000e+02 1.929488372802734375e+02 4.066174011230468750e+02 1.561678009033203125e+02
5.919513549804687500e+02 4.386904144287109375e+01 6.391477050781250000e+02 3.966962814331054688e+01
2.078009796142578125e+02 3.737788391113281250e+02 1.987986450195312500e+02 3.771299743652343750e+02
5.533002319335937500e+02 1.577164306640625000e+02 4.066174011230468750e+02 1.561678009033203125e+02
3.079930114746093750e+02 1.786309661865234375e+02 3.095223083496093750e+02 1.975257415771484375e+02
1.727659301757812500e+02 2.085931701660156250e+02 1.735951843261718750e+02 1.819596862792968750e+02
5.532880859375000000e+02 1.588621826171875000e+02 5.532791748046875000e+02 1.588620300292968750e+02
4.130345764160156250e+02 1.888379821777343750e+02 4.165416259765625000e+02 1.863754577636718750e+02
6.234966430664062500e+02 3.403905944824218750e+02 6.105896606445312500e+02 4.738823242187500000e+02
1.516889801025390625e+02 4.101628417968750000e+02 1.518321228027343750e+02 4.101642761230468750e+02
2.614503479003906250e+02 1.772354431152343750e+02 2.583739929199218750e+02 2.455712738037109375e+02
4.382871093750000000e+02 1.894468536376953125e+02 4.585638122558593750e+02 1.971337738037109375e+02
2.822365722656250000e+02 2.463518218994140625e+02 2.583739929199218750e+02 2.455712738037109375e+02
4.071800537109375000e+02 1.929488372802734375e+02 4.137063293457031250e+02 3.019186401367187500e+02
5.881201782226562500e+02 1.924676208496093750e+02 5.786912231445312500e+02 1.939838409423828125e+02
3.119798583984375000e+02 3.023371276855468750e+02 3.096765441894531250e+02 1.785215454101562500e+02
5.522331542968750000e+02 3.121434020996093750e+02 5.260352783203125000e+02 3.028182067871093750e+02
3.337151489257812500e+02 2.832783813476562500e+02 3.530212097167968750e+02 2.876711425781250000e+02
