5.684030151367187500e+02 3.244079895019531250e+02 5.681459960937500000e+02 3.168739929199218750e+02
5.474439697265625000e+02 4.781600036621093750e+02 5.471019897460937500e+02 4.593710021972656250e+02
3.781220092773437500e+02 3.040750122070312500e+02 3.931340026855468750e+02 3.039010009765625000e+02
3.243200073242187500e+02 3.912829895019531250e+02 8.298469543457031250e+00 3.648049926757812500e+02
5.605120239257812500e+02 3.281080017089843750e+02 5.622670288085937500e+02 3.167420043945312500e+02
6.274580078125000000e+02 1.631779937744140625e+02 6.284710083007812500e+02 1.520200042724609375e+02
4.862099914550781250e+02 3.456319885253906250e+02 4.873569946289062500e+02 2.531309967041015625e+02
5.510150146484375000e+02 3.099209899902343750e+02 5.607849731445312500e+02 3.153370056152343750e+02
6.304000244140625000e+02 1.523930053710937500e+02 6.384069824218750000e+02 1.534140014648437500e+02
1.211869964599609375e+02 3.050280151367187500e+02 1.140800018310546875e+02 3.071279907226562500e+02
5.654840087890625000e+02 3.168479919433593750e+02 5.633060302734375000e+02 3.281600036621093750e+02
1.141910018920898438e+02 3.125339965820312500e+02 1.240169982910156250e+02 3.094760131835937500e+02
3.468309936523437500e+02 2.995859985351562500e+02 3.319530029296875000e+02 2.965010070800781250e+02
5.831190185546875000e+02 3.150880126953125000e+02 5.668410034179687500e+02 3.152810058593750000e+02
5.613170166015625000e+02 2.190039978027343750e+02 5.509559936523437500e+02 2.345950012207031250e+02
2.507729949951171875e+02 3.800130081176757812e+01 4.206350097656250000e+02 1.570189952850341797e+01
6.029780273437500000e+02 1.372839965820312500e+02 5.951859741210937500e+02 1.424649963378906250e+02
4.252369995117187500e+02 2.816710090637207031e+01 4.257879943847656250e+02 1.688299942016601562e+01
1.870169982910156250e+02 1.387239990234375000e+02 1.443840026855468750e+02 1.419909973144531250e+02
6.315489959716796875e+01 2.902940063476562500e+02 5.638059997558593750e+01 2.813059997558593750e+02
4.234599914550781250e+02 1.793659973144531250e+01 5.231779785156250000e+02 3.487819910049438477e+00
2.174609985351562500e+02 2.306049957275390625e+02 2.144869995117187500e+02 3.318779907226562500e+02
5.007430114746093750e+02 4.052529907226562500e+02 3.101380004882812500e+02 3.913850097656250000e+02
5.309069824218750000e+01 2.906239929199218750e+02 5.264609909057617188e+01 3.031520080566406250e+02
4.877070007324218750e+02 2.331289978027343750e+02 4.881719970703125000e+02 1.231250000000000000e+02
5.831459960937500000e+02 3.888699951171875000e+02 5.131090087890625000e+02 3.860069885253906250e+02
5.958670043945312500e+02 3.893720092773437500e+02 5.958200073242187500e+02 4.081250000000000000e+02
5.947880249023437500e+02 4.455859985351562500e+02 5.942639770507812500e+02 4.568699951171875000e+02
1.100889968872070312e+02 6.693650054931640625e+01 1.108460006713867188e+02 5.814410018920898438e+01
3.343729858398437500e+02 3.815570068359375000e+01 3.346189880371093750e+02 2.813100051879882812e+01
3.417709960937500000e+02 3.019800109863281250e+02 3.505660095214843750e+02 3.026520080566406250e+02
1.746920013427734375e+02 4.877640151977539062e+01 2.480679931640625000e+02 3.653179931640625000e+01
3.308049926757812500e+02 2.812879943847656250e+01 3.305379943847656250e+02 4.062310028076171875e+01
4.668569946289062500e+02 2.419790077209472656e+01 4.267659912109375000e+02 2.831279945373535156e+01
4.656250000000000000e+02 2.346820068359375000e+02 3.231260070800781250e+02 2.345240020751953125e+02
3.006730041503906250e+02 3.695769958496093750e+02 5.831569824218750000e+02 3.824129943847656250e+02
5.233820190429687500e+02 2.605539855957031250e+02 5.229819946289062500e+02 2.731199951171875000e+02
1.518809967041015625e+02 2.277530059814453125e+02 3.207109985351562500e+02 2.306940002441406250e+02
6.326079711914062500e+02 1.656159973144531250e+02 6.330629882812500000e+02 2.031410064697265625e+02
3.717839965820312500e+02 3.477510070800781250e+01 3.355469970703125000e+02 3.864009857177734375e+01
5.568699951171875000e+02 3.152250061035156250e+02 5.138670043945312500e+02 3.782340087890625000e+02
5.056579895019531250e+02 3.293750000000000000e+02 5.065880126953125000e+02 2.593710021972656250e+02
1.232330017089843750e+02 3.092890014648437500e+02 1.239810028076171875e+02 2.993450012207031250e+02
2.865010070800781250e+01 2.506640014648437500e+02 2.477289962768554688e+01 3.029689941406250000e+02
4.681929931640625000e+02 7.463759899139404297e+00 4.093590087890625000e+02 1.423340034484863281e+01
1.750160064697265625e+02 4.931809997558593750e+01 1.740690002441406250e+02 5.946310043334960938e+01
5.976989746093750000e+02 1.554880065917968750e+02 5.933350219726562500e+02 1.690399932861328125e+02
4.947340087890625000e+02 2.579219970703125000e+02 5.007799987792968750e+02 3.431140136718750000e+02
5.067470092773437500e+02 2.318750000000000000e+02 5.070339965820312500e+02 1.568760070800781250e+02
4.193880081176757812e+01 3.626459960937500000e+02 5.606549978256225586e-01 3.611180114746093750e+02
9.203250122070312500e+01 3.168649902343750000e+02 1.134140014648437500e+02 3.141499938964843750e+02
2.080930023193359375e+02 5.409120178222656250e+01 1.792859954833984375e+02 5.733269882202148438e+01
5.496430053710937500e+02 2.297689971923828125e+02 5.659489746093750000e+02 2.110670013427734375e+02
5.600999755859375000e+02 2.130070037841796875e+02 5.496010131835937500e+02 2.197279968261718750e+02
3.931619873046875000e+02 2.898699951171875000e+02 3.843630065917968750e+02 2.900580139160156250e+02
5.193519897460937500e+02 1.669520020484924316e+00 4.742189941406250000e+02 6.737100124359130859e+00
5.741920166015625000e+02 3.168569946289062500e+02 5.730020141601562500e+02 3.292430114746093750e+02
6.123109741210937500e+02 4.436470031738281250e+01 6.111199951171875000e+02 1.381309967041015625e+02
2.330619964599609375e+02 3.069159851074218750e+02 2.341139984130859375e+02 2.443919982910156250e+02
6.311750030517578125e+01 2.296470031738281250e+02 1.356230010986328125e+02 2.290870056152343750e+02
5.516359863281250000e+02 2.379010009765625000e+02 5.643369750976562500e+02 2.243390045166015625e+02
2.855050048828125000e+02 4.463339996337890625e+01 2.542570037841796875e+02 4.839929962158203125e+01
1.179199981689453125e+02 1.759290008544921875e+02 1.095869979858398438e+02 1.703099975585937500e+02
2.881130065917968750e+02 2.928039932250976562e+01 2.142920074462890625e+02 3.872249984741210938e+01
5.106289978027343750e+02 2.348110046386718750e+02 4.893729858398437500e+02 2.347089996337890625e+02
5.850059814453125000e+02 4.781250000000000000e+02 5.849979858398437500e+02 4.268739929199218750e+02
3.593840026855468750e+02 3.241549987792968750e+02 4.518840026855468750e+02 3.279140014648437500e+02
5.728170013427734375e+01 3.060570068359375000e+02 6.302740097045898438e+01 2.913489990234375000e+02
1.723209991455078125e+02 1.175619964599609375e+02 1.815030059814453125e+02 1.248440017700195312e+02
1.945570068359375000e+02 3.181570129394531250e+02 1.949530029296875000e+02 3.006099853515625000e+02
5.799370117187500000e+02 3.767950134277343750e+02 5.877600097656250000e+02 3.091879882812500000e+02
5.490300292968750000e+02 4.735029907226562500e+02 5.544270019531250000e+02 4.694450073242187500e+02
5.233720092773437500e+02 2.093730010986328125e+02 5.233029785156250000e+02 2.381219940185546875e+02
1.917319946289062500e+02 3.006220092773437500e+02 1.917749938964843750e+02 3.143750000000000000e+02
1.393739929199218750e+02 2.291410064697265625e+02 1.493739929199218750e+02 2.291109924316406250e+02
3.584200134277343750e+02 3.190450134277343750e+02 3.637219848632812500e+02 3.037170104980468750e+02
2.521979980468750000e+02 4.813880157470703125e+01 2.526250000000000000e+02 3.810369873046875000e+01
3.731010131835937500e+02 2.553120040893554688e+01 3.724540100097656250e+02 3.432559967041015625e+01
8.570189666748046875e+01 3.787820129394531250e+02 5.956689834594726562e+01 3.753940124511718750e+02
4.213179931640625000e+02 1.687350082397460938e+01 4.212780151367187500e+02 3.187339973449707031e+01
2.490540008544921875e+02 3.809849929809570312e+01 2.479279937744140625e+02 5.175569915771484375e+01
3.418750000000000000e+02 2.943739929199218750e+02 3.532539978027343750e+02 2.953150024414062500e+02
1.379640045166015625e+02 2.831199951171875000e+02 1.377050018310546875e+02 2.918989868164062500e+02
5.227960205078125000e+02 2.756149902343750000e+02 5.225020141601562500e+02 3.243789978027343750e+02
2.093979949951171875e+02 3.955300140380859375e+01 1.518930053710937500e+02 4.701139831542968750e+01
1.543769989013671875e+02 3.492600097656250000e+02 9.812500000000000000e+01 3.493670043945312500e+02
4.880899963378906250e+02 3.175660095214843750e+02 4.981279907226562500e+02 3.180759887695312500e+02
5.267800292968750000e+02 1.971890068054199219e+01 4.729670104980468750e+02 2.536450004577636719e+01
1.776280059814453125e+02 5.691989898681640625e+01 1.781519927978515625e+02 4.812659835815429688e+01
5.968720092773437500e+02 1.343829956054687500e+02 6.108220214843750000e+02 1.387460021972656250e+02
4.194719848632812500e+02 3.149519920349121094e+01 3.768049926757812500e+02 3.624340057373046875e+01
9.316919708251953125e+01 5.731809997558593750e+01 1.069069976806640625e+02 5.594839859008789062e+01
4.678059997558593750e+02 1.430309963226318359e+01 4.674030151367187500e+02 2.309189987182617188e+01
6.281770019531250000e+02 2.018750000000000000e+02 6.280720214843750000e+02 1.681210021972656250e+02
4.838290023803710938e+01 6.581919860839843750e+01 7.953230285644531250e+01 6.025600051879882812e+01
2.871350097656250000e+02 3.439130020141601562e+01 2.865820007324218750e+02 4.318510055541992188e+01
3.043720092773437500e+02 2.511020050048828125e+02 4.656250000000000000e+02 2.519470062255859375e+02
5.912150268554687500e+02 3.593720092773437500e+02 5.913200073242187500e+02 3.806340026855468750e+02
6.390499877929687500e+02 1.628880004882812500e+02 6.304229736328125000e+02 1.599739990234375000e+02
5.675139770507812500e+02 6.183210015296936035e-01 5.676779785156250000e+02 4.687220001220703125e+01
5.832459716796875000e+02 4.268829956054687500e+02 5.895620117187500000e+02 3.369760131835937500e+02
1.382089996337890625e+02 1.529400024414062500e+02 1.301130065917968750e+02 1.492480010986328125e+02
4.915029907226562500e+01 7.319329833984375000e+01 4.965340042114257812e+01 6.564350128173828125e+01
4.247319946289062500e+02 3.143810119628906250e+02 4.253750000000000000e+02 2.756210021972656250e+02
1.074970016479492188e+02 5.685260009765625000e+01 1.070940017700195312e+02 6.813279724121093750e+01
2.632780075073242188e+01 3.043410034179687500e+02 2.531529998779296875e+01 3.206830139160156250e+02
4.893680114746093750e+02 2.523150024414062500e+02 5.131270141601562500e+02 2.521060028076171875e+02
5.234340209960937500e+02 1.968710021972656250e+02 5.235670166015625000e+02 2.068860015869140625e+02
4.798759841918945312e+01 1.208850021362304688e+02 4.604629898071289062e+01 1.291809997558593750e+02
3.518680114746093750e+02 2.920100097656250000e+02 3.418309936523437500e+02 2.915020141601562500e+02
3.733479919433593750e+02 2.718559875488281250e+02 3.723919982910156250e+02 3.230880126953125000e+02
5.915200195312500000e+02 4.081170043945312500e+02 5.909869995117187500e+02 4.331860046386718750e+02
1.756219940185546875e+02 3.059309997558593750e+02 1.643730010986328125e+02 3.058320007324218750e+02
1.402359924316406250e+02 2.918489990234375000e+02 1.408220062255859375e+02 2.830549926757812500e+02
3.293139953613281250e+02 4.136729812622070312e+01 2.917529907226562500e+02 4.585089874267578125e+01
1.506260070800781250e+02 1.607480010986328125e+02 1.393760070800781250e+02 1.607969970703125000e+02
5.093670043945312500e+02 1.692250061035156250e+02 5.257030029296875000e+02 1.683679962158203125e+02
5.616620182991027832e-01 7.149600219726562500e+01 4.697769927978515625e+01 6.373929977416992188e+01
3.993599853515625000e+02 1.550349998474121094e+01 3.781210021972656250e+02 1.809410095214843750e+01
4.712239990234375000e+02 1.232590026855468750e+02 4.660679931640625000e+02 1.943159942626953125e+02
5.126430053710937500e+02 2.512859954833984375e+02 5.249710083007812500e+02 2.602720031738281250e+02
5.246699829101562500e+02 2.440149993896484375e+02 5.122930297851562500e+02 2.338650054931640625e+02
1.219759979248046875e+02 5.144029998779296875e+01 1.018199996948242188e+02 5.393069839477539062e+01
1.201090011596679688e+02 1.011289978027343750e+02 1.299900054931640625e+02 1.112450027465820312e+02
2.891610107421875000e+02 6.227859854698181152e-01 2.888760070800781250e+02 2.811980056762695312e+01
5.295769882202148438e+01 1.156699981689453125e+02 4.839339828491210938e+01 1.210410003662109375e+02
5.615300292968750000e+02 2.259600067138671875e+02 5.652390136718750000e+02 2.159450073242187500e+02
3.954230117797851562e+01 1.269270019531250000e+02 4.396160125732421875e+01 1.126110000610351562e+02
1.432970046997070312e+01 2.303419952392578125e+02 6.057619857788085938e+01 2.289750061035156250e+02
4.720130004882812500e+02 2.437770080566406250e+01 4.722780151367187500e+02 1.063280010223388672e+01
5.924409790039062500e+02 1.851199951171875000e+02 5.866550292968750000e+02 1.929629974365234375e+02
5.093590087890625000e+02 2.747929992675781250e+02 5.218779907226562500e+02 2.745589904785156250e+02
7.318520355224609375e+01 7.108509826660156250e+01 5.058129882812500000e+01 7.404119873046875000e+01
5.892020263671875000e+02 3.043819885253906250e+02 5.898519897460937500e+02 2.081369934082031250e+02
5.693510131835937500e+02 4.661550140380859375e+01 6.107139892578125000e+02 4.285100173950195312e+01
2.960910081863403320e+00 2.931000061035156250e+02 1.613440036773681641e+00 3.020239868164062500e+02
1.071300029754638672e+01 1.169169998168945312e+02 6.840340137481689453e+00 1.249599990844726562e+02
3.918829956054687500e+02 3.090119934082031250e+02 3.781270141601562500e+02 3.089460144042968750e+02
2.116609954833984375e+02 5.569800186157226562e+01 2.125500030517578125e+02 4.308449935913085938e+01
5.931250000000000000e+02 4.081250000000000000e+02 5.931250000000000000e+02 3.906250000000000000e+02
5.398600006103515625e+01 2.830840148925781250e+02 5.308110046386718750e+01 2.916050109863281250e+02
5.617429809570312500e+02 1.118870010375976562e+02 5.512239990234375000e+02 4.504359960556030273e-01
1.774279937744140625e+02 1.074869995117187500e+02 1.695720062255859375e+02 1.145920028686523438e+02
5.692890014648437500e+02 3.116149902343750000e+02 5.816810302734375000e+02 3.075350036621093750e+02
4.672300109863281250e+02 1.943950042724609375e+02 4.653229980468750000e+02 3.443869934082031250e+02
1.132919998168945312e+02 1.130090026855468750e+02 1.220039978027343750e+02 1.255350036621093750e+02
3.221500015258789062e+01 1.171849975585937500e+02 3.590660095214843750e+01 1.280290069580078125e+02
5.237030029296875000e+02 1.706199951171875000e+02 5.235100097656250000e+02 1.943780059814453125e+02
7.508509826660156250e+01 6.304880142211914062e+01 7.402310180664062500e+01 7.057530212402343750e+01
5.807839965820312500e+02 2.061640014648437500e+02 5.603510131835937500e+02 2.121990051269531250e+02
2.481419982910156250e+02 3.032139892578125000e+02 2.381069946289062500e+02 3.030660095214843750e+02
8.243599700927734375e+01 2.944200134277343750e+02 8.133509826660156250e+01 3.081820068359375000e+02
1.330389976501464844e+01 1.116510009765625000e+02 2.366950035095214844e+01 1.199440002441406250e+02
1.520359954833984375e+02 1.082939987182617188e+02 1.449920043945312500e+02 1.150210037231445312e+02
6.807109832763671875e+01 8.946320343017578125e+01 7.959670257568359375e+01 9.651260375976562500e+01
1.506060028076171875e+01 2.081979980468750000e+02 1.386040019989013672e+01 2.194530029296875000e+02
1.058450031280517578e+01 2.219669952392578125e+02 1.154249954223632812e+01 2.093500061035156250e+02
1.379389953613281250e+02 2.183240051269531250e+02 1.243450012207031250e+02 2.056569976806640625e+02
7.556030273437500000e+01 5.765769958496093750e+01 2.180220031738281250e+01 6.509909820556640625e+01
5.876580200195312500e+02 4.605870056152343750e+02 5.862150268554687500e+02 4.781730041503906250e+02
3.844849853515625000e+02 2.881229858398437500e+02 3.843009948730468750e+02 2.793500061035156250e+02
1.930549926757812500e+02 1.020449981689453125e+02 1.838119964599609375e+02 9.824510192871093750e+01
3.332770080566406250e+02 3.080870056152343750e+02 3.327999877929687500e+02 3.218640136718750000e+02
7.845099639892578125e+01 3.056489868164062500e+02 7.926979827880859375e+01 2.943670043945312500e+02
7.408409881591796875e+01 2.034029998779296875e+02 8.178109741210937500e+01 2.048679962158203125e+02
5.206439819335937500e+02 2.723049926757812500e+02 5.093710021972656250e+02 2.720369873046875000e+02
1.493580017089843750e+02 1.987649993896484375e+02 1.403450012207031250e+02 2.161280059814453125e+02
1.882030029296875000e+02 7.093949890136718750e+01 1.996759948730468750e+02 6.808640289306640625e+01
7.716000366210937500e+01 7.063800048828125000e+01 7.761489868164062500e+01 6.065869903564453125e+01
1.993760070800781250e+02 2.429730072021484375e+02 1.793730010986328125e+02 2.429960021972656250e+02
1.370469970703125000e+02 4.295909881591796875e+01 1.443780059814453125e+02 5.057519912719726562e+01
2.065090026855468750e+02 1.063939971923828125e+02 1.989400024414062500e+02 1.027870025634765625e+02
6.485239982604980469e+00 1.024680023193359375e+02 1.346560001373291016e+01 1.010410003662109375e+02
2.581650085449218750e+02 3.025859985351562500e+02 2.506190032958984375e+02 3.030150146484375000e+02
2.469479980468750000e+02 5.122010040283203125e+01 2.130959930419921875e+02 5.538529968261718750e+01
5.258020019531250000e+02 3.118770141601562500e+02 5.261389770507812500e+02 2.756300048828125000e+02
1.318699951171875000e+02 3.444710083007812500e+02 1.531280059814453125e+02 3.455740051269531250e+02
4.878970086574554443e-01 2.167189941406250000e+02 9.411060333251953125e+00 2.178370056152343750e+02
1.205009994506835938e+02 9.059459686279296875e+01 1.308439941406250000e+02 8.497709655761718750e+01
1.244420013427734375e+02 1.187580032348632812e+02 1.207310028076171875e+02 1.118180007934570312e+02
1.462489929199218750e+02 2.164830017089843750e+02 1.396340026855468750e+02 2.270370025634765625e+02
5.267500000000000000e+02 2.748800048828125000e+02 5.491220092773437500e+02 2.803999938964843750e+02
1.375789947509765625e+02 1.070830001831054688e+02 1.302330017089843750e+02 8.779810333251953125e+01
3.944890136718750000e+02 2.806010131835937500e+02 3.943039855957031250e+02 2.893739929199218750e+02
4.643729858398437500e+02 2.690870056152343750e+02 4.493739929199218750e+02 2.691669921875000000e+02
1.031770019531250000e+02 3.461329956054687500e+02 1.255690002441406250e+02 3.438280029296875000e+02
5.172109985351562500e+02 3.362289810180664062e+01 5.546500244140625000e+02 2.138470001220703125e+02
3.547479858398437500e+02 3.051610107421875000e+02 3.510780029296875000e+02 3.219739990234375000e+02
1.843880004882812500e+02 6.074079895019531250e+01 4.668439941406250000e+02 2.909860038757324219e+01
1.667799987792968750e+02 3.093179931640625000e+02 1.769149932861328125e+02 3.101239929199218750e+02
3.231980133056640625e+01 1.605189971923828125e+02 4.052529907226562500e+01 1.662929992675781250e+02
3.561989974975585938e+01 1.567640075683593750e+02 2.813549995422363281e+01 1.571049957275390625e+02
4.960539855957031250e+02 3.443320007324218750e+02 4.944339904785156250e+02 3.281189880371093750e+02
2.806170043945312500e+02 2.993739929199218750e+02 2.789540100097656250e+02 3.107460021972656250e+02
3.931390075683593750e+02 3.214450073242187500e+02 3.769060058593750000e+02 3.209219970703125000e+02
3.767470092773437500e+02 3.563059997558593750e+01 3.768150024414062500e+02 2.188089942932128906e+01
2.810300064086914062e+01 1.081330032348632812e+02 2.521529960632324219e+01 1.003150024414062500e+02
5.081189880371093750e+02 2.611950073242187500e+02 5.206309814453125000e+02 2.613330078125000000e+02
3.848429870605468750e+01 1.618750000000000000e+02 3.849209976196289062e+01 1.518750000000000000e+02
2.143769989013671875e+02 2.642650146484375000e+02 1.381329956054687500e+02 2.627260131835937500e+02
5.168829956054687500e+02 3.466170043945312500e+02 4.956149902343750000e+02 3.459689941406250000e+02
6.479800224304199219e+00 3.031489868164062500e+02 5.944759845733642578e+00 2.943559875488281250e+02
1.833970031738281250e+02 1.681159973144531250e+02 1.840299987792968750e+02 1.868869934082031250e+02
6.406800079345703125e+01 1.540740051269531250e+02 4.428490066528320312e+01 1.742619934082031250e+02
5.801719970703125000e+02 4.303200073242187500e+02 5.871519775390625000e+02 4.260809936523437500e+02
4.426870117187500000e+02 2.756059875488281250e+02 4.412439880371093750e+02 3.082630004882812500e+02
2.693590087890625000e+02 3.133810119628906250e+02 2.818869934082031250e+02 3.141860046386718750e+02
4.465469970703125000e+02 3.268670043945312500e+02 4.483020019531250000e+02 2.568789978027343750e+02
2.896279907226562500e+02 4.574219894409179688e+01 2.906189880371093750e+02 3.302709960937500000e+01
4.268399963378906250e+02 2.742219848632812500e+02 4.406560058593750000e+02 2.746669921875000000e+02
4.197139892578125000e+02 2.755820007324218750e+02 4.187640075683593750e+02 2.955960083007812500e+02
1.802250061035156250e+02 1.226250000000000000e+02 1.879270019531250000e+02 1.193499984741210938e+02
9.908809661865234375e+01 3.490060119628906250e+02 5.176039934158325195e-01 3.406400146484375000e+02
1.051039962768554688e+02 3.177810058593750000e+02 9.671070098876953125e+01 3.305169982910156250e+02
5.830579833984375000e+02 3.052820129394531250e+02 5.692910156250000000e+02 3.042699890136718750e+02
5.775080108642578125e+01 1.005579986572265625e+02 5.609019851684570312e+01 1.099020004272460938e+02
1.117220001220703125e+02 1.079850006103515625e+02 9.666329956054687500e+01 1.059140014648437500e+02
2.393690032958984375e+02 2.532250061035156250e+02 3.006250000000000000e+02 2.530670013427734375e+02
5.911199951171875000e+02 3.492569885253906250e+02 5.937910156250000000e+02 3.604660034179687500e+02
1.069469985961914062e+02 6.995050048828125000e+01 1.168349990844726562e+02 7.100399780273437500e+01
1.662910003662109375e+02 1.624680023193359375e+02 1.597989959716796875e+02 1.697530059814453125e+02
2.763739929199218750e+02 3.118519897460937500e+02 2.769479980468750000e+02 2.993779907226562500e+02
1.850700073242187500e+02 1.006640014648437500e+02 1.796300048828125000e+02 1.035979995727539062e+02
1.594019927978515625e+02 1.760919952392578125e+02 1.662319946289062500e+02 1.710110015869140625e+02
3.876589965820312500e+02 2.784660034179687500e+02 3.937520141601562500e+02 2.802520141601562500e+02
5.412689971923828125e+01 1.267470016479492188e+02 6.083470153808593750e+01 1.255390014648437500e+02
2.039279937744140625e+02 1.022910003662109375e+02 2.118379974365234375e+02 9.805529785156250000e+01
1.094349975585937500e+02 3.112000122070312500e+02 9.310189819335937500e+01 3.129030151367187500e+02
3.550799865722656250e+02 2.969490051269531250e+02 3.541380004882812500e+02 3.058640136718750000e+02
2.981369934082031250e+02 2.650480041503906250e+02 2.806199951171875000e+02 2.653489990234375000e+02
2.456340026855468750e+01 2.183289947509765625e+02 2.851199913024902344e+01 2.146889953613281250e+02
2.085359954833984375e+02 1.027379989624023438e+02 2.163880004882812500e+02 1.110830001831054688e+02
5.844749755859375000e+02 1.894019927978515625e+02 5.878250122070312500e+02 1.767949981689453125e+02
5.926069946289062500e+02 4.355350036621093750e+02 5.908410034179687500e+02 4.456629943847656250e+02
1.356139984130859375e+02 1.723619995117187500e+02 1.476289978027343750e+02 1.648329925537109375e+02
6.058850097656250000e+01 3.059509887695312500e+02 7.197560119628906250e+01 3.072260131835937500e+02
9.801210021972656250e+01 3.079039916992187500e+02 1.106299972534179688e+02 3.069349975585937500e+02
8.569120025634765625e+01 1.464179992675781250e+02 7.069149780273437500e+01 1.476710052490234375e+02
1.368589935302734375e+02 2.652569885253906250e+02 2.143789978027343750e+02 2.666329956054687500e+02
6.679820251464843750e+01 1.333809967041015625e+02 1.081880035400390625e+02 1.301849975585937500e+02
2.156190032958984375e+02 1.156320037841796875e+02 2.083059997558593750e+02 1.090380020141601562e+02
5.493120117187500000e+02 3.078469848632812500e+02 5.631660156250000000e+02 3.087409973144531250e+02
4.064540100097656250e+01 2.394360046386718750e+02 3.052079963684082031e+01 2.428130035400390625e+02
7.404620361328125000e+01 2.082189941406250000e+02 6.149530029296875000e+01 2.117899932861328125e+02
2.493800048828125000e+02 2.430000000000000000e+02 2.393939971923828125e+02 2.426239929199218750e+02
1.234140014648437500e+02 2.035410003662109375e+02 1.151959991455078125e+02 1.845610046386718750e+02
5.228270263671875000e+02 5.570519924163818359e+00 5.223829956054687500e+02 1.818689918518066406e+01
1.466880035400390625e+02 1.142750015258789062e+02 1.463099975585937500e+02 1.244010009765625000e+02
5.118580017089843750e+02 2.331250000000000000e+02 5.119110107421875000e+02 2.093750000000000000e+02
1.517729949951171875e+02 1.312610015869140625e+02 1.575919952392578125e+02 1.184509963989257812e+02
4.030840148925781250e+02 3.164549865722656250e+02 4.181839904785156250e+02 3.149859924316406250e+02
4.318820190429687500e+01 1.740099945068359375e+02 5.938510131835937500e+01 1.768170013427734375e+02
1.382940063476562500e+02 2.378699951171875000e+02 1.365220031738281250e+02 2.192890014648437500e+02
1.775420074462890625e+02 1.943650054931640625e+02 1.658150024414062500e+02 1.997870025634765625e+02
5.840219726562500000e+02 3.656059875488281250e+02 5.834920043945312500e+02 3.756440124511718750e+02
2.005930023193359375e+02 9.172660064697265625e+01 2.097270050048828125e+02 8.976270294189453125e+01
1.577920074462890625e+02 3.281080017089843750e+02 1.583070068359375000e+02 3.181340026855468750e+02
2.054589996337890625e+02 3.117149963378906250e+02 2.131470031738281250e+02 3.108120117187500000e+02
4.023729858398437500e+02 3.106489868164062500e+02 4.028720092773437500e+02 2.743890075683593750e+02
9.431620025634765625e+01 5.514569854736328125e+01 7.938770294189453125e+01 5.697829818725585938e+01
2.130989990234375000e+02 3.687400054931640625e+01 2.141970062255859375e+02 9.367899894714355469e+00
7.298789978027343750e+01 1.215609970092773438e+02 7.131150054931640625e+01 1.289640045166015625e+02
5.229970169067382812e+01 2.095269927978515625e+02 4.170600128173828125e+01 2.174859924316406250e+02
1.461260070800781250e+02 1.994609985351562500e+02 1.501490020751953125e+02 1.759720001220703125e+02
9.567729949951171875e+01 6.972940063476562500e+01 7.923210144042968750e+01 7.215720367431640625e+01
1.595520019531250000e+01 1.222659988403320312e+02 1.267860031127929688e+01 1.145650024414062500e+02
3.275320053100585938e+01 1.884859924316406250e+02 3.678030014038085938e+01 1.811380004882812500e+02
4.594369888305664062e+01 1.245709991455078125e+02 4.100320053100585938e+01 1.325879974365234375e+02
2.080879974365234375e+02 1.718699951171875000e+02 2.180789947509765625e+02 1.721710052490234375e+02
4.419169921875000000e+02 3.237449951171875000e+02 4.256570129394531250e+02 3.226530151367187500e+02
4.043680114746093750e+02 2.739280090332031250e+02 4.181279907226562500e+02 2.740509948730468750e+02
1.518750000000000000e+02 6.689589691162109375e+01 1.431049957275390625e+02 6.706300354003906250e+01
5.964329833984375000e+02 1.730989990234375000e+02 5.948839721679687500e+02 3.506189880371093750e+02
2.368710021972656250e+02 2.671979980468750000e+02 2.956279907226562500e+02 2.678680114746093750e+02
1.883470001220703125e+02 1.196829986572265625e+02 1.956600036621093750e+02 1.144240036010742188e+02
5.135120239257812500e+02 3.846659851074218750e+02 4.984689941406250000e+02 4.046340026855468750e+02
1.833779907226562500e+01 2.806310119628906250e+02 1.765299987792968750e+01 3.043970031738281250e+02
3.742810058593750000e+02 1.860540008544921875e+01 2.930169982910156250e+02 2.848570060729980469e+01
6.487169647216796875e+01 1.296150054931640625e+02 6.267470169067382812e+01 1.341569976806640625e+02
2.062189941406250000e+02 9.426139831542968750e+01 2.119299926757812500e+02 9.674849700927734375e+01
3.102910041809082031e+01 9.503679656982421875e+01 3.704180145263671875e+01 1.027220001220703125e+02
1.407740020751953125e+02 1.893049926757812500e+02 1.417140045166015625e+02 2.080070037841796875e+02
5.462620239257812500e+02 5.477989912033081055e-01 5.597449951171875000e+02 1.118300018310546875e+02
4.358980178833007812e+00 2.006390075683593750e+02 8.497920036315917969e+00 2.052929992675781250e+02
1.298789978027343750e+02 8.472930145263671875e+01 1.338869934082031250e+02 7.903140258789062500e+01
2.809530067443847656e+01 2.093079986572265625e+02 2.043680000305175781e+01 2.126999969482421875e+02
1.773459930419921875e+02 1.002470016479492188e+02 1.813899993896484375e+02 9.226280212402343750e+01
3.789979858398437500e+02 3.155469970703125000e+02 3.919620056152343750e+02 3.175669860839843750e+02
3.380299987792968750e+02 3.218760070800781250e+02 3.378190002441406250e+02 3.081109924316406250e+02
5.848540039062500000e+02 2.193670043945312500e+02 5.838839721679687500e+02 3.143699951171875000e+02
5.632249755859375000e+02 2.101419982910156250e+02 5.242440185546875000e+02 4.171049892902374268e-01
2.469100036621093750e+02 2.649240112304687500e+02 2.368730010986328125e+02 2.644159851074218750e+02
4.193989868164062500e+02 3.227439880371093750e+02 4.031340026855468750e+02 3.217340087890625000e+02
2.115189971923828125e+02 1.061730003356933594e+01 2.109270019531250000e+02 3.813150024414062500e+01
1.893090057373046875e+02 8.027770233154296875e+01 2.020610046386718750e+02 7.785119628906250000e+01
1.270579986572265625e+02 1.541459960937500000e+02 1.256660003662109375e+02 1.606340026855468750e+02
1.429109954833984375e+02 3.690829849243164062e+01 1.434329986572265625e+02 2.063489913940429688e+01
9.565789794921875000e+01 2.925090026855468750e+02 8.312680053710937500e+01 2.931589965820312500e+02
2.656239929199218750e+02 2.492389984130859375e+02 2.393650054931640625e+02 2.494620056152343750e+02
3.024110107421875000e+02 2.381230010986328125e+02 3.023739929199218750e+02 2.518760070800781250e+02
1.691629981994628906e+01 1.893690032958984375e+02 1.800090026855468750e+01 1.970690002441406250e+02
2.468090057373046875e+01 9.982260131835937500e+01 3.185269927978515625e+01 9.492160034179687500e+01
5.266510009765625000e+02 2.581380004882812500e+02 5.262470092773437500e+02 2.106199951171875000e+02
6.181399917602539062e+01 3.144429931640625000e+02 8.687609863281250000e+01 3.156019897460937500e+02
3.010799865722656250e+02 2.693590087890625000e+02 3.000440063476562500e+02 3.218640136718750000e+02
2.970450134277343750e+02 4.035750122070312500e+02 3.218160095214843750e+02 3.942200012207031250e+02
3.094420051574707031e+01 2.037359924316406250e+02 4.244509887695312500e+01 2.094839935302734375e+02
2.093040008544921875e+02 3.065369873046875000e+02 2.031219940185546875e+02 3.068120117187500000e+02
5.561050033569335938e+01 2.081069946289062500e+02 6.200350189208984375e+01 2.029770050048828125e+02
1.176610031127929688e+02 3.361260070800781250e+02 1.202679977416992188e+02 3.255369873046875000e+02
1.767890014648437500e+02 1.005530014038085938e+02 1.716190032958984375e+02 1.066579971313476562e+02
2.689129943847656250e+02 2.693729858398437500e+02 2.687269897460937500e+02 3.118720092773437500e+02
6.946379852294921875e+01 1.982230072021484375e+02 7.601820373535156250e+01 1.923110046386718750e+02
3.563850097656250000e+02 2.843850097656250000e+02 3.565230102539062500e+02 2.743699951171875000e+02
3.016350097656250000e+02 2.543710021972656250e+02 3.014679870605468750e+02 2.643680114746093750e+02
3.777990112304687500e+02 1.684889984130859375e+01 3.773399963378906250e+02 6.118689775466918945e-01
3.580780029296875000e+02 2.730979919433593750e+02 3.706560058593750000e+02 2.735830078125000000e+02
2.705809936523437500e+02 3.241940002441406250e+02 3.006329956054687500e+02 3.254320068359375000e+02
1.074860000610351562e+02 1.290399932861328125e+02 1.177249984741210938e+02 1.361970062255859375e+02
2.911910095214843750e+02 2.813269996643066406e+01 2.915650024414062500e+02 6.037870049476623535e-01
3.503889846801757812e+01 1.781069946289062500e+02 2.616939926147460938e+01 1.828849945068359375e+02
5.131229858398437500e+02 3.254930114746093750e+02 5.306199951171875000e+02 3.252510070800781250e+02
4.493640136718750000e+02 2.714010009765625000e+02 4.643789978027343750e+02 2.716119995117187500e+02
4.536230087280273438e+01 1.367089996337890625e+02 5.187549972534179688e+01 1.264160003662109375e+02
2.943750000000000000e+02 3.199609985351562500e+02 2.693760070800781250e+02 3.199490051269531250e+02
2.756279907226562500e+02 2.651799926757812500e+02 2.531289978027343750e+02 2.650440063476562500e+02
5.965620117187500000e+02 3.581229858398437500e+02 5.964349975585937500e+02 3.756220092773437500e+02
1.393999938964843750e+02 1.282960052490234375e+02 1.505879974365234375e+02 1.266289978027343750e+02
2.170330047607421875e+01 2.214340057373046875e+02 1.960720062255859375e+01 2.281970062255859375e+02
1.023219985961914062e+02 3.249490051269531250e+02 1.080329971313476562e+02 3.205069885253906250e+02
6.926809787750244141e+00 2.086069946289062500e+02 4.824329912662506104e-01 2.093000030517578125e+02
1.644360046386718750e+02 3.148069953918457031e+01 1.504900054931640625e+02 3.246849822998046875e+01
5.319310302734375000e+02 1.909220069646835327e-01 5.557760009765625000e+02 1.405989990234375000e+02
4.633459854125976562e+01 6.562210083007812500e+01 4.627330017089843750e+01 7.687169647216796875e+01
1.918659973144531250e+02 7.698509979248046875e+01 1.791430053710937500e+02 7.593340301513671875e+01
4.082510070800781250e+02 2.610859985351562500e+02 3.693429870605468750e+02 2.639450073242187500e+02
1.112239990234375000e+02 1.552460021972656250e+02 1.230790023803710938e+02 1.505099945068359375e+02
1.593500061035156250e+02 3.186600036621093750e+02 1.893999938964843750e+02 3.200899963378906250e+02
6.100009918212890625e+01 2.217779998779296875e+02 6.320920181274414062e+01 2.302779998779296875e+02
1.091159973144531250e+02 1.201190032958984375e+02 1.012870025634765625e+02 1.157009963989257812e+02
4.068859863281250000e+02 6.965360164642333984e+00 4.643240051269531250e+02 1.896519958972930908e-01
3.557690124511718750e+02 2.916860046386718750e+02 3.629230041503906250e+02 2.971390075683593750e+02
3.706380004882812500e+02 3.204119873046875000e+02 3.618439941406250000e+02 3.198930053710937500e+02
1.094720001220703125e+02 5.665829849243164062e+01 1.284069976806640625e+02 5.488470077514648438e+01
5.206749877929687500e+02 3.233850097656250000e+02 5.080809936523437500e+02 3.227520141601562500e+02
3.793659973144531250e+02 1.056280040740966797e+01 4.043919982910156250e+02 6.991230010986328125e+00
8.564649963378906250e+01 1.822640075683593750e+02 6.307720184326171875e+01 1.835090026855468750e+02
2.120809936523437500e+02 3.167359924316406250e+02 2.053670043945312500e+02 3.179779968261718750e+02
3.751640014648437500e+02 6.229159832000732422e-01 3.752070007324218750e+02 1.687610054016113281e+01
1.916329956054687500e+02 3.193649902343750000e+02 1.912189941406250000e+02 3.293479919433593750e+02
1.600599975585937500e+02 7.373290252685546875e+01 1.635449981689453125e+02 8.423560333251953125e+01
1.955919952392578125e+02 3.207439880371093750e+02 2.118930053710937500e+02 3.211340026855468750e+02
2.156799926757812500e+02 2.421150054931640625e+02 2.080099945068359375e+02 2.438739929199218750e+02
3.729460144042968750e+01 1.045270004272460938e+02 3.211479949951171875e+01 1.084420013427734375e+02
3.687680053710937500e+02 2.638210144042968750e+02 3.635459899902343750e+02 2.577619934082031250e+02
5.789660034179687500e+02 3.294190063476562500e+02 5.776290283203125000e+02 3.169280090332031250e+02
8.314129638671875000e+01 4.697520065307617188e+01 1.366889953613281250e+02 3.823360061645507812e+01
3.536889851093292236e-01 3.767750167846679688e+01 2.391959991455078125e+02 -4.963789880275726318e-01
1.937010040283203125e+02 3.293949890136718750e+02 1.940549926757812500e+02 3.193640136718750000e+02
4.311410140991210938e+01 3.134989929199218750e+02 5.314199829101562500e+01 3.137919921875000000e+02
1.527550048828125000e+02 2.217220001220703125e+02 1.491210021972656250e+02 2.305200042724609375e+02
7.835510253906250000e+01 5.563809967041015625e+01 7.977880096435546875e+01 3.064800071716308594e+01
1.562979984283447266e+01 3.364750061035156250e+02 3.062759971618652344e+01 3.366549987792968750e+02
5.633129882812500000e+02 1.641869964599609375e+02 5.419559936523437500e+02 4.514490067958831787e-01
4.351330101490020752e-01 1.044680023193359375e+02 4.625639915466308594e+00 1.130019989013671875e+02
4.686529922485351562e+01 2.636470031738281250e+02 1.318589935302734375e+02 2.652179870605468750e+02
2.673619995117187500e+02 2.405720062255859375e+02 2.668389892578125000e+02 2.481219940185546875e+02
2.030570068359375000e+02 1.222210006713867188e+02 4.669110107421875000e+02 1.023550033569335938e+02
4.468810119628906250e+02 2.642640075683593750e+02 4.092229919433593750e+02 2.623179931640625000e+02
3.484189987182617188e+01 2.180350036621093750e+02 3.463159942626953125e+01 2.256670074462890625e+02
4.875580139160156250e+02 3.058859863281250000e+02 4.926640014648437500e+02 3.169869995117187500e+02
1.316219940185546875e+02 1.543260040283203125e+02 1.301759948730468750e+02 1.617879943847656250e+02
4.179500122070312500e+02 3.096749877929687500e+02 4.029960021972656250e+02 3.124249877929687500e+02
2.357230072021484375e+02 2.306490020751953125e+02 2.325910034179687500e+02 2.436000061035156250e+02
1.576210021972656250e+02 8.555560302734375000e+01 1.503990020751953125e+02 8.697109985351562500e+01
4.628930053710937500e+02 2.331179962158203125e+02 4.634939880371093750e+02 2.118849945068359375e+02
2.605910034179687500e+02 2.579880065917968750e+02 2.456049957275390625e+02 2.575239868164062500e+02
5.185300292968750000e+02 2.356260070800781250e+02 5.185930175781250000e+02 2.106230010986328125e+02
2.134040069580078125e+02 1.656799926757812500e+02 2.039989929199218750e+02 1.634810028076171875e+02
6.938500213623046875e+01 1.469400024414062500e+02 4.073699951171875000e+01 1.513520050048828125e+02
1.364969940185546875e+02 2.093769989013671875e+02 1.364340057373046875e+02 1.956210021972656250e+02
5.570880174636840820e-01 3.114159851074218750e+02 9.456130027770996094e+00 3.121799926757812500e+02
3.025150146484375000e+02 3.218880004882812500e+02 3.036140136718750000e+02 2.693850097656250000e+02
5.964350104331970215e-01 2.626809997558593750e+02 1.187660026550292969e+01 2.630809936523437500e+02
4.447349929809570312e+01 7.635459899902343750e+01 2.048559951782226562e+01 7.959210205078125000e+01
1.243850021362304688e+02 1.193679962158203125e+02 1.284960021972656250e+02 1.250149993896484375e+02
1.168799972534179688e+02 1.832019958496093750e+02 1.055970001220703125e+02 1.839689941406250000e+02
2.089440002441406250e+02 1.423119964599609375e+02 2.111510009765625000e+02 1.508130035400390625e+02
1.256200027465820312e+02 3.369419860839843750e+02 9.312529754638671875e+01 3.368080139160156250e+02
1.331519927978515625e+02 3.175960083007812500e+02 1.543470001220703125e+02 3.186709899902343750e+02
6.871109771728515625e+01 1.700709991455078125e+02 6.228910064697265625e+01 1.639409942626953125e+02
1.723659973144531250e+02 6.056700134277343750e+01 1.734199981689453125e+02 6.948780059814453125e+01
1.668300056457519531e+01 1.025630035400390625e+02 1.957760047912597656e+01 1.080169982910156250e+02
1.381280059814453125e+02 2.517409973144531250e+02 1.706139984130859375e+02 2.524040069580078125e+02
2.823150024414062500e+02 3.073380126953125000e+02 2.893819885253906250e+02 3.006319885253906250e+02
1.049619979858398438e+02 9.957610321044921875e+01 1.117389984130859375e+02 1.033679962158203125e+02
2.970580139160156250e+02 2.843779907226562500e+02 2.972699890136718750e+02 2.706119995117187500e+02
5.467470092773437500e+02 2.696099853515625000e+02 5.271129760742187500e+02 2.589370117187500000e+02
1.682460021972656250e+02 1.932729949951171875e+02 1.530350036621093750e+02 1.945879974365234375e+02
5.440110015869140625e+01 1.905460052490234375e+02 6.077909851074218750e+01 1.926600036621093750e+02
5.680369873046875000e+02 2.127590026855468750e+02 5.792399902343750000e+02 2.100650024414062500e+02
1.155830001831054688e+02 4.759909820556640625e+01 1.256070022583007812e+02 4.736209869384765625e+01
8.693650054931640625e+01 3.117789916992187500e+02 6.193170166015625000e+01 3.106359863281250000e+02
5.081700134277343750e+01 3.092980041503906250e+02 4.311420059204101562e+01 3.105589904785156250e+02
5.975419921875000000e+02 1.460619964599609375e+02 5.905059814453125000e+02 1.567969970703125000e+02
4.011830139160156250e+01 3.218599853515625000e+02 4.228549957275390625e+01 2.505989990234375000e+02
1.450679931640625000e+02 1.046019973754882812e+02 1.514649963378906250e+02 1.011210021972656250e+02
5.456970214843750000e+02 3.074710083007812500e+02 5.247360229492187500e+02 3.204389953613281250e+02
2.007239990234375000e+02 8.197959899902343750e+01 2.052570037841796875e+02 7.767240142822265625e+01
1.542899932861328125e+02 3.138689880371093750e+02 1.480079956054687500e+02 3.149289855957031250e+02
1.482019958496093750e+02 1.732640075683593750e+02 1.389689941406250000e+02 1.783950042724609375e+02
3.525920104980468750e+02 2.693269958496093750e+02 3.506919860839843750e+02 2.905190124511718750e+02
7.367590332031250000e+01 3.031499938964843750e+02 7.413189697265625000e+01 2.931140136718750000e+02
5.949470214843750000e+02 1.356029968261718750e+02 5.944290161132812500e+02 1.218259963989257812e+02
4.905329895019531250e+02 1.494349975585937500e+02 4.993269958496093750e+02 1.487519989013671875e+02
5.992910156250000000e+02 1.434259948730468750e+02 6.119140014648437500e+02 1.423110046386718750e+02
1.434539947509765625e+02 2.170859985351562500e+02 1.530410003662109375e+02 2.021790008544921875e+02
6.131079711914062500e+02 1.425410003662109375e+02 6.381599731445312500e+02 1.417980041503906250e+02
5.595660018920898438e+01 1.828630065917968750e+02 5.061970138549804688e+01 1.914029998779296875e+02
3.731350097656250000e+02 1.746410064697265625e+02 4.643999938964843750e+02 1.713220062255859375e+02
1.743910064697265625e+02 2.529680023193359375e+02 2.143820037841796875e+02 2.523780059814453125e+02
1.894389953613281250e+02 3.158630065917968750e+02 1.817920074462890625e+02 3.161910095214843750e+02
4.618840026855468750e+02 2.008079986572265625e+02 4.256589965820312500e+02 2.025700073242187500e+02
1.252740020751953125e+02 5.888079833984375000e+01 1.361979980468750000e+02 6.451290130615234375e+01
2.697219848632812500e+02 2.506320037841796875e+02 2.699880065917968750e+02 2.381380004882812500e+02
6.687660217285156250e+01 2.514409942626953125e+02 1.343760070800781250e+02 2.516829986572265625e+02
2.174720001220703125e+02 1.718049926757812500e+02 2.216600036621093750e+02 1.785579986572265625e+02
3.243739929199218750e+02 2.696080017089843750e+02 3.506239929199218750e+02 2.696839904785156250e+02
1.692899932861328125e+02 9.772709655761718750e+01 1.718450012207031250e+02 1.052080001831054688e+02
4.057189941406250000e+01 2.491399993896484375e+02 3.051969909667968750e+01 2.514080047607421875e+02
1.469960021972656250e+02 3.147550048828125000e+02 1.331649932861328125e+02 3.128359985351562500e+02
7.689880371093750000e+01 3.502789916992187500e+02 1.393619995117187500e+02 3.545639953613281250e+02
5.668400268554687500e+02 4.812590026855468750e+01 5.580969848632812500e+02 4.837400054931640625e+01
4.408070068359375000e+02 2.135469970703125000e+02 4.255950012207031250e+02 2.122180023193359375e+02
1.470699977874755859e+01 3.218779907226562500e+02 1.460949993133544922e+01 3.343869934082031250e+02
5.848489990234375000e+02 2.031009979248046875e+02 5.849140014648437500e+02 2.143789978027343750e+02
4.638100051879882812e+01 9.902159881591796875e+01 5.111429977416992188e+01 1.091460037231445312e+02
1.035869979858398438e+02 6.514170074462890625e+01 9.785119628906250000e+01 5.966149902343750000e+01
1.929810028076171875e+02 1.433309936523437500e+02 1.864329986572265625e+02 1.387570037841796875e+02
5.943909912109375000e+02 1.207799987792968750e+02 6.093889770507812500e+02 1.206060028076171875e+02
1.143730010986328125e+02 2.932690124511718750e+02 1.006090011596679688e+02 2.930920104980468750e+02
3.221019897460937500e+02 3.206270141601562500e+02 3.223919982910156250e+02 2.818699951171875000e+02
1.868489990234375000e+02 2.460379943847656250e+02 1.981329956054687500e+02 2.467400054931640625e+02
3.524639892578125000e+01 1.472630004882812500e+02 2.653059959411621094e+01 1.510910034179687500e+02
5.896110229492187500e+02 2.082160034179687500e+02 5.945939941406250000e+02 1.952290039062500000e+02
5.275440063476562500e+02 1.683769989013671875e+02 5.491279907226562500e+02 2.182319946289062500e+02
4.298759841918945312e+01 1.452720031738281250e+02 9.315480041503906250e+01 1.409720001220703125e+02
1.999799919128417969e+01 6.441799926757812500e+01 2.164290046691894531e+01 4.060900115966796875e+01
2.457369995117187500e+02 4.043579864501953125e+01 2.181479949951171875e+02 4.334500122070312500e+01
4.592940063476562500e+02 1.149110031127929688e+02 4.830239868164062500e+02 1.122310028076171875e+02
7.686540222167968750e+01 1.519850006103515625e+02 8.700630187988281250e+01 1.528690032958984375e+02
1.426280059814453125e+02 1.775619964599609375e+02 1.400870056152343750e+02 1.854519958496093750e+02
1.341230010986328125e+02 7.089279937744140625e+01 1.418470001220703125e+02 7.815480041503906250e+01
4.267239990234375000e+02 3.045480041503906250e+02 4.381000061035156250e+02 3.029490051269531250e+02
2.156159973144531250e+02 8.061699867248535156e+00 2.705369873046875000e+02 2.682889997959136963e-02
3.256239929199218750e+02 2.384850006103515625e+02 4.643760070800781250e+02 2.390500030517578125e+02
8.893099975585937500e+01 6.146009826660156250e+01 1.002929992675781250e+02 6.750039672851562500e+01
1.675919914245605469e+01 2.640239868164062500e+02 2.564360046386718750e+01 2.633819885253906250e+02
1.755959930419921875e+02 3.159349975585937500e+02 1.604940032958984375e+02 3.145400085449218750e+02
3.243750000000000000e+02 2.281269989013671875e+02 3.454750061035156250e+02 2.325839996337890625e+02
8.569809722900390625e+01 3.228510131835937500e+02 5.185699844360351562e+01 3.253850097656250000e+02
1.306329956054687500e+02 2.627900085449218750e+02 7.063649749755859375e+01 2.613840026855468750e+02
3.943269958496093750e+02 3.078699951171875000e+02 3.978009948730468750e+02 2.730929870605468750e+02
9.408900260925292969e+00 3.073059997558593750e+02 5.171769857406616211e-01 3.080060119628906250e+02
1.568470001220703125e+02 1.363289947509765625e+02 1.743659973144531250e+02 1.354389953613281250e+02
1.649770050048828125e+02 2.100769958496093750e+02 1.595420074462890625e+02 2.041119995117187500e+02
1.804819946289062500e+02 1.900000000000000000e+02 1.869649963378906250e+02 1.914839935302734375e+02
1.668780059814453125e+02 1.468739929199218750e+02 1.720769958496093750e+02 1.567689971923828125e+02
9.083699798583984375e+01 1.568919982910156250e+02 9.185040283203125000e+01 1.443730010986328125e+02
3.506350097656250000e+02 2.674599914550781250e+02 3.243720092773437500e+02 2.670509948730468750e+02
7.679170227050781250e+01 3.562210083007812500e+01 7.610359954833984375e+01 5.564139938354492188e+01
3.118739929199218750e+02 2.361940002441406250e+02 2.368739929199218750e+02 2.362769927978515625e+02
5.081130065917968750e+02 3.857789916992187500e+02 3.620629882812500000e+02 3.744479980468750000e+02
2.275099945068359375e+02 3.268850097656250000e+02 2.277209930419921875e+02 3.131189880371093750e+02
3.556250000000000000e+02 2.556419982910156250e+02 3.968739929199218750e+02 2.557870025634765625e+02
6.042050123214721680e-01 3.470729980468750000e+02 3.945069885253906250e+01 3.511539916992187500e+02
9.187899780273437500e+01 2.485449981689453125e+02 7.312339782714843750e+01 2.484550018310546875e+02
4.256279907226562500e+02 3.195899963378906250e+02 4.406430053710937500e+02 3.193710021972656250e+02
1.443329925537109375e+02 1.910379981994628906e+01 2.107200012207031250e+02 8.736459732055664062e+00
1.682749938964843750e+02 4.684999847412109375e+01 1.693529968261718750e+02 5.333629989624023438e+01
3.425840148925781250e+02 3.143320007324218750e+02 3.433789978027343750e+02 3.043949890136718750e+02
1.374609985351562500e+02 5.915510177612304688e+01 1.484589996337890625e+02 6.353760147094726562e+01
2.802059936523437500e+01 3.217820129394531250e+02 3.815370178222656250e+01 3.209939880371093750e+02
3.856159973144531250e+02 1.991269989013671875e+02 4.156199951171875000e+02 1.979819946289062500e+02
2.019479980468750000e+02 3.167619934082031250e+02 1.955820007324218750e+02 3.164200134277343750e+02
5.278930053710937500e+02 2.107790069580078125e+02 5.468499755859375000e+02 2.393919982910156250e+02
3.093320007324218750e+02 4.047000122070312500e+02 2.981059875488281250e+02 4.052210083007812500e+02
1.363979949951171875e+02 1.910789947509765625e+02 1.278750000000000000e+02 1.821130065917968750e+02
9.053079986572265625e+01 3.030920104980468750e+02 9.351210021972656250e+01 2.945090026855468750e+02
4.231480102539062500e+02 2.205930023193359375e+02 4.313399963378906250e+02 2.263820037841796875e+02
4.443720092773437500e+02 2.703420104980468750e+02 3.756400146484375000e+02 2.709800109863281250e+02
3.393469848632812500e+02 3.234540100097656250e+02 3.570379943847656250e+02 3.249570007324218750e+02
5.186190185546875000e+02 1.918760070800781250e+02 5.186439819335937500e+02 1.706260070800781250e+02
3.006539916992187500e+02 2.506860046386718750e+02 2.893800048828125000e+02 2.504140014648437500e+02
2.718760070800781250e+02 2.380670013427734375e+02 3.006400146484375000e+02 2.387079925537109375e+02
4.053049926757812500e+02 2.118750000000000000e+02 4.052959899902343750e+02 2.218750000000000000e+02
1.496199951171875000e+02 1.760339965820312500e+02 1.558760070800781250e+02 1.722940063476562500e+02
1.344010009765625000e+02 1.356100006103515625e+02 1.302700042724609375e+02 1.283260040283203125e+02
4.312020111083984375e+01 1.601920013427734375e+02 5.061930084228515625e+01 1.601089935302734375e+02
5.572930297851562500e+02 1.505639953613281250e+02 5.596989746093750000e+02 1.670110015869140625e+02
3.801199951171875000e+02 2.319109954833984375e+02 3.810889892578125000e+02 2.118970031738281250e+02
1.325189971923828125e+02 3.293500061035156250e+02 1.320039978027343750e+02 3.419309997558593750e+02
4.053930053710937500e+02 1.993769989013671875e+02 4.054779968261718750e+02 2.093760070800781250e+02
2.406239929199218750e+02 2.398170013427734375e+02 2.656239929199218750e+02 2.398899993896484375e+02
3.243750000000000000e+02 2.557960052490234375e+02 3.506250000000000000e+02 2.557449951171875000e+02
4.618760070800781250e+02 2.107220001220703125e+02 4.431279907226562500e+02 2.109160003662109375e+02
1.267070007324218750e+02 3.193659973144531250e+02 1.259219970703125000e+02 3.343250122070312500e+02
5.275689697265625000e+02 3.248590087890625000e+02 5.427410278320312500e+02 3.138460083007812500e+02
4.356239929199218750e+02 1.971089935302734375e+02 4.643779907226562500e+02 1.972030029296875000e+02
2.568139953613281250e+02 3.243680114746093750e+02 2.567749938964843750e+02 3.318680114746093750e+02
1.806239929199218750e+02 2.398049926757812500e+02 2.031239929199218750e+02 2.398529968261718750e+02
3.812000122070312500e+02 1.968780059814453125e+02 3.813020019531250000e+02 1.768719940185546875e+02
3.730130004882812500e+02 3.732909851074218750e+02 1.442120056152343750e+02 3.551820068359375000e+02
3.840320129394531250e+02 1.768690032958984375e+02 3.837019958496093750e+02 1.956349945068359375e+02
4.493599853515625000e+02 2.560100097656250000e+02 4.631380004882812500e+02 2.565520019531250000e+02
7.441889953613281250e+01 2.887359924316406250e+02 6.429499816894531250e+01 2.880400085449218750e+02
4.608380126953125000e+02 2.906400146484375000e+02 4.600350036621093750e+02 3.019219970703125000e+02
3.163240051269531250e+02 3.056589965820312500e+02 3.172489929199218750e+02 3.206019897460937500e+02
4.913210144042968750e+02 3.281700134277343750e+02 4.926560058593750000e+02 3.445150146484375000e+02
3.798210144042968750e+02 2.781069946289062500e+02 3.801700134277343750e+02 2.868930053710937500e+02
1.689430046081542969e+01 6.576679992675781250e+01 6.060780286788940430e-01 6.798609924316406250e+01
3.811820068359375000e+02 2.081309967041015625e+02 3.811000061035156250e+02 1.993710021972656250e+02
2.645090026855468750e+02 3.051180114746093750e+02 2.583599853515625000e+02 3.034890136718750000e+02
1.379969940185546875e+02 3.723170089721679688e+01 1.290529937744140625e+02 3.402220153808593750e+01
4.546879882812500000e+02 3.042630004882812500e+02 4.575010070800781250e+02 3.120989990234375000e+02
1.080889968872070312e+02 1.504270019531250000e+02 1.141370010375976562e+02 1.493229980468750000e+02
1.449929962158203125e+02 8.067710113525390625e+01 1.531040039062500000e+02 7.683020019531250000e+01
3.834320068359375000e+02 2.131199951171875000e+02 3.837130126953125000e+02 2.318849945068359375e+02
5.498790283203125000e+02 2.360099945068359375e+02 5.293469848632812500e+02 1.943890075683593750e+02
2.190630035400390625e+02 3.306329956054687500e+02 2.243569946289062500e+02 3.293030090332031250e+02
6.700679779052734375e+01 7.943990325927734375e+01 1.180949974060058594e+01 8.497160339355468750e+01
4.169490051269531250e+02 2.059720039367675781e+01 3.793599853515625000e+02 2.288500022888183594e+01
3.169460144042968750e+02 3.223909912109375000e+02 3.318070068359375000e+02 3.238299865722656250e+02
4.046419982910156250e+02 2.236770019531250000e+02 3.853689880371093750e+02 2.162940063476562500e+02
4.618840026855468750e+02 1.949299926757812500e+02 4.231239929199218750e+02 1.955809936523437500e+02
1.767010040283203125e+02 1.580740051269531250e+02 1.793480072021484375e+02 1.490019989013671875e+02
1.229970016479492188e+02 2.071940002441406250e+02 1.089980010986328125e+02 2.015619964599609375e+02
4.018729858398437500e+02 2.557669982910156250e+02 4.443819885253906250e+02 2.562430114746093750e+02
4.918689880371093750e+02 2.125310058593750000e+02 5.043789978027343750e+02 2.126399993896484375e+02
2.143760070800781250e+02 2.362400054931640625e+02 1.406260070800781250e+02 2.361730041503906250e+02
1.706790008544921875e+02 3.611000061035156250e+02 2.980880126953125000e+02 3.699159851074218750e+02
4.730610046386718750e+02 2.875959968566894531e+01 5.256439819335937500e+02 2.330489921569824219e+01
2.535059967041015625e+02 2.915190124511718750e+02 2.468639984130859375e+02 2.943500061035156250e+02
5.193970108032226562e+01 3.241619873046875000e+02 4.243870162963867188e+01 3.212720031738281250e+02
4.563429870605468750e+02 2.868800048828125000e+02 4.562449951171875000e+02 2.768689880371093750e+02
4.643739929199218750e+02 3.455440063476562500e+02 4.506250000000000000e+02 3.456770019531250000e+02
1.303090057373046875e+02 2.768609924316406250e+02 1.298549957275390625e+02 2.868970031738281250e+02
5.174910278320312500e+02 3.218779907226562500e+02 5.177369995117187500e+02 2.768729858398437500e+02
1.905330047607421875e+02 1.626170043945312500e+02 1.969940032958984375e+02 1.634179992675781250e+02
1.331360015869140625e+02 2.486799926757812500e+02 1.243690032958984375e+02 2.485460052490234375e+02
5.912360229492187500e+02 4.606140136718750000e+02 5.909400024414062500e+02 4.781300048828125000e+02
3.093039855957031250e+02 2.768919982910156250e+02 3.118139953613281250e+02 2.871940002441406250e+02
2.251540069580078125e+02 3.137919921875000000e+02 2.335010070800781250e+02 3.070440063476562500e+02
3.281279907226562500e+02 2.939990043640136719e+01 2.930450134277343750e+02 3.373020172119140625e+01
4.256229858398437500e+02 2.081499938964843750e+02 4.618750000000000000e+02 2.080769958496093750e+02
1.307320022583007812e+01 8.272329711914062500e+01 9.426380157470703125e+01 7.226170349121093750e+01
3.028870010375976562e+01 3.664700012207031250e+02 4.038010025024414062e+01 3.644200134277343750e+02
9.444979858398437500e+01 7.512059783935546875e+01 7.180149841308593750e+01 7.739219665527343750e+01
5.281160278320312500e+02 3.076279907226562500e+02 5.443790283203125000e+02 3.078160095214843750e+02
8.060759735107421875e+01 2.926700019836425781e+01 1.394409942626953125e+02 1.978420066833496094e+01
9.363530158996582031e+00 2.364089965820312500e+02 5.880810022354125977e-01 2.366250000000000000e+02
2.568720092773437500e+02 3.329530029296875000e+02 2.306470031738281250e+02 3.333469848632812500e+02
1.106380004882812500e+02 2.031150054931640625e+02 9.836309814453125000e+01 1.879320068359375000e+02
5.106260070800781250e+02 3.768630065917968750e+02 4.068869934082031250e+02 3.704360046386718750e+02
2.602140045166015625e+01 2.011419982910156250e+02 3.034939956665039062e+01 2.082920074462890625e+02
3.843659973144531250e+02 2.112779998779296875e+02 4.043800048828125000e+02 2.109709930419921875e+02
1.987799987792968750e+02 2.918049926757812500e+02 2.008419952392578125e+02 2.742539978027343750e+02
2.514360046386718750e+02 3.281759948730468750e+02 2.523769989013671875e+02 3.130780029296875000e+02
4.943550109863281250e+02 1.506660003662109375e+02 4.963150024414062500e+02 2.108470001220703125e+02
4.493269958496093750e+02 3.134020080566406250e+02 4.582430114746093750e+02 3.149410095214843750e+02
1.343159942626953125e+02 2.821229858398437500e+02 1.374649963378906250e+02 2.669979858398437500e+02
3.223519897460937500e+02 2.794159851074218750e+02 3.231159973144531250e+02 2.706239929199218750e+02
4.893739929199218750e+02 2.389290008544921875e+02 5.118750000000000000e+02 2.389519958496093750e+02
3.181730041503906250e+02 2.930740051269531250e+02 3.178529968261718750e+02 3.006659851074218750e+02
4.668559875488281250e+02 3.170310020446777344e+01 2.143079986572265625e+02 6.003129959106445312e+01
4.105660095214843750e+02 2.796459960937500000e+02 4.170520019531250000e+02 2.810639953613281250e+02
5.484420166015625000e+02 2.806289978027343750e+02 5.481630249023437500e+02 3.056250000000000000e+02
1.343730010986328125e+02 2.362850036621093750e+02 6.937390136718750000e+01 2.364589996337890625e+02
1.294010009765625000e+02 2.892590026855468750e+02 1.272710037231445312e+02 3.117940063476562500e+02
7.187069702148437500e+01 2.399210052490234375e+02 9.187930297851562500e+01 2.400780029296875000e+02
3.855589904785156250e+02 1.895180053710937500e+02 3.977619934082031250e+02 1.951600036621093750e+02
4.874800109863281250e+02 2.493769989013671875e+02 4.875140075683593750e+02 2.406230010986328125e+02
1.323119964599609375e+02 3.045830078125000000e+02 1.349640045166015625e+02 2.830440063476562500e+02
4.018750000000000000e+02 3.668609924316406250e+02 3.756300048828125000e+02 3.672149963378906250e+02
2.081990051269531250e+02 6.133039855957031250e+01 1.893919982910156250e+02 6.329119873046875000e+01
4.975320129394531250e+02 2.156170043945312500e+02 4.973139953613281250e+02 2.319479980468750000e+02
4.436370086669921875e+01 6.679380035400390625e+01 2.440209960937500000e+01 6.956960296630859375e+01
8.418060302734375000e+00 3.367770080566406250e+02 1.007900047302246094e+01 3.205690002441406250e+02
1.969019927978515625e+02 2.569259948730468750e+02 2.018619995117187500e+02 2.543500061035156250e+02
2.710260009765625000e+02 2.961069946289062500e+02 2.740880126953125000e+02 3.014979858398437500e+02
4.482300186157226562e+01 2.385639953613281250e+02 3.802730178833007812e+01 2.455030059814453125e+02
2.118939971923828125e+02 3.302340087890625000e+02 1.956219940185546875e+02 3.294289855957031250e+02
9.593560028076171875e+01 2.493899993896484375e+02 9.648580169677734375e+01 2.381060028076171875e+02
4.688510131835937500e+02 1.006259994506835938e+02 4.689779968261718750e+02 3.062430000305175781e+01
2.081159973144531250e+02 1.381380004882812500e+02 2.141269989013671875e+02 1.422389984130859375e+02
1.680859947204589844e+01 1.433840026855468750e+02 2.444759941101074219e+01 1.453419952392578125e+02
5.486779785156250000e+02 2.468719940185546875e+02 5.485859985351562500e+02 2.706270141601562500e+02
5.312009811401367188e+01 3.739249877929687500e+02 3.437229919433593750e+01 3.741279907226562500e+02
4.820419921875000000e+02 2.539149932861328125e+02 4.745979919433593750e+02 2.714389953613281250e+02
4.001480102539062500e+02 2.301090049743652344e+01 4.012850036621093750e+02 3.071209907531738281e+01
2.027850036621093750e+02 2.793489990234375000e+02 2.020229949951171875e+02 2.893859863281250000e+02
5.951010131835937500e+02 1.944109954833984375e+02 5.957849731445312500e+02 1.806329956054687500e+02
4.731470031738281250e+02 1.022519989013671875e+02 5.243690185546875000e+02 9.927469635009765625e+01
2.301169967651367188e+01 3.868899917602539062e+01 7.572540283203125000e+01 2.998299980163574219e+01
4.031440124511718750e+02 2.085989990234375000e+02 3.856220092773437500e+02 2.092929992675781250e+02
4.794490051269531250e+02 1.979450073242187500e+02 4.783259887695312500e+02 2.130469970703125000e+02
4.781440124511718750e+02 2.491069946289062500e+02 4.820400085449218750e+02 2.539909973144531250e+02
5.938319702148437500e+02 4.781489868164062500e+02 5.944329833984375000e+02 4.605840148925781250e+02
4.064729919433593750e+02 2.781170043945312500e+02 4.061979980468750000e+02 2.918859863281250000e+02
4.799339904785156250e+02 2.292350006103515625e+02 4.768150024414062500e+02 2.446159973144531250e+02
2.192940063476562500e+02 1.382559967041015625e+01 2.869859924316406250e+02 3.884000062942504883e+00
3.768729858398437500e+02 3.633020019531250000e+02 3.981329956054687500e+02 3.634939880371093750e+02
1.093939971923828125e+02 3.022789916992187500e+02 1.006050033569335938e+02 3.026929931640625000e+02
4.293160095214843750e+02 2.215619964599609375e+02 4.382210083007812500e+02 2.198809967041015625e+02
4.780379943847656250e+02 1.922270050048828125e+02 4.845100097656250000e+02 1.938269958496093750e+02
5.247550048828125000e+02 2.500989990234375000e+02 5.146290283203125000e+02 2.427729949951171875e+02
2.618800048828125000e+02 2.906430053710937500e+02 2.545800018310546875e+02 2.926279907226562500e+02
4.706300048828125000e+02 3.687500000000000000e+01 4.709670104980468750e+02 9.937319946289062500e+01
1.243590011596679688e+02 2.398609924316406250e+02 1.343890075683593750e+02 2.401999969482421875e+02
4.213590087890625000e+02 1.943919982910156250e+02 4.218049926757812500e+02 1.756230010986328125e+02
5.813430023193359375e+01 1.885130004882812500e+02 8.187069702148437500e+01 1.879440002441406250e+02
5.505839843750000000e+02 3.056250000000000000e+02 5.507839965820312500e+02 2.831260070800781250e+02
2.974400024414062500e+02 2.631359863281250000e+02 2.973039855957031250e+02 2.543679962158203125e+02
4.766419982910156250e+02 2.930660095214843750e+02 4.787439880371093750e+02 3.294110107421875000e+02
3.057139892578125000e+02 2.706260070800781250e+02 3.053720092773437500e+02 2.981220092773437500e+02
3.217000122070312500e+02 2.368359985351562500e+02 3.214620056152343750e+02 2.456139984130859375e+02
2.567439880371093750e+02 3.105790100097656250e+02 2.644179992675781250e+02 3.098049926757812500e+02
5.520220184326171875e+01 2.806889953613281250e+02 5.539680099487304688e+01 2.743680114746093750e+02
5.771400070190429688e+01 2.570950012207031250e+02 4.671770095825195312e+01 2.614809875488281250e+02
4.635610046386718750e+02 1.931289978027343750e+02 4.637130126953125000e+02 1.743699951171875000e+02
1.180820007324218750e+02 3.703649902343750000e+02 1.343079986572265625e+02 3.677170104980468750e+02
4.564170074462890625e+01 3.490599975585937500e+02 7.188439941406250000e+01 3.504469909667968750e+02
1.481340026855468750e+02 3.555790100097656250e+02 1.693370056152343750e+02 3.595750122070312500e+02
6.313539886474609375e+01 2.491629943847656250e+02 4.929589843750000000e+01 2.484819946289062500e+02
5.460460205078125000e+02 2.179380035400390625e+02 5.267349853515625000e+02 1.744369964599609375e+02
4.768810119628906250e+02 2.118750000000000000e+02 4.760320129394531250e+02 2.230610046386718750e+02
4.776669921875000000e+02 1.606250000000000000e+02 4.776570129394531250e+02 1.918750000000000000e+02
9.811859893798828125e+01 1.891670074462890625e+02 6.561100006103515625e+01 1.901699981689453125e+02
5.506729736328125000e+02 2.706260070800781250e+02 5.510520019531250000e+02 2.468619995117187500e+02
4.243869934082031250e+02 1.756250000000000000e+02 4.237179870605468750e+02 1.943959960937500000e+02
8.073450088500976562e+00 3.198089904785156250e+02 5.313360095024108887e-01 3.189140014648437500e+02
1.168669967651367188e+02 3.557130126953125000e+02 1.043580017089843750e+02 3.545650024414062500e+02
2.961610107421875000e+02 3.181270141601562500e+02 2.962019958496093750e+02 3.068770141601562500e+02
4.811300048828125000e+02 2.689400024414062500e+02 4.769989929199218750e+02 2.878789978027343750e+02
5.255490112304687500e+02 2.610510063171386719e+01 4.719530029296875000e+02 3.141410064697265625e+01
1.921980094909667969e+01 4.061640167236328125e+01 1.790469932556152344e+01 6.436280059814453125e+01
4.918569946289062500e+02 1.042990016937255859e+01 4.743869934082031250e+02 1.200370025634765625e+01
6.655960083007812500e-01 4.213150024414062500e+01 1.812400054931640625e+01 3.936859893798828125e+01
4.918710021972656250e+02 2.570109863281250000e+02 5.043959960937500000e+02 2.573450012207031250e+02
2.944800109863281250e+02 3.311300048828125000e+02 2.668540039062500000e+02 3.327770080566406250e+02
4.159200134277343750e+02 1.975019989013671875e+02 3.865320129394531250e+02 1.825489959716796875e+02
4.733850097656250000e+02 3.431329956054687500e+02 4.746770019531250000e+02 3.018840026855468750e+02
2.343589935302734375e+02 1.266350021362304688e+02 2.793299865722656250e+02 1.236910018920898438e+02
5.362780151367187500e+02 1.491719970703125000e+02 5.254719848632812500e+02 1.144229965209960938e+02
5.947550048828125000e+02 4.418930053710937500e+02 5.961589965820312500e+02 4.118999938964843750e+02
1.731450042724609375e+02 2.811619873046875000e+02 1.543750000000000000e+02 2.818710021972656250e+02
1.094810028076171875e+02 1.690310058593750000e+02 9.437750244140625000e+01 1.643670043945312500e+02
2.431100006103515625e+02 3.304729919433593750e+02 2.531380004882812500e+02 3.295130004882812500e+02
2.282640075683593750e+02 2.309629974365234375e+02 2.185800018310546875e+02 2.349409942626953125e+02
2.156250000000000000e+02 1.812500000000000000e+01 2.156250000000000000e+02 3.687500000000000000e+01
5.131400146484375000e+02 2.409929962158203125e+02 4.893760070800781250e+02 2.405870056152343750e+02
2.171430015563964844e+01 2.383690032958984375e+02 1.978829956054687500e+01 2.469680023193359375e+02
2.876199951171875000e+02 2.487570037841796875e+02 2.936789855957031250e+02 2.438029937744140625e+02
1.483569946289062500e+02 2.681279907226562500e+02 1.481419982910156250e+02 2.843750000000000000e+02
1.893930053710937500e+02 3.288779907226562500e+02 1.605010070800781250e+02 3.278469848632812500e+02
5.061970138549804688e+01 2.559239959716796875e+02 6.313790130615234375e+01 2.561449890136718750e+02
2.331029968261718750e+02 3.299389953613281250e+02 2.418880004882812500e+02 3.302829895019531250e+02
2.328400039672851562e+01 3.212479858398437500e+02 1.686820030212402344e+01 3.207049865722656250e+02
1.361079978942871094e+01 3.043800048828125000e+02 1.407439994812011719e+01 2.606350097656250000e+02
8.259639739990234375e+01 3.186160087585449219e+01 8.224639892578125000e+01 4.563439941406250000e+01
3.186969909667968750e+02 2.694779968261718750e+02 3.194280090332031250e+02 2.831889953613281250e+02
5.138980102539062500e+02 2.918580017089843750e+02 5.129400024414062500e+02 3.194119873046875000e+02
5.243480224609375000e+02 3.265450134277343750e+02 5.080029907226562500e+02 3.278930053710937500e+02
4.106250000000000000e+02 2.406250000000000000e+02 3.881250000000000000e+02 2.406250000000000000e+02
4.780390014648437500e+02 1.206259994506835938e+02 4.782959899902343750e+02 1.381410064697265625e+02
2.945220031738281250e+02 6.277940273284912109e-01 2.940230102539062500e+02 2.689209938049316406e+01
4.706549987792968750e+02 1.165910034179687500e+02 4.715020141601562500e+02 1.241360015869140625e+02
1.943970031738281250e+02 1.296750030517578125e+02 2.318780059814453125e+02 1.269219970703125000e+02
9.946450042724609375e+01 3.238540039062500000e+02 9.177349853515625000e+01 3.247980041503906250e+02
4.631210021972656250e+02 2.404629974365234375e+02 4.393550109863281250e+02 2.410429992675781250e+02
4.368729858398437500e+02 2.404940032958984375e+02 4.106099853515625000e+02 2.409120025634765625e+02
6.685780334472656250e+01 2.621570129394531250e+02 5.176139831542968750e+01 2.612349853515625000e+02
2.830199890136718750e+02 1.165629982948303223e+00 2.193710021972656250e+02 1.060009956359863281e+01
1.765390014648437500e+02 2.380950012207031250e+02 1.755279998779296875e+02 2.493659973144531250e+02
1.531459960937500000e+02 3.255350036621093750e+02 1.331300048828125000e+02 3.258970031738281250e+02
6.685189819335937500e+01 3.422639846801757812e+01 3.943280029296875000e+01 3.849610137939453125e+01
2.383690071105957031e+01 4.809479904174804688e+01 2.299510002136230469e+01 6.311769866943359375e+01
4.657600097656250000e+02 1.318840026855468750e+02 4.663989868164062500e+02 1.218450012207031250e+02
5.523579711914062500e+02 4.580000000000000000e+02 5.506760253906250000e+02 4.683370056152343750e+02
1.056139984130859375e+02 2.805019950866699219e+01 8.568659973144531250e+01 3.103610038757324219e+01
1.331750030517578125e+02 2.341659927368164062e+01 1.119100036621093750e+02 2.707629966735839844e+01
