407.943 223.524 8.14273 179.698
522.987 237.295 507.972 236.618
493.875 233.931 413.116 223.129
278.836 0.00161824 64.2174 35.3209
543.084 187.173 527.046 185.546
571.658 205.359 356.446 0.531723
557 199.061 496 199.066
341.962 27.8317 309.149 0.819132
331.644 406.005 333.084 223.009
579.877 203.097 420.982 1.01459
410.409 223.993 408.736 368.997
341.007 29.048 120.177 59.2914
410.183 220.997 409.553 174.992
63.9855 201.164 28.0907 197.978
307.998 221.998 308 416
516.964 165.751 422.984 168.43
489.962 135.18 340.056 142.192
543.063 190.371 472.007 192.264
78.919 204.575 175.985 211.217
122.605 59.0288 71.8071 39.5019
553.993 201.688 498.999 202.964
523.604 331.004 524.15 239.001
509.678 239.042 505.778 355.992
367.839 381.999 368.346 310.995
524.038 171.29 424.037 174.249
152.966 209.984 150.805 477.998
544.536 241.016 541.772 345.987
74.8407 477 75.33 204.999
318.633 410.005 320.24 223.002
115.998 206.993 116.001 478
527.011 186.699 462.012 187.736
26.7711 478 27.1346 197.999
64.6962 477.999 65.3773 202.998
303.757 420.997 305.849 222.998
325.1 224.038 321.759 410.982
348.71 142.974 327.779 136.742
106.604 477.997 108.977 208
291.749 427.998 293.764 222.998
182.066 478.001 184.084 214.001
127.597 368.958 129.56 349.955
334.999 224.001 335 400
187.993 215 227.997 215
633.812 414.004 634.116 358.006
287.816 428.998 289.999 222
466.298 192.156 28.4638 37.6855
545 212.962 494.998 213.078
143.689 477.997 146.202 211.002
378.001 378.995 378 227
493.291 325.486 416.765 371.278
464.952 125.172 329.997 132.947
476.894 228.997 477.374 213.98
274.685 433.997 276.558 214.005
627.022 288.334 546.011 285.674
254.927 445.999 257.552 220.995
406.6 376.942 246.574 478.9
397.614 218.987 399.205 171.973
440.989 232.405 495.913 237.105
175.674 476.997 178.306 214.993
269.976 438 272.406 222.005
209.545 472.997 211.492 214.996
233.55 458.996 235.718 218.997
343.686 396.997 345.111 227.001
250.586 450.005 252.526 220.996
430.045 233.001 428.696 351.008
563.941 386.511 536.953 383.414
432.001 349.971 432 231
417.299 369.021 419.937 332.067
228.404 461.004 230.848 218.998
203.601 476.006 206.026 215
38.0976 394.001 38.0771 371.001
354.66 392.006 356.13 226.001
460.995 152.881 418.996 153.071
541.098 236.998 540.784 220.985
302.049 423.089 276.244 437.439
346.999 225.005 347 393
396.431 224.009 393.759 369.987
433.905 344.999 435.272 233.003
401.999 230.001 402 365
549.959 449.138 501.134 434.553
457 155.992 423.002 156.238
636 225 636 195
364.727 387.007 366.244 228.002
609.992 292.214 526.998 289.059
390.892 369.999 392.298 229.003
441.999 233 442 342.997
435.461 342.986 438.238 232.009
368.233 298.989 369.253 226.004
398.674 367.005 399.817 227.007
357.999 226.003 358 387
382.775 374.998 384.289 227.003
385.999 227 386 379.003
374.289 381.002 375.28 230.002
163 362 163 346
539.04 454.278 498.942 452.049
422.999 232 423 353
637.877 477.011 632.349 416.059
88.8154 371.99 89.5908 356.979
588.004 212.605 558.005 212.807
495.094 308.002 495.039 277
449.073 255 448.833 341.002
435.932 71.0705 363.494 1.52673
636.83 306.997 638.28 229.005
372.089 215.999 371.808 174.994
425.999 233.001 426 351.998
455.21 278.005 456.293 234.007
442.068 234.061 438.774 345.994
492.573 317.041 447.048 342.088
445.001 344.006 445 234
447 284 447 232
450.723 337.997 451.73 234.997
281.609 333.985 281.214 318.019
626.194 387.002 626.51 357.995
469 280 469 237
1.05919 44.3367 63.8324 33.0427
460.832 277.005 459.724 237.008
625.766 274.994 626.721 236.993
462 264 462 240
456.598 287.023 458.552 236.021
626.48 355.053 620.247 293.873
405.971 360 405.369 302.996
562.002 205.248 484.006 205.837
445.748 340.992 447.137 297.004
520.513 377.967 523.488 334.033
21.6905 414.999 22.423 184.998
406 290 406 230
453 290 453 335
465 277 465 248
633.866 302.998 634.305 268.991
58.9811 196.148 39.0516 193.597
629 275 629 241
494.301 358.991 494.666 330.996
634.32 475.966 630.898 444.011
379.865 27.8926 345.018 32.1493
473.01 73.1022 454.005 75.0535
271.107 55.9058 244.073 53.2581
