3.635209960937500000e+02 1.230699996948242188e+02 6.158980102539062500e+02 8.889279937744140625e+01
5.903129882812500000e+02 3.286080017089843750e+02 5.292080078125000000e+02 3.222189941406250000e+02
5.003989868164062500e+02 3.188059997558593750e+02 4.441870117187500000e+02 3.122330017089843750e+02
4.246830139160156250e+02 2.743779907226562500e+02 4.255719909667968750e+02 1.855989990234375000e+02
4.235010070800781250e+02 3.731300048828125000e+02 4.243049926757812500e+02 3.130910034179687500e+02
5.017390136718750000e+02 2.793840026855468750e+02 5.024320068359375000e+02 1.943589935302734375e+02
5.006400146484375000e+02 3.868750000000000000e+02 5.013150024414062500e+02 3.205939941406250000e+02
3.569159851074218750e+02 2.713099975585937500e+02 4.232680053710937500e+02 2.761740112304687500e+02
4.232430114746093750e+02 1.847899932861328125e+02 3.568840026855468750e+02 1.895059967041015625e+02
4.431900024414062500e+02 2.769970092773437500e+02 5.007869873046875000e+02 2.803330078125000000e+02
5.283649902343750000e+02 3.944410095214843750e+02 6.009279785156250000e+02 4.091279907226562500e+02
4.411000061035156250e+02 3.758080139160156250e+02 4.984939880371093750e+02 3.875729980468750000e+02
6.020239868164062500e+02 4.080830078125000000e+02 6.035430297851562500e+02 3.679989929199218750e+02
6.044320068359375000e+02 2.856159973144531250e+02 6.051569824218750000e+02 1.881119995117187500e+02
6.168829956054687500e+02 8.563079833984375000e+01 6.166069946289062500e+02 2.687630081176757812e+01
5.007090148925781250e+02 1.921889953613281250e+02 4.432409973144531250e+02 1.952790069580078125e+02
4.228479919433593750e+02 3.125820007324218750e+02 3.566839904785156250e+02 3.032239990234375000e+02
6.147940063476562500e+02 2.614119911193847656e+01 3.646539916992187500e+02 8.554920196533203125e+01
5.911430053710937500e+02 2.768729858398437500e+02 5.911710205078125000e+02 1.981239929199218750e+02
5.189989852905273438e+01 1.203710021972656250e+02 2.553599929809570312e+01 1.177809982299804688e+02
5.149379968643188477e-01 1.585989990234375000e+02 5.444419860839843750e+01 1.620420074462890625e+02
5.344249877929687500e+02 2.657309875488281250e+02 5.894290161132812500e+02 2.681409912109375000e+02
4.615179896354675293e-01 8.197170257568359375e+01 7.448629760742187500e+01 9.095790100097656250e+01
6.003170166015625000e+02 3.675159912109375000e+02 6.058090209960937500e+02 3.647390136718750000e+02
6.031229858398437500e+02 3.306430053710937500e+02 5.882269897460937500e+02 3.294010009765625000e+02
3.361099853515625000e+02 8.272550201416015625e+01 6.388859863281250000e+02 8.739190101623535156e+00
5.894619750976562500e+02 1.955749969482421875e+02 5.343980102539062500e+02 1.975299987792968750e+02
6.366829833984375000e+02 2.187420082092285156e+01 6.364299926757812500e+02 8.313349914550781250e+01
5.277609863281250000e+02 3.243529968261718750e+02 5.284639892578125000e+02 3.931090087890625000e+02
1.254609985351562500e+02 3.631270141601562500e+02 1.259000015258789062e+02 6.687539672851562500e+01
5.856209716796875000e+02 1.756829986572265625e+02 5.706030273437500000e+02 1.747070007324218750e+02
5.338610229492187500e+02 1.920410003662109375e+02 5.305729980468750000e+02 2.807619934082031250e+02
5.305070190429687500e+02 2.843030090332031250e+02 6.032000122070312500e+02 2.878370056152343750e+02
4.423580017089843750e+02 3.131310119628906250e+02 4.421560058593750000e+02 3.743840026855468750e+02
6.022659912109375000e+02 2.814259948730468750e+02 5.942440185546875000e+02 2.803619995117187500e+02
4.438410034179687500e+02 1.968809967041015625e+02 4.431960144042968750e+02 2.756459960937500000e+02
5.401949882507324219e-01 1.429839935302734375e+02 5.321009826660156250e+01 1.470130004882812500e+02
1.235459976196289062e+02 3.061930084228515625e+01 1.224560012817382812e+02 4.306199951171875000e+02
2.565679931640625000e+01 1.187269973754882812e+02 4.721170067787170410e-01 1.174909973144531250e+02
5.299319839477539062e+01 1.397989959716796875e+02 5.232980251312255859e-01 1.356660003662109375e+02
5.743270263671875000e+02 1.786159973144531250e+02 5.856110229492187500e+02 1.778999938964843750e+02
3.568659973144531250e+02 3.594179992675781250e+02 4.223290100097656250e+02 3.735159912109375000e+02
3.541080017089843750e+02 3.568840026855468750e+02 3.545889892578125000e+02 3.043659973144531250e+02
6.006439819335937500e+02 3.667290039062500000e+02 5.303670043945312500e+02 3.576099853515625000e+02
5.555160140991210938e+01 1.606369934082031250e+02 5.520339965820312500e+01 1.231060028076171875e+02
6.044050292968750000e+02 1.861540069580078125e+02 5.306060180664062500e+02 1.902940063476562500e+02
3.220020055770874023e+00 1.225260009765625000e+02 5.334460067749023438e+01 1.251029968261718750e+02
3.554370117187500000e+02 2.144389953613281250e+02 3.548739929199218750e+02 2.017969970703125000e+02
3.552510070800781250e+02 1.981439971923828125e+02 3.550159912109375000e+02 1.781470031738281250e+02
3.551929931640625000e+02 2.306380004882812500e+02 3.548049926757812500e+02 2.180729980468750000e+02
5.332559814453125000e+02 3.243760070800781250e+02 5.332130126953125000e+02 3.343810119628906250e+02
6.028430175781250000e+02 3.631459960937500000e+02 6.035369873046875000e+02 3.318290100097656250e+02
5.927700195312500000e+02 3.619939880371093750e+02 5.905150146484375000e+02 3.316969909667968750e+02
1.259059982299804688e+02 3.416809844970703125e+01 3.353389892578125000e+02 7.460829925537109375e+01
1.255960006713867188e+02 4.243750000000000000e+02 1.256650009155273438e+02 4.068750000000000000e+02
3.459670104980468750e+02 3.814179992675781250e+02 3.549719848632812500e+02 3.578750000000000000e+02
5.842910156250000000e+02 3.611489868164062500e+02 5.341729736328125000e+02 3.531369934082031250e+02
3.550329895019531250e+02 2.468829956054687500e+02 3.548550109863281250e+02 2.331349945068359375e+02
4.567439880371093750e+02 1.555440063476562500e+02 4.866979980468750000e+02 1.525859985351562500e+02
3.565960083007812500e+02 3.024859924316406250e+02 3.430840148925781250e+02 2.913829956054687500e+02
5.930849838256835938e+01 1.031250000000000000e+02 5.923519897460937500e+01 4.231250000000000000e+02
4.547810058593750000e+02 1.343899993896484375e+02 4.545960083007812500e+02 1.543890075683593750e+02
3.762030029296875000e+02 4.798219909667968750e+02 2.059149932861328125e+02 4.123940124511718750e+02
4.844949951171875000e+02 1.303569946289062500e+02 4.557139892578125000e+02 1.338600006103515625e+02
3.548049926757812500e+02 2.618410034179687500e+02 3.550360107421875000e+02 2.731369934082031250e+02
3.547680053710937500e+02 2.593800048828125000e+02 3.547130126953125000e+02 2.493730010986328125e+02
5.355969848632812500e+02 1.925970001220703125e+02 6.031729736328125000e+02 1.890399932861328125e+02
3.638500061035156250e+02 3.068680114746093750e+02 3.632260131835937500e+02 3.569070129394531250e+02
3.578569946289062500e+02 1.256869964599609375e+02 3.569379882812500000e+02 8.445709991455078125e+01
3.639790039062500000e+02 8.811560058593750000e+01 3.637569885253906250e+02 1.268860015869140625e+02
5.338449859619140625e+01 1.557279968261718750e+02 4.410290122032165527e-01 1.519600067138671875e+02
3.481589965820312500e+02 3.858169860839843750e+02 1.263929977416992188e+02 4.254289855957031250e+02
1.254800033569335938e+02 4.056260070800781250e+02 1.253529968261718750e+02 3.918659973144531250e+02
2.827210128307342529e-01 5.350659847259521484e+00 1.126250000000000000e+02 2.262750053405761719e+01
1.155670013427734375e+02 2.886890029907226562e+01 1.294199981689453125e+02 2.726829910278320312e+01
5.334329833984375000e+02 3.368120117187500000e+02 5.870100097656250000e+02 3.432569885253906250e+02
3.771539916992187500e+02 8.422409820556640625e+01 4.504899902343750000e+02 9.880590057373046875e+01
4.867300109863281250e+02 1.518899993896484375e+02 4.865289916992187500e+02 1.331150054931640625e+02
3.752260131835937500e+02 3.081159973144531250e+02 3.740039978027343750e+02 3.606449890136718750e+02
5.807529830932617188e+01 4.215339965820312500e+02 5.236650109291076660e-01 4.299299926757812500e+02
3.581520080566406250e+02 1.906250000000000000e+02 3.576950073242187500e+02 2.681300048828125000e+02
6.021080017089843750e-01 2.595740051269531250e+02 2.689410018920898438e+01 2.590020141601562500e+02
3.556549987792968750e+02 1.789790039062500000e+02 1.268740005493164062e+02 1.618930053710937500e+02
3.643429870605468750e+02 1.918540039062500000e+02 3.637149963378906250e+02 2.693900146484375000e+02
3.471860046386718750e+02 3.018779907226562500e+02 3.469979858398437500e+02 3.206140136718750000e+02
4.187279891967773438e+01 8.439179992675781250e+01 6.971380233764648438e+00 7.987960052490234375e+01
2.710369873046875000e+02 2.993659973144531250e+02 2.699599914550781250e+02 3.943819885253906250e+02
3.604010009765625000e+02 8.430889892578125000e+01 1.281820068359375000e+02 4.032199859619140625e+01
2.736220092773437500e+02 3.960830078125000000e+02 3.562860107421875000e+02 3.720450134277343750e+02
5.720050048828125000e+02 3.618959903717041016e+00 5.544050292968750000e+02 8.240030288696289062e+00
1.265250015258789062e+02 5.939500045776367188e+01 1.268030014038085938e+02 4.687340164184570312e+01
3.436610031127929688e+01 2.865509948730468750e+02 5.727909803390502930e-01 2.874840087890625000e+02
3.578940124511718750e+02 1.456479949951171875e+02 3.551979980468750000e+02 1.180449981689453125e+02
1.279580001831054688e+02 1.474819946289062500e+02 3.556440124511718750e+02 1.679089965820312500e+02
3.530960083007812500e+02 1.948829956054687500e+02 1.280350036621093750e+02 1.822209930419921875e+02
1.280890045166015625e+02 2.898429870605468750e+02 3.555679931640625000e+02 2.793760070800781250e+02
4.659800109863281250e+02 1.506150054931640625e+02 4.655870056152343750e+02 1.368399963378906250e+02
5.934640169143676758e-01 2.810639953613281250e+02 3.314149856567382812e+01 2.797990112304687500e+02
2.108639984130859375e+02 4.132569885253906250e+02 3.169660034179687500e+02 3.949020080566406250e+02
2.811860084533691406e+01 2.640119934082031250e+02 6.050810217857360840e-01 2.644989929199218750e+02
1.292500000000000000e+02 4.630149841308593750e+01 3.532179870605468750e+02 8.761959838867187500e+01
1.138980026245117188e+02 2.060269927978515625e+01 1.141149978637695312e+02 2.813249969482421875e+01
1.280599975585937500e+02 1.881390075683593750e+02 3.519219970703125000e+02 1.997070007324218750e+02
5.886119995117187500e+02 1.210949993133544922e+01 5.719869995117187500e+02 4.142320156097412109e+00
2.658240051269531250e+02 3.831440124511718750e+02 1.279950027465820312e+02 4.047980041503906250e+02
3.543840026855468750e+02 2.907789916992187500e+02 1.280370025634765625e+02 3.041289978027343750e+02
3.519140014648437500e+02 2.108229980468750000e+02 1.280980072021484375e+02 2.026040039062500000e+02
1.280619964599609375e+02 1.677550048828125000e+02 3.494379882812500000e+02 1.834909973144531250e+02
3.456539916992187500e+02 3.209559936523437500e+02 2.793609924316406250e+02 3.267200012207031250e+02
4.518500061035156250e+02 1.847469940185546875e+02 4.355889892578125000e+02 1.836649932861328125e+02
3.556210021972656250e+02 1.631690063476562500e+02 1.280209960937500000e+02 1.417290039062500000e+02
1.279660034179687500e+02 4.108989868164062500e+02 2.679079895019531250e+02 3.880459899902343750e+02
1.252450027465820312e+02 3.831449890136718750e+02 1.255039978027343750e+02 3.718720092773437500e+02
3.546090087890625000e+02 9.925350189208984375e+01 1.281340026855468750e+02 6.057300186157226562e+01
2.682690124511718750e+02 3.654159851074218750e+02 1.267860031127929688e+02 3.849819946289062500e+02
3.523699951171875000e+02 3.013059997558593750e+02 3.259989929199218750e+02 2.970559997558593750e+02
1.269059982299804688e+02 3.908439941406250000e+02 2.681459960937500000e+02 3.707720031738281250e+02
2.692189941406250000e+02 3.480570068359375000e+02 1.267919998168945312e+02 3.649249877929687500e+02
3.493989868164062500e+02 2.749590148925781250e+02 1.280549926757812500e+02 2.838980102539062500e+02
1.220309982299804688e+02 4.315299987792968750e+02 3.190850067138671875e+01 4.470700073242187500e+02
4.316489994525909424e-01 1.291259956359863281e+01 5.946120071411132812e+01 2.391250038146972656e+01
1.280980072021484375e+02 2.691050109863281250e+02 3.519330139160156250e+02 2.651579895019531250e+02
4.368670043945312500e+02 1.872870025634765625e+02 4.531350097656250000e+02 1.876040039062500000e+02
1.279779968261718750e+02 3.706900024414062500e+02 2.681440124511718750e+02 3.532810058593750000e+02
1.280740051269531250e+02 2.084539947509765625e+02 3.519119873046875000e+02 2.157429962158203125e+02
5.380700073242187500e+02 3.559710083007812500e+02 5.831320190429687500e+02 3.630820007324218750e+02
2.793210144042968750e+02 3.059830017089843750e+02 3.456300048828125000e+02 3.019530029296875000e+02
3.574769897460937500e+02 3.056220092773437500e+02 3.572730102539062500e+02 3.556270141601562500e+02
4.689089965820312500e+02 1.368750000000000000e+02 4.689209899902343750e+02 1.506250000000000000e+02
1.279560012817382812e+02 1.271800003051757812e+02 3.557590026855468750e+02 1.518890075683593750e+02
5.498260116577148438e+01 3.781229858398437500e+02 5.579579925537109375e+01 1.643710021972656250e+02
5.444420166015625000e+02 3.526809997558593750e+02 5.895479736328125000e+02 3.594739990234375000e+02
2.732469940185546875e+01 2.808359985351562500e+02 3.455289840698242188e+01 2.839639892578125000e+02
1.279860000610351562e+02 8.657949829101562500e+01 3.533049926757812500e+02 1.193889999389648438e+02
4.969750061035156250e+02 5.104449844360351562e+01 6.155180053710937500e+02 2.267889976501464844e+01
5.520339965820312500e+02 2.214649963378906250e+02 5.657639770507812500e+02 2.188600006103515625e+02
6.114870071411132812e+01 2.311400032043457031e+01 6.018389892578125000e+01 8.688719940185546875e+01
1.279840011596679688e+02 3.505230102539062500e+02 2.681499938964843750e+02 3.358630065917968750e+02
1.281230010986328125e+02 2.490870056152343750e+02 3.518800048828125000e+02 2.476600036621093750e+02
1.279950027465820312e+02 3.303770141601562500e+02 2.668940124511718750e+02 3.183389892578125000e+02
2.775660095214843750e+02 3.256459960937500000e+02 2.781310119628906250e+02 3.069129943847656250e+02
2.668919982910156250e+02 3.307950134277343750e+02 1.280220031738281250e+02 3.445849914550781250e+02
2.669030151367187500e+02 3.134760131835937500e+02 1.280269927978515625e+02 3.243750000000000000e+02
5.516620278358459473e-01 1.126409988403320312e+02 5.812260055541992188e+01 1.181500015258789062e+02
3.518760070800781250e+02 2.429989929199218750e+02 1.281239929199218750e+02 2.432059936523437500e+02
1.280930023193359375e+02 3.101440124511718750e+02 2.668919982910156250e+02 3.008760070800781250e+02
4.905020141601562500e+02 3.610920104980468750e+02 4.452439880371093750e+02 3.681979980468750000e+02
3.668750000000000000e+02 2.481629943847656250e+02 4.218819885253906250e+02 2.476670074462890625e+02
3.506440124511718750e+02 2.590780029296875000e+02 1.281089935302734375e+02 2.636140136718750000e+02
1.279769973754882812e+02 1.067850036621093750e+02 3.543710021972656250e+02 1.356569976806640625e+02
4.994249877929687500e+02 2.034819946289062500e+02 4.468800048828125000e+02 2.005290069580078125e+02
4.218850097656250000e+02 2.284579925537109375e+02 3.668640136718750000e+02 2.278690032958984375e+02
1.281000061035156250e+02 2.287910003662109375e+02 3.518940124511718750e+02 2.316880035400390625e+02
1.292270050048828125e+02 6.652300262451171875e+01 3.532659912109375000e+02 1.035230026245117188e+02
4.754400024414062500e+02 1.078119964599609375e+02 3.804490051269531250e+02 8.901219940185546875e+01
3.456669921875000000e+02 1.303099975585937500e+02 1.268460006713867188e+02 1.008399963378906250e+02
3.668779907226562500e+02 2.326990051269531250e+02 4.218840026855468750e+02 2.330570068359375000e+02
4.231270141601562500e+02 1.993419952392578125e+02 3.680769958496093750e+02 1.965870056152343750e+02
3.518949890136718750e+02 2.270370025634765625e+02 1.281049957275390625e+02 2.229980010986328125e+02
3.667789916992187500e+02 9.121569824218750000e+01 3.758980102539062500e+02 9.269580078125000000e+01
5.223029851913452148e-01 9.401149749755859375e+01 9.075930023193359375e+01 1.044660034179687500e+02
5.054320068359375000e+02 4.214020080566406250e+02 4.315750122070312500e+02 4.030870056152343750e+02
6.094509887695312500e+02 4.478250122070312500e+02 5.162600097656250000e+02 4.243139953613281250e+02
4.218909912109375000e+02 2.138670043945312500e+02 3.668670043945312500e+02 2.121190032958984375e+02
3.557120056152343750e+02 1.473670043945312500e+02 1.279020004272460938e+02 1.213229980468750000e+02
4.218949890136718750e+02 2.577449951171875000e+02 3.668659973144531250e+02 2.589859924316406250e+02
3.680889892578125000e+02 2.170119934082031250e+02 4.218999938964843750e+02 2.184250030517578125e+02
6.146110229492187500e+02 2.036849975585937500e+01 4.532579956054687500e+02 5.868590164184570312e+01
3.532040100097656250e+02 1.151060028076171875e+02 1.281049957275390625e+02 8.075479888916015625e+01
4.218800048828125000e+02 2.431340026855468750e+02 3.668710021972656250e+02 2.433630065917968750e+02
3.802630004882812500e+02 3.156770019531250000e+02 3.806329956054687500e+02 3.093030090332031250e+02
4.762500000000000000e+02 1.506340026855468750e+02 4.764349975585937500e+02 1.381179962158203125e+02
5.668640136718750000e+02 2.343950042724609375e+02 5.526129760742187500e+02 2.265559997558593750e+02
1.003919982910156250e+02 3.779380035400390625e+01 1.130309982299804688e+02 4.099660110473632812e+01
3.680939941406250000e+02 2.013110046386718750e+02 4.219030151367187500e+02 2.037729949951171875e+02
4.379100036621093750e+02 1.143820037841796875e+02 3.680329895019531250e+02 1.024110031127929688e+02
7.134380340576171875e+01 8.812779998779296875e+01 7.143930053710937500e+01 2.186899948120117188e+01
1.935980033874511719e+01 2.167570037841796875e+02 5.312049865722656250e+01 2.172109985351562500e+02
4.480899963378906250e+02 2.050119934082031250e+02 4.993919982910156250e+02 2.078209991455078125e+02
3.543959960937500000e+02 1.865989990234375000e+02 3.243810119628906250e+02 1.842969970703125000e+02
4.480920104980468750e+02 2.189909973144531250e+02 4.981149902343750000e+02 2.208950042724609375e+02
3.929729919433593750e+02 1.217050018310546875e+02 3.679410095214843750e+02 1.181839981079101562e+02
4.031270141601562500e+02 1.890829925537109375e+02 4.231260070800781250e+02 1.892239990234375000e+02
5.326719970703125000e+02 3.531090087890625000e+02 5.324180297851562500e+02 3.406140136718750000e+02
3.668559875488281250e+02 2.636019897460937500e+02 4.218840026855468750e+02 2.622349853515625000e+02
4.788479919433593750e+02 1.381159973144531250e+02 4.786400146484375000e+02 1.506340026855468750e+02
4.281390075683593750e+02 4.055690002441406250e+02 5.046059875488281250e+02 4.247030029296875000e+02
4.993859863281250000e+02 2.165460052490234375e+02 4.468609924316406250e+02 2.148119964599609375e+02
4.714270019531250000e+02 1.493679962158203125e+02 4.716279907226562500e+02 1.368710021972656250e+02
5.142739868164062500e+02 4.272770080566406250e+02 6.080640258789062500e+02 4.508659973144531250e+02
9.080970001220703125e+01 9.785440063476562500e+01 3.225179910659790039e-01 8.686589813232421875e+01
5.317509841918945312e+01 1.809530029296875000e+02 5.587199926376342773e-01 1.780950012207031250e+02
5.825830078125000000e+01 1.131070022583007812e+02 4.770120084285736084e-01 1.070329971313476562e+02
5.188550186157226562e+01 2.221510009765625000e+02 1.936230087280273438e+01 2.218009948730468750e+02
4.468750000000000000e+02 2.331320037841796875e+02 4.968760070800781250e+02 2.343249969482421875e+02
6.946309661865234375e+01 4.356250000000000000e+02 6.848729705810546875e+01 1.106200027465820312e+02
4.981300048828125000e+02 2.558200073242187500e+02 4.468489990234375000e+02 2.570589904785156250e+02
4.468190002441406250e+02 3.590260009765625000e+02 4.819219970703125000e+02 3.534179992675781250e+02
4.737380065917968750e+02 1.368719940185546875e+02 4.736700134277343750e+02 1.506280059814453125e+02
4.981250000000000000e+02 2.293150024414062500e+02 4.468720092773437500e+02 2.291540069580078125e+02
4.981510009765625000e+02 3.333020019531250000e+02 4.454979858398437500e+02 3.410039978027343750e+02
5.811489868164062500e+01 2.692880058288574219e+01 5.365440249443054199e-01 1.609510040283203125e+01
4.981400146484375000e+02 2.684249877929687500e+02 4.468320007324218750e+02 2.710299987792968750e+02
4.744479980468750000e+02 3.237380065917968750e+02 4.455140075683593750e+02 3.272000122070312500e+02
5.793590087890625000e+02 2.846380004882812500e+02 5.481469726562500000e+02 2.827550048828125000e+02
3.577489929199218750e+02 1.719010009765625000e+02 3.570520019531250000e+02 1.618630065917968750e+02
5.443439941406250000e+02 2.518130035400390625e+02 5.543660278320312500e+02 2.468560028076171875e+02
4.468070068359375000e+02 3.313330078125000000e+02 4.868089904785156250e+02 3.263460083007812500e+02
3.305700073242187500e+02 2.863399963378906250e+02 3.518519897460937500e+02 2.841499938964843750e+02
4.943659973144531250e+02 2.424929962158203125e+02 4.481069946289062500e+02 2.431640014648437500e+02
4.468710021972656250e+02 2.474579925537109375e+02 4.918770141601562500e+02 2.471869964599609375e+02
4.218779907226562500e+02 2.721969909667968750e+02 4.031239929199218750e+02 2.721359863281250000e+02
5.253909912109375000e+02 3.193720092773437500e+02 5.257559814453125000e+02 2.868619995117187500e+02
4.468659973144531250e+02 2.615509948730468750e+02 4.981449890136718750e+02 2.600759887695312500e+02
4.983200073242187500e+02 3.454289855957031250e+02 4.455459899902343750e+02 3.551979980468750000e+02
5.034960021972656250e+02 2.843800048828125000e+02 5.030400085449218750e+02 3.168739929199218750e+02
6.680729675292968750e+01 1.974379920959472656e+01 4.962829947471618652e-01 7.576499938964843750e+00
3.193429870605468750e+02 2.863949890136718750e+02 3.293810119628906250e+02 2.857170104980468750e+02
5.694789886474609375e+01 8.687590026855468750e+01 5.769290161132812500e+01 2.811949920654296875e+01
2.067940063476562500e+02 4.039049987792968750e+02 2.430399932861328125e+02 3.976319885253906250e+02
3.231919860839843750e+02 3.935029907226562500e+02 3.480780029296875000e+02 3.891069946289062500e+02
6.460540008544921875e+01 1.105609970092773438e+02 6.412509918212890625e+01 1.181880035400390625e+02
2.469299926757812500e+02 3.971749877929687500e+02 2.657330017089843750e+02 3.937130126953125000e+02
3.806700134277343750e+02 3.497929992675781250e+02 4.207439880371093750e+02 3.454869995117187500e+02
5.070409851074218750e+02 3.181080017089843750e+02 5.075759887695312500e+02 2.843659973144531250e+02
3.468200073242187500e+02 3.505150146484375000e+02 3.479719848632812500e+02 3.630239868164062500e+02
3.571099853515625000e+02 2.893599853515625000e+02 3.561780090332031250e+02 2.744190063476562500e+02
2.144949951171875000e+02 4.001350097656250000e+02 1.931840057373046875e+02 4.035000000000000000e+02
2.968469848632812500e+02 3.603999938964843750e+02 3.456279907226562500e+02 3.543999938964843750e+02
4.468139953613281250e+02 3.452160034179687500e+02 4.982210083007812500e+02 3.375169982910156250e+02
5.631300048828125000e+02 6.648449897766113281e-01 5.494260253906250000e+02 2.304150104522705078e+00
3.800929870605468750e+02 3.606350097656250000e+02 3.798959960937500000e+02 3.506149902343750000e+02
1.281179962158203125e+02 4.168290100097656250e+02 1.605679931640625000e+02 4.115239868164062500e+02
4.246359863281250000e+02 4.033779907226562500e+02 3.553869934082031250e+02 3.852869873046875000e+02
6.031820068359375000e+02 1.951920013427734375e+02 5.930280151367187500e+02 1.938630065917968750e+02
5.256949996948242188e+01 1.643719940185546875e+02 5.249679946899414062e+01 1.793719940185546875e+02
5.757269897460937500e+02 2.477819976806640625e+02 5.705880126953125000e+02 2.474539947509765625e+02
2.531929931640625000e+02 3.935239868164062500e+02 2.169320068359375000e+02 3.997109985351562500e+02
2.068760070800781250e+02 3.481319885253906250e+02 2.432239990234375000e+02 3.439930114746093750e+02
3.231289978027343750e+02 1.843110046386718750e+02 2.919119873046875000e+02 1.824850006103515625e+02
4.667300109863281250e+02 3.600379943847656250e+02 4.917720031738281250e+02 3.580629882812500000e+02
3.181159973144531250e+02 1.694669952392578125e+02 3.306189880371093750e+02 1.706900024414062500e+02
1.105299987792968750e+02 1.921310043334960938e+01 1.410180053710937500e+02 1.293879985809326172e+00
2.106230010986328125e+02 1.981660003662109375e+02 2.806090087890625000e+02 2.010220031738281250e+02
2.457189941406250000e+02 3.416480102539062500e+02 2.244199981689453125e+02 3.436149902343750000e+02
3.420409851074218750e+02 1.192460021972656250e+02 3.496960144042968750e+02 1.291260070800781250e+02
4.207000122070312500e+02 3.625000000000000000e+02 3.994570007324218750e+02 3.650559997558593750e+02
3.430950012207031250e+02 1.697129974365234375e+02 3.243810119628906250e+02 1.680529937744140625e+02
4.505610046386718750e+02 3.625969848632812500e+02 4.657909851074218750e+02 3.607399902343750000e+02
5.770059814453125000e+02 2.368390045166015625e+02 5.772719726562500000e+02 2.468979949951171875e+02
1.031660003662109375e+02 9.278620147705078125e+01 7.561720275878906250e+01 8.943910217285156250e+01
5.593029785156250000e+02 1.083660030364990234e+01 5.730809936523437500e+02 1.151220035552978516e+01
5.375839843750000000e+02 3.420610046386718750e+02 5.381829833984375000e+02 3.518710021972656250e+02
1.656159973144531250e+02 3.717990112304687500e+02 2.005659942626953125e+02 3.676340026855468750e+02
2.068130035400390625e+02 3.852109985351562500e+02 2.444069976806640625e+02 3.795910034179687500e+02
2.856310119628906250e+02 1.842630004882812500e+02 3.168599853515625000e+02 1.859080047607421875e+02
1.281499938964843750e+02 3.160260009765625000e+02 1.606779937744140625e+02 3.139700012207031250e+02
4.481319885253906250e+02 2.658139953613281250e+02 4.981570129394531250e+02 2.640079956054687500e+02
3.663670043945312500e+02 3.737269973754882812e+01 2.868179931640625000e+02 6.168970108032226562e+01
2.093769989013671875e+02 1.793379974365234375e+02 2.444019927978515625e+02 1.814299926757812500e+02
3.531350097656250000e+02 9.057219696044921875e+01 3.306870117187500000e+02 8.652899932861328125e+01
2.493800048828125000e+02 1.818040008544921875e+02 2.830740051269531250e+02 1.839340057373046875e+02
2.143750000000000000e+02 1.956250000000000000e+02 1.968750000000000000e+02 1.956250000000000000e+02
1.668450012207031250e+02 4.104469909667968750e+02 2.045429992675781250e+02 4.041260070800781250e+02
2.893760070800781250e+02 2.168639984130859375e+02 2.718569946289062500e+02 2.159869995117187500e+02
2.469479980468750000e+02 1.635460052490234375e+02 2.831369934082031250e+02 1.667339935302734375e+02
2.881040039062500000e+02 1.821660003662109375e+02 2.543489990234375000e+02 1.797380065917968750e+02
6.151670074462890625e+01 4.372049865722656250e+02 7.083809661865234375e+01 4.356659851074218750e+02
2.880910034179687500e+02 1.647749938964843750e+02 2.344049987792968750e+02 1.602700042724609375e+02
2.482109985351562500e+02 3.788580017089843750e+02 2.656170043945312500e+02 3.768110046386718750e+02
1.719239959716796875e+02 4.071780090332031250e+02 1.281159973144531250e+02 4.143200073242187500e+02
5.318699951171875000e+02 2.718949890136718750e+02 5.421840209960937500e+02 2.742999877929687500e+02
1.281029968261718750e+02 3.967219848632812500e+02 1.594230041503906250e+02 3.922049865722656250e+02
1.681820068359375000e+02 3.499140014648437500e+02 1.418309936523437500e+02 3.527130126953125000e+02
1.667530059814453125e+02 3.910150146484375000e+02 2.005339965820312500e+02 3.862340087890625000e+02
1.681569976806640625e+02 3.111589965820312500e+02 1.281529998779296875e+02 3.135799865722656250e+02
1.668179931640625000e+02 3.136520080566406250e+02 2.056230010986328125e+02 3.106019897460937500e+02
2.856090087890625000e+02 1.670870056152343750e+02 3.168739929199218750e+02 1.693880004882812500e+02
2.494149932861328125e+02 3.609469909667968750e+02 2.669570007324218750e+02 3.587900085449218750e+02
2.856300048828125000e+02 2.882239990234375000e+02 3.168630065917968750e+02 2.866419982910156250e+02
1.667940063476562500e+02 3.523970031738281250e+02 2.043849945068359375e+02 3.482170104980468750e+02
2.093750000000000000e+02 2.168750000000000000e+02 2.318750000000000000e+02 2.168750000000000000e+02
4.468450012207031250e+02 3.175549926757812500e+02 4.581300048828125000e+02 3.169710083007812500e+02
1.280709991455078125e+02 3.362290039062500000e+02 1.606580047607421875e+02 3.335180053710937500e+02
1.280970001220703125e+02 3.766520080566406250e+02 1.607059936523437500e+02 3.725169982910156250e+02
3.181159973144531250e+02 2.196309967041015625e+02 3.518670043945312500e+02 2.208540039062500000e+02
4.654570007324218750e+02 5.086269855499267578e+00 3.631820068359375000e+02 3.705759811401367188e+01
2.092879943847656250e+02 3.661659851074218750e+02 2.456060028076171875e+02 3.617229919433593750e+02
2.193750000000000000e+02 2.906250000000000000e+02 2.381250000000000000e+02 2.906250000000000000e+02
3.181539916992187500e+02 1.366170043945312500e+02 3.480530090332031250e+02 1.400099945068359375e+02
3.609930038452148438e+00 4.538930053710937500e+02 2.791939926147460938e+01 4.783299865722656250e+02
3.368850097656250000e+02 2.016499938964843750e+02 3.068900146484375000e+02 2.002910003662109375e+02
3.681260070800781250e+02 2.218190002441406250e+02 4.218739929199218750e+02 2.231660003662109375e+02
2.906340026855468750e+02 2.433690071105957031e+01 2.328930053710937500e+02 1.033199977874755859e+01
1.781549987792968750e+02 8.042880249023437500e+01 1.992890014648437500e+02 8.368479919433593750e+01
1.281179962158203125e+02 1.132109985351562500e+02 1.456080017089843750e+02 1.145899963378906250e+02
1.280780029296875000e+02 3.564219970703125000e+02 1.606139984130859375e+02 3.530199890136718750e+02
5.977089843750000000e+02 3.531189880371093750e+02 5.976749877929687500e+02 3.618779907226562500e+02
3.680969848632812500e+02 2.063560028076171875e+02 3.919079895019531250e+02 2.072649993896484375e+02
3.606250000000000000e+02 2.668750000000000000e+02 3.606250000000000000e+02 1.931250000000000000e+02
2.518919982910156250e+02 1.978110046386718750e+02 2.168580017089843750e+02 1.959470062255859375e+02
3.793909912109375000e+02 1.915670013427734375e+02 4.219039916992187500e+02 1.938220062255859375e+02
6.324019775390625000e+02 8.312439727783203125e+01 6.323400268554687500e+02 2.437450027465820312e+01
1.431250000000000000e+02 2.944429931640625000e+02 1.606250000000000000e+02 2.944849853515625000e+02
1.656450042724609375e+02 2.937959899902343750e+02 1.968679962158203125e+02 2.928760070800781250e+02
2.093480072021484375e+02 3.290379943847656250e+02 2.393540039062500000e+02 3.266159973144531250e+02
5.190869750976562500e+02 2.856589965820312500e+02 5.185819702148437500e+02 3.181520080566406250e+02
1.905700073242187500e+02 4.040350036621093750e+02 1.743430023193359375e+02 4.066799926757812500e+02
1.868950042724609375e+02 3.309030151367187500e+02 2.056360015869140625e+02 3.295209960937500000e+02
2.531889953613281250e+02 3.760729980468750000e+02 2.143439941406250000e+02 3.816579895019531250e+02
2.968590087890625000e+02 2.852680053710937500e+02 2.556340026855468750e+02 2.870849914550781250e+02
5.591599731445312500e+02 1.231579971313476562e+01 5.184580078125000000e+02 2.312840080261230469e+01
5.993489990234375000e+02 3.957799987792968750e+02 5.831389770507812500e+02 3.930390014648437500e+02
3.381329956054687500e+02 2.832669982910156250e+02 3.268479919433593750e+02 2.839079895019531250e+02
2.093750000000000000e+02 2.356250000000000000e+02 2.806250000000000000e+02 2.356250000000000000e+02
3.231369934082031250e+02 1.679869995117187500e+02 2.931520080566406250e+02 1.653240051269531250e+02
1.656100006103515625e+02 1.959029998779296875e+02 1.906040039062500000e+02 1.972669982910156250e+02
1.656250000000000000e+02 2.156250000000000000e+02 1.831250000000000000e+02 2.156250000000000000e+02
3.468619995117187500e+02 3.817509841918945312e+01 2.980799865722656250e+02 2.580290031433105469e+01
1.281250000000000000e+02 1.943750000000000000e+02 1.468750000000000000e+02 1.943750000000000000e+02
1.046800003051757812e+02 4.376530151367187500e+02 1.236100006103515625e+02 4.498729858398437500e+02
1.980720062255859375e+02 3.840329895019531250e+02 1.743110046386718750e+02 3.877090148925781250e+02
2.093509979248046875e+02 3.102500000000000000e+02 2.431239929199218750e+02 3.081040039062500000e+02
3.593750000000000000e+02 3.543750000000000000e+02 3.593750000000000000e+02 3.081250000000000000e+02
2.118750000000000000e+02 2.143750000000000000e+02 1.931250000000000000e+02 2.143750000000000000e+02
1.430449981689453125e+02 4.620079956054687500e+02 1.632480010986328125e+02 4.741709899902343750e+02
2.712350082397460938e+01 7.240970134735107422e+00 3.772819900512695312e+01 4.058559983968734741e-02
2.972000122070312500e+02 2.643460083007812500e+01 2.357940063476562500e+02 5.104650115966796875e+01
3.018999938964843750e+02 1.515829925537109375e+02 3.156570129394531250e+02 1.527550048828125000e+02
1.656380004882812500e+02 1.766499938964843750e+02 2.068970031738281250e+02 1.789859924316406250e+02
2.493789978027343750e+02 3.431809997558593750e+02 2.668739929199218750e+02 3.418640136718750000e+02
2.468739929199218750e+02 2.537189941406250000e+02 2.806250000000000000e+02 2.536940002441406250e+02
1.868990020751953125e+02 1.588970031738281250e+02 2.056029968261718750e+02 1.598209991455078125e+02
5.984249877929687500e+02 3.343850097656250000e+02 5.978170166015625000e+02 3.519509887695312500e+02
3.943529968261718750e+02 2.075509948730468750e+02 4.181180114746093750e+02 2.083320007324218750e+02
1.693910064697265625e+02 3.882340087890625000e+02 1.281080017089843750e+02 3.942619934082031250e+02
2.506020050048828125e+02 3.053099975585937500e+02 2.281300048828125000e+02 3.069460144042968750e+02
3.056220092773437500e+02 2.196089935302734375e+02 3.168689880371093750e+02 2.197680053710937500e+02
2.381179962158203125e+02 1.783249969482421875e+02 2.168500061035156250e+02 1.775780029296875000e+02
1.681089935302734375e+02 9.824279785156250000e+01 1.880720062255859375e+02 1.010080032348632812e+02
2.743750000000000000e+02 1.981250000000000000e+02 2.568750000000000000e+02 1.981250000000000000e+02
2.093760070800781250e+02 2.730159912109375000e+02 2.331250000000000000e+02 2.731570129394531250e+02
1.656309967041015625e+02 3.331900024414062500e+02 1.843480072021484375e+02 3.315620117187500000e+02
4.744509887695312500e+02 5.597219848632812500e+01 4.943179931640625000e+02 5.161470031738281250e+01
5.424260253906250000e+02 3.071130037307739258e+00 3.128580017089843750e+02 6.589910125732421875e+01
1.956130065917968750e+02 2.903630065917968750e+02 1.743500061035156250e+02 2.912980041503906250e+02
2.426560020446777344e+01 4.782330017089843750e+02 6.530619859695434570e-01 4.543469848632812500e+02
1.530850067138671875e+02 1.134609985351562500e+02 1.281390075683593750e+02 1.105100021362304688e+02
2.206510009765625000e+02 1.615359954833984375e+02 2.443569946289062500e+02 1.633630065917968750e+02
2.706250000000000000e+02 2.693750000000000000e+02 2.393750000000000000e+02 2.693750000000000000e+02
2.518950042724609375e+02 2.875620117187500000e+02 2.231329956054687500e+02 2.884039916992187500e+02
1.694149932861328125e+02 1.376950073242187500e+02 2.031049957275390625e+02 1.408390045166015625e+02
4.519200134277343750e+02 3.347430114746093750e+02 4.968590087890625000e+02 3.292449951171875000e+02
8.933499908447265625e+01 9.346279907226562500e+01 1.019540023803710938e+02 9.495670318603515625e+01
5.805130004882812500e+02 3.516950073242187500e+02 5.442689819335937500e+02 3.478819885253906250e+02
3.230669860839843750e+02 8.721109771728515625e+01 3.431199951171875000e+02 9.065699768066406250e+01
3.181069946289062500e+02 1.534060058593750000e+02 3.381050109863281250e+02 1.546840057373046875e+02
3.221129989624023438e+01 1.755939941406250000e+02 3.139789962768554688e+01 1.668029937744140625e+02
1.656260070800781250e+02 2.544969940185546875e+02 1.856250000000000000e+02 2.543410034179687500e+02
1.706139984130859375e+02 3.304750061035156250e+02 1.306540069580078125e+02 3.335020141601562500e+02
3.193750000000000000e+02 2.843750000000000000e+02 3.006250000000000000e+02 2.843750000000000000e+02
2.481640014648437500e+02 1.453399963378906250e+02 2.705830078125000000e+02 1.484270019531250000e+02
2.005970001220703125e+02 4.306830139160156250e+02 1.793990020751953125e+02 4.205750122070312500e+02
3.231250000000000000e+02 2.681250000000000000e+02 2.918750000000000000e+02 2.681250000000000000e+02
2.393249969482421875e+02 3.602309875488281250e+02 2.205610046386718750e+02 3.626260070800781250e+02
1.693849945068359375e+02 2.720390014648437500e+02 1.481390075683593750e+02 2.733529968261718750e+02
2.843689880371093750e+02 1.494290008544921875e+02 2.993380126953125000e+02 1.509819946289062500e+02
2.118690032958984375e+02 1.769770050048828125e+02 1.743540039062500000e+02 1.747160034179687500e+02
2.318679962158203125e+02 1.186139965057373047e+01 1.745529937744140625e+02 3.974150085449218750e+01
2.981759948730468750e+02 2.325819969177246094e+01 3.181229858398437500e+02 1.562049961090087891e+01
6.300620117187500000e+02 3.687340164184570312e+01 6.299320068359375000e+02 8.312660217285156250e+01
2.993710021972656250e+02 2.532680053710937500e+02 3.493750000000000000e+02 2.530679931640625000e+02
2.868619995117187500e+02 2.185760040283203125e+02 2.968890075683593750e+02 2.188549957275390625e+02
1.980809936523437500e+02 4.269750061035156250e+02 2.205950012207031250e+02 4.369419860839843750e+02
1.220800018310546875e+02 4.515350036621093750e+02 1.004039993286132812e+02 4.384920043945312500e+02
2.806919860839843750e+02 1.909729957580566406e+01 2.968970031738281250e+02 2.303490066528320312e+01
3.206250000000000000e+02 2.368750000000000000e+02 3.518750000000000000e+02 2.368750000000000000e+02
2.868949890136718750e+02 8.051540374755859375e+01 3.081109924316406250e+02 8.444969940185546875e+01
3.506250000000000000e+02 2.506250000000000000e+02 3.243750000000000000e+02 2.506250000000000000e+02
2.299680023193359375e+02 8.468770027160644531e+00 2.469730072021484375e+02 2.137269973754882812e+00
2.306219940185546875e+02 2.535119934082031250e+02 2.456309967041015625e+02 2.536340026855468750e+02
3.917510070800781250e+02 4.135870056152343750e+02 3.223720092773437500e+02 3.950190124511718750e+02
6.018649902343750000e+02 1.289150047302246094e+01 5.867849731445312500e+02 1.354529953002929688e+01
1.993990020751953125e+02 2.713129882812500000e+02 1.768820037841796875e+02 2.720859985351562500e+02
3.981250000000000000e+02 2.506250000000000000e+02 3.681250000000000000e+02 2.506250000000000000e+02
1.606080017089843750e+02 1.734479980468750000e+02 1.281309967041015625e+02 1.717570037841796875e+02
2.593750000000000000e+02 2.156250000000000000e+02 2.368750000000000000e+02 2.156250000000000000e+02
1.693710021972656250e+02 2.917579956054687500e+02 1.456519927978515625e+02 2.926260070800781250e+02
9.809439849853515625e+01 2.312630081176757812e+01 9.861679840087890625e+01 3.565660095214843750e+01
1.281000061035156250e+02 1.739709930419921875e+02 1.481199951171875000e+02 1.745590057373046875e+02
4.078439941406250000e+02 5.091149902343750000e+01 3.368089904785156250e+02 7.165059661865234375e+01
2.856130065917968750e+02 2.536730041503906250e+02 2.968810119628906250e+02 2.534839935302734375e+02
1.918200073242187500e+02 3.663729858398437500e+02 1.731580047607421875e+02 3.684259948730468750e+02
1.856909942626953125e+02 1.176389999389648438e+02 1.730850067138671875e+02 1.159199981689453125e+02
1.418750000000000000e+02 2.543750000000000000e+02 1.606250000000000000e+02 2.543750000000000000e+02
2.868859863281250000e+02 2.686250000000000000e+02 2.743640136718750000e+02 2.689060058593750000e+02
5.683060302734375000e+02 4.010960006713867188e+01 5.917890014648437500e+02 4.836899948120117188e+01
3.758850097656250000e+02 4.008089904785156250e+02 3.384760131835937500e+02 3.916870117187500000e+02
5.155460205078125000e+02 2.282309913635253906e+01 4.082019958496093750e+02 5.091970062255859375e+01
1.843780059814453125e+02 1.368509979248046875e+02 1.694060058593750000e+02 1.353200073242187500e+02
1.707220001220703125e+02 3.832469940185546875e+01 2.280070037841796875e+02 1.038259983062744141e+01
4.218750000000000000e+02 2.356250000000000000e+02 3.881250000000000000e+02 2.356250000000000000e+02
1.294600067138671875e+02 7.258940124511718750e+01 1.568670043945312500e+02 7.692500305175781250e+01
2.056430053710937500e+02 1.578520050048828125e+02 1.868919982910156250e+02 1.566119995117187500e+02
2.304420013427734375e+02 5.017089843750000000e+01 2.907420043945312500e+02 2.591629981994628906e+01
3.681189880371093750e+02 2.379450073242187500e+02 4.156250000000000000e+02 2.382100067138671875e+02
4.118750000000000000e+02 2.056250000000000000e+02 3.943750000000000000e+02 2.056250000000000000e+02
3.080140075683593750e+02 4.072640075683593750e+02 2.966220092773437500e+02 4.040090026855468750e+02
1.617550048828125000e+02 4.770549926757812500e+02 1.430059967041015625e+02 4.645539855957031250e+02
3.218120117187500000e+02 1.420460033416748047e+01 3.592470092773437500e+02 2.816430032253265381e-01
3.224649963378906250e+02 3.143829956054687500e+02 3.225899963378906250e+02 3.056170043945312500e+02
3.693750000000000000e+02 2.531250000000000000e+02 4.043750000000000000e+02 2.531250000000000000e+02
2.255570068359375000e+02 4.420260009765625000e+02 2.031150054931640625e+02 4.318980102539062500e+02
2.468750000000000000e+02 2.331250000000000000e+02 2.256250000000000000e+02 2.331250000000000000e+02
3.418750000000000000e+02 2.181250000000000000e+02 3.243750000000000000e+02 2.181250000000000000e+02
1.480500030517578125e+02 5.060430169105529785e-01 1.319040069580078125e+02 1.067179965972900391e+01
1.281250000000000000e+02 2.343750000000000000e+02 1.481250000000000000e+02 2.343750000000000000e+02
3.468750000000000000e+02 2.343750000000000000e+02 3.131250000000000000e+02 2.343750000000000000e+02
1.806250000000000000e+02 2.735790100097656250e+02 2.018750000000000000e+02 2.735910034179687500e+02
2.556710052490234375e+02 7.209349870681762695e-01 2.420610046386718750e+02 7.262199878692626953e+00
3.646400146484375000e+02 1.342210054397583008e+00 3.393940124511718750e+02 1.067619991302490234e+01
4.918829956054687500e+02 4.394840087890625000e+02 4.806029968261718750e+02 4.403410034179687500e+02
2.317480087280273438e+01 1.659940032958984375e+02 4.343619823455810547e+00 1.649309997558593750e+02
5.830319824218750000e+02 3.761459960937500000e+02 5.970059814453125000e+02 3.786380004882812500e+02
5.562500000000000000e+01 4.043750000000000000e+02 5.562500000000000000e+01 3.818750000000000000e+02
