590.382 411.517 555.788 437.067
479.23 424.853 468.611 408.249
620.208 395.213 535.19 478.195
256.824 349.99 331.99 342.919
249.998 352.998 206.005 359.046
493.518 359.631 481.368 375.517
407.639 339.193 527.674 321.724
575.91 145.09 565.936 135.063
514.707 340.517 254.791 391.943
95.2627 385.974 92.2414 355.976
612.167 320.995 611.921 362
362.915 358.006 360.154 317.989
469.089 410.946 470.516 386.971
590.437 409.025 591.244 395.014
479.278 425.411 465.722 434.589
60.72 456.14 5.69405 474.061
204.43 327.986 206.338 385.022
141.251 367.949 249.998 352.998
98.1513 392.992 96.5908 364.967
219 376.961 219 323.011
637.88 253.869 626.369 264.403
253.041 357.002 251.723 378.983
79.0016 391.01 2.02544 403.161
610.156 360.996 609.16 323.996
627.941 395.421 590.122 390.126
91 362 79 362
545.983 403.867 475.989 403.247
64.1016 434.52 0.974541 446.87
76.9458 363.056 1.96357 367.366
564.047 135.329 495.18 145.247
554.372 236.899 364.129 172.619
548.019 238.94 364.047 180.851
575.397 260.942 572.315 239.954
398.998 335.914 386.981 336.205
600.824 361.989 600.343 325.995
119 366.053 119 402.999
545 379.96 485 380.113
548.397 243.071 372.078 191.731
596.119 324.681 507.222 340.268
433.764 338.412 385.016 346.102
399.064 344.466 309.003 357.021
289.349 465.847 230.301 448.003
574.346 236.938 570.591 216.074
551.88 246.425 365.301 193.932
551.001 321.011 535.012 323.092
538.042 237.86 369.069 186.773
580.792 188.017 577.439 147.963
365.861 175.418 545.99 236.03
280.076 361.505 257.975 364.837
205.799 369.92 130.005 384.023
82.754 392.03 78.6741 358.039
158.976 431.218 136.036 428.673
525.043 327.315 564.132 321.936
599 375.024 597.804 326.005
380.902 337.173 359.958 339.647
614.98 396.136 593.984 393.109
521.974 440.45 468.98 437.344
46.9908 291.235 1.0224 289.43
138.978 365.33 127.96 364.599
243.849 366.092 225.037 369.22
494.08 143.878 355.867 53.2024
127.201 389.992 126.306 366.026
199.966 238.32 0.963425 217.347
551.98 264.117 483.107 252.375
239.213 405.785 162.179 426.662
533.98 268.155 484.048 261.633
555.063 275.394 499.047 269.547
309.965 478.069 276.477 461.06
353.378 12.0345 357.207 85.9895
179.96 168.178 1.09961 127.561
496.527 361.699 489.521 372.695
91.1232 60.0053 90.9414 30.0004
589.109 210.996 593.108 272.055
578.926 317.179 562.966 318.62
184.198 413.996 2.02432 450.123
547.654 214.561 358.673 128.72
550.417 212.128 362.034 121.93
598.992 227.91 585.016 229.18
639.008 353.082 619.992 354.918
544.993 357.942 494.995 358.254
611.926 402.324 592.054 397.766
259.912 469.176 223.894 473.008
4.10461 30.0042 5.28152 1.01143
554.471 219.955 361.068 132.848
587.551 382.892 583.642 399.154
116.961 385.739 101.017 388.115
557.003 416.841 477.994 415.34
287.705 478.924 258.163 469.489
274 230.999 274 168
543.946 265.334 482.913 255.541
529.953 265.304 483.962 258.251
170.043 87.8838 86.0279 56.9242
546.12 205.761 357.655 111.692
9.95203 235.607 192.996 250.03
68.0054 306.469 3.01423 307.224
618.468 351.011 617.912 323.022
583.84 378.754 566.404 390.083
567.311 423.886 565.493 402.957
550.382 214.191 362.006 124.988
552.458 376.954 550.47 357.053
80.0781 389.991 77.2651 365.969
550.207 193.655 357.131 77.7815
16.0994 222.377 1.00486 219.97
626.977 315.74 589.008 319.09
367.548 334.957 365.738 311.942
293.03 344.638 254.022 346.471
581.986 372.939 559.97 377.866
204.186 387.985 202.087 361.993
303.862 478.256 290.087 470.839
268.895 80 268.895 62
363.294 209.981 359.771 134.97
293.15 235.082 291.702 220.029
43.841 236.076 112.992 241.08
576.747 286.012 577.024 268
359.244 335.975 354.949 290.09
170.998 410.812 133.992 411.145
224.713 457.811 144.782 477.096
271.054 164 270.873 135.994
16.2266 223.562 0.0359182 230.089
86.9882 253.37 143.988 256.226
638.882 280.762 618.07 277.545
36.9942 293.207 9.98738 292.451
62.9985 303.152 41.0006 302.935
267.991 380.691 247.009 381.309
550.399 210.192 361.175 116.646
35.9957 235.043 2.93045 231.685
310.918 247.71 277.021 243.817
32.0391 258.388 16.0404 257.367
418.157 329.988 416.655 311.027
308.112 342.906 367.994 334.978
515.988 377.856 483.994 377.425
269.137 90.6052 252.102 94.452
358.554 111.995 355.758 58.0125
37.0417 223.618 19.0378 221.654
69.0269 237.69 198.997 249.019
36.006 304.869 8.00043 305.062
242.135 380.915 239.74 348.945
586.619 389.139 568.532 398.977
563.552 425.022 562.322 400.033
305.567 340.934 311.335 303.204
537.987 386.79 526.967 387.46
295.802 388.261 157.751 424.044
297.875 77.2416 268.109 61.7906
545.869 271.264 504.999 267.014
357.511 298.924 360.441 280.069
76.8464 323.071 68.7645 305.645
356.294 378.323 496.582 347.071
222.984 391.221 207.992 390.115
300.35 103.012 299.925 79.0013
143.142 129.367 110.227 121.988
41.7976 220.876 131.95 235.096
342.989 335 344.105 303.004
561.66 371.198 554.861 359.499
236.901 384.435 221.039 387.223
623.191 399.177 548.997 478.997
303.205 167.934 302.061 146.942
525.344 164.492 500.994 148.009
305.993 239.052 293.103 237.257
361.248 272.404 350.025 251.524
192.003 291.13 114.997 290.899
470.018 412.042 320.074 478.168
274 478.076 222.996 477.85
188.494 62.2323 97.8243 24.9931
528.876 195.241 357.611 106.752
308.689 176.134 275.955 167.164
37.0197 312 36.7011 287.991
311.457 321.094 315.548 301.112
557.992 394.61 530.003 395.168
205.041 476.589 179.03 478.422
305.952 76.0927 270.172 57.6653
50.9135 105.675 27.9424 111.783
91.0202 143.962 89.9466 115.039
345.165 340.969 346.336 309.012
273.99 368.753 248.036 369.845
531.961 376.574 519.021 375.691
472.205 420.43 350.27 478.567
626.301 399.28 553.103 478.096
308.091 145.745 271.159 132.555
200.892 218.769 3.01561 190.889
309.981 217.093 273.112 209.459
118.35 280.475 101.292 293.039
448.046 336.477 503.994 339.102
477 340 462 340
560.008 341.119 492.004 341.577
103.938 67.9997 104.107 30.9959
0.451314 28.5186 160.992 87.0228
301.453 96.0266 267.82 80.386
497.001 214.996 363.06 167.83
353.01 357.718 326.002 358.111
332.027 365.656 315.97 364.375
250.849 396.396 188.03 412.127
143.835 428.221 3.01497 457.063
198.907 419.695 161.366 431.196
136.902 432.538 2.02084 461.098
296.096 477.73 265.417 466.828
271.939 81.7402 249.028 87.1184
85.0179 113.934 53.1837 105.321
550.698 202.711 357.831 98.3119
545.606 197.899 359.293 95.4675
552.527 199.84 361.043 91.9238
553.752 223.582 362.07 141.835
542 227 362.997 159.008
206.951 284.106 193.125 277.73
37.0714 331.014 75.9927 327.924
286.83 360.945 283.478 309.969
633.944 363.541 613.012 366.1
316.291 385.211 250.999 402.991
523.035 180.939 360.134 87.7661
552.076 226.811 363.124 150.693
275.012 157.08 251.093 160.626
406.825 221.867 382.987 217.062
189.949 239.505 139.063 234.379
453.329 254.985 452.122 227.95
174.988 303.067 121.006 302.482
177.005 304.866 138 305.069
140.983 325.082 120.99 325.445
280.799 349.908 277.718 323.032
353.017 369.742 313.924 367.143
69.5719 21.7843 27.243 36.69
267.976 57.9144 249.05 63.1784
548.54 206.68 310.989 77.02
299.999 165.005 269.062 155.791
73.0436 272.715 61.8466 271.005
250.815 298.286 236.839 289.249
382.996 328.453 369.997 328.544
75.9714 355.669 1.01225 362.142
254.986 388.775 237.054 389.875
112.071 399.614 44.0498 407.433
254.117 456.112 226.996 458.964
89.994 144.013 9.00353 126.987
274.838 132.941 249.963 136.756
299.836 146.471 272.951 137.141
543.005 216.988 358.731 136.616
547.953 223.113 362.278 146.329
362.114 154.708 545.002 225.989
538.974 228.069 359.628 162.01
270.008 235.094 256.024 236.281
555.102 250.577 362.981 202.083
558 318 558 304
62.9684 340.565 33.9763 342.675
548.995 354.362 506.998 354.685
535.999 402.043 482.981 400.78
558.017 409.259 541.027 410.404
27.9423 36.1545 2.17632 26.5281
95.886 59.9985 96.2744 29.9906
249.308 85.0141 248.881 64.0024
0.961628 31.107 181.994 97.0172
306.451 75.9884 307.274 107.993
95.7963 147 95.8036 116
255.108 236.001 255.084 215.001
552.945 255.237 483.969 239.132
168.998 294.115 141.99 293.729
411.095 311.339 390.995 316.981
139.036 340.721 115.054 337.59
481.999 343.113 451 342.939
407.988 357.236 392.976 356.461
337.985 362 382.997 362
315.972 377.229 302.922 375.636
637.999 376.943 622.003 377.205
577.913 376.672 554.257 382.966
233.918 379.201 189.973 383.736
267.035 61.1378 252.936 64.7518
57.1675 106.565 30.1691 114.57
14.9585 133.176 1.97351 130.112
0.773191 133.04 184.997 173.001
409.702 223.017 412.204 267.993
482.998 245.027 543.999 256.972
470.822 293.557 425.889 299.104
539.996 359.928 519.005 361.087
380.001 375.009 334.003 382.991
61.0069 406.374 15.9853 407.204
174.32 66.2307 106.915 38.205
268.99 135.942 257.017 138.094
570.871 158.921 524.06 164.504
537.857 249.578 382.705 211.191
356.488 246.788 350.433 232.812
201.794 263.031 200.541 214.986
440.064 243.625 417.055 239.681
221.157 345.008 220.926 322.001
251.48 344.928 254.391 323.916
520.997 344.961 506.025 346.287
439.004 350.718 409.009 350.311
202.99 343.888 94.9815 353.799
103.984 458.928 88.0838 462.386
309.826 184.041 308.679 151.011
400.053 236.711 375.943 232.313
364.48 199.99 530.013 242.945
539.912 254.396 484.949 242.233
540.927 259.361 485.955 248.221
415.425 332.966 413.754 311.94
254.492 344.807 257.281 323.036
251.97 346.119 210 345.009
385.986 351.759 367.989 352.813
175.105 393.09 151.04 395.418
86.9628 30.0906 15.1591 0.612387
298.006 96.9882 268.522 83.0082
211.986 217.093 1.99411 185.039
452.216 276.989 449.92 232.004
443.386 274.044 441.502 247.964
475.194 283.992 473.411 242.025
119.902 344.049 91.9911 346.913
142.023 452.434 115.989 453.788
221.972 453.853 202.113 457.601
56.8508 467.433 17.2239 477.852
310.771 236.017 311.103 221.002
398.959 227.191 379.966 223.158
417.833 278.879 404.321 297.508
431 344 420 344
62.9974 348.958 37.0352 350.567
502.153 348.826 432.011 363.037
213.026 35.946 139.905 1.19993
185.172 95.4926 168.995 90.0138
393.042 249.668 378.027 247.785
205.969 452.427 180.045 453.825
173.92 457.089 59.9193 467.08
203.92 468.668 173.964 475.85
437.947 235.26 417.007 230.964
63.9411 250.914 14.9511 247.759
614.918 326.999 615.311 284.994
315.32 340.979 313.872 319.008
36.837 356.999 37.1042 324.001
123.028 450.228 100.009 453.075
198.999 456.207 171.993 456.033
258.818 458.865 209.13 466.814
169.007 462.072 81.113 470.219
96.4262 22.9528 39.4956 -0.217707
208.101 36.7936 152.288 9.41358
143.958 157.185 106.073 148.676
276 251 276 271
504.819 278.836 487.917 281.47
137.988 354.12 109.063 351.343
65.986 358.813 47.0176 360.235
484.853 363.522 343.7 407.027
301.552 105.023 274.014 92.9685
250.887 174.002 250.474 145.993
302.014 167.954 288.11 163.645
446.88 234.524 414.003 226.988
175.125 310.001 174.947 344
583.997 336.933 543.003 339.053
28.9034 345 28.8492 321
240.029 348.754 209.023 348.02
183.03 371.997 177.452 323.062
479.822 367.428 342.731 410.138
31.9974 1.00726 87.0008 23.992
23.986 97.0492 2.05012 90.8234
304.919 109.182 271.82 94.402
174.3 140.012 140.751 129.82
308.934 180.242 275.021 170.924
401.371 234.962 402.04 224.002
384.957 354.639 355.028 358.232
350.262 406.797 230.417 446.265
352.164 408.486 247.285 443.845
297.987 249.714 278.993 249.38
309.968 252.299 293.939 250.566
188.878 343.002 188.562 321.006
32.9265 336.999 33.1717 320.002
62.9005 352.266 37.9526 355.651
422.828 372.278 275.836 407.31
93.976 461.908 62.9977 461.089
58.9844 452.926 1.99258 464.965
161 466.001 118.945 470.489
143.08 156.999 142.808 129.992
159.097 344.999 158.902 308.995
445.892 428.759 402.962 447.914
107.967 475.629 79.0155 478.176
