
2.610034e+02	2.209120e+02	1.070107e+02	2.147271e+02	
5.390256e+02	232	5.110077e+02	232	
5.530185e+02	326	5.180042e+02	326	
3.219836e+02	2.023248e+02	1.039858e+02	1.912815e+02	
1.460000e+02	2.129878e+02	1.119848e+02	2.112647e+02	
2.403306e+01	211	2.010340e+00	211	
3.450289e+02	224	3.210081e+02	224	
4.559951e+02	229	4.269779e+02	229	
3.559856e+02	2.044709e+02	3.230071e+02	2.029157e+02	
1.409901e+02	1.861489e+02	1.080144e+02	1.845361e+02	
2.249882e+02	1.912198e+02	1.499915e+02	1.871582e+02	
1.689887e+02	212	1.489638e+02	212	
5.379897e+02	2.151948e+02	4.160210e+02	2.085892e+02	
3.169983e+02	1.960262e+02	2.429852e+02	1.922769e+02	
2.320342e+02	216	2.120092e+02	216	
2.569929e+02	339	2.349701e+02	339	
5.850312e+02	360	5.610104e+02	360	
3.919882e+02	4.591956e+02	3.580004e+02	4.569977e+02	
2.219939e+02	2.011179e+02	1.040034e+02	1.949343e+02	
4.499941e+02	2.049909e+02	4.290267e+02	2.034512e+02	
5.000048e+02	2.079323e+02	4.580109e+02	2.048485e+02	
6.190374e+02	396	5.990124e+02	396	
3.590149e+02	1.138762e+02	2.610614e+02	1.015018e+02	
2.803404e+01	270	6.011323e+00	270	
2.339482e+02	3.426866e+02	1.630219e+02	3.367308e+02	
3.509869e+02	1.981631e+02	3.260163e+02	1.965921e+02	
2.298465e+01	247	8.948979e+00	247	
1.949730e+02	8.025385e+01	1.370156e+02	7.385530e+01	
1.389999e+02	1.089972e+02	1.109789e+02	1.062003e+02	
2.289542e+02	1.174916e+02	1.529839e+02	1.101765e+02	
2.605474e+01	126	1.301633e+01	126	
8.898367e+01	129	7.594526e+01	129	
5.298367e+01	134	3.994526e+01	134	
2.259946e+02	1.530645e+02	1.530054e+02	1.469355e+02	
2.498367e+01	153	1.194526e+01	153	
3.398367e+01	171	2.094526e+01	171	
2.498671e+01	188	1.095104e+01	188	
4.298367e+01	189	2.994526e+01	189	
7.005474e+01	192	5.701633e+01	192	
6.098671e+01	213	4.695104e+01	213	
2.303565e+01	235	2.011858e+00	235	
1.849626e+02	6.530931e+01	1.703740e+01	4.469069e+01	
1.410424e+02	8.846590e+01	1.040026e+02	8.600572e+01	
3.570602e+02	1.164550e+02	8.698756e+01	8.711569e+01	
3.598492e+01	1.101400e+02	1.602167e+01	1.085688e+02	
6.305903e+01	110	5.101744e+01	110	
2.270016e+02	1.129810e+02	1.530260e+02	1.057276e+02	
7.105903e+01	124	5.901744e+01	124	
9.805903e+01	124	8.601744e+01	124	
4.504715e+01	131	3.101148e+01	131	
7.998256e+01	134	6.794097e+01	134	
1.219826e+02	144	1.099410e+02	144	
4.180001e+02	1.559953e+02	3.650280e+02	1.507080e+02	
8.805903e+01	159	7.601744e+01	159	
2.498602e+01	161	1.194761e+01	161	
3.405239e+01	167	2.101398e+01	167	
6.198602e+01	167	4.894761e+01	167	
7.005239e+01	169	5.701398e+01	169	
5.198602e+01	180	3.894761e+01	180	
3.789826e+02	183	3.669410e+02	183	
5.205239e+01	191	3.901398e+01	191	
9.605239e+01	191	8.301398e+01	191	
7.805903e+01	198	6.601744e+01	198	
4.205239e+01	200	2.901398e+01	200	
3.298602e+01	206	1.994761e+01	206	
7.004715e+01	207	5.601148e+01	207	
4.198602e+01	224	2.894761e+01	224	
7.804715e+01	236	6.401148e+01	236	
5.104715e+01	241	3.701148e+01	241	
2.298602e+01	243	9.947611e+00	243	
7.705903e+01	244	6.501744e+01	244	
40	291	40	291	
5.593818e+01	6.657714e+01	1.700133e+01	6.200312e+01	
1.379540e+02	8.541328e+01	2.008782e+00	6.992428e+01	
5.498526e+01	81	4.294367e+01	81	
4.129655e+02	1.163071e+02	1.459598e+02	8.635757e+01	
9.005633e+01	92	7.801474e+01	92	
1.430469e+02	9.756414e+01	1.109410e+02	9.452924e+01	
8.098807e+01	97	6.794967e+01	97	
5.507107e+01	100	4.092893e+01	100	
3.598807e+01	102	2.294967e+01	102	
2.799090e+01	1.039926e+02	1.403999e+01	1.024524e+02	
8.105633e+01	108	6.901474e+01	108	
7.198526e+01	113	5.994367e+01	113	
9.805633e+01	113	8.601474e+01	113	
5.398807e+01	115	4.094967e+01	115	
4.505033e+01	116	3.201193e+01	116	
6.396001e+01	1.185476e+02	5.000910e+01	1.170074e+02	
8.898526e+01	118	7.694367e+01	118	
4.498807e+01	120	3.194967e+01	120	
3.119879e+02	1.261156e+02	2.449800e+02	1.191911e+02	
3.605033e+01	121	2.301193e+01	121	
8.098807e+01	123	6.794967e+01	123	
3.596001e+01	1.255476e+02	2.200910e+01	1.240074e+02	
5.399090e+01	1.269926e+02	4.003999e+01	1.254524e+02	
9.798807e+01	132	8.494967e+01	132	
3.499090e+01	1.369926e+02	2.103999e+01	1.354524e+02	
7.098807e+01	139	5.794967e+01	139	
8.905033e+01	140	7.601193e+01	140	
8.005033e+01	145	6.701193e+01	145	
2.009838e+02	1.481497e+02	1.820215e+02	1.465907e+02	
3.496001e+01	1.485476e+02	2.100910e+01	1.470074e+02	
2.599090e+01	1.499926e+02	1.203999e+01	1.484524e+02	
7.105033e+01	150	5.801193e+01	150	
4.399090e+01	1.549926e+02	3.003999e+01	1.534524e+02	
9.705633e+01	154	8.501474e+01	154	
2.579813e+02	155	2.469359e+02	155	
7.905633e+01	164	6.701474e+01	164	
5.205033e+01	168	3.901193e+01	168	
8.805033e+01	170	7.501193e+01	170	
1.720648e+02	178	1.539540e+02	178	
3.396001e+01	1.795476e+02	2.000910e+01	1.780074e+02	
6.998807e+01	181	5.694967e+01	181	
9.598526e+01	188	8.394367e+01	188	
6.098807e+01	190	4.794967e+01	190	
3.299090e+01	2.259926e+02	1.903999e+01	2.244524e+02	
6.898807e+01	227	5.594967e+01	227	
2.199090e+01	2.669926e+02	8.039994e+00	2.654524e+02	
1.906406e+01	278	8.018701e+00	278	
1.919592e+02	5.352384e+01	1.790099e+02	5.200264e+01	
8.700029e+01	6.799675e+01	5.301376e+01	6.388393e+01	
1.180700e+02	71	1.080201e+02	71	
3.707647e+01	79	2.392353e+01	79	
2.805398e+01	84	1.601239e+01	84	
4.595923e+01	8.652384e+01	3.300987e+01	8.500264e+01	
2.640330e+02	8.874435e+01	2.179991e+02	8.301052e+01	
3.498761e+01	87	2.294602e+01	87	
5.539495e+02	1.143691e+02	3.540505e+02	8.663086e+01	
5.499013e+01	9.299736e+01	4.204077e+01	9.147616e+01	
7.307647e+01	94	5.992353e+01	94	
6.305398e+01	95	5.101239e+01	95	
2.319680e+02	9.829892e+01	1.450320e+02	8.870108e+01	
4.599955e+01	9.800065e+01	3.198165e+01	9.613027e+01	
3.699179e+01	9.899763e+01	2.303301e+01	9.753050e+01	
6.395923e+01	9.952384e+01	5.100987e+01	9.800264e+01	
2.349864e+02	1.071322e+02	1.530336e+02	9.866319e+01	
9.899986e+01	1.029874e+02	8.595944e+01	1.012706e+02	
121	103	121	103	
4.495923e+01	1.055238e+02	3.200987e+01	1.040026e+02	
2.695923e+01	1.075238e+02	1.400987e+01	1.060026e+02	
8.995923e+01	1.075238e+02	7.700987e+01	1.060026e+02	
3.179920e+02	1.160729e+02	2.449845e+02	1.081418e+02	
2.879634e+02	1.193833e+02	2.449989e+02	1.150191e+02	
3.519858e+02	1.201175e+02	3.269995e+02	1.170053e+02	
8.099013e+01	1.199974e+02	6.804077e+01	1.184762e+02	
6.299013e+01	1.219974e+02	5.004077e+01	1.204762e+02	
5.379791e+02	1.321715e+02	4.149914e+02	1.170705e+02	
2.595923e+01	1.305238e+02	1.300987e+01	1.290026e+02	
7.099013e+01	1.359974e+02	5.804077e+01	1.344762e+02	
9.799013e+01	1.359974e+02	8.504077e+01	1.344762e+02	
5.129997e+02	1.389955e+02	4.580512e+02	1.325406e+02	
2.599179e+01	1.419976e+02	1.203301e+01	1.405305e+02	
4.395923e+01	1.435238e+02	3.100987e+01	1.420026e+02	
5.059991e+02	1.469938e+02	4.660580e+02	1.424431e+02	
4.099681e+02	1.483676e+02	3.859918e+02	1.461012e+02	
6.199179e+01	1.559976e+02	4.803301e+01	1.545305e+02	
4.249827e+02	1.641018e+02	4.100317e+02	1.625304e+02	
2.596699e+01	1.654695e+02	1.200821e+01	1.640024e+02	
4.396699e+01	1.664695e+02	3.000821e+01	1.650024e+02	
7.895923e+01	1.685238e+02	6.600987e+01	1.670026e+02	
2.499179e+01	1.729976e+02	1.103301e+01	1.715305e+02	
3.399179e+01	1.909976e+02	2.003301e+01	1.895305e+02	
6.099179e+01	1.979976e+02	4.703301e+01	1.965305e+02	
8.795923e+01	1.975238e+02	7.500987e+01	1.960026e+02	
9.595923e+01	2.035238e+02	8.300987e+01	2.020026e+02	
8.699013e+01	2.049974e+02	7.404077e+01	2.034762e+02	
3.870381e+02	226	3.680118e+02	226	
4.999013e+01	2.499974e+02	3.704077e+01	2.484762e+02	
6.896699e+01	2.544695e+02	5.500821e+01	2.530024e+02	
5.706092e+01	255	4.601556e+01	255	
4.895923e+01	2.775238e+02	3.600987e+01	2.760026e+02	
1.939844e+02	323	1.829391e+02	323	
1.589844e+02	337	1.479391e+02	337	
327	372	327	372	
5.780440e+02	399	5.610146e+02	399	
2.649690e+02	1.015270e+01	2.469072e+02	7.549970e+00	
3.259829e+02	2.013186e+01	3.070457e+02	1.760510e+01	
3.420677e+02	2.308961e+01	3.129385e+02	2.186874e+01	
3.330343e+02	5.076172e+01	6.308956e+01	1.138104e+01	
4.170820e+02	26	4.059017e+02	26	
2.999051e+01	3.500845e+01	1.703337e+01	3.355507e+01	
5.519521e+02	5.226015e+01	4.269820e+02	2.909831e+01	
3.004313e+01	3.860225e+01	2.022112e+00	3.580538e+01	
6.605579e+01	3.962973e+01	5.300370e+01	3.800401e+01	
3.900052e+01	4.199632e+01	2.499948e+01	4.000368e+01	
2.059975e+02	4.201564e+01	1.800314e+02	3.873536e+01	
1.206632e+01	59	2.016443e+00	59	
1.740582e+02	61	1.630129e+02	61	
2.060582e+02	62	1.950129e+02	62	
1.198356e+01	63	1.933681e+00	63	
2.569694e+02	6.424937e+01	2.319997e+02	6.100638e+01	
1.189902e+02	6.599523e+01	1.070409e+02	6.450687e+01	
7.198715e+01	68	6.094179e+01	68	
2.779778e+02	7.717270e+01	2.040534e+02	6.757159e+01	
3.049787e+02	8.021206e+01	2.830213e+02	7.778794e+01	
8.199765e+01	8.600302e+01	6.074935e+00	7.909351e+01	
8.199051e+01	9.000845e+01	6.903337e+01	8.855507e+01	
3.696878e+01	9.143816e+01	2.301788e+01	8.989796e+01	
9.907720e+01	91	9.002182e+01	91	
2.949997e+02	9.199358e+01	2.740321e+02	8.967873e+01	
2.696663e+01	9.244493e+01	1.400949e+01	9.099155e+01	
4.598212e+01	9.410204e+01	3.203122e+01	9.256184e+01	
3.129847e+02	9.609642e+01	2.980258e+02	9.460332e+01	
8.999051e+01	1.040084e+02	7.703337e+01	1.025551e+02	
5.496878e+01	1.044382e+02	4.101788e+01	1.028980e+02	
3.869847e+02	1.050964e+02	3.720258e+02	1.036033e+02	
7.199018e+01	1.059952e+02	6.004092e+01	1.045069e+02	
6.398212e+01	1.071020e+02	5.003122e+01	1.055618e+02	
4.989548e+02	1.153526e+02	4.120124e+02	1.039064e+02	
5.399051e+01	1.120084e+02	4.103337e+01	1.105551e+02	
4.480859e+02	1.133861e+02	4.149510e+02	1.093763e+02	
5.509643e+02	1.202707e+02	3.600272e+02	9.479422e+01	
4.999811e+02	1.181472e+02	4.120349e+02	1.067250e+02	
2.699447e+01	1.149959e+02	4.023359e+00	1.134702e+02	
5.219742e+02	1.183967e+02	5.070153e+02	1.169036e+02	
5.396663e+01	1.234449e+02	4.100949e+01	1.219916e+02	
4.479760e+02	1.242312e+02	4.280015e+02	1.219907e+02	
5.490556e+02	1.246112e+02	5.280191e+02	1.218790e+02	
8.899051e+01	1.260084e+02	7.603337e+01	1.245551e+02	
7.196878e+01	1.284382e+02	5.801788e+01	1.268980e+02	
8.098212e+01	1.311020e+02	6.703122e+01	1.295618e+02	
4.250538e+02	1.316295e+02	4.110201e+02	1.298815e+02	
4.479656e+02	1.313102e+02	4.289652e+02	1.293132e+02	
6.296878e+01	1.334382e+02	4.901788e+01	1.318980e+02	
5.396878e+01	1.384382e+02	4.001788e+01	1.368980e+02	
6.299051e+01	1.410084e+02	5.003337e+01	1.395551e+02	
4.010484e+02	1.425504e+02	3.810314e+02	1.407288e+02	
1.969888e+02	1.451028e+02	1.750315e+02	1.426787e+02	
4.039733e+02	1.452115e+02	3.869594e+02	1.433331e+02	
5.299051e+01	1.460084e+02	4.003337e+01	1.445551e+02	
9.796663e+01	1.474449e+02	8.500949e+01	1.459916e+02	
4.250204e+02	1.547968e+02	3.650193e+02	1.488079e+02	
7.996878e+01	1.574382e+02	6.601788e+01	1.558980e+02	
9.696663e+01	1.584449e+02	8.400949e+01	1.569916e+02	
7.096878e+01	1.624382e+02	5.701788e+01	1.608980e+02	
8.796663e+01	1.634449e+02	7.500949e+01	1.619916e+02	
4.298212e+01	1.741020e+02	2.903122e+01	1.725618e+02	
1.900772e+02	179	1.810218e+02	179	
4.180663e+02	183	4.080164e+02	183	
7.896663e+01	1.914449e+02	6.600949e+01	1.899916e+02	
4.298212e+01	1.971020e+02	2.903122e+01	1.955618e+02	
2.396663e+01	2.004449e+02	1.100949e+01	1.989916e+02	
2.399051e+01	2.080084e+02	1.103337e+01	2.065551e+02	
5.196878e+01	2.074382e+02	3.801788e+01	2.058980e+02	
9.599051e+01	2.110084e+02	8.303337e+01	2.095551e+02	
3.819782e+02	212	3.729228e+02	212	
5.198212e+01	2.151020e+02	3.803122e+01	2.135618e+02	
4.099051e+01	2.320084e+02	2.803337e+01	2.305551e+02	
2.196878e+01	2.594382e+02	8.017877e+00	2.578980e+02	
8.498208e+01	2.625310e+02	5.500386e+01	2.610124e+02	
3.096663e+01	2.654449e+02	1.800949e+01	2.639916e+02	
1.650574e+02	329	1.520190e+02	329	
3.439893e+02	3.461003e+02	3.180214e+02	3.444666e+02	
6.389591e+02	3.884931e+02	6.270098e+02	3.870048e+02	
7.602407e+01	5.845302e+00	6.302246e+01	3.855776e+00	
2.239608e+02	1.725338e+01	1.329254e+02	3.485572e+00	
2.409974e+02	6.012106e+00	2.130461e+02	1.685013e+00	
3.998026e+01	8.113674e+00	2.703090e+01	6.592474e+00	
4.896910e+01	7.407526e+00	3.601974e+01	5.886326e+00	
1.009900e+02	1.101237e+01	8.903307e+01	9.586594e+00	
3.999906e+01	1.200611e+01	2.700094e+01	9.993893e+00	
1.019991e+02	1.500611e+01	8.900094e+01	1.299389e+01	
4.906162e+01	1.860865e+01	3.602422e+01	1.686909e+01	
1.510001e+02	1.899953e+01	1.399999e+02	1.700047e+01	
6.698949e+01	2.099931e+01	5.604116e+01	1.953849e+01	
5.800045e+01	2.199471e+01	4.402104e+01	1.985556e+01	
2.681886e+01	2.375359e+01	8.823849e+00	1.973123e+01	
7.497578e+01	2.413091e+01	6.193838e+01	2.239135e+01	
8.396910e+01	2.340753e+01	7.101974e+01	2.188633e+01	
4.897726e+01	2.611332e+01	3.493170e+01	2.446335e+01	
1.010640e+02	2.560897e+01	8.900536e+01	2.400000e+01	
2.429563e+02	5.533935e+01	1.994445e+00	2.404388e+01	
7.396693e+01	2.741341e+01	6.201004e+01	2.598763e+01	
8.401673e+01	3.087023e+01	5.303430e+01	2.673629e+01	
3.649812e+02	5.112140e+01	2.029496e+02	2.632708e+01	
5.798014e+01	3.313149e+01	4.396224e+01	3.126110e+01	
1.009900e+02	3.301237e+01	8.903307e+01	3.158659e+01	
7.498026e+01	3.511367e+01	6.203090e+01	3.359247e+01	
1.270640e+02	3.460897e+01	1.150054e+02	3.300000e+01	
1.590001e+02	3.599953e+01	1.479999e+02	3.400047e+01	
5.696910e+01	3.640753e+01	4.401974e+01	3.488633e+01	
2.779577e+02	4.529949e+01	1.149450e+02	2.238955e+01	
3.250988e+02	4.732167e+01	1.121093e+02	1.624985e+01	
1.194658e+01	4.052740e+01	2.012342e+00	3.900725e+01	
4.799906e+01	4.100611e+01	3.500094e+01	3.899389e+01	
8.094658e+01	4.152740e+01	7.101234e+01	4.000725e+01	
1.259946e+02	4.200000e+01	1.139360e+02	4.039103e+01	
6.597578e+01	4.313091e+01	5.293838e+01	4.139135e+01	
5.697578e+01	4.413091e+01	4.393838e+01	4.239135e+01	
1.009877e+02	4.399275e+01	9.105342e+01	4.247260e+01	
7.498026e+01	4.611367e+01	6.203090e+01	4.459247e+01	
2.349641e+02	4.627390e+01	2.100359e+02	4.272610e+01	
9.198996e+01	4.801237e+01	8.003307e+01	4.658659e+01	
1.339900e+02	4.801237e+01	1.220331e+02	4.658659e+01	
2.919466e+02	4.752740e+01	2.820123e+02	4.600725e+01	
1.170640e+02	4.960897e+01	1.050054e+02	4.800000e+01	
1.589669e+02	4.941341e+01	1.470100e+02	4.798763e+01	
2.989633e+02	5.326817e+01	2.520546e+02	4.659207e+01	
1.198766e+01	5.199275e+01	2.053417e+00	5.047260e+01	
1.340640e+02	5.160897e+01	1.220054e+02	5.000000e+01	
1.739588e+02	5.146151e+01	1.630105e+02	5.000069e+01	
1.260343e+02	5.274984e+01	1.059657e+02	5.025016e+01	
1.659588e+02	5.246151e+01	1.550105e+02	5.100069e+01	
1.500640e+02	5.360897e+01	1.380054e+02	5.200000e+01	
1.420001e+02	5.499953e+01	1.309999e+02	5.300047e+01	
1.819669e+02	5.441341e+01	1.700100e+02	5.298763e+01	
1.660238e+02	5.585513e+01	1.540015e+02	5.399398e+01	
1.589979e+02	5.699432e+01	1.479462e+02	5.530317e+01	
1.980640e+02	5.660897e+01	1.860054e+02	5.500000e+01	
2.209588e+02	5.746151e+01	2.100105e+02	5.600069e+01	
1.749877e+02	5.899275e+01	1.650534e+02	5.747260e+01	
2.119466e+02	5.852740e+01	2.020123e+02	5.700725e+01	
1.899979e+02	6.099432e+01	1.789462e+02	5.930317e+01	
2.130001e+02	6.199953e+01	2.019999e+02	6.000047e+01	
9.596591e+01	6.320512e+01	7.992973e+01	6.151965e+01	
4.808601e+01	63	4.002376e+01	63	
2.569695e+02	6.725100e+01	2.319725e+02	6.422603e+01	
3.889762e+02	66	3.809140e+02	66	
2.489826e+02	68	2.399272e+02	68	
3.060892e+02	68	2.958912e+02	68	
2.989877e+02	6.999275e+01	2.890534e+02	6.847260e+01	
3.639779e+02	7.215399e+01	3.429816e+02	6.912837e+01	
1.107278e+01	74	2.017392e+00	74	
3.379784e+02	7.813359e+01	3.039226e+02	7.352906e+01	
3.190860e+02	77	3.110238e+02	77	
1.098261e+01	82	1.927222e+00	82	
3.279749e+02	8.323052e+01	3.090004e+02	8.100153e+01	
7.196693e+01	8.341341e+01	6.001004e+01	8.198763e+01	
2.109894e+02	8.410248e+01	1.880291e+02	8.168925e+01	
2.639749e+02	8.536523e+01	2.500162e+02	8.389810e+01	
1.098261e+01	86	1.927222e+00	86	
6.396910e+01	8.840753e+01	5.101974e+01	8.688633e+01	
7.298026e+01	9.111367e+01	6.003090e+01	8.959247e+01	
2.798384e+01	9.610190e+01	1.402506e+01	9.463477e+01	
8.996910e+01	9.640753e+01	7.701974e+01	9.488633e+01	
4.639872e+02	9.711450e+01	4.450128e+02	9.488550e+01	
9.898026e+01	9.911367e+01	8.603090e+01	9.759247e+01	
2.549900e+02	1.010124e+02	2.430331e+02	9.958659e+01	
4.079990e+02	1.029984e+02	3.880366e+02	1.006534e+02	
4.597494e+01	1.093652e+02	3.201616e+01	1.078981e+02	
8.096910e+01	1.124075e+02	6.801974e+01	1.108863e+02	
3.598384e+01	1.141019e+02	2.202506e+01	1.126348e+02	
8.998026e+01	1.151137e+02	7.703090e+01	1.135925e+02	
7.198384e+01	1.171019e+02	5.802506e+01	1.156348e+02	
4.989798e+02	1.201599e+02	4.570355e+02	1.147122e+02	
2.697494e+01	1.193652e+02	1.301616e+01	1.178981e+02	
9.798026e+01	1.211137e+02	8.503090e+01	1.195925e+02	
5.459857e+02	1.261157e+02	5.100419e+02	1.216386e+02	
4.498384e+01	1.281019e+02	3.102506e+01	1.266348e+02	
4.211088e+02	128	4.109108e+02	128	
4.250489e+02	1.335818e+02	3.650302e+02	1.267436e+02	
2.598384e+01	1.381019e+02	1.202506e+01	1.366348e+02	
4.009803e+02	1.401137e+02	3.880309e+02	1.385925e+02	
3.820860e+02	145	3.740238e+02	145	
4.249762e+02	145	4.169140e+02	145	
4.010860e+02	149	3.930238e+02	149	
4.398026e+01	1.511137e+02	3.103090e+01	1.495925e+02	
3.819762e+02	155	3.739140e+02	155	
3.497494e+01	1.563652e+02	2.101616e+01	1.548981e+02	
5.297494e+01	1.613652e+02	3.901616e+01	1.598981e+02	
6.098026e+01	1.751137e+02	4.803090e+01	1.735925e+02	
9.598996e+01	1.770124e+02	8.403307e+01	1.755866e+02	
8.798026e+01	1.821137e+02	7.503090e+01	1.805925e+02	
4.249826e+02	182	4.159272e+02	182	
3.397494e+01	1.833652e+02	2.001616e+01	1.818981e+02	
5.196910e+01	1.844075e+02	3.901974e+01	1.828863e+02	
6.998384e+01	2.041019e+02	5.602506e+01	2.026348e+02	
7.897494e+01	2.143652e+02	6.501616e+01	2.128981e+02	
3.297494e+01	2.183652e+02	1.901616e+01	2.168981e+02	
8.696910e+01	2.204075e+02	7.401974e+01	2.188863e+02	
9.496693e+01	2.264134e+02	8.301004e+01	2.249876e+02	
5.969588e+02	3.624615e+02	5.860105e+02	3.610007e+02	
6.237794e+02	4.069369e+02	6.058880e+02	4.024761e+02	
3.419895e+02	4.459993e+02	3.310412e+02	4.445385e+02	
1.397346e+01	3.134792e+00	3.038293e+00	1.578487e+00	
3.459670e+02	1.418998e+01	2.730889e+02	1.470715e+00	
4.997346e+01	4.134792e+00	3.903829e+01	2.578487e+00	
2.269306e+02	7.464448e+00	1.929787e+02	2.147720e+00	
6.802450e+01	6.831800e+00	5.407226e+01	4.522022e+00	
1.399934e+01	7.003945e+00	2.000659e+00	4.996055e+00	
1.179702e+02	6.369952e+00	1.060209e+02	4.881593e+00	
1.398829e+01	9.007028e+00	4.041159e+00	7.573625e+00	
8.497571e+01	9.149317e+00	7.195723e+01	7.273326e+00	
1.359720e+02	9.134584e+00	1.239278e+02	7.420447e+00	
6.697366e+01	1.016699e+01	5.400109e+01	7.996128e+00	
5.799891e+01	1.100387e+01	4.502634e+01	8.833010e+00	
1.509617e+02	1.142151e+01	1.400265e+02	9.865208e+00	
3.579837e+02	3.109783e+01	1.950927e+02	4.423410e+00	
8.397015e+01	1.236995e+01	7.202089e+01	1.088159e+01	
1.269702e+02	1.336995e+01	1.150209e+02	1.188159e+01	
1.679993e+02	1.400395e+01	1.560007e+02	1.199605e+01	
1.296171e+01	1.442151e+01	2.026538e+00	1.286521e+01	
5.795860e+01	1.426205e+01	4.394070e+01	1.239166e+01	
3.098154e+01	1.611961e+01	1.802440e+01	1.466623e+01	
2.820910e+02	1.652031e+01	2.529090e+02	1.147969e+01	
1.839617e+02	1.642151e+01	1.730265e+02	1.486521e+01	
1.397201e+01	1.813458e+01	1.927848e+00	1.642045e+01	
3.897911e+01	1.911841e+01	2.702985e+01	1.763005e+01	
1.989995e+02	1.899899e+01	1.880359e+02	1.680825e+01	
9.294895e+01	1.926076e+01	7.991154e+01	1.752120e+01	
1.679735e+02	2.113479e+01	1.570383e+02	1.957849e+01	
2.139641e+02	2.119175e+01	2.030005e+02	1.900101e+01	
2.740911e+02	2.551930e+01	2.580355e+02	2.283252e+01	
3.649753e+02	2.715140e+01	3.430698e+02	2.352497e+01	
5.697015e+01	2.536995e+01	4.502089e+01	2.388159e+01	
2.580609e+02	2.767228e+01	2.470307e+02	2.584624e+01	
1.296171e+01	2.942151e+01	2.026538e+00	2.786521e+01	
3.906933e+01	3.057915e+01	2.604760e+01	2.872588e+01	
1.269791e+02	3.111841e+01	1.150298e+02	2.963005e+01	
2.860002e+02	3.199913e+01	2.759998e+02	3.000087e+01	
1.510722e+02	3.257955e+01	1.390280e+02	3.086542e+01	
3.898154e+01	3.411961e+01	2.602440e+01	3.266623e+01	
1.659995e+02	3.499899e+01	1.550359e+02	3.280825e+01	
4.629660e+02	5.620423e+01	3.330867e+02	3.446990e+01	
4.798154e+01	3.711961e+01	3.502440e+01	3.566623e+01	
9.197911e+01	3.711841e+01	8.002985e+01	3.563005e+01	
1.829641e+02	3.719175e+01	1.720005e+02	3.500101e+01	
3.569862e+02	4.509001e+01	1.149909e+02	8.059517e+00	
3.259797e+02	3.814092e+01	3.030396e+02	3.471251e+01	
1.749883e+02	3.800703e+01	1.650412e+02	3.657362e+01	
7.297015e+01	3.836995e+01	6.102089e+01	3.688159e+01	
1.509718e+02	4.016669e+01	1.389732e+02	3.815880e+01	
4.599860e+02	4.907960e+01	3.740140e+02	3.392040e+01	
9.208064e+01	40	8.401838e+01	40	
1.669735e+02	4.213479e+01	1.560383e+02	4.057849e+01	
1.429735e+02	4.413479e+01	1.320383e+02	4.257849e+01	
3.898154e+01	4.511961e+01	2.602440e+01	4.366623e+01	
8.398154e+01	4.511961e+01	7.102440e+01	4.366623e+01	
1.179791e+02	4.611841e+01	1.060298e+02	4.463005e+01	
1.259702e+02	4.536995e+01	1.140209e+02	4.388159e+01	
1.009815e+02	4.711961e+01	8.802440e+01	4.566623e+01	
1.419617e+02	4.742151e+01	1.310265e+02	4.586521e+01	
2.199617e+02	4.742151e+01	2.090265e+02	4.586521e+01	
2.499735e+02	4.813479e+01	2.390383e+02	4.657849e+01	
4.789249e+02	5.043972e+01	4.549860e+02	4.608928e+01	
4.840471e+02	4.875456e+01	4.580226e+02	4.388419e+01	
1.749617e+02	4.842151e+01	1.640265e+02	4.686521e+01	
1.499791e+02	5.011841e+01	1.380298e+02	4.863005e+01	
3.390419e+02	4.980765e+01	3.300011e+02	4.800112e+01	
2.049791e+02	5.211841e+01	1.930298e+02	5.063005e+01	
3.189462e+02	5.148774e+01	3.100124e+02	5.000876e+01	
3.521231e+02	51	3.438769e+02	51	
2.779588e+02	5.242638e+01	2.680117e+02	5.099297e+01	
3.329462e+02	5.348774e+01	3.240124e+02	5.200876e+01	
3.580949e+02	5.441366e+01	3.369051e+02	5.158634e+01	
2.919588e+02	5.442638e+01	2.820117e+02	5.299297e+01	
4.359987e+02	5.600587e+01	4.170271e+02	5.283111e+01	
3.497346e+01	5.613479e+01	2.403829e+01	5.457849e+01	
3.129588e+02	5.542638e+01	3.030117e+02	5.399297e+01	
3.579796e+02	5.714988e+01	3.410374e+02	5.470847e+01	
4.069740e+02	55	3.999029e+02	55	
1.810609e+02	5.767228e+01	1.700307e+02	5.584624e+01	
3.189737e+02	5.814003e+01	3.009259e+02	5.544276e+01	
5.399114e+02	5.851214e+01	5.219403e+02	5.534336e+01	
1.969995e+02	5.999899e+01	1.860359e+02	5.780825e+01	
2.349588e+02	5.942638e+01	2.250117e+02	5.799297e+01	
2.280609e+02	6.067228e+01	2.170307e+02	5.884624e+01	
2.499617e+02	6.142151e+01	2.390265e+02	5.986521e+01	
4.069990e+02	6.200450e+01	3.870243e+02	5.884080e+01	
2.919883e+02	6.400703e+01	2.820412e+02	6.257362e+01	
4.739602e+02	6.628296e+01	4.449997e+02	6.200645e+01	
2.329740e+02	66	2.259029e+02	66	
2.909876e+02	6.699124e+01	2.820538e+02	6.551226e+01	
3.189876e+02	6.799124e+01	3.100538e+02	6.651226e+01	
3.390419e+02	6.880765e+01	3.300011e+02	6.700112e+01	
3.320971e+02	69	3.250260e+02	69	
3.949740e+02	69	3.879029e+02	69	
5.439737e+02	7.016699e+01	5.310011e+02	6.799613e+01	
2.849883e+02	7.100703e+01	2.750412e+02	6.957362e+01	
4.539761e+02	7.215153e+01	4.340239e+02	6.884847e+01	
2.499588e+02	7.142638e+01	2.400117e+02	6.999297e+01	
3.119989e+02	7.199888e+01	3.029581e+02	7.019235e+01	
3.449816e+02	71	3.369194e+02	71	
3.319462e+02	7.248774e+01	3.230124e+02	7.100876e+01	
4.899648e+02	7.327589e+01	4.730184e+02	7.086405e+01	
2.919883e+02	7.400703e+01	2.820412e+02	7.257362e+01	
3.050806e+02	75	2.970184e+02	75	
1.809746e+02	8.119819e+01	1.490089e+02	7.693305e+01	
4.249816e+02	78	4.169194e+02	78	
4.950588e+02	7.866857e+01	4.780279e+02	7.584913e+01	
3.319462e+02	7.948774e+01	3.230124e+02	7.800876e+01	
4.429462e+02	7.948774e+01	4.340124e+02	7.800876e+01	
4.740877e+02	8.143262e+01	4.410691e+02	7.655686e+01	
4.740005e+02	8.399003e+01	4.540484e+02	8.068697e+01	
8.997015e+01	8.536995e+01	7.802089e+01	8.388159e+01	
5.497015e+01	8.936995e+01	4.302089e+01	8.788159e+01	
4.349840e+02	9.113494e+01	4.170160e+02	8.886506e+01	
3.409955e+02	1.000033e+02	3.309373e+02	9.832014e+01	
8.098154e+01	1.011196e+02	6.802440e+01	9.966623e+01	
7.298154e+01	1.021196e+02	6.002440e+01	1.006662e+02	
4.019519e+02	1.053886e+02	3.529861e+02	9.911590e+01	
5.339508e+02	1.073905e+02	5.000331e+02	1.027443e+02	
1.368869e+02	1.045755e+02	1.209237e+02	1.013857e+02	
9.898154e+01	1.101196e+02	8.602440e+01	1.086662e+02	
4.089588e+02	1.204264e+02	3.990117e+02	1.189930e+02	
5.249727e+02	1.212422e+02	5.060142e+02	1.188808e+02	
5.489561e+02	1.222868e+02	5.289545e+02	1.192976e+02	
5.330265e+02	1.377881e+02	4.050195e+02	1.218440e+02	
4.070806e+02	126	3.990184e+02	126	
4.240266e+02	1.267823e+02	3.670023e+02	1.199826e+02	
3.959588e+02	1.284264e+02	3.860117e+02	1.269930e+02	
5.369815e+02	1.351196e+02	5.240244e+02	1.336662e+02	
5.299883e+02	1.410070e+02	5.200412e+02	1.395736e+02	
7.998154e+01	1.421196e+02	6.702440e+01	1.406662e+02	
4.249791e+02	1.521184e+02	4.130298e+02	1.506300e+02	
8.797015e+01	1.523700e+02	7.602089e+01	1.508816e+02	
3.497890e+01	1.601135e+02	2.103908e+01	1.584760e+02	
3.940806e+02	172	3.860184e+02	172	
6.508064e+01	184	5.701838e+01	184	
4.059816e+02	192	3.979194e+02	192	
6.098162e+01	221	5.291936e+01	221	
3.879816e+02	224	3.799194e+02	224	
7.805744e+01	233	6.501903e+01	233	
3.509709e+01	235	2.802602e+01	235	
2.197398e+01	255	1.490291e+01	255	
4.005744e+01	282	2.701903e+01	282	
3.299816e+02	329	3.219194e+02	329	
3.669740e+02	385	3.599029e+02	385	
6.389702e+02	3.913700e+02	6.270209e+02	3.898816e+02	
4.040519e+02	4.476292e+02	3.890352e+02	4.457588e+02	
5.797687e+01	3.131055e+00	4.702853e+01	1.670236e+00	
9.299953e+01	4.999435e+00	8.103006e+01	2.824212e+00	
1.019419e+02	4.329019e+00	8.994322e+01	2.321128e+00	
4.241401e+02	6	4.168599e+02	6	
9.296701e+01	8.129740e+00	8.090835e+01	6.520772e+00	
3.889460e+02	1.144451e+01	3.810136e+02	1.000296e+01	
7.504910e+01	1.669611e+01	6.204749e+01	1.470658e+01	
1.350980e+02	1.651287e+01	1.240678e+02	1.468683e+01	
3.639974e+02	1.799668e+01	3.499240e+02	1.536290e+01	
4.009346e+02	2.439786e+01	3.690384e+02	1.877370e+01	
2.419602e+02	2.238085e+01	2.330114e+02	2.099551e+01	
1.819631e+02	2.337690e+01	1.720288e+02	2.185675e+01	
2.289631e+02	2.337690e+01	2.190288e+02	2.185675e+01	
2.429481e+02	4.237382e+01	1.705191e+01	1.062618e+01	
2.429631e+02	2.537690e+01	2.330288e+02	2.385675e+01	
9.211141e+01	26	8.602865e+01	26	
1.339769e+02	3.013106e+01	1.230285e+02	2.867024e+01	
2.719996e+02	2.999753e+01	2.620433e+02	2.779027e+01	
4.179166e+02	3.451547e+01	3.670310e+02	2.581743e+01	
3.179787e+02	3.215410e+01	2.940392e+02	2.870437e+01	
2.989948e+02	3.399858e+01	2.899239e+02	3.235010e+01	
4.099806e+02	35	4.029096e+02	35	
1.429864e+02	3.699704e+01	1.350540e+02	3.555549e+01	
3.190147e+02	4.190114e+01	1.310288e+02	1.380646e+01	
1.979769e+02	3.913106e+01	1.870285e+02	3.767024e+01	
2.129631e+02	4.137690e+01	2.030288e+02	3.985675e+01	
3.519602e+02	4.238085e+01	3.430114e+02	4.099551e+01	
2.279631e+02	4.337690e+01	2.180288e+02	4.185675e+01	
2.049769e+02	4.513106e+01	1.940285e+02	4.367024e+01	
2.419769e+02	4.513106e+01	2.310285e+02	4.367024e+01	
1.589769e+02	4.613106e+01	1.480285e+02	4.467024e+01	
1.197116e+01	4.814325e+01	2.036919e+00	4.662310e+01	
3.570904e+02	47	3.500194e+02	47	
1.899769e+02	5.013106e+01	1.790285e+02	4.867024e+01	
3.049602e+02	4.938085e+01	2.960114e+02	4.799551e+01	
3.799834e+02	5.113193e+01	3.630166e+02	4.886807e+01	
2.629602e+02	5.038085e+01	2.540114e+02	4.899551e+01	
2.490622e+02	51	2.370206e+02	51	
4.069864e+02	5.299704e+01	3.990540e+02	5.155549e+01	
3.639460e+02	5.344451e+01	3.560136e+02	5.200296e+01	
3.950520e+02	5.378746e+01	3.870013e+02	5.200265e+01	
2.229948e+02	5.499858e+01	2.139239e+02	5.335010e+01	
3.890904e+02	54	3.820194e+02	54	
2.050723e+02	5.564920e+01	1.950386e+02	5.382576e+01	
5.239979e+02	6.000574e+01	5.040515e+02	5.666786e+01	
2.489602e+02	5.838085e+01	2.400114e+02	5.699551e+01	
2.849631e+02	5.837690e+01	2.750288e+02	5.685675e+01	
4.119806e+02	58	4.049096e+02	58	
2.709631e+02	5.937690e+01	2.610288e+02	5.785675e+01	
4.579806e+02	59	4.509096e+02	59	
2.639602e+02	6.038085e+01	2.550114e+02	5.899551e+01	
4.010625e+02	6.558427e+01	2.519152e+02	4.356010e+01	
2.779712e+02	6.214325e+01	2.680369e+02	6.062310e+01	
2.849631e+02	6.137690e+01	2.750288e+02	5.985675e+01	
4.359499e+02	6.231274e+01	4.169728e+02	5.917110e+01	
3.129631e+02	6.237690e+01	3.030288e+02	6.085675e+01	
3.949987e+02	6.299735e+01	3.869480e+02	6.121254e+01	
4.739979e+02	6.401205e+01	4.530233e+02	6.083992e+01	
5.159540e+02	6.531678e+01	5.000460e+02	6.268322e+01	
3.119864e+02	6.499704e+01	3.040540e+02	6.355549e+01	
3.769948e+02	6.499858e+01	3.679239e+02	6.335010e+01	
4.070520e+02	6.478746e+01	3.990013e+02	6.300265e+01	
2.779631e+02	6.537690e+01	2.680288e+02	6.385675e+01	
3.059886e+02	6.600449e+01	2.970398e+02	6.461915e+01	
4.180956e+02	6.571968e+01	4.050582e+02	6.745924e+01	
4.459714e+02	66	4.398886e+02	66	
2.849712e+02	6.814325e+01	2.750369e+02	6.662310e+01	
3.820904e+02	67	3.750194e+02	67	
5.050110e+02	7.792760e+01	4.350635e+02	6.659858e+01	
4.690904e+02	67	4.620194e+02	67	
4.009460e+02	6.844451e+01	3.930136e+02	6.700296e+01	
4.579714e+02	68	4.518886e+02	68	
4.949674e+02	6.677184e+01	4.730276e+02	6.934918e+01	
2.639712e+02	7.014325e+01	2.540369e+02	6.862310e+01	
2.709631e+02	6.937690e+01	2.610288e+02	6.785675e+01	
3.829460e+02	7.044451e+01	3.750136e+02	6.900296e+01	
4.069886e+02	7.100449e+01	3.980398e+02	6.961915e+01	
4.899712e+02	7.114325e+01	4.800369e+02	6.962310e+01	
2.779712e+02	7.214325e+01	2.680369e+02	7.062310e+01	
3.770761e+02	7.164990e+01	3.680052e+02	7.000142e+01	
4.329599e+02	7.329455e+01	4.170209e+02	7.085554e+01	
2.639631e+02	7.337690e+01	2.540288e+02	7.185675e+01	
3.579602e+02	7.338085e+01	3.490114e+02	7.199551e+01	
5.149714e+02	73	5.088886e+02	73	
3.449602e+02	7.438085e+01	3.360114e+02	7.299551e+01	
3.890904e+02	75	3.820194e+02	75	
4.179806e+02	75	4.109096e+02	75	
4.468780e+02	74	4.356976e+02	74	
5.439886e+02	7.600449e+01	5.350398e+02	7.461915e+01	
5.519602e+02	7.538085e+01	5.430114e+02	7.399551e+01	
4.009460e+02	7.744451e+01	3.930136e+02	7.600296e+01	
2.639612e+02	8.329029e+01	2.029239e+02	7.557950e+01	
3.449886e+02	8.100449e+01	3.360398e+02	7.961915e+01	
4.799806e+02	80	4.729096e+02	80	
4.070904e+02	82	4.000194e+02	82	
5.489500e+02	8.330941e+01	5.239720e+02	7.917433e+01	
4.689886e+02	8.500449e+01	4.600398e+02	8.361915e+01	
4.889712e+02	8.614325e+01	4.790369e+02	8.462310e+01	
4.539712e+02	8.714325e+01	4.440369e+02	8.562310e+01	
5.441114e+02	86	5.380286e+02	86	
4.631114e+02	88	4.570286e+02	88	
4.069460e+02	8.944451e+01	3.990136e+02	8.800296e+01	
4.189864e+02	9.099704e+01	4.110540e+02	8.955549e+01	
5.158780e+02	89	5.046976e+02	89	
5.009602e+02	9.238085e+01	4.920114e+02	9.099551e+01	
1.098864e+01	9.400449e+01	2.039849e+00	9.261915e+01	
5.399712e+02	9.814325e+01	5.300369e+02	9.662310e+01	
4.849714e+02	100	4.788886e+02	100	
5.189639e+02	1.032739e+02	4.950184e+02	9.986593e+01	
8.980648e+00	105	1.909580e+00	105	
9.986353e+00	1.089970e+02	2.054019e+00	1.075555e+02	
6.020904e+02	113	5.950194e+02	113	
3.999871e+02	1.211145e+02	3.800246e+02	1.187694e+02	
3.949656e+02	1.253422e+02	3.740020e+02	1.229907e+02	
3.889602e+02	1.323809e+02	3.800114e+02	1.309955e+02	
4.179886e+02	1.400045e+02	4.090398e+02	1.386191e+02	
4.249864e+02	1.429970e+02	4.170540e+02	1.415555e+02	
4.249598e+02	1.614648e+02	3.650093e+02	1.559034e+02	
3.939460e+02	1.664445e+02	3.860136e+02	1.650030e+02	
8.111409e+00	167	2.028646e+00	167	
3.999460e+02	1.714445e+02	3.920136e+02	1.700030e+02	
4.117206e+02	1.693332e+02	3.980603e+02	1.729935e+02	
3.959631e+02	1.823769e+02	3.860288e+02	1.808568e+02	
2.395831e+01	1.965316e+02	1.101162e+01	1.949878e+02	
4.057206e+02	2.013332e+02	3.920603e+02	2.049935e+02	
5.329712e+02	2.101432e+02	5.230369e+02	2.086231e+02	
1.651114e+02	223	1.590286e+02	223	
1.390744e+02	226	1.290246e+02	226	
1.500826e+02	226	1.410272e+02	226	
9.488878e+01	2.457057e+02	7.304299e+01	2.417357e+02	
6.492000e+01	2.504066e+02	4.609800e+01	2.464402e+02	
2.697116e+01	2.771432e+02	1.703692e+01	2.756231e+02	
6.198635e+01	2.889970e+02	5.405402e+01	2.875555e+02	
8.605744e+01	288	7.301903e+01	288	
2.050686e+02	3.376485e+02	1.940684e+02	3.356494e+02	
3.790001e+02	3.829995e+02	3.679999e+02	3.810005e+02	
6.389989e+02	4.179761e+02	6.043408e+02	4.068487e+02	
3.759664e+02	6.165769e+00	3.670352e+02	4.671199e+00	
4.070006e+02	7.997470e+00	3.989994e+02	6.002530e+00	
3.889865e+02	8.996395e+00	3.820525e+02	7.610846e+00	
4.069512e+02	1.038988e+01	3.990452e+02	8.810115e+00	
4.009278e+02	2.017097e+01	3.882990e+02	1.511982e+01	
4.569979e+02	3.299869e+01	4.450682e+02	3.061490e+01	
3.109512e+02	3.338988e+01	3.030452e+02	3.181012e+01	
1.180006e+02	3.599817e+01	1.119994e+02	3.400183e+01	
3.389664e+02	4.016577e+01	3.300352e+02	3.867120e+01	
1.978668e+02	4.652578e+01	1.801332e+02	4.147422e+01	
3.639512e+02	4.438988e+01	3.560452e+02	4.281012e+01	
3.449548e+02	4.618988e+01	3.370488e+02	4.461012e+01	
3.769664e+02	4.616577e+01	3.680352e+02	4.467120e+01	
3.829548e+02	4.918988e+01	3.750488e+02	4.761012e+01	
3.889512e+02	4.838988e+01	3.810452e+02	4.681012e+01	
3.949548e+02	5.118988e+01	3.870488e+02	4.961012e+01	
4.009512e+02	5.038988e+01	3.930452e+02	4.881012e+01	
5.709664e+02	5.116577e+01	5.620352e+02	4.967120e+01	
5.019865e+02	5.199639e+01	4.950525e+02	5.061085e+01	
3.889512e+02	5.738988e+01	3.810452e+02	5.581012e+01	
4.449684e+02	57	4.398694e+02	57	
3.829512e+02	5.838988e+01	3.750452e+02	5.681012e+01	
2.989664e+02	6.016577e+01	2.900352e+02	5.867120e+01	
3.319664e+02	6.016577e+01	3.230352e+02	5.867120e+01	
4.009512e+02	5.938988e+01	3.930452e+02	5.781012e+01	
3.189664e+02	6.116577e+01	3.100352e+02	5.967120e+01	
3.829548e+02	6.118988e+01	3.750488e+02	5.961012e+01	
4.119865e+02	6.099639e+01	4.050525e+02	5.961085e+01	
4.409475e+02	6.138915e+01	4.340135e+02	6.000361e+01	
4.689475e+02	6.138915e+01	4.620135e+02	6.000361e+01	
4.350741e+02	6.455724e+01	4.170263e+02	6.185997e+01	
4.799475e+02	6.338915e+01	4.730135e+02	6.200361e+01	
4.899865e+02	6.499639e+01	4.830525e+02	6.361085e+01	
2.709664e+02	6.616577e+01	2.620352e+02	6.467120e+01	
4.859512e+02	6.638988e+01	4.780452e+02	6.481012e+01	
5.099210e+02	6.847896e+01	5.040189e+02	6.700741e+01	
4.949548e+02	7.018988e+01	4.870488e+02	6.861012e+01	
4.129512e+02	7.038988e+01	4.050452e+02	6.881012e+01	
4.349548e+02	7.118988e+01	4.270488e+02	6.961012e+01	
4.689475e+02	7.038915e+01	4.620135e+02	6.900361e+01	
5.049811e+02	7.199259e+01	4.990790e+02	7.052104e+01	
5.319548e+02	7.218988e+01	5.240488e+02	7.061012e+01	
3.889548e+02	7.318988e+01	3.810488e+02	7.161012e+01	
3.949512e+02	7.238988e+01	3.870452e+02	7.081012e+01	
4.299865e+02	7.499639e+01	4.230525e+02	7.361085e+01	
3.569548e+02	7.618988e+01	3.490488e+02	7.461012e+01	
4.999210e+02	7.547896e+01	4.940189e+02	7.400741e+01	
5.939210e+02	7.547896e+01	5.880189e+02	7.400741e+01	
3.509548e+02	7.718988e+01	3.430488e+02	7.561012e+01	
5.439758e+02	7.815484e+01	5.290463e+02	7.568327e+01	
4.249865e+02	8.099639e+01	4.180525e+02	7.961085e+01	
5.049210e+02	8.047896e+01	4.990189e+02	7.900741e+01	
3.949512e+02	8.138988e+01	3.870452e+02	7.981012e+01	
3.759548e+02	8.318988e+01	3.680488e+02	8.161012e+01	
4.299811e+02	8.399259e+01	4.240790e+02	8.252104e+01	
2.769811e+02	8.699259e+01	2.710790e+02	8.552104e+01	
4.249684e+02	87	4.198694e+02	87	
5.041306e+02	88	4.990316e+02	88	
5.019475e+02	9.038915e+01	4.950135e+02	8.900361e+01	
1.013065e+01	91	5.031629e+00	91	
4.419512e+02	9.438988e+01	4.340452e+02	9.281012e+01	
5.249811e+02	9.799259e+01	5.190790e+02	9.652104e+01	
4.899548e+02	9.918988e+01	4.820488e+02	9.761012e+01	
3.819512e+02	1.173899e+02	3.740452e+02	1.158101e+02	
3.819548e+02	1.431899e+02	3.740488e+02	1.416101e+02	
6.968371e+00	162	1.869351e+00	162	
3.819512e+02	1.653899e+02	3.740452e+02	1.638101e+02	
4.179548e+02	1.931899e+02	4.100488e+02	1.916101e+02	
4.249512e+02	1.983899e+02	4.170452e+02	1.968101e+02	
3.809865e+02	2.189964e+02	3.740525e+02	2.176108e+02	
3.999512e+02	2.183899e+02	3.920452e+02	2.168101e+02	
4.549548e+02	2.261899e+02	4.470488e+02	2.246101e+02	
3.989649e+02	2.341294e+02	3.861337e+02	2.304744e+02	
4.113065e+01	235	3.603163e+01	235	
1.396837e+01	255	8.869351e+00	255	
3.100000e+01	2.850035e+02	2.700000e+01	2.849965e+02	
7.594752e+01	2.913892e+02	6.901353e+01	2.900036e+02	
5.919567e+02	2.921641e+02	5.818985e+02	2.904810e+02	
5.969876e+02	401	5.789599e+02	401	
4.119483e+02	4.207867e+00	4.050449e+02	2.677408e+00	
3.829991e+02	5.996731e+00	3.750683e+02	3.737606e+00	
3.759483e+02	9.207867e+00	3.690449e+02	7.677408e+00	
4.189483e+02	1.020787e+01	4.120449e+02	8.677408e+00	
3.489653e+02	19	3.448422e+02	19	
3.229229e+02	3.540532e+01	3.180189e+02	3.400839e+01	
4.369483e+02	3.820787e+01	4.300449e+02	3.667741e+01	
1.298106e+01	4.299161e+01	8.077121e+00	4.159468e+01	
1.192288e+01	4.640532e+01	7.018942e+00	4.500839e+01	
4.990546e+02	5.568054e+01	4.810566e+02	5.266870e+01	
3.341578e+02	58	3.300347e+02	58	
4.469483e+02	6.420787e+01	4.400449e+02	6.267741e+01	
5.199507e+02	7.032427e+01	5.140144e+02	6.899736e+01	
4.469483e+02	7.320787e+01	4.400449e+02	7.167741e+01	
4.999856e+02	7.300264e+01	4.940493e+02	7.167573e+01	
5.249507e+02	7.532427e+01	5.190144e+02	7.399736e+01	
4.579483e+02	7.720787e+01	4.510449e+02	7.567741e+01	
5.099856e+02	7.700264e+01	5.040493e+02	7.567573e+01	
5.199507e+02	7.632427e+01	5.140144e+02	7.499736e+01	
5.309483e+02	7.820787e+01	5.240449e+02	7.667741e+01	
4.099811e+02	7.899161e+01	4.050771e+02	7.759468e+01	
4.899483e+02	8.220787e+01	4.830449e+02	8.067741e+01	
5.149856e+02	8.200264e+01	5.090493e+02	8.067573e+01	
5.359483e+02	8.320787e+01	5.290449e+02	8.167741e+01	
4.949856e+02	8.500264e+01	4.890493e+02	8.367573e+01	
5.339856e+02	8.500264e+01	5.280493e+02	8.367573e+01	
4.789507e+02	8.932427e+01	4.730144e+02	8.799736e+01	
4.739507e+02	9.032427e+01	4.680144e+02	8.899736e+01	
5.249856e+02	9.200264e+01	5.190493e+02	9.067573e+01	
5.349507e+02	9.132427e+01	5.290144e+02	8.999736e+01	
4.689483e+02	9.620787e+01	4.620449e+02	9.467741e+01	
8.895923e+01	1.375238e+02	7.600987e+01	1.360026e+02	
6.195904e+01	1.525562e+02	4.801085e+01	1.509917e+02	
3.019483e+02	1.702079e+02	2.950449e+02	1.686774e+02	
6.922879e+00	1.834053e+02	2.018942e+00	1.820084e+02	
5.349507e+02	1.893243e+02	5.290144e+02	1.879974e+02	
6.239507e+02	1.983243e+02	6.180144e+02	1.969974e+02	
6.119991e+02	2.869967e+02	6.040683e+02	2.847376e+02	
1.788919e+02	3.203162e+02	1.371081e+02	3.056838e+02	
1.285505e+02	3.339117e+02	1.100396e+02	3.239445e+02	
3.359507e+02	3.383243e+02	3.300144e+02	3.369974e+02	
2.588892e+02	3.468135e+02	2.349262e+02	3.435310e+02	
3.538794e+02	3.773327e+02	3.382297e+02	3.713253e+02	
370	376	370	376	
1.919811e+02	3.909916e+02	1.870771e+02	3.895947e+02	
4.147853e+02	4.526630e+02	4.050062e+02	4.490068e+02	
1.578797e+02	2.273518e+02	1.511203e+02	2.246482e+02	
1.467837e+02	3.354117e+02	1.067839e+02	3.144113e+02	
3.912097e+02	3.866088e+02	3.800059e+02	3.809984e+02	
3.561056e+02	459	3.490345e+02	459	
6.260028e+02	2.719943e+02	6.159972e+02	2.670057e+02	
1.859919e+02	3.859990e+02	1.787830e+02	3.823890e+02	
3.569947e+02	4.559976e+02	3.472926e+02	4.495271e+02	
2.680120e+02	3.494809e+02	9.902260e+01	3.539060e+02	
4.230000e+02	3.040515e+02	3.640000e+02	3.039485e+02	
9.299997e+01	3.080375e+02	5.000003e+01	3.079625e+02	
4.599997e+01	3.080358e+02	5.000031e+00	3.079642e+02	
4.799997e+01	3.320332e+02	1.000003e+01	3.319668e+02	
5.799888e+02	3.367339e+02	5.150060e+02	3.392303e+02	
1.389953e+02	335	9.998249e+01	335	
5.099998e+01	3.480279e+02	1.900002e+01	3.479721e+02	
5.769935e+02	3.348279e+02	5.220086e+02	3.364598e+02	
9.199998e+01	3.550253e+02	6.300002e+01	3.549747e+02	
9.301727e+01	3.693496e+02	5.300244e+01	3.710268e+02	
2.250185e+02	328	1.900042e+02	328	
6.040298e+02	3.873972e+02	3.919978e+02	4.029679e+02	
1.460000e+02	2.180209e+02	1.220000e+02	2.179791e+02	
5.770000e+02	3.280201e+02	5.540000e+02	3.279799e+02	
2.399998e+01	2.190192e+02	2.000017e+00	2.189808e+02	
3.430000e+02	3.250192e+02	3.210000e+02	3.249808e+02	
4.579886e+02	3.395587e+02	4.190072e+02	3.411243e+02	
4.060000e+02	2.690183e+02	3.850000e+02	2.689817e+02	
4.550000e+02	3.220183e+02	4.340000e+02	3.219817e+02	
2.799998e+01	3.240183e+02	7.000016e+00	3.239817e+02	
4.629909e+02	3.418434e+02	4.260127e+02	3.434579e+02	
4.119911e+02	3.587903e+02	3.680093e+02	3.604030e+02	
3.890000e+02	3.620183e+02	3.680000e+02	3.619817e+02	
3.429157e+02	4.026128e+02	1.419551e+02	4.152562e+02	
3.599998e+01	3.300175e+02	1.600002e+01	3.299825e+02	
4.899998e+01	3.540175e+02	2.900002e+01	3.539825e+02	
5.600256e+02	3.593803e+02	4.260190e+02	3.682810e+02	
3.080076e+02	3.741418e+02	1.899731e+02	3.805343e+02	
6.349856e+02	3.615361e+02	6.020099e+02	3.631489e+02	
3.603625e+01	378	1.601126e+01	378	
8.999999e+01	3.780166e+02	7.100001e+01	3.779834e+02	
1.670261e+02	392	1.420061e+02	392	
1.060070e+02	3.911355e+02	3.196131e+01	3.954050e+02	
1.660000e+02	2.190157e+02	1.480000e+02	2.189843e+02	
3.940000e+02	2.380157e+02	3.760000e+02	2.379843e+02	
4.559918e+02	3.239173e+02	4.270170e+02	3.254865e+02	
8.999999e+01	3.290157e+02	7.200001e+01	3.289843e+02	
7.999999e+01	3.530157e+02	6.200001e+01	3.529843e+02	
3.769818e+02	3.784978e+02	3.490076e+02	3.800618e+02	
4.998821e+01	386	3.096191e+01	386	
1.310000e+02	3.900157e+02	1.130000e+02	3.899843e+02	
1.520000e+02	3.900157e+02	1.340000e+02	3.899843e+02	
7.899999e+01	1.870148e+02	6.200001e+01	1.869852e+02	
3.860000e+02	2.070148e+02	3.690000e+02	2.069852e+02	
3.810000e+02	2.690148e+02	3.640000e+02	2.689852e+02	
4.219856e+02	3.727975e+02	3.719643e+02	3.754190e+02	
1.880411e+02	3.805504e+02	1.399698e+02	3.835748e+02	
2.499079e+01	387	4.965810e+00	387	
4.370030e+02	3.740625e+02	3.820240e+02	3.774252e+02	
4.399999e+01	1.390131e+02	2.900001e+01	1.389869e+02	
7.999999e+01	2.100131e+02	6.500001e+01	2.099869e+02	
2.570000e+02	2.170131e+02	2.420000e+02	2.169869e+02	
2.460000e+02	2.220131e+02	2.310000e+02	2.219869e+02	
4.199999e+01	2.430131e+02	2.700001e+01	2.429869e+02	
2.199999e+01	2.900131e+02	7.000011e+00	2.899869e+02	
2.199999e+01	2.940131e+02	7.000011e+00	2.939869e+02	
3.099999e+01	2.960131e+02	1.600001e+01	2.959869e+02	
3.099999e+01	3.000131e+02	1.600001e+01	2.999869e+02	
2.199999e+01	3.020131e+02	7.000011e+00	3.019869e+02	
2.020000e+02	3.300131e+02	1.870000e+02	3.299869e+02	
2.259854e+02	3.298218e+02	1.670574e+02	3.347701e+02	
6.389884e+02	3.588044e+02	6.020116e+02	3.611956e+02	
8.599999e+01	3.720131e+02	7.100001e+01	3.719869e+02	
8.599999e+01	3.760131e+02	7.100001e+01	3.759869e+02	
5.799999e+01	3.770131e+02	4.300001e+01	3.769869e+02	
6.399999e+01	1.440122e+02	5.000001e+01	1.439878e+02	
7.999999e+01	1.530122e+02	6.600001e+01	1.529878e+02	
4.299999e+01	1.770122e+02	2.900001e+01	1.769878e+02	
2.499999e+01	1.840122e+02	1.100001e+01	1.839878e+02	
3.399999e+01	1.940122e+02	2.000001e+01	1.939878e+02	
6.099999e+01	2.010122e+02	4.700001e+01	2.009878e+02	
3.399999e+01	2.020122e+02	2.000001e+01	2.019878e+02	
2.590000e+02	2.030122e+02	2.450000e+02	2.029878e+02	
6.099999e+01	2.090122e+02	4.700001e+01	2.089878e+02	
6.999999e+01	2.150122e+02	5.600001e+01	2.149878e+02	
6.999999e+01	2.190122e+02	5.600001e+01	2.189878e+02	
2.399999e+01	2.230122e+02	1.000001e+01	2.229878e+02	
2.620000e+02	2.230122e+02	2.480000e+02	2.229878e+02	
5.999999e+01	2.360122e+02	4.600001e+01	2.359878e+02	
3.199999e+01	2.370122e+02	1.800001e+01	2.369878e+02	
3.199999e+01	2.410122e+02	1.800001e+01	2.409878e+02	
6.899999e+01	2.420122e+02	5.500001e+01	2.419878e+02	
4.099999e+01	2.470122e+02	2.700001e+01	2.469878e+02	
3.199999e+01	2.530122e+02	1.800001e+01	2.529878e+02	
5.099999e+01	2.530122e+02	3.700001e+01	2.529878e+02	
4.099999e+01	2.590122e+02	2.700001e+01	2.589878e+02	
3.199999e+01	2.610122e+02	1.800001e+01	2.609878e+02	
4.999999e+01	2.610122e+02	3.600001e+01	2.609878e+02	
4.999999e+01	2.650122e+02	3.600001e+01	2.649878e+02	
4.099999e+01	2.670122e+02	2.700001e+01	2.669878e+02	
5.899999e+01	2.710122e+02	4.500001e+01	2.709878e+02	
4.999999e+01	2.730122e+02	3.600001e+01	2.729878e+02	
8.599999e+01	2.730122e+02	7.200001e+01	2.729878e+02	
6.799999e+01	2.770122e+02	5.400001e+01	2.769878e+02	
3.099999e+01	2.880122e+02	1.700001e+01	2.879878e+02	
4.899999e+01	3.000122e+02	3.500001e+01	2.999878e+02	
6.799999e+01	3.000122e+02	5.400001e+01	2.999878e+02	
3.999999e+01	3.020122e+02	2.600001e+01	3.019878e+02	
5.899999e+01	3.020122e+02	4.500001e+01	3.019878e+02	
7.699999e+01	3.020122e+02	6.300001e+01	3.019878e+02	
3.999999e+01	3.060122e+02	2.600001e+01	3.059878e+02	
3.800000e+02	3.190122e+02	3.660000e+02	3.189878e+02	
8.599999e+01	3.250122e+02	7.200001e+01	3.249878e+02	
3.410000e+02	3.270122e+02	3.270000e+02	3.269878e+02	
6.220433e+02	344	6.060121e+02	344	
6.240000e+02	3.480122e+02	6.100000e+02	3.479878e+02	
3.870000e+02	3.550122e+02	3.730000e+02	3.549878e+02	
2.480000e+02	3.750122e+02	2.340000e+02	3.749878e+02	
2.597681e+01	3.954999e+02	4.010454e+00	3.970745e+02	
9.799999e+01	1.430113e+02	8.500001e+01	1.429887e+02	
8.899999e+01	1.480113e+02	7.600001e+01	1.479887e+02	
5.299999e+01	1.490113e+02	4.000001e+01	1.489887e+02	
5.299999e+01	1.570113e+02	4.000001e+01	1.569887e+02	
7.099999e+01	1.580113e+02	5.800001e+01	1.579887e+02	
4.299999e+01	1.620113e+02	3.000001e+01	1.619887e+02	
5.199999e+01	1.720113e+02	3.900001e+01	1.719887e+02	
6.999999e+01	1.730113e+02	5.700001e+01	1.729887e+02	
8.799999e+01	1.740113e+02	7.500001e+01	1.739887e+02	
2.399999e+01	1.760113e+02	1.100001e+01	1.759887e+02	
6.099999e+01	1.780113e+02	4.800001e+01	1.779887e+02	
7.899999e+01	1.790113e+02	6.600001e+01	1.789887e+02	
4.299999e+01	1.850113e+02	3.000001e+01	1.849887e+02	
6.099999e+01	1.860113e+02	4.800001e+01	1.859887e+02	
3.830000e+02	1.880113e+02	3.700000e+02	1.879887e+02	
8.799999e+01	1.930113e+02	7.500001e+01	1.929887e+02	
5.199999e+01	1.950113e+02	3.900001e+01	1.949887e+02	
9.599999e+01	1.990113e+02	8.300001e+01	1.989887e+02	
5.199999e+01	2.030113e+02	3.900001e+01	2.029887e+02	
4.199999e+01	2.080113e+02	2.900001e+01	2.079887e+02	
8.699999e+01	2.080113e+02	7.400001e+01	2.079887e+02	
4.199999e+01	2.120113e+02	2.900001e+01	2.119887e+02	
8.699999e+01	2.160113e+02	7.400001e+01	2.159887e+02	
5.099999e+01	2.180113e+02	3.800001e+01	2.179887e+02	
4.199999e+01	2.200113e+02	2.900001e+01	2.199887e+02	
1.830000e+02	2.200113e+02	1.700000e+02	2.199887e+02	
7.799999e+01	2.210113e+02	6.500001e+01	2.209887e+02	
9.599999e+01	2.220113e+02	8.300001e+01	2.219887e+02	
5.999999e+01	2.240113e+02	4.700001e+01	2.239887e+02	
7.799999e+01	2.250113e+02	6.500001e+01	2.249887e+02	
5.099999e+01	2.260113e+02	3.800001e+01	2.259887e+02	
8.699999e+01	2.270113e+02	7.400001e+01	2.269887e+02	
3.199999e+01	2.290113e+02	1.900001e+01	2.289887e+02	
5.099999e+01	2.300113e+02	3.800001e+01	2.299887e+02	
6.899999e+01	2.300113e+02	5.600001e+01	2.299887e+02	
2.299999e+01	2.310113e+02	1.000001e+01	2.309887e+02	
5.999999e+01	2.320113e+02	4.700001e+01	2.319887e+02	
9.499999e+01	2.370113e+02	8.200001e+01	2.369887e+02	
6.799999e+01	2.380113e+02	5.500001e+01	2.379887e+02	
5.999999e+01	2.440113e+02	4.700001e+01	2.439887e+02	
3.199999e+01	2.490113e+02	1.900001e+01	2.489887e+02	
8.599999e+01	2.540113e+02	7.300001e+01	2.539887e+02	
4.099999e+01	2.550113e+02	2.800001e+01	2.549887e+02	
5.899999e+01	2.590113e+02	4.600001e+01	2.589887e+02	
9.499999e+01	2.600113e+02	8.200001e+01	2.599887e+02	
6.799999e+01	2.650113e+02	5.500001e+01	2.649887e+02	
5.899999e+01	2.670113e+02	4.600001e+01	2.669887e+02	
7.699999e+01	2.710113e+02	6.400001e+01	2.709887e+02	
3.099999e+01	2.730113e+02	1.800001e+01	2.729887e+02	
6.799999e+01	2.730113e+02	5.500001e+01	2.729887e+02	
8.599999e+01	2.770113e+02	7.300001e+01	2.769887e+02	
3.999999e+01	2.790113e+02	2.700001e+01	2.789887e+02	
5.799999e+01	2.790113e+02	4.500001e+01	2.789887e+02	
9.399999e+01	2.790113e+02	8.100001e+01	2.789887e+02	
7.699999e+01	2.830113e+02	6.400001e+01	2.829887e+02	
9.399999e+01	2.830113e+02	8.100001e+01	2.829887e+02	
6.799999e+01	2.850113e+02	5.500001e+01	2.849887e+02	
8.599999e+01	2.850113e+02	7.300001e+01	2.849887e+02	
3.999999e+01	2.940113e+02	2.700001e+01	2.939887e+02	
5.799999e+01	2.940113e+02	4.500001e+01	2.939887e+02	
7.699999e+01	2.940113e+02	6.400001e+01	2.939887e+02	
9.399999e+01	2.940113e+02	8.100001e+01	2.939887e+02	
8.499999e+01	3.000113e+02	7.200001e+01	2.999887e+02	
9.399999e+01	3.020113e+02	8.100001e+01	3.019887e+02	
3.499999e+01	3.260113e+02	2.200001e+01	3.259887e+02	
3.140000e+02	3.460113e+02	3.010000e+02	3.459887e+02	
4.699999e+01	3.560113e+02	3.400001e+01	3.559887e+02	
2.005102e+01	357	6.015352e+00	357	
4.120000e+02	3.610113e+02	3.990000e+02	3.609887e+02	
6.199999e+01	1.290105e+02	5.000001e+01	1.289895e+02	
3.399999e+01	1.440105e+02	2.200001e+01	1.439895e+02	
3.760000e+02	1.590105e+02	3.640000e+02	1.589895e+02	
6.099999e+01	1.630105e+02	4.900001e+01	1.629895e+02	
3.760000e+02	1.780105e+02	3.640000e+02	1.779895e+02	
9.599999e+01	1.800105e+02	8.400001e+01	1.799895e+02	
8.699999e+01	1.850105e+02	7.500001e+01	1.849895e+02	
6.999999e+01	1.960105e+02	5.800001e+01	1.959895e+02	
3.760000e+02	1.970105e+02	3.640000e+02	1.969895e+02	
7.799999e+01	2.020105e+02	6.600001e+01	2.019895e+02	
3.760000e+02	2.040105e+02	3.640000e+02	2.039895e+02	
9.499999e+01	2.140105e+02	8.300001e+01	2.139895e+02	
5.400000e+02	2.180105e+02	5.280000e+02	2.179895e+02	
8.699999e+01	2.310105e+02	7.500001e+01	2.309895e+02	
9.499999e+01	2.330105e+02	8.300001e+01	2.329895e+02	
8.599999e+01	2.390105e+02	7.400001e+01	2.389895e+02	
3.970000e+02	2.430105e+02	3.850000e+02	2.429895e+02	
7.699999e+01	2.560105e+02	6.500001e+01	2.559895e+02	
4.099999e+01	2.710105e+02	2.900001e+01	2.709895e+02	
9.399999e+01	2.710105e+02	8.200001e+01	2.709895e+02	
7.599999e+01	2.790105e+02	6.400001e+01	2.789895e+02	
8.499999e+01	2.960105e+02	7.300001e+01	2.959895e+02	
5.699999e+01	3.060105e+02	4.500001e+01	3.059895e+02	
6.399999e+01	3.230105e+02	5.200001e+01	3.229895e+02	
7.799999e+01	3.230105e+02	6.600001e+01	3.229895e+02	
3.860000e+02	3.410105e+02	3.740000e+02	3.409895e+02	
3.900272e+02	390	3.650072e+02	390	
2.599999e+01	1.320096e+02	1.500001e+01	1.319904e+02	
3.750000e+02	1.370096e+02	3.640000e+02	1.369904e+02	
3.760000e+02	1.660096e+02	3.650000e+02	1.659904e+02	
3.860000e+02	1.950096e+02	3.750000e+02	1.949904e+02	
4.550000e+02	2.130096e+02	4.440000e+02	2.129904e+02	
3.299999e+01	2.140096e+02	2.200001e+01	2.139904e+02	
2.110000e+02	2.140096e+02	2.000000e+02	2.139904e+02	
3.750000e+02	2.160096e+02	3.640000e+02	2.159904e+02	
3.750000e+02	2.230096e+02	3.640000e+02	2.229904e+02	
8.499999e+01	2.500096e+02	7.400001e+01	2.499904e+02	
3.750000e+02	2.520096e+02	3.640000e+02	2.519904e+02	
1.299999e+01	2.640096e+02	2.000008e+00	2.639904e+02	
7.499999e+01	2.670096e+02	6.400001e+01	2.669904e+02	
4.120000e+02	2.830096e+02	4.010000e+02	2.829904e+02	
3.960000e+02	2.880096e+02	3.850000e+02	2.879904e+02	
3.898256e+01	290	2.694097e+01	290	
3.750000e+02	2.930096e+02	3.640000e+02	2.929904e+02	
5.230000e+02	3.220096e+02	5.120000e+02	3.219904e+02	
3.810000e+02	3.360096e+02	3.700000e+02	3.359904e+02	
4.120000e+02	3.400096e+02	4.010000e+02	3.399904e+02	
6.299999e+01	3.470096e+02	5.200001e+01	3.469904e+02	
2.900475e+02	347	2.689525e+02	347	
6.380000e+02	3.470096e+02	6.270000e+02	3.469904e+02	
5.350155e+02	3.672093e+02	5.070231e+02	3.693141e+02	
1.319982e+02	3.809710e+02	8.100536e+01	3.840899e+02	
3.409846e+02	4.388080e+02	3.180161e+02	4.403739e+02	
3.399533e+02	4.406712e+02	3.109359e+02	4.445430e+02	
1.940000e+02	7.400873e+01	1.840000e+02	7.399127e+01	
3.840000e+02	1.760087e+02	3.740000e+02	1.759913e+02	
3.950000e+02	2.850087e+02	3.850000e+02	2.849913e+02	
4.080000e+02	2.880087e+02	3.980000e+02	2.879913e+02	
4.020000e+02	2.900087e+02	3.920000e+02	2.899913e+02	
4.140000e+02	2.900087e+02	4.040000e+02	2.899913e+02	
4.999999e+01	2.960087e+02	4.000001e+01	2.959913e+02	
6.399999e+01	2.960087e+02	5.400001e+01	2.959913e+02	
3.399853e+02	341	3.279437e+02	341	
2.799999e+01	3.720087e+02	1.800001e+01	3.719913e+02	
6.099999e+01	3.730087e+02	5.100001e+01	3.729913e+02	
7.497852e+01	3.835907e+02	5.601620e+01	3.851497e+02	
3.410000e+02	4.350087e+02	3.310000e+02	4.349913e+02	
7.897714e+01	4.698263e+02	5.894788e+01	4.715082e+02	
3.320000e+02	9.600785e+01	3.230000e+02	9.599215e+01	
1.200000e+02	1.020079e+02	1.110000e+02	1.019921e+02	
1.660000e+02	1.450079e+02	1.570000e+02	1.449921e+02	
9.299999e+01	1.650079e+02	8.400001e+01	1.649921e+02	
9.699999e+01	1.690079e+02	8.800001e+01	1.689921e+02	
4.829799e+02	184	4.729300e+02	184	
3.760000e+02	1.850079e+02	3.670000e+02	1.849921e+02	
4.250000e+02	1.910079e+02	4.160000e+02	1.909921e+02	
3.820000e+02	2.090079e+02	3.730000e+02	2.089921e+02	
3.880000e+02	2.140079e+02	3.790000e+02	2.139921e+02	
3.820000e+02	2.210079e+02	3.730000e+02	2.209921e+02	
3.820000e+02	2.280079e+02	3.730000e+02	2.279921e+02	
3.880000e+02	2.330079e+02	3.790000e+02	2.329921e+02	
3.880000e+02	2.360079e+02	3.790000e+02	2.359921e+02	
7.799999e+01	2.480079e+02	6.900001e+01	2.479921e+02	
9.199999e+01	2.560079e+02	8.300001e+01	2.559921e+02	
3.940000e+02	2.570079e+02	3.850000e+02	2.569921e+02	
7.699999e+01	2.600079e+02	6.800001e+01	2.599921e+02	
3.940000e+02	2.600079e+02	3.850000e+02	2.599921e+02	
3.750000e+02	2.710079e+02	3.660000e+02	2.709921e+02	
3.940000e+02	2.760079e+02	3.850000e+02	2.759921e+02	
4.050000e+02	2.760079e+02	3.960000e+02	2.759921e+02	
3.750000e+02	2.830079e+02	3.660000e+02	2.829921e+02	
5.497985e+01	290	4.492998e+01	290	
3.750000e+02	2.900079e+02	3.660000e+02	2.899921e+02	
6.030000e+02	2.950079e+02	5.940000e+02	2.949921e+02	
1.599999e+01	3.060079e+02	7.000007e+00	3.059921e+02	
2.229799e+02	313	2.129300e+02	313	
5.899999e+01	3.320079e+02	5.000001e+01	3.319921e+02	
2.280000e+02	3.330079e+02	2.190000e+02	3.329921e+02	
4.140000e+02	3.350079e+02	4.050000e+02	3.349921e+02	
4.110000e+02	3.560079e+02	4.020000e+02	3.559921e+02	
3.260440e+02	373	3.090146e+02	373	
3.370000e+02	3.730079e+02	3.280000e+02	3.729921e+02	
4.159546e+02	4.546858e+02	3.930454e+02	4.583142e+02	
1.309996e+02	4.640015e+02	1.120251e+02	4.662305e+02	
5.303613e+01	4.723597e+02	3.202793e+01	4.742716e+02	
9.999994e+00	9.700698e+01	2.000006e+00	9.699302e+01	
1.400000e+02	1.020070e+02	1.320000e+02	1.019930e+02	
3.950000e+02	1.180070e+02	3.870000e+02	1.179930e+02	
2.930000e+02	1.180035e+02	2.890000e+02	1.179965e+02	
9.999994e+00	1.200070e+02	2.000006e+00	1.199930e+02	
7.099999e+01	1.470070e+02	6.300001e+01	1.469930e+02	
3.890000e+02	1.480070e+02	3.810000e+02	1.479930e+02	
4.050000e+02	1.570070e+02	3.970000e+02	1.569930e+02	
3.880000e+02	1.670070e+02	3.800000e+02	1.669930e+02	
3.800000e+02	1.710070e+02	3.720000e+02	1.709930e+02	
3.820000e+02	1.740070e+02	3.740000e+02	1.739930e+02	
3.720000e+02	1.750070e+02	3.640000e+02	1.749930e+02	
3.880000e+02	1.790070e+02	3.800000e+02	1.789930e+02	
4.000000e+02	1.800070e+02	3.920000e+02	1.799930e+02	
3.940000e+02	1.840070e+02	3.860000e+02	1.839930e+02	
4.060000e+02	1.850070e+02	3.980000e+02	1.849930e+02	
3.810000e+02	1.900070e+02	3.730000e+02	1.899930e+02	
4.120000e+02	1.900070e+02	4.040000e+02	1.899930e+02	
3.940000e+02	1.910070e+02	3.860000e+02	1.909930e+02	
3.720000e+02	1.940070e+02	3.640000e+02	1.939930e+02	
4.180000e+02	1.950070e+02	4.100000e+02	1.949930e+02	
4.000000e+02	1.960070e+02	3.920000e+02	1.959930e+02	
4.240000e+02	2.000070e+02	4.160000e+02	1.999930e+02	
4.060000e+02	2.010070e+02	3.980000e+02	2.009930e+02	
2.330000e+02	2.020070e+02	2.250000e+02	2.019930e+02	
3.810000e+02	2.020070e+02	3.730000e+02	2.019930e+02	
3.940000e+02	2.030070e+02	3.860000e+02	2.029930e+02	
4.120000e+02	2.060070e+02	4.040000e+02	2.059930e+02	
4.000000e+02	2.080070e+02	3.920000e+02	2.079930e+02	
3.940000e+02	2.100070e+02	3.860000e+02	2.099930e+02	
4.180000e+02	2.110070e+02	4.100000e+02	2.109930e+02	
4.350000e+02	2.120070e+02	4.270000e+02	2.119930e+02	
4.060000e+02	2.130070e+02	3.980000e+02	2.129930e+02	
1.110000e+02	2.170070e+02	1.030000e+02	2.169930e+02	
4.120000e+02	2.180070e+02	4.040000e+02	2.179930e+02	
3.940000e+02	2.190070e+02	3.860000e+02	2.189930e+02	
4.060000e+02	2.200070e+02	3.980000e+02	2.199930e+02	
3.940000e+02	2.220070e+02	3.860000e+02	2.219930e+02	
4.180000e+02	2.230070e+02	4.100000e+02	2.229930e+02	
4.000000e+02	2.270070e+02	3.920000e+02	2.269930e+02	
4.120000e+02	2.270070e+02	4.040000e+02	2.269930e+02	
4.060000e+02	2.290070e+02	3.980000e+02	2.289930e+02	
4.180000e+02	2.320070e+02	4.100000e+02	2.319930e+02	
3.720000e+02	2.350070e+02	3.640000e+02	2.349930e+02	
4.000000e+02	2.360070e+02	3.920000e+02	2.359930e+02	
4.120000e+02	2.370070e+02	4.040000e+02	2.369930e+02	
5.099999e+01	2.380070e+02	4.300001e+01	2.379930e+02	
4.180000e+02	2.390070e+02	4.100000e+02	2.389930e+02	
3.940000e+02	2.410070e+02	3.860000e+02	2.409930e+02	
3.750000e+02	2.450070e+02	3.670000e+02	2.449930e+02	
4.120000e+02	2.460070e+02	4.040000e+02	2.459930e+02	
4.060000e+02	2.480070e+02	3.980000e+02	2.479930e+02	
3.810000e+02	2.500070e+02	3.730000e+02	2.499930e+02	
3.870000e+02	2.520070e+02	3.790000e+02	2.519930e+02	
4.120000e+02	2.530070e+02	4.040000e+02	2.529930e+02	
3.880000e+02	2.550070e+02	3.800000e+02	2.549930e+02	
4.000000e+02	2.550070e+02	3.920000e+02	2.549930e+02	
4.060000e+02	2.570070e+02	3.980000e+02	2.569930e+02	
4.060000e+02	2.600070e+02	3.980000e+02	2.599930e+02	
3.720000e+02	2.610070e+02	3.640000e+02	2.609930e+02	
4.000000e+02	2.620070e+02	3.920000e+02	2.619930e+02	
3.720000e+02	2.640070e+02	3.640000e+02	2.639930e+02	
4.130000e+02	2.650070e+02	4.050000e+02	2.649930e+02	
3.810000e+02	2.660070e+02	3.730000e+02	2.659930e+02	
4.000000e+02	2.710070e+02	3.920000e+02	2.709930e+02	
4.000000e+02	2.740070e+02	3.920000e+02	2.739930e+02	
4.120000e+02	2.740070e+02	4.040000e+02	2.739930e+02	
4.180000e+02	2.760070e+02	4.100000e+02	2.759930e+02	
3.810000e+02	2.780070e+02	3.730000e+02	2.779930e+02	
3.870000e+02	2.830070e+02	3.790000e+02	2.829930e+02	
3.990000e+02	2.830070e+02	3.910000e+02	2.829930e+02	
3.810000e+02	2.850070e+02	3.730000e+02	2.849930e+02	
4.060000e+02	2.850070e+02	3.980000e+02	2.849930e+02	
3.810000e+02	2.880070e+02	3.730000e+02	2.879930e+02	
4.180000e+02	2.880070e+02	4.100000e+02	2.879930e+02	
3.870000e+02	2.900070e+02	3.790000e+02	2.899930e+02	
3.990000e+02	2.930070e+02	3.910000e+02	2.929930e+02	
3.810000e+02	2.950070e+02	3.730000e+02	2.949930e+02	
4.060000e+02	2.970070e+02	3.980000e+02	2.969930e+02	
2.209902e+02	3.080048e+02	2.090409e+02	3.094931e+02	
2.119769e+02	3.128045e+02	1.960249e+02	3.143968e+02	
3.880000e+02	3.380070e+02	3.800000e+02	3.379930e+02	
6.200000e+02	3.500070e+02	6.120000e+02	3.499930e+02	
4.930498e+02	371	4.780165e+02	371	
2.699999e+01	3.740070e+02	1.900001e+01	3.739930e+02	
1.249836e+02	387	1.149337e+02	387	
1.049991e+02	4.670037e+02	8.604065e+01	4.693651e+02	
2.598874e+01	4.748838e+02	3.020131e+00	4.772169e+02	
1.330000e+02	3.700611e+01	1.260000e+02	3.699389e+01	
3.320000e+02	7.400611e+01	3.250000e+02	7.399389e+01	
1.810000e+02	7.500611e+01	1.740000e+02	7.499389e+01	
3.640000e+02	9.700611e+01	3.570000e+02	9.699389e+01	
4.040000e+02	1.070061e+02	3.970000e+02	1.069939e+02	
5.920374e+02	1.062710e+02	5.770341e+02	1.082462e+02	
8.999995e+00	1.160061e+02	2.000005e+00	1.159939e+02	
3.810000e+02	1.260061e+02	3.740000e+02	1.259939e+02	
3.730000e+02	1.300061e+02	3.660000e+02	1.299939e+02	
3.950000e+02	1.370061e+02	3.880000e+02	1.369939e+02	
3.760000e+02	1.400061e+02	3.690000e+02	1.399939e+02	
3.930000e+02	1.560061e+02	3.860000e+02	1.559939e+02	
3.940000e+02	1.630061e+02	3.870000e+02	1.629939e+02	
4.170000e+02	1.650061e+02	4.100000e+02	1.649939e+02	
3.990000e+02	1.680061e+02	3.920000e+02	1.679939e+02	
4.899762e+02	169	4.819140e+02	169	
4.250000e+02	1.730061e+02	4.180000e+02	1.729939e+02	
7.299999e+01	1.750061e+02	6.600001e+01	1.749939e+02	
3.940000e+02	1.750061e+02	3.870000e+02	1.749939e+02	
4.180000e+02	1.860061e+02	4.110000e+02	1.859939e+02	
3.990000e+02	1.890061e+02	3.920000e+02	1.889939e+02	
3.820000e+02	1.930061e+02	3.750000e+02	1.929939e+02	
3.880000e+02	1.980061e+02	3.810000e+02	1.979939e+02	
1.960000e+02	2.150061e+02	1.890000e+02	2.149939e+02	
4.000000e+02	2.150061e+02	3.930000e+02	2.149939e+02	
4.230000e+02	2.160061e+02	4.160000e+02	2.159939e+02	
3.880000e+02	2.170061e+02	3.810000e+02	2.169939e+02	
1.190000e+02	2.210061e+02	1.120000e+02	2.209939e+02	
3.990000e+02	2.240061e+02	3.920000e+02	2.239939e+02	
4.230000e+02	2.250061e+02	4.160000e+02	2.249939e+02	
3.940000e+02	2.290061e+02	3.870000e+02	2.289939e+02	
3.810000e+02	2.310061e+02	3.740000e+02	2.309939e+02	
4.120000e+02	2.340061e+02	4.050000e+02	2.339939e+02	
4.230000e+02	2.370061e+02	4.160000e+02	2.369939e+02	
4.060000e+02	2.410061e+02	3.990000e+02	2.409939e+02	
3.910000e+02	2.500061e+02	3.840000e+02	2.499939e+02	
3.890000e+02	2.620061e+02	3.820000e+02	2.619939e+02	
4.110000e+02	2.620061e+02	4.040000e+02	2.619939e+02	
4.230000e+02	2.650061e+02	4.160000e+02	2.649939e+02	
4.180000e+02	2.670061e+02	4.110000e+02	2.669939e+02	
4.230000e+02	2.740061e+02	4.160000e+02	2.739939e+02	
4.230000e+02	2.830061e+02	4.160000e+02	2.829939e+02	
4.170000e+02	2.850061e+02	4.100000e+02	2.849939e+02	
4.230000e+02	2.900061e+02	4.160000e+02	2.899939e+02	
3.870000e+02	2.930061e+02	3.800000e+02	2.929939e+02	
4.170000e+02	2.970061e+02	4.100000e+02	2.969939e+02	
3.800000e+02	2.980061e+02	3.730000e+02	2.979939e+02	
4.050000e+02	3.230061e+02	3.980000e+02	3.229939e+02	
4.007278e+01	324	3.101739e+01	324	
4.807278e+01	330	3.901739e+01	330	
5.310000e+02	3.340061e+02	5.240000e+02	3.339939e+02	
3.780000e+02	3.380061e+02	3.710000e+02	3.379939e+02	
3.980000e+02	3.400061e+02	3.910000e+02	3.399939e+02	
7.399999e+01	3.470061e+02	6.700001e+01	3.469939e+02	
4.720000e+02	3.700061e+02	4.650000e+02	3.699939e+02	
4.700000e+02	3.720061e+02	4.630000e+02	3.719939e+02	
4.890000e+02	3.730061e+02	4.820000e+02	3.729939e+02	
9.499999e+01	4.720061e+02	8.800001e+01	4.719939e+02	
2.500000e+01	4.005236e+00	1.900000e+01	3.994764e+00	
1.130000e+02	1.300524e+01	1.070000e+02	1.299476e+01	
2.840000e+02	1.300524e+01	2.780000e+02	1.299476e+01	
1.960000e+02	2.500524e+01	1.900000e+02	2.499476e+01	
1.420000e+02	3.300524e+01	1.360000e+02	3.299476e+01	
4.210000e+02	3.900524e+01	4.150000e+02	3.899476e+01	
7.400000e+01	4.900524e+01	6.800000e+01	4.899476e+01	
9.100000e+01	5.100524e+01	8.500000e+01	5.099476e+01	
1.200000e+01	5.700524e+01	6.000005e+00	5.699476e+01	
3.070000e+02	5.900524e+01	3.010000e+02	5.899476e+01	
3.900000e+01	6.200524e+01	3.300000e+01	6.199476e+01	
2.260000e+02	6.300524e+01	2.200000e+02	6.299476e+01	
1.200000e+01	6.500524e+01	6.000005e+00	6.499476e+01	
3.230000e+02	6.600524e+01	3.170000e+02	6.599476e+01	
5.700000e+01	7.800524e+01	5.100000e+01	7.799476e+01	
3.830000e+02	7.900524e+01	3.770000e+02	7.899476e+01	
4.010000e+02	8.600524e+01	3.950000e+02	8.599476e+01	
1.100000e+01	8.800524e+01	5.000005e+00	8.799476e+01	
2.870000e+02	9.300524e+01	2.810000e+02	9.299476e+01	
3.060000e+02	9.300524e+01	3.000000e+02	9.299476e+01	
4.580000e+02	9.400524e+01	4.520000e+02	9.399476e+01	
4.790000e+02	9.700524e+01	4.730000e+02	9.699476e+01	
3.270000e+02	9.800524e+01	3.210000e+02	9.799476e+01	
3.760000e+02	1.180052e+02	3.700000e+02	1.179948e+02	
3.129815e+02	1.198804e+02	3.000244e+02	1.213338e+02	
4.060000e+02	1.290052e+02	4.000000e+02	1.289948e+02	
7.999995e+00	1.310052e+02	2.000005e+00	1.309948e+02	
3.500000e+01	1.330052e+02	2.900000e+01	1.329948e+02	
3.810000e+02	1.330052e+02	3.750000e+02	1.329948e+02	
4.000000e+02	1.330052e+02	3.940000e+02	1.329948e+02	
8.999995e+00	1.390052e+02	3.000005e+00	1.389948e+02	
6.050000e+02	1.410052e+02	5.990000e+02	1.409948e+02	
7.999995e+00	1.420052e+02	2.000005e+00	1.419948e+02	
3.710000e+02	1.460052e+02	3.650000e+02	1.459948e+02	
7.999995e+00	1.500052e+02	2.000005e+00	1.499948e+02	
7.999995e+00	1.540052e+02	2.000005e+00	1.539948e+02	
7.999995e+00	1.560052e+02	2.000005e+00	1.559948e+02	
3.700000e+02	1.610052e+02	3.640000e+02	1.609948e+02	
4.050000e+02	1.640052e+02	3.990000e+02	1.639948e+02	
3.390000e+02	1.650052e+02	3.330000e+02	1.649948e+02	
4.080000e+02	1.670052e+02	4.020000e+02	1.669948e+02	
3.880000e+02	1.700052e+02	3.820000e+02	1.699948e+02	
4.220000e+02	1.700052e+02	4.160000e+02	1.699948e+02	
7.999995e+00	1.710052e+02	2.000005e+00	1.709948e+02	
4.150000e+02	1.740052e+02	4.090000e+02	1.739948e+02	
7.999995e+00	1.770052e+02	2.000005e+00	1.769948e+02	
2.280000e+02	1.800052e+02	2.220000e+02	1.799948e+02	
2.880000e+02	1.800052e+02	2.820000e+02	1.799948e+02	
4.120000e+02	1.810052e+02	4.060000e+02	1.809948e+02	
3.880000e+02	1.860052e+02	3.820000e+02	1.859948e+02	
5.520000e+02	1.900052e+02	5.460000e+02	1.899948e+02	
5.900000e+02	1.940052e+02	5.840000e+02	1.939948e+02	
3.920000e+02	2.000052e+02	3.860000e+02	1.999948e+02	
4.180000e+02	2.020052e+02	4.120000e+02	2.019948e+02	
3.880000e+02	2.050052e+02	3.820000e+02	2.049948e+02	
3.360000e+02	2.070052e+02	3.300000e+02	2.069948e+02	
4.240000e+02	2.070052e+02	4.180000e+02	2.069948e+02	
5.600000e+02	2.120052e+02	5.540000e+02	2.119948e+02	
4.160000e+02	2.200052e+02	4.100000e+02	2.199948e+02	
4.120000e+02	2.250052e+02	4.060000e+02	2.249948e+02	
4.230000e+02	2.280052e+02	4.170000e+02	2.279948e+02	
4.230000e+02	2.440052e+02	4.170000e+02	2.439948e+02	
3.790000e+02	2.470052e+02	3.730000e+02	2.469948e+02	
4.160000e+02	2.510052e+02	4.100000e+02	2.509948e+02	
2.960000e+02	2.580052e+02	2.900000e+02	2.579948e+02	
4.160000e+02	2.600052e+02	4.100000e+02	2.599948e+02	
8.605744e+01	265	7.301903e+01	265	
6.070000e+02	2.730052e+02	6.010000e+02	2.729948e+02	
3.880000e+02	2.740052e+02	3.820000e+02	2.739948e+02	
4.230000e+02	2.810052e+02	4.170000e+02	2.809948e+02	
2.203743e+01	282	2.012446e+00	282	
5.005337e+01	288	3.601770e+01	288	
9.405744e+01	291	8.101903e+01	291	
3.280000e+02	3.080052e+02	3.220000e+02	3.079948e+02	
4.499892e+02	3.099917e+02	4.360410e+02	3.115562e+02	
3.330678e+02	312	3.220224e+02	312	
3.750000e+02	3.240052e+02	3.690000e+02	3.239948e+02	
8.498162e+01	331	7.691936e+01	331	
6.150000e+02	3.320052e+02	6.090000e+02	3.319948e+02	
5.440000e+02	3.330052e+02	5.380000e+02	3.329948e+02	
3.320000e+02	3.340052e+02	3.260000e+02	3.339948e+02	
2.350524e+02	336	2.149526e+02	336	
5.200000e+02	3.350052e+02	5.140000e+02	3.349948e+02	
5.100000e+02	3.390052e+02	5.040000e+02	3.389948e+02	
2.700000e+01	3.540052e+02	2.100000e+01	3.539948e+02	
1.200000e+01	3.730052e+02	6.000005e+00	3.729948e+02	
4.689816e+02	374	4.609194e+02	374	
4.810000e+02	3.740052e+02	4.750000e+02	3.739948e+02	
1.100000e+01	3.750052e+02	5.000005e+00	3.749948e+02	
5.400000e+01	3.790052e+02	4.800000e+01	3.789948e+02	
6.300000e+01	3.790052e+02	5.700000e+01	3.789948e+02	
6.390000e+02	3.830052e+02	6.330000e+02	3.829948e+02	
5.580000e+02	4.220052e+02	5.520000e+02	4.219948e+02	
3.780652e+02	4.506103e+02	3.560396e+02	4.523050e+02	
3.469883e+02	4.559930e+02	3.370412e+02	4.574264e+02	
3.480140e+02	4.601264e+02	3.300421e+02	4.623649e+02	
7.600000e+01	2.004363e+00	7.100000e+01	1.995637e+00	
1.250000e+02	2.004363e+00	1.200000e+02	1.995637e+00	
2.770000e+02	1.200436e+01	2.720000e+02	1.199564e+01	
2.200000e+01	1.700436e+01	1.700000e+01	1.699564e+01	
2.100000e+02	1.700436e+01	2.050000e+02	1.699564e+01	
2.430000e+02	2.000436e+01	2.380000e+02	1.999564e+01	
2.550000e+02	2.200436e+01	2.500000e+02	2.199564e+01	
1.300000e+01	2.300436e+01	8.000004e+00	2.299564e+01	
1.120000e+02	2.700436e+01	1.070000e+02	2.699564e+01	
4.230000e+02	2.800436e+01	4.180000e+02	2.799564e+01	
8.800000e+01	2.900436e+01	8.300000e+01	2.899564e+01	
3.900000e+02	3.400436e+01	3.850000e+02	3.399564e+01	
1.690000e+02	4.000436e+01	1.640000e+02	3.999564e+01	
2.070000e+02	4.700436e+01	2.020000e+02	4.699564e+01	
2.270000e+02	5.000436e+01	2.220000e+02	4.999564e+01	
2.780000e+02	5.500436e+01	2.730000e+02	5.499564e+01	
2.350000e+02	5.600436e+01	2.300000e+02	5.599564e+01	
4.300000e+01	5.700436e+01	3.800000e+01	5.699564e+01	
1.540000e+02	5.900436e+01	1.490000e+02	5.899564e+01	
2.940000e+02	6.200436e+01	2.890000e+02	6.199564e+01	
7.900000e+01	6.300436e+01	7.400000e+01	6.299564e+01	
2.640000e+02	6.300436e+01	2.590000e+02	6.299564e+01	
2.170000e+02	6.400436e+01	2.120000e+02	6.399564e+01	
3.170000e+02	7.000436e+01	3.120000e+02	6.999564e+01	
2.950000e+02	7.200436e+01	2.900000e+02	7.199564e+01	
2.730000e+02	7.400436e+01	2.680000e+02	7.399564e+01	
3.980000e+02	7.400436e+01	3.930000e+02	7.399564e+01	
2.900000e+01	7.500436e+01	2.400000e+01	7.499564e+01	
1.340000e+02	7.500436e+01	1.290000e+02	7.499564e+01	
3.700000e+01	7.600436e+01	3.200000e+01	7.599564e+01	
2.880000e+02	7.600436e+01	2.830000e+02	7.599564e+01	
4.110000e+02	7.600436e+01	4.060000e+02	7.599564e+01	
3.610000e+02	7.800436e+01	3.560000e+02	7.799564e+01	
6.700000e+01	7.900436e+01	6.200000e+01	7.899564e+01	
5.390000e+02	7.900436e+01	5.340000e+02	7.899564e+01	
8.600000e+01	8.100436e+01	8.100000e+01	8.099564e+01	
3.560000e+02	8.200436e+01	3.510000e+02	8.199564e+01	
3.890000e+02	8.200436e+01	3.840000e+02	8.199564e+01	
2.460000e+02	8.300436e+01	2.410000e+02	8.299564e+01	
3.980000e+02	8.300436e+01	3.930000e+02	8.299564e+01	
4.570000e+02	8.300436e+01	4.520000e+02	8.299564e+01	
5.440000e+02	8.400436e+01	5.390000e+02	8.399564e+01	
3.790000e+02	8.500436e+01	3.740000e+02	8.499564e+01	
4.690000e+02	8.700436e+01	4.640000e+02	8.699564e+01	
3.830000e+02	8.800436e+01	3.780000e+02	8.799564e+01	
4.320000e+02	8.800436e+01	4.270000e+02	8.799564e+01	
5.310000e+02	8.800436e+01	5.260000e+02	8.799564e+01	
1.900000e+01	8.900436e+01	1.400000e+01	8.899564e+01	
5.140000e+02	9.600436e+01	5.090000e+02	9.599564e+01	
5.140000e+02	9.800436e+01	5.090000e+02	9.799564e+01	
2.389602e+02	9.861915e+01	2.300114e+02	1.000045e+02	
5.350000e+02	9.900436e+01	5.300000e+02	9.899564e+01	
1.770000e+02	1.040044e+02	1.720000e+02	1.039956e+02	
1.800000e+01	1.200044e+02	1.300000e+01	1.199956e+02	
3.030303e+02	1.181767e+02	2.910608e+02	1.203519e+02	
4.180000e+02	1.210044e+02	4.130000e+02	1.209956e+02	
8.999996e+00	1.220044e+02	4.000004e+00	1.219956e+02	
8.999996e+00	1.330044e+02	4.000004e+00	1.329956e+02	
1.700000e+01	1.350044e+02	1.200000e+01	1.349956e+02	
4.180000e+02	1.350044e+02	4.130000e+02	1.349956e+02	
3.820000e+02	1.360044e+02	3.770000e+02	1.359956e+02	
4.250000e+02	1.360044e+02	4.200000e+02	1.359956e+02	
3.850000e+02	1.380044e+02	3.800000e+02	1.379956e+02	
9.800000e+01	1.410044e+02	9.300000e+01	1.409956e+02	
4.120000e+02	1.410044e+02	4.070000e+02	1.409956e+02	
1.700000e+01	1.430044e+02	1.200000e+01	1.429956e+02	
3.700000e+02	1.440044e+02	3.650000e+02	1.439956e+02	
4.130000e+02	1.440044e+02	4.080000e+02	1.439956e+02	
1.740000e+02	1.460044e+02	1.690000e+02	1.459956e+02	
1.700000e+01	1.470044e+02	1.200000e+01	1.469956e+02	
7.999996e+00	1.480044e+02	3.000004e+00	1.479956e+02	
4.100000e+02	1.500044e+02	4.050000e+02	1.499956e+02	
1.700000e+01	1.550044e+02	1.200000e+01	1.549956e+02	
4.120000e+02	1.580044e+02	4.070000e+02	1.579956e+02	
3.850000e+02	1.600044e+02	3.800000e+02	1.599956e+02	
3.820000e+02	1.620044e+02	3.770000e+02	1.619956e+02	
6.999996e+00	1.650044e+02	2.000004e+00	1.649956e+02	
3.380000e+02	1.680044e+02	3.330000e+02	1.679956e+02	
4.180000e+02	1.680044e+02	4.130000e+02	1.679956e+02	
3.760000e+02	1.690044e+02	3.710000e+02	1.689956e+02	
6.999996e+00	1.730044e+02	2.000004e+00	1.729956e+02	
4.180000e+02	1.770044e+02	4.130000e+02	1.769956e+02	
6.390000e+02	1.780044e+02	6.340000e+02	1.779956e+02	
6.999996e+00	1.790044e+02	2.000004e+00	1.789956e+02	
2.520000e+02	1.800044e+02	2.470000e+02	1.799956e+02	
3.690000e+02	1.800044e+02	3.640000e+02	1.799956e+02	
3.770000e+02	1.800044e+02	3.720000e+02	1.799956e+02	
1.600000e+01	1.820044e+02	1.100000e+01	1.819956e+02	
6.999996e+00	1.850044e+02	2.000004e+00	1.849956e+02	
9.700000e+01	1.860044e+02	9.200000e+01	1.859956e+02	
149	188	149	188	
4.090000e+02	1.870044e+02	4.040000e+02	1.869956e+02	
3.690000e+02	1.920044e+02	3.640000e+02	1.919956e+02	
6.999996e+00	1.940044e+02	2.000004e+00	1.939956e+02	
4.030000e+02	1.940044e+02	3.980000e+02	1.939956e+02	
6.999996e+00	1.960044e+02	2.000004e+00	1.959956e+02	
3.690000e+02	1.990044e+02	3.640000e+02	1.989956e+02	
4.090000e+02	1.990044e+02	4.040000e+02	1.989956e+02	
6.999996e+00	2.000044e+02	2.000004e+00	1.999956e+02	
6.999996e+00	2.060044e+02	2.000004e+00	2.059956e+02	
6.999996e+00	2.080044e+02	2.000004e+00	2.079956e+02	
4.120000e+02	2.090044e+02	4.070000e+02	2.089956e+02	
4.030000e+02	2.100044e+02	3.980000e+02	2.099956e+02	
4.180000e+02	2.140044e+02	4.130000e+02	2.139956e+02	
4.090000e+02	2.150044e+02	4.040000e+02	2.149956e+02	
5.440000e+02	2.160044e+02	5.390000e+02	2.159956e+02	
2.820000e+02	2.170044e+02	2.770000e+02	2.169956e+02	
1.400000e+01	2.250044e+02	9.000004e+00	2.249956e+02	
1.889004e+02	2.225593e+02	1.480501e+02	2.322160e+02	
4.060000e+02	2.320044e+02	4.010000e+02	2.319956e+02	
2.800000e+02	2.470044e+02	2.750000e+02	2.469956e+02	
4.150000e+02	2.480044e+02	4.100000e+02	2.479956e+02	
4.230000e+02	2.560044e+02	4.180000e+02	2.559956e+02	
3.810000e+02	2.570044e+02	3.760000e+02	2.569956e+02	
3.840000e+02	2.640044e+02	3.790000e+02	2.639956e+02	
9.406218e+01	268	8.202058e+01	268	
3.840000e+02	2.710044e+02	3.790000e+02	2.709956e+02	
2.860000e+02	2.720044e+02	2.810000e+02	2.719956e+02	
2.810000e+02	2.760044e+02	2.760000e+02	2.759956e+02	
3.000000e+02	2.760044e+02	2.950000e+02	2.759956e+02	
4.080000e+02	2.810044e+02	4.030000e+02	2.809956e+02	
6.800000e+01	2.880044e+02	6.300000e+01	2.879956e+02	
4.030000e+02	2.950044e+02	3.980000e+02	2.949956e+02	
3.450000e+02	2.990044e+02	3.400000e+02	2.989956e+02	
1.200000e+01	3.000044e+02	7.000004e+00	2.999956e+02	
4.440000e+02	3.060044e+02	4.390000e+02	3.059956e+02	
4.230000e+02	3.160044e+02	4.180000e+02	3.159956e+02	
3.810000e+02	3.170044e+02	3.760000e+02	3.169956e+02	
3.430000e+02	3.290044e+02	3.380000e+02	3.289956e+02	
1.780568e+02	3.283211e+02	1.660581e+02	3.303290e+02	
4.320000e+02	3.320044e+02	4.270000e+02	3.319956e+02	
2.110000e+02	3.360044e+02	2.060000e+02	3.359956e+02	
6.170000e+02	3.460044e+02	6.120000e+02	3.459956e+02	
9.298065e+01	352	8.590958e+01	352	
5.040000e+02	3.720044e+02	4.990000e+02	3.719956e+02	
1.100000e+01	3.790044e+02	6.000004e+00	3.789956e+02	
3.010000e+02	3.840044e+02	2.960000e+02	3.839956e+02	
6.011114e+02	436	5.950286e+02	436	
1.300000e+01	1.200349e+01	9.000003e+00	1.199651e+01	
1.190000e+02	1.400349e+01	1.150000e+02	1.399651e+01	
1.020000e+02	2.000349e+01	9.800000e+01	1.999651e+01	
8.400000e+01	2.500349e+01	8.000000e+01	2.499651e+01	
2.100000e+01	2.800349e+01	1.700000e+01	2.799651e+01	
3.370000e+02	3.700349e+01	3.330000e+02	3.699651e+01	
3.490000e+02	3.900349e+01	3.450000e+02	3.899651e+01	
4.800000e+01	4.600349e+01	4.400000e+01	4.599651e+01	
6.600000e+01	4.800349e+01	6.200000e+01	4.799651e+01	
3.710000e+02	5.400349e+01	3.670000e+02	5.399651e+01	
5.690000e+02	5.500349e+01	5.650000e+02	5.499651e+01	
1.380000e+02	5.700349e+01	1.340000e+02	5.699651e+01	
1.860000e+02	6.300349e+01	1.820000e+02	6.299651e+01	
3.560000e+02	6.600349e+01	3.520000e+02	6.599651e+01	
4.550000e+02	7.400349e+01	4.510000e+02	7.399651e+01	
3.790000e+02	7.600349e+01	3.750000e+02	7.599651e+01	
4.700000e+01	7.700349e+01	4.300000e+01	7.699651e+01	
4.850000e+02	8.300349e+01	4.810000e+02	8.299651e+01	
3.570000e+02	8.500349e+01	3.530000e+02	8.499651e+01	
1.900000e+01	8.600349e+01	1.500000e+01	8.599651e+01	
4.850000e+02	9.400349e+01	4.810000e+02	9.399651e+01	
4.390000e+02	9.600349e+01	4.350000e+02	9.599651e+01	
4.540000e+02	9.800349e+01	4.500000e+02	9.799651e+01	
4.830000e+02	1.020035e+02	4.790000e+02	1.019965e+02	
9.999997e+00	1.030035e+02	6.000003e+00	1.029965e+02	
5.320000e+02	1.050035e+02	5.280000e+02	1.049965e+02	
9.900000e+01	1.080035e+02	9.500000e+01	1.079965e+02	
9.800000e+01	1.190035e+02	9.400000e+01	1.189965e+02	
9.800000e+01	1.300035e+02	9.400000e+01	1.299965e+02	
3.910000e+02	1.340035e+02	3.870000e+02	1.339965e+02	
4.090000e+02	1.340035e+02	4.050000e+02	1.339965e+02	
4.030000e+02	1.380035e+02	3.990000e+02	1.379965e+02	
1.240000e+02	1.420035e+02	1.200000e+02	1.419965e+02	
9.700000e+01	1.490035e+02	9.300000e+01	1.489965e+02	
2.090000e+02	1.490035e+02	2.050000e+02	1.489965e+02	
4.180000e+02	1.490035e+02	4.140000e+02	1.489965e+02	
9.700000e+01	1.600035e+02	9.300000e+01	1.599965e+02	
1.600000e+01	1.700035e+02	1.200000e+01	1.699965e+02	
3.710000e+02	1.730035e+02	3.670000e+02	1.729965e+02	
7.900000e+01	1.760035e+02	7.500000e+01	1.759965e+02	
2.769981e+02	1.880032e+02	2.699342e+02	1.897644e+02	
2.300000e+02	1.920035e+02	2.260000e+02	1.919965e+02	
9.600000e+01	1.970035e+02	9.200000e+01	1.969965e+02	
4.120000e+02	1.970035e+02	4.080000e+02	1.969965e+02	
1.500000e+01	2.050035e+02	1.100000e+01	2.049965e+02	
5.999997e+00	2.140035e+02	2.000003e+00	2.139965e+02	
5.999997e+00	2.170035e+02	2.000003e+00	2.169965e+02	
2.910000e+02	2.190035e+02	2.870000e+02	2.189965e+02	
9.600000e+01	2.200035e+02	9.200000e+01	2.199965e+02	
5.999997e+00	2.230035e+02	2.000003e+00	2.229965e+02	
1.740000e+02	2.230035e+02	1.700000e+02	2.229965e+02	
5.999997e+00	2.290035e+02	2.000003e+00	2.289965e+02	
1.838469e+02	2.282948e+02	1.040615e+02	2.462752e+02	
2.800000e+02	2.310035e+02	2.760000e+02	2.309965e+02	
4.400000e+02	2.360035e+02	4.360000e+02	2.359965e+02	
1.400000e+01	2.370035e+02	1.000000e+01	2.369965e+02	
2.810000e+02	2.400035e+02	2.770000e+02	2.399965e+02	
3.770000e+02	2.400035e+02	3.730000e+02	2.399965e+02	
9.500000e+01	2.430035e+02	9.100000e+01	2.429965e+02	
3.840000e+02	2.450035e+02	3.800000e+02	2.449965e+02	
3.050000e+02	2.510035e+02	3.010000e+02	2.509965e+02	
9.500000e+01	2.540035e+02	9.100000e+01	2.539965e+02	
4.080000e+02	2.550035e+02	4.040000e+02	2.549965e+02	
4.080000e+02	2.710035e+02	4.040000e+02	2.709965e+02	
3.710000e+02	2.740035e+02	3.670000e+02	2.739965e+02	
1.300000e+01	2.760035e+02	9.000003e+00	2.759965e+02	
2.595479e+01	2.838101e+02	1.804882e+01	2.853899e+02	
9.400000e+01	2.850035e+02	9.000000e+01	2.849965e+02	
1.200000e+01	2.880035e+02	8.000003e+00	2.879965e+02	
6.800000e+01	2.910035e+02	6.400000e+01	2.909965e+02	
4.090000e+02	2.990035e+02	4.050000e+02	2.989965e+02	
9.400000e+01	3.000035e+02	9.000000e+01	2.999965e+02	
5.220000e+02	3.240035e+02	5.180000e+02	3.239965e+02	
5.596837e+01	325	5.086935e+01	325	
2.900000e+02	3.820035e+02	2.860000e+02	3.819965e+02	
6.149313e+02	3.867566e+02	6.050406e+02	3.892410e+02	
4.700000e+02	3.890035e+02	4.660000e+02	3.889965e+02	
6.079811e+02	3.990074e+02	6.020790e+02	4.004790e+02	
5.889865e+02	4.180036e+02	5.820525e+02	4.193892e+02	
3.160534e+02	442	3.020177e+02	442	
5.659507e+02	6.967573e+01	5.600144e+02	7.100264e+01	
5.561229e+02	1.084644e+02	5.441262e+02	1.114778e+02	
3.449914e+02	1.549952e+02	3.282037e+02	1.598090e+02	
5.059856e+02	1.639974e+02	5.000493e+02	1.653243e+02	
2.795938e+02	1.730140e+02	2.571016e+02	1.832169e+02	
2.939423e+02	1.697562e+02	2.810026e+02	1.730064e+02	
2.961211e+02	1.713089e+02	2.582962e+02	1.867450e+02	
2.660789e+02	1.772654e+02	2.590773e+02	1.792598e+02	
8	182	8	182	
2.179948e+02	1.849960e+02	2.098924e+02	1.877071e+02	
242	193	242	193	
3.431578e+02	308	3.390347e+02	308	
4.550449e+02	331	4.390137e+02	331	
3.689229e+02	3.745947e+02	3.640189e+02	3.759916e+02	
189	380	189	380	
186	391	186	391	
6.311275e+02	4.363307e+02	6.231246e+02	4.393228e+02	
2.910844e+02	4.572589e+02	2.850048e+02	4.590022e+02	
1.320588e+02	2.201442e+02	1.050845e+02	2.312072e+02	
1.168797e+02	2.226482e+02	1.101203e+02	2.253518e+02	
6.159872e+02	3.909985e+02	6.110418e+02	3.922407e+02	
1.129985e+02	2.179970e+02	1.030015e+02	2.230030e+02	
3.615865e+02	2.490062e+02	3.599371e+02	1.140014e+02	
350	3.349965e+02	350	2.679890e+02	
4.581424e+02	3.169962e+02	4.565105e+02	2.320060e+02	
460	2.839968e+02	460	2.299876e+02	
533	4.699514e+01	533	1.984033e+00	
337	2.840186e+02	337	2.450058e+02	
456	1.820170e+02	456	1.410048e+02	
141	4.619964e+02	141	4.189848e+02	
31	472	31	440	
511	2.069935e+02	511	1.749779e+02	
428	1.569911e+02	428	1.309719e+02	
263	2.760141e+02	263	2.230047e+02	
1.445127e+02	1.509833e+02	1.429976e+02	1.200042e+02	
349	3.740294e+02	349	3.510076e+02	
84	452	84	452	
5.474576e+02	2.698174e+01	5.459302e+02	2.008416e+00	
183	2.950433e+02	183	2.790121e+02	
4.599998e+02	3.379933e+02	4.584635e+02	3.180273e+02	
4.691734e+02	3.399880e+02	4.676094e+02	3.120139e+02	
326	149	326	149	
83	4.670471e+02	83	4.530115e+02	
456	183	456	183	
339	2.199813e+02	339	2.089359e+02	
3.506889e+02	1.959389e+02	3.470020e+02	1.590010e+02	
5.114093e+02	1.599785e+02	5.098503e+02	1.410162e+02	
5.510177e+01	4.689827e+02	5.353036e+01	4.540317e+02	
507	1.959844e+02	507	1.849391e+02	
511	174	511	165	
517	2.270700e+02	517	2.170201e+02	
1.853918e+02	2.489783e+02	1.838206e+02	2.310191e+02	
608	4.580119e+02	608	4.790357e+02	
5.640753e+01	3.979691e+02	5.488633e+01	3.850197e+02	
95	3.170860e+02	95	3.090238e+02	
457	204	457	197	
205	309	205	309	
27	3.940904e+02	27	3.870194e+02	
3.403809e+02	2.569602e+02	3.389955e+02	2.480114e+02	
3.461311e+02	2.869769e+02	3.446702e+02	2.760285e+02	
449	302	449	302	
611	4.229714e+02	611	4.168886e+02	
361	3.690398e+02	361	3.751225e+02	
523	188	523	188	
5.599964e+02	8.986468e+00	5.586108e+02	2.052476e+00	
8.399930e+01	4.789974e+02	8.127316e+01	4.699107e+02	
325	1.580927e+02	325	1.500304e+02	
6.355591e+02	1.602334e+02	6.311276e+02	1.524641e+02	
6.380047e+02	1.559904e+02	6.354613e+02	1.458646e+02	
5.370035e+01	3.921053e+02	5.170401e+01	3.861041e+02	
7.899844e+01	3.909963e+02	7.664970e+01	3.851240e+02	
1.139999e+02	4.790000e+02	1.100001e+02	4.690000e+02	
1.320015e+02	1.639872e+02	1.307593e+02	1.590418e+02	
6.393357e+02	2.708839e+02	6.359979e+02	2.620036e+02	
1.409900e+02	4.790022e+02	1.315626e+02	4.632502e+02	
1.434519e+02	4.787364e+02	1.350029e+02	4.650027e+02	
1.514638e+02	4.787135e+02	1.450102e+02	4.690000e+02	
261	2.240012e+02	261	3.450054e+02	
357	2.050025e+02	357	2.970079e+02	
425	2.539912e+02	425	3.389971e+02	
356	2.979900e+02	356	3.719967e+02	
451	204	451	133	
81	468	81	399	
106	466	106	397	
448	203	448	134	
353	1.219906e+02	353	1.969972e+02	
353	275	353	207	
514	208	514	140	
3.000000e+00	4.060035e+02	3.000000e+00	4.740108e+02	
131	462	131	396	
109	464	109	399	
134	461	134	397	
330	2.330025e+02	330	3.070093e+02	
446	2.409887e+02	446	3.059964e+02	
470	2.519883e+02	470	3.149963e+02	
519	199	519	140	
524	2.429849e+02	524	3.070161e+02	
2.800000e+01	4.010032e+02	2.800000e+01	4.790096e+02	
57	4.099876e+02	57	4.689960e+02	
2.430325e+02	1.090009e+02	2.411716e+02	1.910041e+02	
2.230264e+02	2.290016e+02	2.214133e+02	3.060107e+02	
3.205654e+02	1.180077e+02	3.189527e+02	1.949973e+02	
205	2.469820e+02	205	3.080148e+02	
462	2.749892e+02	462	3.379971e+02	
541	2.670042e+02	541	3.220133e+02	
2.017150e+02	2.279928e+02	1.998994e+02	3.079972e+02	
2.370787e+02	1.090032e+02	2.354869e+02	1.849931e+02	
246	2.240029e+02	246	2.830114e+02	
1.990631e+02	2.290018e+02	1.972056e+02	3.050054e+02	
2.389950e+02	2.240001e+02	2.366909e+02	3.339941e+02	
539	49	539	2	
9.748028e+01	2.229869e+02	9.588643e+01	3.059957e+02	
1.961729e+02	2.280047e+02	1.945184e+02	3.069937e+02	
273	2.809853e+02	273	3.299955e+02	
1.511206e+02	1.000042e+02	1.494656e+02	1.790122e+02	
2.293091e+02	2.230062e+02	2.271516e+02	3.260030e+02	
2.356372e+02	2.229931e+02	2.336997e+02	3.339942e+02	
2.095449e+02	2.279882e+02	2.078690e+02	3.079957e+02	
348	347	348	303	
526	46	526	2	
269	308	269	267	
427	1.589833e+02	427	2.019949e+02	
1.081625e+02	1.080043e+02	1.065916e+02	1.829946e+02	
2.665247e+02	2.229843e+02	2.626277e+02	3.469876e+02	
101	2.279753e+02	101	2.770161e+02	
270	346	270	309	
345	342	345	305	
474	336	474	299	
543	39	543	2	
231	1.099830e+02	231	1.509952e+02	
457	140	457	140	
518	2.400064e+02	518	2.770199e+02	
543	324	543	288	
599	357	599	322	
31	4.040067e+02	31	4.390210e+02	
245	2.939729e+02	245	3.370194e+02	
107	313	107	280	
325	1.589811e+02	325	1.959946e+02	
459	33	459	2	
142	1.519785e+02	142	1.849937e+02	
267	3.119795e+02	267	3.459942e+02	
465	317	465	287	
466	31	466	2	
432	2.659810e+02	432	3.009952e+02	
99	1.389812e+02	99	1.739955e+02	
99	382	99	355	
441	29	441	2	
350	2.200086e+02	350	2.470271e+02	
427	158	427	158	
95	3.319706e+02	95	3.650312e+02	
314	193	314	169	
463	26	463	2	
219	253	219	230	
346	2.430062e+02	346	2.710241e+02	
511	2.330069e+02	511	2.600254e+02	
55	4.010064e+02	55	4.280249e+02	
578	57	578	35	
5.000000e+00	366	5.000000e+00	345	
98	210	98	189	
100	1.109711e+02	100	1.349919e+02	
100	2.810103e+02	100	3.030331e+02	
141	418	141	397	
271	255	271	234	
317	185	317	164	
510	2.849692e+02	510	3.079909e+02	
454	318	454	298	
4.000000e+00	386	4.000000e+00	367	
7.000000e+00	262	7.000000e+00	243	
83	4.310227e+02	83	3.980076e+02	
213	273	213	254	
339	306	339	287	
225	246	225	228	
580	357	580	339	
145	9.900921e+01	145	1.190342e+02	
327	2.340106e+02	327	2.530369e+02	
350	172	350	155	
426	19	426	2	
426	2.290092e+02	426	2.490342e+02	
83	451	83	435	
206	2.280111e+02	206	2.460388e+02	
216	306	216	290	
358	203	358	187	
547	49	547	33	
574	54	574	38	
584	344	584	328	
274	2.640137e+02	274	2.800449e+02	
345	3.829624e+02	345	4.009901e+02	
3.901956e+02	4.060117e+02	3.876755e+02	4.449815e+02	
9	209	9	195	
48	371	48	357	
101	109	101	95	
104	210	104	196	
110	211	110	197	
2.310621e+02	1.570088e+02	2.295364e+02	1.799799e+02	
336	320	336	306	
348	1.760121e+02	348	1.920433e+02	
507	182	507	168	
5.211267e+02	2.430058e+02	5.180145e+02	3.090006e+02	
47	323	47	310	
49	322	49	309	
50	370	50	357	
99	351	99	338	
175	181	175	168	
261	217	261	204	
264	216	264	203	
313	1.309581e+02	313	1.469894e+02	
325	1.329540e+02	325	1.479873e+02	
326	1.180154e+02	326	1.320510e+02	
339	2.639644e+02	339	2.819922e+02	
350	2.480154e+02	350	2.620510e+02	
464	259	464	246	
468	341	468	341	
14	73	14	61	
109	107	109	95	
111	171	111	159	
161	248	161	236	
174	213	174	201	
183	3.029510e+02	183	3.169867e+02	
191	213	191	201	
213	214	213	202	
228	158	228	146	
235	215	235	203	
238	215	238	203	
259	217	259	205	
271	301	271	289	
342	220	342	208	
345	3.470104e+02	345	3.710312e+02	
348	14	348	2	
3.613280e+02	3.930232e+02	3.572426e+02	4.500172e+02	
458	226	458	214	
464	2.309453e+02	464	2.439837e+02	
511	230	511	218	
587	359	587	347	
5.991842e+00	3.090074e+02	4.483171e+00	3.249675e+02	
139	175	139	164	
347	368	347	357	
438	224	438	213	
457	1.840174e+02	457	1.960590e+02	
466	329	466	318	
529	246	529	235	
5	342	5	332	
30	3.870187e+02	30	3.980641e+02	
106	210	106	200	
106	333	106	323	
1.140156e+02	1.600017e+02	1.118838e+02	1.809887e+02	
183	277	183	267	
184	261	184	251	
218	295	218	285	
241	2.039437e+02	241	2.159853e+02	
269	215	269	205	
323	218	323	208	
425	3.450146e+02	425	3.620440e+02	
434	310	434	300	
436	224	436	214	
510	334	510	324	
515	228	515	218	
522	228	522	218	
573	12	573	2	
577	12	577	2	
99	3.341360e+02	99	3.100528e+02	
1.416141e+02	1.010155e+02	1.400013e+02	1.429964e+02	
231	190	231	181	
364	11	364	2	
442	224	442	215	
446	224	446	215	
456	224	456	215	
509	207	509	198	
607	452	607	443	
218	306	218	298	
224	273	224	265	
227	167	227	159	
227	178	227	170	
234	123	234	115	
348	158	348	150	
426	219	426	211	
4.420137e+02	2.370049e+02	4.404114e+02	2.709819e+02	
543	284	543	276	
3.000000e+00	3.900238e+02	3.000000e+00	3.980860e+02	
445	1.520058e+02	445	1.950174e+02	
5.895274e+02	3.250534e+02	5.880072e+02	3.349877e+02	
57	74	57	68	
173	186	173	180	
210	211	210	205	
228	134	228	128	
3.615449e+02	2.499884e+02	3.598061e+02	3.329943e+02	
435	2.380080e+02	435	2.650265e+02	
463	272	463	266	
589	343	589	337	
314	1.200286e+02	314	1.261114e+02	
339	258	339	258	
449	2.690053e+02	449	3.010210e+02	
120	72	120	68	
2.073082e+02	1.730903e+02	2.023823e+02	1.878122e+02	
277	24	277	20	
356	192	356	188	
54	450	54	450	
345	4.060304e+02	345	4.140927e+02	
469	3.430347e+02	469	3.471578e+02	
524	308	524	308	
5.672957e+02	1.557190e+02	5.523083e+02	1.811626e+02	
5.899898e+02	2.260118e+02	5.861775e+02	2.336582e+02	
5.566400e+02	2.198401e+02	5.536399e+02	2.268400e+02	