4.582975769042968750e+02 3.937513732910156250e+02 4.587469787597656250e+02 4.108360900878906250e+02
5.787362670898437500e+02 2.465143127441406250e+02 5.764467163085937500e+02 2.325002593994140625e+02
4.874908447265625000e+02 3.424266967773437500e+02 4.876993408203125000e+02 3.281582336425781250e+02
5.070294494628906250e+02 3.162690429687500000e+02 4.869886779785156250e+02 3.112548217773437500e+02
5.573261108398437500e+02 2.333965301513671875e+02 5.600025024414062500e+02 2.662778930664062500e+02
4.887670288085937500e+02 4.115002746582031250e+02 4.587469787597656250e+02 4.108360900878906250e+02
2.264088439941406250e+02 4.059927368164062500e+02 2.250028991699218750e+02 4.398121032714843750e+02
1.461380615234375000e+02 2.384041748046875000e+02 1.461687469482421875e+02 2.148320159912109375e+02
5.851892700195312500e+02 1.996108093261718750e+02 6.124968261718750000e+02 2.015365295410156250e+02
4.600009460449218750e+02 2.972365417480468750e+02 4.360528259277343750e+02 2.988415527343750000e+02
4.874908447265625000e+02 3.424266967773437500e+02 4.612799377441406250e+02 3.432764282226562500e+02
5.810783081054687500e+02 2.839271240234375000e+02 5.616114501953125000e+02 2.855776367187500000e+02
4.600009460449218750e+02 2.972365417480468750e+02 4.761144409179687500e+02 2.952916564941406250e+02
4.259796142578125000e+02 1.368458251953125000e+02 4.837621765136718750e+02 1.247646179199218750e+02
4.874908447265625000e+02 3.424266967773437500e+02 4.887470703125000000e+02 3.949454345703125000e+02
4.718249816894531250e+02 2.512720336914062500e+02 4.710896606445312500e+02 2.203209686279296875e+02
5.810783081054687500e+02 2.839271240234375000e+02 5.787362670898437500e+02 2.465143127441406250e+02
6.221868286132812500e+02 2.417631378173828125e+02 6.050766601562500000e+02 2.437500000000000000e+02
5.810783081054687500e+02 2.839271240234375000e+02 6.006089477539062500e+02 2.822487182617187500e+02
5.573261108398437500e+02 2.333965301513671875e+02 5.565294799804687500e+02 2.185935821533203125e+02
5.216266479492187500e+02 3.759910888671875000e+02 5.223377075195312500e+02 4.035393981933593750e+02
3.471821594238281250e+02 2.728128356933593750e+02 3.272012634277343750e+02 2.662500305175781250e+02
4.826107788085937500e+02 1.387500610351562500e+02 4.550008850097656250e+02 1.441497497558593750e+02
4.600009460449218750e+02 2.972365417480468750e+02 4.537177734375000000e+02 3.065376892089843750e+02
5.762913208007812500e+02 1.884073791503906250e+02 5.851892700195312500e+02 1.996108093261718750e+02
4.887470703125000000e+02 3.949454345703125000e+02 4.887670288085937500e+02 4.115002746582031250e+02
1.461687469482421875e+02 2.148320159912109375e+02 1.487479553222656250e+02 1.902883758544921875e+02
4.900278930664062500e+02 4.200123291015625000e+02 4.887670288085937500e+02 4.115002746582031250e+02
4.562197875976562500e+02 1.926000366210937500e+02 4.559038085937500000e+02 1.634126129150390625e+02
6.387561645507812500e+02 1.987618865966796875e+02 6.124968261718750000e+02 2.015365295410156250e+02
4.909179992675781250e+02 4.481204528808593750e+02 4.900278930664062500e+02 4.200123291015625000e+02
4.212615356445312500e+02 4.105799865722656250e+02 3.874611816406250000e+02 4.087500000000000000e+02
5.414426879882812500e+02 1.859615020751953125e+02 5.762913208007812500e+02 1.884073791503906250e+02
4.259796142578125000e+02 1.368458251953125000e+02 3.282470092773437500e+02 5.625024795532226562e+01
5.573261108398437500e+02 2.333965301513671875e+02 5.764467163085937500e+02 2.325002593994140625e+02
4.612799377441406250e+02 3.432764282226562500e+02 4.367325439453125000e+02 3.440512390136718750e+02
6.221868286132812500e+02 2.417631378173828125e+02 6.260930786132812500e+02 2.803103332519531250e+02
5.374755249023437500e+02 3.290649414062500000e+02 5.387531738281250000e+02 3.552946472167968750e+02
4.837660522460937500e+02 2.775315246582031250e+02 4.837555236816406250e+02 2.512500610351562500e+02
4.874908447265625000e+02 3.424266967773437500e+02 5.387531738281250000e+02 3.552946472167968750e+02
5.334077758789062500e+02 4.115415344238281250e+02 5.525380249023437500e+02 3.849265747070312500e+02
4.718249816894531250e+02 2.512720336914062500e+02 4.725693969726562500e+02 2.760004882812500000e+02
4.602252578735351562e+01 2.681596069335937500e+02 2.139049148559570312e+01 2.680580444335937500e+02
2.264088439941406250e+02 4.059927368164062500e+02 2.287704162597656250e+02 3.419819946289062500e+02
5.414426879882812500e+02 1.859615020751953125e+02 4.837621765136718750e+02 1.247646179199218750e+02
6.221868286132812500e+02 2.417631378173828125e+02 6.387028808593750000e+02 2.401059722900390625e+02
4.821986694335937500e+02 2.189918365478515625e+02 4.837555236816406250e+02 2.512500610351562500e+02
3.874611816406250000e+02 4.087500000000000000e+02 4.100607910156250000e+02 4.087534484863281250e+02
6.260930786132812500e+02 2.803103332519531250e+02 6.387254028320312500e+02 2.792969665527343750e+02
6.025181274414062500e+02 2.304993743896484375e+02 5.764467163085937500e+02 2.325002593994140625e+02
4.087198486328125000e+02 2.670698547363281250e+02 4.101358032226562500e+02 2.941251525878906250e+02
2.253379821777343750e+02 1.956716003417968750e+02 2.300035095214843750e+02 1.039435806274414062e+02
4.562197875976562500e+02 1.926000366210937500e+02 4.563699035644531250e+02 2.040904998779296875e+02
4.360528259277343750e+02 2.988415527343750000e+02 4.235867614746093750e+02 2.990560913085937500e+02
3.852306518554687500e+02 2.005045623779296875e+02 3.837143554687500000e+02 1.865423583984375000e+02
8.812134552001953125e+01 1.451306457519531250e+02 6.305606079101562500e+01 1.500031890869140625e+02
6.313951416015625000e+02 3.458571166992187500e+02 6.264215087890625000e+02 3.328163757324218750e+02
3.250036926269531250e+02 7.610681152343750000e+01 2.887341613769531250e+02 8.736617279052734375e+01
4.579126586914062500e+02 2.537283325195312500e+02 4.587635498046875000e+02 2.763077697753906250e+02
4.887470703125000000e+02 3.949454345703125000e+02 4.582975769042968750e+02 3.937513732910156250e+02
5.815621337890625000e+02 4.575255126953125000e+02 5.437583007812500000e+02 4.425000915527343750e+02
4.550008850097656250e+02 1.441497497558593750e+02 4.100039367675781250e+02 1.528110961914062500e+02
3.925352172851562500e+02 2.315562896728515625e+02 3.600349121093750000e+02 2.176834869384765625e+02
2.501363220214843750e+02 4.050021972656250000e+02 2.952959594726562500e+02 4.050007629394531250e+02
1.078820648193359375e+02 1.395241699218750000e+02 6.305606079101562500e+01 1.500031890869140625e+02
5.070294494628906250e+02 3.162690429687500000e+02 5.374755249023437500e+02 3.290649414062500000e+02
4.718249816894531250e+02 2.512720336914062500e+02 4.837555236816406250e+02 2.512500610351562500e+02
3.874611816406250000e+02 4.087500000000000000e+02 3.587377319335937500e+02 4.077863464355468750e+02
6.313951416015625000e+02 3.458571166992187500e+02 5.850377807617187500e+02 3.478158264160156250e+02
4.650029296875000000e+02 3.161564941406250000e+02 4.230062561035156250e+02 3.150002441406250000e+02
4.579126586914062500e+02 2.537283325195312500e+02 4.600009460449218750e+02 2.972365417480468750e+02
3.813681030273437500e+02 4.435022277832031250e+02 3.837431640625000000e+02 4.184647827148437500e+02
8.121537780761718750e+01 3.075067138671875000e+02 5.006795883178710938e+01 3.103048095703125000e+02
4.582975769042968750e+02 3.937513732910156250e+02 4.577563781738281250e+02 3.787544555664062500e+02
4.101358032226562500e+02 2.941251525878906250e+02 4.235867614746093750e+02 2.990560913085937500e+02
4.579126586914062500e+02 2.537283325195312500e+02 4.568753051757812500e+02 2.215886688232421875e+02
2.850001831054687500e+02 2.633543090820312500e+02 2.887341613769531250e+02 8.736617279052734375e+01
8.500358581542968750e+01 4.656752319335937500e+02 8.500006866455078125e+01 4.745326232910156250e+02
4.579126586914062500e+02 2.537283325195312500e+02 4.563699035644531250e+02 2.040904998779296875e+02
4.259796142578125000e+02 1.368458251953125000e+02 4.437227172851562500e+02 1.333617858886718750e+02
5.830993041992187500e+02 3.609274902343750000e+02 6.378272094726562500e+02 3.600019226074218750e+02
6.387333984375000000e+02 3.215388488769531250e+02 6.237490234375000000e+02 3.225092468261718750e+02
4.710896606445312500e+02 2.203209686279296875e+02 4.700086059570312500e+02 1.902847595214843750e+02
4.909179992675781250e+02 4.481204528808593750e+02 4.887670288085937500e+02 4.115002746582031250e+02
1.078820648193359375e+02 1.395241699218750000e+02 1.287680816650390625e+02 1.331152496337890625e+02
4.600009460449218750e+02 2.972365417480468750e+02 4.587635498046875000e+02 2.763077697753906250e+02
4.559038085937500000e+02 1.634126129150390625e+02 4.563699035644531250e+02 2.040904998779296875e+02
1.130622100830078125e+02 4.443663635253906250e+02 1.137557373046875000e+02 4.620143432617187500e+02
8.595370483398437500e+01 4.575038146972656250e+02 8.500006866455078125e+01 4.745326232910156250e+02
5.451287841796875000e+02 4.221636657714843750e+02 5.550072631835937500e+02 4.254908142089843750e+02
3.250036926269531250e+02 7.610681152343750000e+01 2.300035095214843750e+02 1.039435806274414062e+02
2.000013580322265625e+02 1.547589263916015625e+02 2.023104095458984375e+02 1.125317001342773438e+02
6.320217285156250000e+02 4.524682922363281250e+02 5.950241699218750000e+02 4.395890197753906250e+02
4.837621765136718750e+02 1.247646179199218750e+02 4.437227172851562500e+02 1.333617858886718750e+02
3.600082092285156250e+02 2.447229156494140625e+02 3.587424316406250000e+02 2.750079345703125000e+02
5.837550048828125000e+02 3.000151367187500000e+02 6.279459228515625000e+02 2.972972106933593750e+02
3.250306701660156250e+02 4.097098999023437500e+02 2.952959594726562500e+02 4.050007629394531250e+02
1.078820648193359375e+02 1.395241699218750000e+02 8.812134552001953125e+01 1.451306457519531250e+02
6.305606079101562500e+01 1.500031890869140625e+02 1.287680816650390625e+02 1.331152496337890625e+02
2.585152587890625000e+02 9.549185943603515625e+01 2.537291564941406250e+02 2.558919830322265625e+02
5.550072631835937500e+02 4.254908142089843750e+02 5.950241699218750000e+02 4.395890197753906250e+02
4.259796142578125000e+02 1.368458251953125000e+02 4.087255859375000000e+02 1.387870178222656250e+02
1.128817062377929688e+02 4.783625793457031250e+02 1.137419815063476562e+02 4.697127075195312500e+02
8.083141326904296875e+01 4.125001220703125000e+02 5.119741821289062500e+01 4.243320312500000000e+02
4.600009460449218750e+02 2.972365417480468750e+02 4.600000305175781250e+02 2.852226867675781250e+02
1.525446777343750000e+02 1.262248992919921875e+02 1.287680816650390625e+02 1.331152496337890625e+02
5.216266479492187500e+02 3.759910888671875000e+02 5.379271240234375000e+02 3.768780822753906250e+02
6.137552490234375000e+02 3.987461242675781250e+02 6.377006835937500000e+02 3.991605224609375000e+02
1.130622100830078125e+02 4.443663635253906250e+02 1.137419815063476562e+02 4.697127075195312500e+02
4.761144409179687500e+02 2.952916564941406250e+02 4.737832641601562500e+02 2.850224304199218750e+02
4.761144409179687500e+02 2.952916564941406250e+02 4.900459289550781250e+02 2.962654418945312500e+02
1.525446777343750000e+02 1.262248992919921875e+02 1.487479553222656250e+02 1.902883758544921875e+02
3.813681030273437500e+02 4.435022277832031250e+02 3.874611816406250000e+02 4.087500000000000000e+02
5.334077758789062500e+02 4.115415344238281250e+02 4.887670288085937500e+02 4.115002746582031250e+02
4.876993408203125000e+02 3.281582336425781250e+02 5.101626892089843750e+02 3.281796569824218750e+02
5.451287841796875000e+02 4.221636657714843750e+02 5.950241699218750000e+02 4.395890197753906250e+02
5.787362670898437500e+02 2.465143127441406250e+02 5.969868164062500000e+02 2.446525726318359375e+02
4.911533203125000000e+02 2.111298828125000000e+02 5.017988586425781250e+02 2.090523834228515625e+02
2.501363220214843750e+02 4.050021972656250000e+02 2.517925720214843750e+02 3.756966247558593750e+02
6.025181274414062500e+02 2.304993743896484375e+02 6.217061767578125000e+02 2.292335052490234375e+02
2.585152587890625000e+02 9.549185943603515625e+01 3.250036926269531250e+02 7.610681152343750000e+01
4.100799255371093750e+02 3.468427124023437500e+02 4.113879699707031250e+02 3.828025817871093750e+02
4.905106811523437500e+02 4.030911254882812500e+02 4.887670288085937500e+02 4.115002746582031250e+02
3.925352172851562500e+02 2.315562896728515625e+02 3.750223083496093750e+02 2.240406646728515625e+02
2.887341613769531250e+02 8.736617279052734375e+01 2.300035095214843750e+02 1.039435806274414062e+02
4.563699035644531250e+02 2.040904998779296875e+02 4.568753051757812500e+02 2.215886688232421875e+02
3.128449096679687500e+02 2.676768188476562500e+02 3.272012634277343750e+02 2.662500305175781250e+02
2.023104095458984375e+02 1.125317001342773438e+02 2.300035095214843750e+02 1.039435806274414062e+02
1.287680816650390625e+02 1.331152496337890625e+02 2.300035095214843750e+02 1.039435806274414062e+02
5.810783081054687500e+02 2.839271240234375000e+02 5.800007324218750000e+02 2.703576049804687500e+02
6.221868286132812500e+02 2.417631378173828125e+02 6.237773437500000000e+02 2.596348876953125000e+02
6.237490234375000000e+02 3.225092468261718750e+02 6.264215087890625000e+02 3.328163757324218750e+02
2.585152587890625000e+02 9.549185943603515625e+01 2.300035095214843750e+02 1.039435806274414062e+02
1.128817062377929688e+02 4.783625793457031250e+02 1.137557373046875000e+02 4.620143432617187500e+02
4.360786437988281250e+02 3.158070373535156250e+02 4.230062561035156250e+02 3.150002441406250000e+02
5.424174804687500000e+02 2.175437774658203125e+02 5.420621337890625000e+02 2.053043823242187500e+02
5.671887817382812500e+02 4.069189453125000000e+02 5.637409667968750000e+02 3.757967834472656250e+02
2.782834625244140625e+01 2.911242370605468750e+02 4.375550842285156250e+01 2.933238830566406250e+02
5.414426879882812500e+02 1.859615020751953125e+02 5.616855468750000000e+02 1.862748565673828125e+02
3.600082092285156250e+02 2.447229156494140625e+02 3.600349121093750000e+02 2.176834869384765625e+02
5.006795883178710938e+01 3.103048095703125000e+02 3.126118087768554688e+01 3.122381896972656250e+02
1.525446777343750000e+02 1.262248992919921875e+02 2.300035095214843750e+02 1.039435806274414062e+02
4.559038085937500000e+02 1.634126129150390625e+02 4.550008850097656250e+02 1.441497497558593750e+02
6.150100097656250000e+02 4.094327697753906250e+02 6.383045043945312500e+02 4.096747741699218750e+02
5.671887817382812500e+02 4.069189453125000000e+02 5.900812988281250000e+02 4.087511596679687500e+02
3.813681030273437500e+02 4.435022277832031250e+02 3.780593872070312500e+02 4.740541381835937500e+02
4.360786437988281250e+02 3.158070373535156250e+02 4.650029296875000000e+02 3.161564941406250000e+02
1.525446777343750000e+02 1.262248992919921875e+02 2.023104095458984375e+02 1.125317001342773438e+02
4.087198486328125000e+02 2.670698547363281250e+02 4.078464050292968750e+02 2.250077209472656250e+02
5.830993041992187500e+02 3.609274902343750000e+02 6.003479003906250000e+02 3.600460205078125000e+02
4.602252578735351562e+01 2.681596069335937500e+02 4.845325469970703125e+01 2.456027679443359375e+02
8.500358581542968750e+01 4.656752319335937500e+02 8.595370483398437500e+01 4.575038146972656250e+02
6.313951416015625000e+02 3.458571166992187500e+02 6.378272094726562500e+02 3.600019226074218750e+02
2.264088439941406250e+02 4.059927368164062500e+02 2.287516937255859375e+02 3.327823486328125000e+02
1.335730438232421875e+02 2.540401306152343750e+02 1.450001678466796875e+02 2.700026855468750000e+02
4.087198486328125000e+02 2.670698547363281250e+02 4.087351684570312500e+02 2.562363586425781250e+02
4.876993408203125000e+02 3.281582336425781250e+02 4.869886779785156250e+02 3.112548217773437500e+02
6.217061767578125000e+02 2.292335052490234375e+02 6.387472534179687500e+02 2.272053833007812500e+02
5.637409667968750000e+02 3.757967834472656250e+02 5.622356567382812500e+02 3.620830383300781250e+02
4.869886779785156250e+02 3.112548217773437500e+02 4.650029296875000000e+02 3.161564941406250000e+02
8.812134552001953125e+01 1.451306457519531250e+02 1.287680816650390625e+02 1.331152496337890625e+02
1.137419815063476562e+02 4.697127075195312500e+02 1.137557373046875000e+02 4.620143432617187500e+02
4.559038085937500000e+02 1.634126129150390625e+02 4.715628356933593750e+02 1.734660034179687500e+02
6.260930786132812500e+02 2.803103332519531250e+02 6.237773437500000000e+02 2.596348876953125000e+02
4.725693969726562500e+02 2.760004882812500000e+02 4.737832641601562500e+02 2.850224304199218750e+02
2.585152587890625000e+02 9.549185943603515625e+01 2.887341613769531250e+02 8.736617279052734375e+01
5.334077758789062500e+02 4.115415344238281250e+02 5.432869873046875000e+02 3.977187500000000000e+02
4.887470703125000000e+02 3.949454345703125000e+02 4.905106811523437500e+02 4.030911254882812500e+02
5.787362670898437500e+02 2.465143127441406250e+02 5.800007324218750000e+02 2.703576049804687500e+02
5.770219726562500000e+02 4.673487548828125000e+02 6.079586181640625000e+02 4.790307006835937500e+02
5.469362792968750000e+02 2.913164367675781250e+02 5.463462524414062500e+02 2.737955322265625000e+02
3.600349121093750000e+02 2.176834869384765625e+02 3.600001220703125000e+02 2.000694580078125000e+02
1.130622100830078125e+02 4.443663635253906250e+02 8.651388549804687500e+01 4.449756774902343750e+02
8.595370483398437500e+01 4.575038146972656250e+02 8.651388549804687500e+01 4.449756774902343750e+02
4.826107788085937500e+02 1.387500610351562500e+02 4.673188476562500000e+02 1.415551452636718750e+02
6.313951416015625000e+02 3.458571166992187500e+02 6.072650756835937500e+02 3.473263549804687500e+02
2.023104095458984375e+02 1.125317001342773438e+02 1.287680816650390625e+02 1.331152496337890625e+02
5.851892700195312500e+02 1.996108093261718750e+02 6.013164062500000000e+02 1.995938720703125000e+02
5.762913208007812500e+02 1.884073791503906250e+02 5.616855468750000000e+02 1.862748565673828125e+02
5.463462524414062500e+02 2.737955322265625000e+02 5.450173339843750000e+02 2.512516326904296875e+02
6.150100097656250000e+02 4.094327697753906250e+02 5.900812988281250000e+02 4.087511596679687500e+02
3.471821594238281250e+02 2.728128356933593750e+02 3.587424316406250000e+02 2.750079345703125000e+02
2.537291564941406250e+02 2.558919830322265625e+02 2.587480468750000000e+02 1.032996139526367188e+02
8.500358581542968750e+01 4.656752319335937500e+02 8.651388549804687500e+01 4.449756774902343750e+02
3.113705749511718750e+02 4.064221496582031250e+02 2.952959594726562500e+02 4.050007629394531250e+02
2.501363220214843750e+02 4.050021972656250000e+02 3.113705749511718750e+02 4.064221496582031250e+02
6.313951416015625000e+02 3.458571166992187500e+02 6.237490234375000000e+02 3.225092468261718750e+02
5.787362670898437500e+02 2.465143127441406250e+02 6.050766601562500000e+02 2.437500000000000000e+02
2.819008178710937500e+02 3.852928161621093750e+02 2.810025329589843750e+02 3.552827758789062500e+02
4.900278930664062500e+02 4.200123291015625000e+02 4.900735473632812500e+02 4.322658996582031250e+02
4.259796142578125000e+02 1.368458251953125000e+02 3.617469787597656250e+02 8.471364593505859375e+01
6.260930786132812500e+02 2.803103332519531250e+02 6.250032348632812500e+02 2.715739135742187500e+02
6.237490234375000000e+02 3.225092468261718750e+02 5.918959960937500000e+02 3.246597900390625000e+02
5.830993041992187500e+02 3.609274902343750000e+02 5.850377807617187500e+02 3.478158264160156250e+02
2.850001831054687500e+02 2.633543090820312500e+02 2.887701721191406250e+02 9.405245208740234375e+01
4.837660522460937500e+02 2.775315246582031250e+02 4.950003051757812500e+02 2.833996276855468750e+02
3.282470092773437500e+02 5.625024795532226562e+01 3.617469787597656250e+02 8.471364593505859375e+01
4.900278930664062500e+02 4.200123291015625000e+02 5.437583007812500000e+02 4.425000915527343750e+02
4.550008850097656250e+02 1.441497497558593750e+02 4.673188476562500000e+02 1.415551452636718750e+02
1.187700042724609375e+02 2.642633972167968750e+02 1.215211868286132812e+02 2.438525085449218750e+02
6.378272094726562500e+02 3.600019226074218750e+02 6.003479003906250000e+02 3.600460205078125000e+02
4.101358032226562500e+02 2.941251525878906250e+02 4.087351684570312500e+02 2.562363586425781250e+02
4.101358032226562500e+02 2.941251525878906250e+02 4.087396850585937500e+02 2.747846374511718750e+02
5.550072631835937500e+02 4.254908142089843750e+02 5.670780639648437500e+02 4.296731262207031250e+02
4.909179992675781250e+02 4.481204528808593750e+02 4.900735473632812500e+02 4.322658996582031250e+02
2.466876220703125000e+02 3.311694641113281250e+02 2.461290283203125000e+02 3.432013854980468750e+02
4.078464050292968750e+02 2.250077209472656250e+02 4.087173767089843750e+02 2.079447937011718750e+02
5.017988586425781250e+02 2.090523834228515625e+02 5.151066894531250000e+02 2.108067016601562500e+02
1.078820648193359375e+02 1.395241699218750000e+02 1.525446777343750000e+02 1.262248992919921875e+02
5.525380249023437500e+02 3.849265747070312500e+02 5.432869873046875000e+02 3.977187500000000000e+02
5.387531738281250000e+02 3.552946472167968750e+02 5.113117065429687500e+02 3.475197753906250000e+02
4.078464050292968750e+02 2.250077209472656250e+02 4.087351684570312500e+02 2.562363586425781250e+02
4.212615356445312500e+02 4.105799865722656250e+02 4.587469787597656250e+02 4.108360900878906250e+02
1.078820648193359375e+02 1.395241699218750000e+02 2.300035095214843750e+02 1.039435806274414062e+02
6.006089477539062500e+02 2.822487182617187500e+02 5.969868164062500000e+02 2.446525726318359375e+02
1.137557373046875000e+02 4.620143432617187500e+02 1.150007476806640625e+02 4.524964904785156250e+02
4.876993408203125000e+02 3.281582336425781250e+02 4.630582275390625000e+02 3.302957153320312500e+02
4.826107788085937500e+02 1.387500610351562500e+02 4.837347106933593750e+02 1.891984252929687500e+02
1.487479553222656250e+02 1.902883758544921875e+02 1.515988922119140625e+02 1.593197326660156250e+02
3.128449096679687500e+02 2.676768188476562500e+02 2.780427856445312500e+02 2.710343933105468750e+02
4.874908447265625000e+02 3.424266967773437500e+02 5.113117065429687500e+02 3.475197753906250000e+02
6.137552490234375000e+02 3.987461242675781250e+02 5.874262695312500000e+02 3.987708740234375000e+02
3.587424316406250000e+02 2.750079345703125000e+02 3.600523681640625000e+02 2.589790039062500000e+02
3.874611816406250000e+02 4.087500000000000000e+02 3.837431640625000000e+02 4.184647827148437500e+02
5.671887817382812500e+02 4.069189453125000000e+02 6.150100097656250000e+02 4.094327697753906250e+02
6.279459228515625000e+02 2.972972106933593750e+02 6.383936157226562500e+02 2.973682861328125000e+02
1.130622100830078125e+02 4.443663635253906250e+02 1.379988861083984375e+02 4.292429504394531250e+02
6.305606079101562500e+01 1.500031890869140625e+02 2.300035095214843750e+02 1.039435806274414062e+02
1.461380615234375000e+02 2.384041748046875000e+02 1.487479553222656250e+02 1.902883758544921875e+02
5.616114501953125000e+02 2.855776367187500000e+02 5.600025024414062500e+02 2.662778930664062500e+02
5.387531738281250000e+02 3.552946472167968750e+02 5.379271240234375000e+02 3.768780822753906250e+02
4.876993408203125000e+02 3.281582336425781250e+02 4.887470703125000000e+02 3.949454345703125000e+02
6.221868286132812500e+02 2.417631378173828125e+02 6.250032348632812500e+02 2.715739135742187500e+02
4.113879699707031250e+02 3.828025817871093750e+02 4.111596679687500000e+02 3.947122497558593750e+02
4.900278930664062500e+02 4.200123291015625000e+02 4.910483398437500000e+02 4.394330139160156250e+02
5.334077758789062500e+02 4.115415344238281250e+02 5.451287841796875000e+02 4.221636657714843750e+02
4.559038085937500000e+02 1.634126129150390625e+02 4.561604309082031250e+02 1.545362243652343750e+02
2.264088439941406250e+02 4.059927368164062500e+02 2.501363220214843750e+02 4.050021972656250000e+02
4.562197875976562500e+02 1.926000366210937500e+02 4.561604309082031250e+02 1.545362243652343750e+02
3.813681030273437500e+02 4.435022277832031250e+02 3.822880249023437500e+02 4.659431152343750000e+02
6.260930786132812500e+02 2.803103332519531250e+02 6.006089477539062500e+02 2.822487182617187500e+02
4.577563781738281250e+02 3.787544555664062500e+02 4.501307983398437500e+02 3.622152099609375000e+02
6.025181274414062500e+02 2.304993743896484375e+02 6.387472534179687500e+02 2.272053833007812500e+02
3.600082092285156250e+02 2.447229156494140625e+02 3.600523681640625000e+02 2.589790039062500000e+02
5.950241699218750000e+02 4.395890197753906250e+02 5.670780639648437500e+02 4.296731262207031250e+02
4.821986694335937500e+02 2.189918365478515625e+02 4.837347106933593750e+02 1.891984252929687500e+02
6.072650756835937500e+02 3.473263549804687500e+02 5.850377807617187500e+02 3.478158264160156250e+02
5.451287841796875000e+02 4.221636657714843750e+02 5.670780639648437500e+02 4.296731262207031250e+02
2.264088439941406250e+02 4.059927368164062500e+02 2.250639495849609375e+02 4.323602600097656250e+02
3.272012634277343750e+02 2.662500305175781250e+02 2.780427856445312500e+02 2.710343933105468750e+02
2.287704162597656250e+02 3.419819946289062500e+02 2.287224731445312500e+02 3.568252868652343750e+02
3.587377319335937500e+02 4.077863464355468750e+02 3.600492858886718750e+02 4.261142883300781250e+02
3.113705749511718750e+02 4.064221496582031250e+02 3.250306701660156250e+02 4.097098999023437500e+02
2.585152587890625000e+02 9.549185943603515625e+01 2.023104095458984375e+02 1.125317001342773438e+02
5.119741821289062500e+01 4.243320312500000000e+02 9.373423767089843750e+01 4.077936096191406250e+02
5.770219726562500000e+02 4.673487548828125000e+02 5.537215576171875000e+02 4.586911621093750000e+02
8.083141326904296875e+01 4.125001220703125000e+02 9.373423767089843750e+01 4.077936096191406250e+02
8.812134552001953125e+01 1.451306457519531250e+02 1.525446777343750000e+02 1.262248992919921875e+02
4.100607910156250000e+02 4.087534484863281250e+02 4.113879699707031250e+02 3.828025817871093750e+02
6.124968261718750000e+02 2.015365295410156250e+02 6.013164062500000000e+02 1.995938720703125000e+02
4.579126586914062500e+02 2.537283325195312500e+02 4.600000305175781250e+02 2.852226867675781250e+02
6.237490234375000000e+02 3.225092468261718750e+02 6.030172119140625000e+02 3.248144531250000000e+02
2.887341613769531250e+02 8.736617279052734375e+01 2.023104095458984375e+02 1.125317001342773438e+02
4.826107788085937500e+02 1.387500610351562500e+02 5.268572387695312500e+02 1.826736755371093750e+02
4.212615356445312500e+02 4.105799865722656250e+02 4.100607910156250000e+02 4.087534484863281250e+02
3.837431640625000000e+02 4.184647827148437500e+02 3.814227905273437500e+02 4.331381530761718750e+02
1.137419815063476562e+02 4.697127075195312500e+02 1.150007476806640625e+02 4.524964904785156250e+02
2.517925720214843750e+02 3.756966247558593750e+02 2.511927185058593750e+02 3.576445617675781250e+02
5.420621337890625000e+02 2.053043823242187500e+02 5.416966552734375000e+02 1.966883239746093750e+02
4.563699035644531250e+02 2.040904998779296875e+02 4.561604309082031250e+02 1.545362243652343750e+02
6.250032348632812500e+02 2.715739135742187500e+02 6.237773437500000000e+02 2.596348876953125000e+02
5.451287841796875000e+02 4.221636657714843750e+02 5.437583007812500000e+02 4.425000915527343750e+02
2.819008178710937500e+02 3.852928161621093750e+02 2.807414550781250000e+02 3.750347900390625000e+02
3.813681030273437500e+02 4.435022277832031250e+02 3.814227905273437500e+02 4.331381530761718750e+02
2.810025329589843750e+02 3.552827758789062500e+02 2.807414550781250000e+02 3.750347900390625000e+02
1.130622100830078125e+02 4.443663635253906250e+02 1.150007476806640625e+02 4.524964904785156250e+02
6.378272094726562500e+02 3.600019226074218750e+02 6.371900024414062500e+02 3.757580566406250000e+02
5.837550048828125000e+02 3.000151367187500000e+02 6.383936157226562500e+02 2.973682861328125000e+02
4.911533203125000000e+02 2.111298828125000000e+02 5.151066894531250000e+02 2.108067016601562500e+02
4.375550842285156250e+01 2.933238830566406250e+02 5.873042297363281250e+01 2.946257324218750000e+02
5.671887817382812500e+02 4.069189453125000000e+02 5.622356567382812500e+02 3.620830383300781250e+02
4.718249816894531250e+02 2.512720336914062500e+02 4.579126586914062500e+02 2.537283325195312500e+02
5.525380249023437500e+02 3.849265747070312500e+02 5.637409667968750000e+02 3.757967834472656250e+02
1.988183259963989258e+00 3.975015869140625000e+02 2.234332084655761719e+01 3.987262268066406250e+02
1.078820648193359375e+02 1.395241699218750000e+02 2.023104095458984375e+02 1.125317001342773438e+02
4.909179992675781250e+02 4.481204528808593750e+02 4.910483398437500000e+02 4.394330139160156250e+02
5.815621337890625000e+02 4.575255126953125000e+02 5.567626342773437500e+02 4.472200317382812500e+02
6.119613037109375000e+02 2.118729400634765625e+02 6.387381591796875000e+02 2.090294952392578125e+02
5.950241699218750000e+02 4.395890197753906250e+02 6.212747802734375000e+02 4.488794860839843750e+02
4.078464050292968750e+02 2.250077209472656250e+02 4.067934570312500000e+02 1.821300811767578125e+02
4.587469787597656250e+02 4.108360900878906250e+02 4.381065368652343750e+02 4.113532104492187500e+02
4.837621765136718750e+02 1.247646179199218750e+02 4.087255859375000000e+02 1.387870178222656250e+02
5.437583007812500000e+02 4.425000915527343750e+02 5.567626342773437500e+02 4.472200317382812500e+02
5.166146240234375000e+02 2.962816772460937500e+02 5.054301147460937500e+02 2.941480712890625000e+02
4.911533203125000000e+02 2.111298828125000000e+02 4.837347106933593750e+02 1.891984252929687500e+02
1.128817062377929688e+02 4.783625793457031250e+02 1.150007476806640625e+02 4.524964904785156250e+02
5.374755249023437500e+02 3.290649414062500000e+02 5.369088134765625000e+02 3.151120910644531250e+02
5.315139160156250000e+02 2.400009155273437500e+02 5.287435913085937500e+02 2.250034332275390625e+02
1.461687469482421875e+02 2.148320159912109375e+02 1.525446777343750000e+02 1.262248992919921875e+02
4.101358032226562500e+02 2.941251525878906250e+02 3.471821594238281250e+02 2.728128356933593750e+02
5.437583007812500000e+02 4.425000915527343750e+02 5.311682128906250000e+02 4.367575988769531250e+02
4.550008850097656250e+02 1.441497497558593750e+02 4.561604309082031250e+02 1.545362243652343750e+02
1.187700042724609375e+02 2.642633972167968750e+02 1.287680816650390625e+02 1.331152496337890625e+02
2.000013580322265625e+02 1.547589263916015625e+02 2.016439056396484375e+02 1.324655609130859375e+02
4.367325439453125000e+02 3.440512390136718750e+02 4.100799255371093750e+02 3.468427124023437500e+02
1.379988861083984375e+02 4.292429504394531250e+02 1.776915130615234375e+02 4.110612487792968750e+02
2.287704162597656250e+02 3.419819946289062500e+02 2.461290283203125000e+02 3.432013854980468750e+02
4.710896606445312500e+02 2.203209686279296875e+02 4.704744873046875000e+02 2.110151977539062500e+02
3.136005249023437500e+02 3.178061828613281250e+02 3.262104797363281250e+02 3.187506713867187500e+02
2.300035095214843750e+02 1.039435806274414062e+02 2.278618774414062500e+02 1.584333343505859375e+02
4.078464050292968750e+02 2.250077209472656250e+02 4.080725402832031250e+02 1.971594543457031250e+02
5.764467163085937500e+02 2.325002593994140625e+02 5.769785156250000000e+02 2.165753326416015625e+02
5.671887817382812500e+02 4.069189453125000000e+02 5.537879028320312500e+02 4.077799072265625000e+02
6.320217285156250000e+02 4.524682922363281250e+02 5.670780639648437500e+02 4.296731262207031250e+02
4.087198486328125000e+02 2.670698547363281250e+02 4.087396850585937500e+02 2.747846374511718750e+02
2.264088439941406250e+02 4.059927368164062500e+02 2.287224731445312500e+02 3.568252868652343750e+02
5.119741821289062500e+01 4.243320312500000000e+02 1.931399106979370117e-02 4.136314697265625000e+02
4.579126586914062500e+02 2.537283325195312500e+02 4.337320251464843750e+02 2.558746948242187500e+02
2.501363220214843750e+02 4.050021972656250000e+02 2.515896911621093750e+02 3.845289306640625000e+02
5.969868164062500000e+02 2.446525726318359375e+02 6.050766601562500000e+02 2.437500000000000000e+02
1.187700042724609375e+02 2.642633972167968750e+02 1.237234954833984375e+02 2.229030151367187500e+02
1.078820648193359375e+02 1.395241699218750000e+02 9.505950164794921875e+01 2.684065856933593750e+02
4.100799255371093750e+02 3.468427124023437500e+02 4.111596679687500000e+02 3.947122497558593750e+02
4.562197875976562500e+02 1.926000366210937500e+02 4.568753051757812500e+02 2.215886688232421875e+02
4.772943725585937500e+02 4.640359191894531250e+02 4.951649780273437500e+02 4.650003967285156250e+02
5.223377075195312500e+02 4.035393981933593750e+02 4.905106811523437500e+02 4.030911254882812500e+02
2.253379821777343750e+02 1.956716003417968750e+02 2.278618774414062500e+02 1.584333343505859375e+02
6.137552490234375000e+02 3.987461242675781250e+02 6.114344482421875000e+02 3.863179321289062500e+02
5.450173339843750000e+02 2.512516326904296875e+02 5.420636596679687500e+02 2.373876495361328125e+02
5.671887817382812500e+02 4.069189453125000000e+02 5.550072631835937500e+02 4.254908142089843750e+02
3.813681030273437500e+02 4.435022277832031250e+02 4.764739379882812500e+02 4.490470581054687500e+02
5.315139160156250000e+02 2.400009155273437500e+02 5.137326660156250000e+02 2.412317199707031250e+02
3.830014648437500000e+02 3.028057861328125000e+02 3.651726074218750000e+02 2.981979675292968750e+02
6.320217285156250000e+02 4.524682922363281250e+02 6.212747802734375000e+02 4.488794860839843750e+02
3.600349121093750000e+02 2.176834869384765625e+02 3.750223083496093750e+02 2.240406646728515625e+02
4.845325469970703125e+01 2.456027679443359375e+02 2.208257293701171875e+01 2.459623413085937500e+02
4.078464050292968750e+02 2.250077209472656250e+02 4.083560791015625000e+02 2.450288238525390625e+02
2.023104095458984375e+02 1.125317001342773438e+02 1.764900054931640625e+02 1.190501327514648438e+02
3.250036926269531250e+02 7.610681152343750000e+01 2.887701721191406250e+02 9.405245208740234375e+01
4.587635498046875000e+02 2.763077697753906250e+02 4.600000305175781250e+02 2.852226867675781250e+02
4.909179992675781250e+02 4.481204528808593750e+02 4.764739379882812500e+02 4.490470581054687500e+02
5.573261108398437500e+02 2.333965301513671875e+02 5.420636596679687500e+02 2.373876495361328125e+02
6.446540355682373047e-03 4.377276306152343750e+02 2.294582366943359375e+01 4.300270996093750000e+02
4.887670288085937500e+02 4.115002746582031250e+02 4.900735473632812500e+02 4.322658996582031250e+02
3.437573547363281250e+02 3.365325927734375000e+02 3.450005493164062500e+02 3.839531555175781250e+02
2.887341613769531250e+02 8.736617279052734375e+01 2.780427856445312500e+02 2.710343933105468750e+02
4.764739379882812500e+02 4.490470581054687500e+02 4.772943725585937500e+02 4.640359191894531250e+02
6.313951416015625000e+02 3.458571166992187500e+02 6.170974121093750000e+02 3.470182189941406250e+02
3.822880249023437500e+02 4.659431152343750000e+02 4.772943725585937500e+02 4.640359191894531250e+02
4.562197875976562500e+02 1.926000366210937500e+02 4.550008850097656250e+02 1.441497497558593750e+02
6.137552490234375000e+02 3.987461242675781250e+02 6.015849609375000000e+02 3.990044860839843750e+02
6.371900024414062500e+02 3.757580566406250000e+02 6.383701171875000000e+02 3.877499084472656250e+02
4.874908447265625000e+02 3.424266967773437500e+02 4.905106811523437500e+02 4.030911254882812500e+02
3.450005493164062500e+02 3.839531555175781250e+02 3.450046386718750000e+02 3.985319824218750000e+02
2.234332084655761719e+01 3.987262268066406250e+02 4.722759246826171875e+01 3.989778442382812500e+02
4.100607910156250000e+02 4.087534484863281250e+02 4.111596679687500000e+02 3.947122497558593750e+02
3.600082092285156250e+02 2.447229156494140625e+02 3.600001220703125000e+02 2.000694580078125000e+02
2.264088439941406250e+02 4.059927368164062500e+02 2.952959594726562500e+02 4.050007629394531250e+02
4.826107788085937500e+02 1.387500610351562500e+02 5.054833984375000000e+02 1.624333801269531250e+02
5.830993041992187500e+02 3.609274902343750000e+02 5.821552124023437500e+02 3.763399047851562500e+02
2.287704162597656250e+02 3.419819946289062500e+02 2.134865417480468750e+02 3.424919738769531250e+02
5.850377807617187500e+02 3.478158264160156250e+02 6.170974121093750000e+02 3.470182189941406250e+02
4.826107788085937500e+02 1.387500610351562500e+02 4.802856140136718750e+02 1.510042266845703125e+02
1.525446777343750000e+02 1.262248992919921875e+02 1.515988922119140625e+02 1.593197326660156250e+02
4.900735473632812500e+02 4.322658996582031250e+02 4.910483398437500000e+02 4.394330139160156250e+02
5.469362792968750000e+02 2.913164367675781250e+02 5.450173339843750000e+02 2.512516326904296875e+02
2.537291564941406250e+02 2.558919830322265625e+02 2.550039367675781250e+02 2.123827972412109375e+02
4.101358032226562500e+02 2.941251525878906250e+02 3.587424316406250000e+02 2.750079345703125000e+02
4.700086059570312500e+02 1.902847595214843750e+02 4.704744873046875000e+02 2.110151977539062500e+02
6.006089477539062500e+02 2.822487182617187500e+02 6.050766601562500000e+02 2.437500000000000000e+02
5.874262695312500000e+02 3.987708740234375000e+02 5.821552124023437500e+02 3.763399047851562500e+02
1.525446777343750000e+02 1.262248992919921875e+02 1.764900054931640625e+02 1.190501327514648438e+02
3.813681030273437500e+02 4.435022277832031250e+02 4.909179992675781250e+02 4.481204528808593750e+02
2.461290283203125000e+02 3.432013854980468750e+02 2.511927185058593750e+02 3.576445617675781250e+02
3.874611816406250000e+02 4.087500000000000000e+02 3.814227905273437500e+02 4.331381530761718750e+02
4.837347106933593750e+02 1.891984252929687500e+02 4.802856140136718750e+02 1.510042266845703125e+02
4.100039367675781250e+02 1.528110961914062500e+02 4.067934570312500000e+02 1.821300811767578125e+02
5.420636596679687500e+02 2.373876495361328125e+02 5.315139160156250000e+02 2.400009155273437500e+02
4.845325469970703125e+01 2.456027679443359375e+02 5.000919342041015625e+01 2.362854309082031250e+02
4.212615356445312500e+02 4.105799865722656250e+02 4.381065368652343750e+02 4.113532104492187500e+02
4.087351684570312500e+02 2.562363586425781250e+02 4.087396850585937500e+02 2.747846374511718750e+02
5.437583007812500000e+02 4.425000915527343750e+02 5.155634765625000000e+02 4.300344238281250000e+02
8.812134552001953125e+01 1.451306457519531250e+02 7.500002288818359375e+01 2.878163146972656250e+02
4.602252578735351562e+01 2.681596069335937500e+02 4.375550842285156250e+01 2.933238830566406250e+02
2.234332084655761719e+01 3.987262268066406250e+02 6.501102447509765625e+01 3.993136596679687500e+02
5.424174804687500000e+02 2.175437774658203125e+02 5.416966552734375000e+02 1.966883239746093750e+02
5.334077758789062500e+02 4.115415344238281250e+02 5.550072631835937500e+02 4.254908142089843750e+02
4.722759246826171875e+01 3.989778442382812500e+02 6.501102447509765625e+01 3.993136596679687500e+02
2.023104095458984375e+02 1.125317001342773438e+02 2.016439056396484375e+02 1.324655609130859375e+02
2.250028991699218750e+02 4.398121032714843750e+02 3.813681030273437500e+02 4.435022277832031250e+02
5.268572387695312500e+02 1.826736755371093750e+02 5.054833984375000000e+02 1.624333801269531250e+02
2.585152587890625000e+02 9.549185943603515625e+01 2.550039367675781250e+02 2.123827972412109375e+02
2.587480468750000000e+02 1.032996139526367188e+02 2.550039367675781250e+02 2.123827972412109375e+02
4.900278930664062500e+02 4.200123291015625000e+02 5.311682128906250000e+02 4.367575988769531250e+02
6.119613037109375000e+02 2.118729400634765625e+02 5.769785156250000000e+02 2.165753326416015625e+02
4.612799377441406250e+02 3.432764282226562500e+02 4.630582275390625000e+02 3.302957153320312500e+02
5.874262695312500000e+02 3.987708740234375000e+02 6.015849609375000000e+02 3.990044860839843750e+02
2.250028991699218750e+02 4.398121032714843750e+02 2.250639495849609375e+02 4.323602600097656250e+02
2.780427856445312500e+02 2.710343933105468750e+02 2.887701721191406250e+02 9.405245208740234375e+01
