59 410 59 119
123 426 357 385
166 210 187 210
123 432 123 127
125 424 125 149
127 243 366 243
207 225 245 225
115 33 356 79
61 48 436 114
273 231 366 232
126 188 324 198
125 40 308 75
122 173 163 176
56 367 56 175
447 56 639 9
125 45 266 72
150 156 228 162
126 148 363 168
208 262 236 262
423 405 507 425
355 212 425 214
128 253 208 253
133 108 357 136
29 118 57 121
73 383 73 192
530 282 560 281
152 70 316 98
124 80 349 115
138 415 356 380
391 187 402 187
357 90 457 108
330 357 347 355
224 206 240 207
355 217 401 218
307 220 329 220
193 281 264 279
176 94 366 121
108 98 325 128
258 190 366 196
344 302 424 311
247 284 257 284
236 248 425 248
237 84 421 116
126 391 270 371
130 356 270 341
126 162 267 172
155 45 357 84
383 255 393 255
572 188 591 188
372 88 393 91
324 83 366 89
394 369 405 368
193 262 207 262
282 289 357 285
373 312 391 312
268 184 288 184
330 220 377 222
124 86 285 109
207 102 280 112
456 220 481 220
74 191 74 112
295 285 317 285
529 247 565 260
397 198 415 199
166 171 357 184
126 325 235 316
278 318 323 314
536 190 552 190
261 266 289 266
442 257 476 257
316 176 356 180
443 242 443 206
0 82 46 88
67 59 87 62
311 169 364 174
528 335 585 343
136 143 293 157
197 81 249 91
604 287 604 268
126 365 270 348
169 126 323 144
15 259 27 259
245 207 259 207
160 302 259 297
247 92 283 98
258 284 308 282
284 214 309 214
127 194 232 199
528 352 586 362
443 102 473 107
156 308 173 308
530 193 554 192
183 186 218 187
128 385 270 365
165 177 196 178
305 253 368 254
396 275 424 276
390 124 493 107
175 224 189 224
512 424 610 448
126 411 270 389
126 371 270 354
331 373 342 371
274 164 365 171
188 211 221 211
121 127 293 145
79 181 108 182
313 187 334 187
216 214 246 216
313 315 347 315
529 282 529 209
445 277 445 196
486 193 502 194
127 304 141 304
222 322 232 322
375 317 424 314
162 155 184 156
390 368 400 367
127 316 271 306
167 249 195 249
528 323 567 326
365 272 365 203
126 351 270 336
124 121 209 131
425 276 425 185
398 93 438 100
126 405 270 382
0 451 121 432
61 44 120 52
552 286 586 285
505 106 616 87
281 182 355 187
231 343 256 341
220 180 248 182
356 205 417 209
355 331 365 332
162 269 190 268
562 239 582 237
538 284 538 198
125 49 166 57
355 307 365 308
502 279 502 193
78 182 106 196
308 297 324 297
289 318 325 323
112 82 116 52
116 63 148 70
278 320 307 324
282 306 319 313
1 430 59 421
127 249 143 249
0 94 91 105
197 65 263 76
591 258 591 212
456 134 480 136
278 217 296 217
373 84 456 100
529 394 601 409
583 268 597 266
329 292 339 292
247 110 279 114
2 16 48 25
447 278 459 278
362 244 363 272
605 267 605 187
322 227 404 228
355 250 356 194
207 414 362 387
178 230 249 230
201 305 216 305
528 356 589 366
22 122 57 125
60 60 84 65
365 85 553 41
357 172 357 148
357 297 357 280
165 327 221 323
173 340 270 331
171 291 184 293
126 223 146 223
188 291 214 292
540 352 591 360
389 203 410 203
288 265 358 264
110 181 179 185
92 164 106 165
323 305 347 307
0 178 29 180
358 272 358 192
522 43 533 41
554 226 583 226
362 204 373 204
334 112 376 120
162 41 334 74
355 329 374 341
455 135 479 138
121 167 165 170
75 379 75 369
346 87 356 89
81 187 112 192
4 82 73 91
293 307 323 309
97 206 118 206
238 79 366 101
293 123 357 133
278 315 328 322
231 303 244 303
115 64 135 68
194 62 215 66
542 251 583 246
126 203 223 206
0 260 14 260
630 85 630 23
403 267 422 267
278 319 317 323
144 263 192 263
210 254 300 254
0 7 93 26
257 226 298 226
535 231 536 198
603 390 603 339
632 83 632 18
20 87 88 96
263 287 276 288
211 414 373 479
112 103 113 91
170 79 220 87
7 287 28 287
171 290 185 291
319 284 337 284
539 433 617 453
0 85 39 90
294 305 345 303
281 174 315 176
144 303 158 303
371 390 503 421
355 314 355 360
455 143 479 146
74 436 77 403
424 319 424 369
313 210 328 210
283 185 304 185
501 377 501 319
165 194 208 197
75 74 75 20
0 143 57 147
637 68 637 37
355 311 391 311
282 75 319 81
400 258 423 258
129 354 210 346
357 85 357 119
595 275 595 212
81 38 81 21
256 314 271 314
365 321 375 321
465 216 498 216
555 252 566 252
566 201 580 202
581 274 598 271
185 157 273 164
308 142 356 148
126 345 164 341
500 48 515 45
564 196 599 195
97 205 103 151
77 165 106 167
74 412 74 369
46 156 56 161
2 107 57 112
196 309 246 306
71 89 126 96
149 411 214 400
211 267 238 267
360 327 374 334
539 39 583 29
388 87 484 106
260 296 270 296
126 131 126 68
568 32 616 22
127 53 167 59
523 474 524 455
127 229 177 229
250 110 262 111
214 251 253 252
509 48 616 23
552 267 570 267
278 308 317 306
78 422 80 400
621 454 634 454
98 214 103 173
336 127 355 130
316 256 326 256
617 86 617 29
229 162 262 165
268 261 305 260
564 240 582 242
57 144 57 126
589 330 603 331
138 209 156 209
567 211 570 227
228 86 287 96
394 70 439 57
543 247 580 246
374 364 375 305
391 223 423 223
3 6 94 22
533 468 533 455
2 14 78 29
12 153 36 155
532 281 551 278
22 138 46 139
100 212 104 173
212 105 231 107
124 126 124 54
131 370 157 367
543 456 566 469
125 46 157 52
265 216 298 220
383 198 393 198
528 324 529 393
356 233 423 233
365 189 366 205
381 315 391 315
279 307 324 320
166 288 188 287
19 222 44 222
330 310 347 310
564 212 573 258
549 197 563 197
507 318 507 283
229 68 263 74
583 283 597 282
568 287 587 287
363 388 393 395
265 278 314 277
0 281 21 281
230 212 249 212
576 261 579 219
443 200 487 203
305 305 315 310
256 289 274 289
462 315 481 317
441 336 441 368
10 137 21 137
371 364 372 326
287 295 326 293
558 39 616 26
238 179 259 180
140 309 155 309
105 149 108 212
339 321 347 309
538 460 555 460
109 215 109 173
74 430 74 413
446 195 459 195
355 313 365 313
198 249 245 249
366 259 399 259
444 336 444 362
362 238 423 238
582 453 592 457
82 71 117 76
60 87 60 50
126 284 142 284
335 211 355 211
0 113 58 119
443 369 490 361
442 276 442 251
331 199 342 199
363 128 363 90
219 188 257 189
128 269 146 269
535 442 570 456
61 49 71 51
115 185 115 174
257 319 271 319
363 198 382 197
129 113 163 117
364 189 376 189
334 305 347 304
362 221 362 202
327 384 356 379
330 313 347 313
367 128 406 122
510 466 536 464
71 88 72 19
281 298 296 298
240 200 263 200
110 69 122 71
545 256 567 256
283 169 298 168
325 215 341 216
22 160 56 162
539 469 553 476
289 299 310 324
139 415 209 404
253 305 271 305
382 243 423 243
580 220 583 251
537 266 547 266
278 322 288 326
78 52 122 62
443 376 500 387
281 74 297 77
200 177 210 177
82 39 126 58
129 290 139 290
356 114 357 140
442 313 453 313
611 449 613 462
501 461 561 462
557 251 565 219
245 303 271 300
102 71 118 73
365 330 365 362
561 251 584 248
96 89 120 92
324 318 336 318
533 283 534 246
165 292 177 296
79 36 109 49
198 306 208 309
138 330 158 328
307 108 319 110
500 378 500 388
612 453 627 452
126 310 139 310
357 337 357 360
191 268 210 268
331 364 347 359
356 236 356 223
547 478 549 464
508 462 546 458
324 296 342 297
572 254 573 235
535 355 581 363
88 33 108 43
325 276 335 276
283 314 323 307
276 77 290 79
92 57 119 63
150 177 165 178
88 180 99 180
8 116 35 119
469 154 479 142
556 191 573 191
286 145 328 149
41 217 52 222
210 286 238 285
480 280 492 280
358 79 387 72
315 159 325 160
149 269 161 269
270 395 270 337
533 324 533 335
126 330 137 330
0 158 21 160
455 154 470 133
542 465 563 475
573 176 585 176
249 182 273 183
79 34 109 47
82 61 82 33
499 455 513 455
319 260 329 260
539 455 551 455
144 249 156 249
500 421 528 431
342 296 350 286
150 343 168 341
340 365 356 373
316 160 345 162
529 457 543 457
80 49 127 56
512 458 533 477
126 264 143 264
95 55 116 59
270 208 298 209
147 224 165 224
236 307 247 311
287 314 305 311
371 273 379 263
256 213 283 213
400 263 419 263
553 189 565 189
103 99 117 101
87 186 106 185
26 20 67 29
175 77 217 85
86 195 110 193
368 202 388 202
121 40 121 28
115 24 115 40
293 219 306 219
81 63 120 99
550 238 563 254
470 154 479 143
530 198 543 198
323 282 357 279
137 404 266 384
269 166 290 167
460 155 474 132
534 465 563 463
331 359 356 371
76 429 77 417
109 66 122 68
469 142 478 131
466 155 479 139
145 109 159 111
213 360 239 357
79 20 79 35
443 365 443 351
120 101 120 88
586 274 588 288
355 272 355 258
57 124 58 110
366 264 398 263
458 139 463 155
350 168 363 169
278 317 323 310
237 97 249 99
305 186 319 186
291 325 302 325
554 1 570 1
118 184 118 174
460 194 471 194
233 321 256 320
579 190 592 190
111 178 121 180
8 478 31 478
535 276 546 276
328 99 358 143
264 201 283 201
389 254 408 253
552 31 624 13
94 94 108 97
525 455 535 461
251 261 267 261
11 476 26 476
305 307 319 307
67 70 67 42
530 358 530 348
578 254 580 268
193 400 251 391
361 361 361 337
461 155 480 131
573 249 578 272
83 33 106 43
101 211 115 208
546 453 577 453
357 315 368 326
511 469 531 467
234 255 244 261
278 309 291 311
151 411 196 404
77 183 91 183
336 276 352 275
61 39 73 41
271 173 285 172
375 253 397 253
