479.005 89.6951 574.996 91.2616
612.304 178.032 604.228 255.024
450.433 22.9858 448.825 86.9956
601.428 279.048 593.831 346.981
451 89 472 89
590.806 372.977 583.656 433.96
622.348 75.0349 613.646 161.965
487.382 159.024 484.254 208.016
478.294 290.021 475.247 333.017
626.196 26.0146 623.753 58.9817
481.85 245.071 479.604 271.967
38.4385 78.0353 41.3952 125.038
38 62 38 75
31.6707 61.0177 34.9399 122.003
622 99 638 99
590.341 7.01703 586.349 87.0174
609 223 623 223
491.798 90.9873 488.596 141.975
51.822 307.01 55.1611 364.991
545.991 96.4785 586.996 97.2356
493.012 94.6509 531.999 96.0279
624 74 638 74
59.7882 423.015 62.7761 464.945
487 175.988 526.988 177.349
544.52 384.264 558.352 409.357
567.515 355.057 561.651 407.961
433.998 93.0464 470.988 94.3443
492.634 255.15 544.58 382.172
43.773 185.016 49.4035 263.971
489.008 157.713 523.009 158.688
417.317 254.014 416.179 279.008
28.6002 1.02123 31.4129 53.9781
44.4866 277.038 51.5388 372.96
424.721 98.9879 421.085 183.004
533.014 250.764 548.02 251.667
540 177 560 177
520.776 320.303 566.817 354.248
496.986 251.287 517.997 250.872
427.366 88.8602 451.077 150.971
531.996 222.892 572 223.054
69.9838 68.0664 101.088 75.6386
209.01 109.696 256.993 111.226
592.999 373.001 638.271 406.635
453.762 155.711 489.86 251.053
541.903 129.99 539.91 149.991
51.114 370.072 59.8724 478.01
440.991 224.181 464.999 223.912
67.0955 0.997378 68.3307 45.9909
428.023 79.2982 446.988 77.8467
111 317 111 338
543.991 128.456 582.995 129.243
605.022 160.867 637.944 166.339
626.176 220.02 623.824 240.98
153.446 230.209 136.306 266.674
524.087 159.56 585.07 171.649
489.011 246.308 519.009 245.24
428.019 87.2433 446.981 85.7567
126.889 262.109 114.808 360.977
137 268 137 287
635.176 227.018 633.686 241.969
586.906 428.107 638.037 472.958
35.544 1.0225 37.2224 35.0384
543.006 149.747 579.009 150.635
573.188 299.017 570.674 325.97
530.812 128.989 529.69 147.982
68.9487 48.1402 90.9333 56.1824
267 114 267 150
207.967 111 208.073 160
519.256 253.025 517.804 267.981
506.373 309.854 536.2 385.922
258.774 113.993 259.11 150.999
490.998 127.074 528.99 128.321
346.428 154.17 335.317 182.126
103.559 155.018 105.864 211.006
494.988 210.706 519.998 211.139
66.2732 57.9461 69.6517 75.0687
622 102 637 102
426.364 101.26 452.331 164.865
529 211.04 579.999 210.807
486.139 208.66 577.902 246.239
551 153 578 153
503.008 268.796 521.019 269.538
100.765 77.0089 103.187 140.993
619 130 634 130
576.159 218.015 574.718 232.973
472.939 98.9959 471.061 127.004
594.212 77.0194 586.866 156.988
420.176 194.007 418.674 232.987
81.2993 377.142 60.6281 420.824
106.717 238.015 108.793 278.011
37.2714 164.982 41.3386 224.977
98.9179 10.0025 100.35 56.9893
315.045 92.4011 346.976 88.7901
583.95 129.996 581.66 156.971
232.985 114.726 251.997 115.125
147.049 108.148 136.318 184.045
488 180 525 180
135.082 279.009 112.807 477.978
490 243.052 527.999 242.87
581.368 270.04 572.851 347.984
609.087 286.614 636.074 292.668
493.005 97.8597 533.986 99.3675
75.3769 278.295 52.9275 306.943
619.937 309.3 635.111 312.467
211.012 113.753 228.02 114.582
560.828 419.068 584.176 477.93
596.174 42.0056 595.569 61.0181
480.322 209.21 578.01 248.975
604.927 257.172 637.916 271.197
43 127 43 158
39.9111 161.392 52.9252 159.489
129.576 32.9824 130.738 71.008
310.011 62.288 346.994 60.8478
601.674 50.061 591.179 166.016
130.773 81.0072 132.307 128.99
560.284 132.024 558.826 148.985
590.57 175.057 582.386 257.038
596.862 344.215 638.117 370.819
522.175 241.014 520.056 268.004
78.6763 1.01633 81.2479 51.9875
313.019 90.1371 381.96 80.7088
582.092 268.79 614.901 283.225
478.084 331.904 531.247 378.72
85 369 85 382
442.998 126.049 468.985 127.307
74.0152 169.035 90.8918 161.749
319.037 118.779 346.934 123.399
71.6136 173.02 76.4202 265.978
417.012 19.6639 520.991 23.2659
416.326 1.02252 415.015 20.0011
453 149 470 149
592.978 163.426 616.02 164.615
132.665 144.012 134.143 183.995
472.063 149.67 500.962 155.201
260.168 151.856 376.766 288.201
591.057 172.731 611.01 176.953
538.011 267.793 555.015 268.734
480.207 336.774 538.104 389.886
592.009 1.6629 638.003 2.87173
120.555 297.251 112.071 316.032
511.052 291.92 570.131 330.801
104.677 329.842 86.0542 368.026
601.964 259.086 637.95 274.121
595.144 347.783 637.94 376.091
544.984 99.586 585.009 100.658
286.144 131.657 303.942 139.138
286.038 113.75 301.97 116.196
467.054 178.985 475.27 209.198
347.99 228.01 375.012 254.988
437 179.009 453.989 179.428
539 180 564 180
471.795 333.225 540.299 395.672
207.233 161.042 198.363 209.884
443 244 464 244
314.107 143.728 341.77 154.586
510.813 295.285 569.211 333.679
548.15 252.671 564.029 259.937
602 317 638 317
76.8309 278.01 82.2581 365.984
596.18 351.739 638.222 380.677
121.565 149.016 123.826 210.006
74.0757 151.231 107.735 140.192
489 207 523 207
434.01 96.7353 472.992 98.2194
562.71 131.981 561.676 147.979
250.038 39.4696 294.029 42.5847
333.641 186.86 322.715 214.889
75.1417 266.111 57.524 288.628
35.0066 48.9777 65.0462 57.8434
70.1776 98.0114 68.7009 120.981
70.9522 129.996 69.6937 144.974
146.288 179.033 137.481 256.941
131.512 209.422 107.954 237.962
427.232 252.682 460.193 276.736
332.003 211.997 341.997 222.003
601 72 621 72
156.638 54.0844 124.251 298.901
571.795 359.976 564.353 424.041
463.7 253.907 465.423 266.944
283.043 96.3475 302.984 93.8687
353.921 201.001 354.189 225.009
513 282 528 282
136.002 364.001 121.97 408.991
123.87 221.007 126.004 261
211.55 1.0272 215.725 70.0166
126.003 195.003 135.997 184.997
585.168 173.014 582.929 199.994
464.501 268.035 459.828 333.988
108.254 337.115 87.6066 382.822
109.297 404.923 101.248 478.027
85.2769 78.9905 87.3798 139.987
478.989 320.62 508.992 319.734
225.133 122.003 224.62 147.993
71 147 71 159
147.343 175.022 150.998 284
484.655 253.125 492.962 276.014
524.072 288.319 535.92 285.645
532.218 283.431 565.005 295.987
470.125 216.951 480.689 244.121
44.8799 182.734 70.9813 170.959
529.984 207.635 556.022 206.503
475 87 488 87
420.914 233.132 462.092 259.858
257.948 172.043 507.793 478.169
415.374 232.429 462.009 262.987
573.225 358.707 589.721 371.363
502.008 26.2258 522.018 25.4876
356.843 97.0025 357.425 133.993
572.806 349.282 584.021 356.969
556.57 415.169 581.243 477.904
125.352 300.046 108.214 431.898
467.611 219.978 465.783 251.988
282.781 165.256 298.926 179.087
65.7998 460.913 60.4613 473.2
41.5941 58.0213 46.8315 158.009
114.045 346.019 87.4726 409.199
339.247 180.096 325.68 214.875
38.986 1.00081 41.0676 36.9961
348.285 69.0064 346.392 153.009
108.436 403.149 82.8771 477.958
143.979 45.0005 145.59 107.011
449.824 209.628 465.032 213.886
576.189 272.024 573.912 289.989
354.077 144.009 352.708 155.967
105.024 155.053 118.875 148.727
119.254 74.9916 121.41 139.986
229.801 123.003 230.436 168.008
435.042 187.897 461.988 199.029
313.502 193.518 341.009 219.991
585.513 437.456 627.721 477.296
526.313 132.028 524.988 146.999
555.952 204.49 568.034 203.358
85.5829 417.027 88.1783 456.988
416.844 280.172 457.713 317.315
55 161 69 161
473 128 473 142
211.425 149.023 210.201 172.011
344.768 191.988 345.108 213.998
53.0197 266.771 69.9803 268.229
555 305 570 305
58.9903 366.995 53.4179 377.228
452.984 23.4193 499.989 25.268
209.006 84.8009 254.995 86.1707
481.828 273.264 495.775 282.345
109.88 282.927 83.1752 327.106
80.8909 366.949 70.7229 388.871
377.281 83.1078 360.398 127.153
316.121 169.829 341.941 188.084
47.8265 184.011 52.8061 264.012
478.9 274.151 497.367 286.448
466.112 280.855 476.888 289.145
142.16 363.045 123.672 427.907
405.615 283.4 546.69 419.322
89 165 89 188
535.842 226.392 577.868 243.327
260 44 286 44
372.589 100.993 371.126 184.002
453.156 170.934 486.667 249.716
280.88 202.098 338.83 273.139
415.927 282.079 457.853 321.158
55.5326 309.031 59.2609 364.983
150.092 288.033 129.8 344.929
519.943 312.079 566.662 345.472
109.957 425.995 103.944 477.993
173.723 47.0052 178.479 302.01
74.0963 148.305 94.9152 141.731
387.735 77.027 379.942 288.998
99.7225 248.77 79.3528 273.293
480.293 291.595 506.358 310.507
338 94 338 106
369.679 213.985 367.856 253.993
422.318 97.0136 420.862 130.994
319.89 151.003 320.296 166.019
335.128 137.005 333.719 175.99
381.243 91.0084 378.58 167.985
378.48 176.02 374.281 279.011
475.192 204.927 492.492 250.194
560.205 289.685 572.294 297.548
87.9567 70.2377 105.907 73.5093
389.061 301.948 538.081 477.931
118.701 23.9924 119.143 64.9985
133.721 84.0059 134.666 129.007
113.62 317.009 114.113 338.997
69.0646 64.7468 104.08 73.6873
488.651 94.9795 485.952 140.997
63.1314 420.99 66.0827 457.993
135.413 194.051 128.181 253.022
153.54 55.0702 148.209 96.0272
233 68 247 68
354.581 95.9874 353.767 122.993
417.818 196.989 415.845 230.991
474.982 356.018 554.506 435.494
522 422 535 422
418.074 183.817 463.834 202.407
101.668 12.0106 103.132 57.9958
126.071 146.139 140.002 139.003
420.171 142.008 418.341 183.015
211.011 173.676 255.995 175.14
179.245 206.994 181.356 286.991
581.002 450.998 607.998 478.002
379.201 83.074 372.986 99.9947
106.702 160.01 108.239 207.992
597.944 446.061 632.27 477.707
208.546 177.093 157.169 477.858
352.718 172.036 351.775 190.989
193.978 90.0003 195.363 193.995
181.589 70.0096 183.403 148.014
289.315 143.029 288.016 157.001
151.963 166.996 150.693 179.97
155.682 83.0838 143.905 178.988
143.643 181.075 108.841 477.864
103.57 76.0149 105.718 138.01
618.926 74.9931 610.853 160.986
151.491 182.019 153.49 236.982
153.321 245.987 154.904 285.004
293.163 82.0102 291.854 102.991
609.202 179.021 600.939 256.993
213.717 1.01678 216.147 41.9913
131.998 35.0001 133.345 70.9871
420.022 271.287 434.018 270.238
109.983 348.993 86.8433 403.934
109.712 240.013 111.487 278.024
254.031 37.441 293.023 39.5771
305.286 79.004 303.752 189.997
484.863 154.991 481.393 207.026
426.814 234.299 453.167 250.733
591.067 361.906 638.209 395.709
369.805 92.9316 363.837 109.943
139.087 287.032 133.692 301.888
320 96 320 108
123.965 134.895 137.757 130.275
79.002 241.002 105.998 213.998
198.649 148.978 196.561 182.973
360.909 129.963 355.199 144.08
160.139 61.0154 150.056 151.895
415.285 248.952 413.527 274.968
407.015 293.985 439.985 327.015
330.092 215.913 356.877 244.117
586.933 433.073 636.249 477.724
618.073 165.569 638.011 168.936
369.593 190.979 370.181 207.994
479.105 245.01 476.581 270.959
604.967 269.076 637 283
176.823 95.0103 179.621 143.022
335 94 335 106
299 72 317 72
322.04 76.5697 347.01 78.8916
404.041 284.96 463.416 344.586
459.912 338.096 476.115 352.874
240.001 77.0484 288.991 75.6815
209.998 78.9696 231.983 77.7113
315 91 315 113
469.078 357.922 527.972 417.028
408.309 140.011 406.783 181.992
410.33 91.012 408.834 131.994
503.979 276.584 525.987 277.375
207.603 35.9931 206.764 83.9959
460.344 28.009 458.876 83.9967
279.166 95.9765 283.696 128.043
406.298 190.015 404.15 233.008
484.779 216.509 575.948 256.12
408.315 234.546 460.945 271.079
208.978 81.774 227.993 79.9273
43.0455 257.995 44.8853 276.012
574.556 449.441 602.978 478.022
235 92 250 92
275.235 102.007 274.422 131.012
323 95 323 107
475.384 292.031 472.161 332.013
180.865 180.012 184.294 219.975
139.708 265.006 140.091 282.998
151 148 151 165
602.02 62.1915 622.009 60.0879
297 69 316 69
598.501 281.061 590.551 346.946
149.301 49.0091 148.269 83.0082
82.0426 74.0123 72.5539 106.871
353.911 227.101 367.758 239.275
492.23 264.297 512.957 318.017
340.37 248.688 533.827 478.146
581.4 461.593 598.045 477.954
320.423 122.957 322.155 139.984
409.104 176.005 404.633 278.984
37.8772 36.333 64.8922 46.2924
352 231 366 245
532 408 553 429
558.354 442.244 571.888 478.042
257.909 177.073 420.343 379.527
440 230 461 230
534.265 370.896 576.274 477.892
254.989 66.514 285.996 65.8162
292.074 117.989 294.39 133.094
483.974 223.064 495.132 227.682
403.862 241.993 401.943 281.997
471.558 371.43 520.82 422.174
410.748 141.991 409.728 171.991
179 182 179 196
264.993 60.2668 305.992 61.3026
413.392 87.0205 410.73 138.038
352.244 191.633 369.101 202.848
259 70 259 91
478.9 283.138 502.06 299.917
284.985 212.012 317.9 253.08
114.089 302.045 84.103 361.548
241.934 347.008 258.153 477.981
539.456 395.812 549.009 418.996
411.018 184.956 465.14 207.666
245.457 354.067 260.731 478.033
489 236 513 236
105.619 283.776 81.4985 324.704
207.025 98.4354 232.997 96.9407
553.04 154.703 580.09 158.33
355.175 170.005 354.534 191.016
268.012 34.6284 384.992 38.2482
492.04 144.712 506.05 146.637
233 74 251 74
264.003 57.8634 327.992 59.3364
216.336 357.004 214.785 477.997
511.042 147.74 529.059 150.631
213.026 370 212.95 465.001
329 96 329 110
266.985 63.6229 335.993 65.3012
77.8621 236.856 102.869 212.863
185 78 185 90
464.603 358.386 521.825 417.171
605.033 438.339 638.015 435.15
587.301 376.036 580.748 430.97
314 147 314 160
156 293 168 293
133.003 365.001 124.912 391.974
604.003 38.0302 636.95 34.5294
413.002 133.987 438.98 138.127
416.002 311.998 432.998 329.002
322.043 255.966 342.101 280.918
134.861 397.96 126.589 426.882
105.066 422.024 88.9931 466.998
181.626 165.054 186.131 195.981
291.716 327.107 348.655 478.13
54 264 67 264
194 63 194 89
356.067 161.836 368.095 166.769
620.024 168.824 636.977 171.163
78.8047 228.78 102.1 208.113
177 77 177 94
308 81 322 81
354.767 129.91 348.635 145.86
383 284 400 284
177.702 149.037 181.267 177.967
364.915 259.072 372.239 267.8
588.981 424.783 636.965 420.599
359.001 62.9238 390.006 63.157
405.151 295.856 433.933 326.064
172.317 356.053 169.845 370.974
493.029 146.827 585.923 162.456
383 287 402 287
279.331 249.835 392.668 477.166
337.248 316.845 437.967 478.02
287.001 45.9737 345.989 47.4411
198 130 198 143
357.065 198.918 367.112 206.858
526.004 1.9257 583.979 5.35364
450 227 464 227
296.415 278.792 396.09 477.955
306 77 321 77
260.217 304.946 303.489 477.878
263.989 52.3626 325.994 54.203
388.19 396.881 428.831 462.106
270.675 337.082 306.048 477.988
145.109 370.031 128.609 427.889
302.035 455.586 450.978 446.627
388.241 392.85 441.126 477.922
218.998 421.943 260.992 420.714
351.998 60.0636 389.989 61.3197
301 21 319 21
275.311 79.0168 274.12 101.007
186 126 186 139
387.019 453.288 454.99 448.845
147.644 304.865 132.076 346.029
104.727 14.3627 116.712 23.3822
240.169 308.979 245.111 348.986
275 20 287 20
331 22 344 22
96.3514 242.296 79.8621 261.884
192.885 284.981 184.721 333.954
197.947 251.991 193.468 278.912
273.025 420.388 309.998 417.971
524.872 3.9913 523.714 20.9805
238 123 238 149
312 152 312 164
168.086 436.015 160.747 477.956
266.23 251.914 350.977 478.008
264.015 459.331 295.996 457.9
218.014 461.34 249.001 460.026
282 56 307 56
217 289 217 313
176.005 460.219 211.01 459.48
239 161 252 161
301.629 260.608 333.759 312.15
214 286 214 304
256 423 273 423
336.994 455.884 378.984 453.699
269 21.9907 305.987 23.3473
227 458 242 458
162.045 420.008 159.9 431.982
410.018 416.315 435.992 414.859
226 424 247 424
316 24 334 24
325 389 341 389
412 62 428 62
309.273 247.793 344.992 295.006
280.803 298.074 290.195 322.926
262.107 197.933 301.004 259.998
363.055 353.966 383.884 387.073
219 395 246 395
460.836 448.121 472.724 464.204
360 23 374 23
336.012 417.262 359.008 416.165
400 39 422 39
