1.980886230468750000e+02 1.511680297851562500e+02 1.656156768798828125e+02 1.536886138916015625e+02
4.576069641113281250e+02 1.485208892822265625e+02 2.874254150390625000e+02 1.569153594970703125e+02
4.954319763183593750e+02 5.479356002807617188e+01 5.303483886718750000e+02 1.134818267822265625e+02
2.888973083496093750e+02 1.860097646713256836e+00 3.767332458496093750e+02 6.905217742919921875e+01
4.875856323242187500e+02 9.630831909179687500e+01 4.699866027832031250e+02 1.382580261230468750e+02
4.584519042968750000e+02 2.898091697692871094e+01 4.678608703613281250e+02 4.433271789550781250e+01
1.026427841186523438e+02 2.317200317382812500e+02 1.637234191894531250e+02 2.364537353515625000e+02
4.970001831054687500e+02 2.664130926132202148e+00 4.959286499023437500e+02 5.321689605712890625e+01
1.980347900390625000e+02 1.511651306152343750e+02 2.367434387207031250e+02 1.616213684082031250e+02
4.936062622070312500e+02 3.233021545410156250e+02 5.145363769531250000e+02 3.239449157714843750e+02
3.969435424804687500e+02 2.013406829833984375e+02 3.968856506347656250e+02 2.130433349609375000e+02
6.240087509155273438e+01 2.838435554504394531e+01 1.046706771850585938e+02 4.487738800048828125e+01
2.692121276855468750e+02 1.179069137573242188e+02 2.862032470703125000e+02 1.247600708007812500e+02
4.563594055175781250e+02 2.293439331054687500e+02 2.859971008300781250e+02 2.305375518798828125e+02
2.708242187500000000e+02 1.171749725341796875e+02 2.634362182617187500e+02 3.269977416992187500e+02
5.156826171875000000e+02 2.129033966064453125e+02 5.213191528320312500e+02 2.169585876464843750e+02
2.683582458496093750e+02 1.175302658081054688e+02 2.491260375976562500e+02 1.196102600097656250e+02
5.948217773437500000e+02 3.619511108398437500e+02 6.400000000000000000e+02 3.635018920898437500e+02
5.578345336914062500e+02 2.247126464843750000e+02 5.589234008789062500e+02 2.835622253417968750e+02
5.224170532226562500e+02 3.052764282226562500e+02 6.140605468750000000e+02 3.074529418945312500e+02
4.143777160644531250e+02 2.448770446777343750e+02 4.140662841796875000e+02 2.787042236328125000e+02
4.235645751953125000e+02 2.133867950439453125e+02 4.231628112792968750e+02 2.251903991699218750e+02
3.730903625488281250e+02 1.701044440269470215e+00 3.726412353515625000e+02 4.019898986816406250e+01
5.309013061523437500e+02 1.132442779541015625e+02 5.209993286132812500e+02 1.143761444091796875e+02
4.582732543945312500e+02 2.942141914367675781e+01 3.731027221679687500e+02 4.007437896728515625e+01
3.695378112792968750e+02 7.267995452880859375e+01 3.681133422851562500e+02 1.050713119506835938e+02
1.257300872802734375e+02 2.377501525878906250e+02 1.225364990234375000e+02 3.360013427734375000e+02
2.488131561279296875e+02 1.196649322509765625e+02 2.449286804199218750e+02 3.247433776855468750e+02
1.036005325317382812e+02 1.890685577392578125e+02 1.628772277832031250e+02 1.976163177490234375e+02
4.945527343750000000e+02 1.677722549438476562e+01 5.326746215820312500e+02 8.505718231201171875e+01
5.590659179687500000e+02 2.253578491210937500e+02 5.729838867187500000e+02 2.352875213623046875e+02
4.574244995117187500e+02 1.998724365234375000e+02 3.978342895507812500e+02 2.009921264648437500e+02
3.675899658203125000e+02 2.121128692626953125e+02 3.676043090820312500e+02 2.279024810791015625e+02
4.861313171386718750e+02 9.684202575683593750e+01 5.215912475585937500e+02 1.391527099609375000e+02
4.867185058593750000e+02 9.545164489746093750e+01 3.684050903320312500e+02 1.036577987670898438e+02
2.048875122070312500e+02 3.660285472869873047e-01 3.700104980468750000e+02 1.029219131469726562e+02
5.138493652343750000e+02 1.358100738525390625e+02 5.173577270507812500e+02 3.245973510742187500e+02
3.037937927246093750e+02 2.472307128906250000e+02 3.038475952148437500e+02 2.802566528320312500e+02
4.849656372070312500e+02 1.947260284423828125e+02 4.604916687011718750e+02 1.961913909912109375e+02
2.379799652099609375e+02 1.152046966552734375e+02 2.490679168701171875e+02 1.192359619140625000e+02
1.064130554199218750e+02 8.578744506835937500e+01 1.649537353515625000e+02 1.048746719360351562e+02
1.648152008056640625e+02 3.394130706787109375e+01 1.035604095458984375e+02 4.554486465454101562e+01
2.871760253906250000e+02 1.288972625732421875e+02 2.848895263671875000e+02 3.242737426757812500e+02
4.846690063476562500e+02 1.946013183593750000e+02 4.943517761230468750e+02 1.997248992919921875e+02
2.477300415039062500e+02 1.626486816406250000e+02 2.381793823242187500e+02 1.637143859863281250e+02
3.731825561523437500e+02 4.012985229492187500e+01 3.899299926757812500e+02 5.390201568603515625e+01
4.580738830566406250e+02 1.399220886230468750e+02 2.877565002441406250e+02 1.485841217041015625e+02
4.849440002441406250e+02 1.009251098632812500e+02 4.864835205078125000e+02 3.365853271484375000e+02
2.863859558105468750e+02 2.807767944335937500e+02 4.560362243652343750e+02 2.831509094238281250e+02
5.150324096679687500e+02 1.341828460693359375e+02 4.959854125976562500e+02 1.349715728759765625e+02
5.133618774414062500e+02 2.124409484863281250e+02 4.953082275390625000e+02 2.132921142578125000e+02
2.674766540527343750e+02 2.044696044921875000e+02 2.468393249511718750e+02 2.055513763427734375e+02
2.866326599121093750e+02 2.993615112304687500e+02 4.558723754882812500e+02 3.042673645019531250e+02
1.683219909667968750e+02 4.308214187622070312e+00 1.592236022949218750e+02 3.664344177246093750e+02
2.687177734375000000e+02 1.185878982543945312e+02 3.359246826171875000e+02 1.457192077636718750e+02
4.586779785156250000e+02 0.000000000000000000e+00 4.584798583984375000e+02 2.920553779602050781e+01
1.059270095825195312e+02 7.641757202148437500e+01 1.654936370849609375e+02 9.768092346191406250e+01
3.599765319824218750e+02 0.000000000000000000e+00 3.664635009765625000e+02 5.740449905395507812e+01
2.681174316406250000e+02 1.403344879150390625e+02 2.875605468750000000e+02 1.480074462890625000e+02
1.206111755371093750e+02 4.385779190063476562e+01 1.660801544189453125e+02 6.274663925170898438e+01
2.397497863769531250e+02 2.371599197387695312e+01 2.354370880126953125e+02 1.606432189941406250e+02
5.188083496093750000e+02 2.832814941406250000e+02 6.275076904296875000e+02 2.849595336914062500e+02
3.371490173339843750e+02 9.358066320419311523e-01 3.682526855468750000e+02 2.674312400817871094e+01
4.574742126464843750e+02 1.023383865356445312e+02 4.597889709472656250e+02 3.343340759277343750e+02
5.441035156250000000e+02 2.257344055175781250e+02 5.227265014648437500e+02 2.264834594726562500e+02
3.770579223632812500e+02 4.625591659545898438e+01 3.766327209472656250e+02 6.968725585937500000e+01
5.240085449218750000e+02 2.833033447265625000e+02 6.400000000000000000e+02 2.850209960937500000e+02
6.279498672485351562e+01 2.848441696166992188e+01 5.872129821777343750e+01 1.616750488281250000e+02
5.615660400390625000e+02 2.557208404541015625e+02 5.711642456054687500e+02 2.575358581542968750e+02
6.400000000000000000e+02 2.389214019775390625e+02 6.039010009765625000e+02 2.393955993652343750e+02
4.962085266113281250e+02 3.282321777343750000e+02 4.851682739257812500e+02 3.353782043457031250e+02
4.020129699707031250e+02 2.461172332763671875e+02 4.018357543945312500e+02 2.778092041015625000e+02
2.864604797363281250e+02 2.903754577636718750e+02 4.561555480957031250e+02 2.933392028808593750e+02
4.943173217773437500e+02 5.910985946655273438e+01 3.712458801269531250e+02 7.121818542480468750e+01
1.049199066162109375e+02 4.538134765625000000e+01 9.949031829833984375e+01 3.543818664550781250e+02
4.202848815917968750e+02 9.351313710212707520e-01 3.734974670410156250e+02 7.938549041748046875e+00
5.970497436523437500e+02 3.057778320312500000e+02 4.659529418945312500e+02 4.791463317871093750e+02
4.576525878906250000e+02 1.337361755371093750e+02 3.389821777343750000e+02 1.403100585937500000e+02
5.870952148437500000e+02 4.040209045410156250e+02 5.616046752929687500e+02 4.789410705566406250e+02
4.260040283203125000e+02 2.230959777832031250e+02 3.701768493652343750e+02 2.245142669677734375e+02
6.168750762939453125e+01 3.179015350341796875e+01 1.647954101562500000e+02 6.814814758300781250e+01
4.686732482910156250e+02 4.508499145507812500e+01 4.570587768554687500e+02 4.641852569580078125e+01
4.961022949218750000e+02 2.213722038269042969e+01 4.698152160644531250e+02 2.481394386291503906e+01
1.693193359375000000e+02 1.772804260253906250e+00 1.584829559326171875e+02 3.399180908203125000e+02
5.845028076171875000e+02 4.030424804687500000e+02 6.400000000000000000e+02 4.052298583984375000e+02
5.909727096557617188e+01 1.628685913085937500e+02 3.248011779785156250e+01 1.651193542480468750e+02
6.238172607421875000e+02 2.859718017578125000e+02 6.008316650390625000e+02 3.550098876953125000e+02
5.857601928710937500e+01 1.634841918945312500e+02 1.027569503784179688e+02 1.716244506835937500e+02
5.442272338867187500e+02 2.950547485351562500e+02 6.218002929687500000e+02 2.962563171386718750e+02
3.639487304687500000e+02 2.652796936035156250e+01 3.631362915039062500e+02 5.801643753051757812e+01
2.968367004394531250e+02 2.227052764892578125e+02 2.968284606933593750e+02 2.301290588378906250e+02
2.047423400878906250e+02 3.595533370971679688e+00 1.901223144531250000e+02 3.380528869628906250e+02
1.991103363037109375e+02 0.000000000000000000e+00 3.525397491455078125e+01 3.317604827880859375e+01
5.216858520507812500e+02 3.193338012695312500e+02 5.143869018554687500e+02 3.234243774414062500e+02
4.524508972167968750e+02 4.155124282836914062e+01 4.005403442382812500e+02 4.572995376586914062e+01
3.215527954101562500e+02 2.141154785156250000e+02 3.216768798828125000e+02 2.305852508544921875e+02
4.579129028320312500e+02 3.341989440917968750e+02 4.851179504394531250e+02 3.353103942871093750e+02
6.290367126464843750e+01 2.808845138549804688e+01 5.106139373779296875e+01 3.581881103515625000e+02
1.984765625000000000e+02 1.755272293090820312e+01 2.383021240234375000e+02 3.820032119750976562e+01
