132 121 194 133
19 73 52 74
533 194 628 208
159 201 291 188
304 367 483 479
150 110 196 108
4 94 51 103
386 104 404 105
15 265 380 214
74 45 139 47
347 108 364 107
90 83 133 84
483 94 522 87
477 218 491 221
310 107 330 109
158 93 174 94
22 104 71 107
369 169 392 172
131 87 141 87
21 86 46 89
214 140 329 146
176 80 235 81
180 135 206 137
240 167 255 170
249 141 330 127
224 100 252 100
530 133 547 134
188 109 201 110
586 97 600 96
461 135 471 136
600 95 625 90
464 57 578 59
274 155 329 164
259 88 306 90
180 101 275 96
249 117 277 117
132 122 241 153
209 117 229 116
144 191 171 188
282 85 331 85
169 122 196 121
330 172 368 168
289 94 330 97
5 251 242 222
167 116 214 115
160 145 176 147
176 163 208 159
97 197 119 193
584 245 605 249
141 77 176 78
13 115 34 115
548 110 565 108
25 145 49 143
318 144 329 141
359 81 405 83
202 112 300 103
161 125 171 125
169 126 238 130
164 117 203 119
36 340 83 331
45 108 72 108
464 92 475 92
606 102 623 99
180 121 194 121
183 172 203 169
220 149 254 143
347 168 368 165
447 218 631 263
460 117 503 118
387 98 404 98
207 156 302 151
131 86 141 86
493 145 515 142
247 137 303 128
247 132 315 122
296 88 331 90
41 213 57 211
27 172 54 169
234 150 302 150
481 112 503 112
246 166 275 161
185 175 229 172
612 213 629 216
317 168 336 170
252 114 311 115
410 296 639 384
317 100 330 99
250 102 330 98
140 8 152 9
31 76 78 76
473 132 514 131
27 86 89 86
354 20 510 10
290 121 308 121
140 163 161 169
472 131 513 123
242 86 272 82
478 85 515 90
533 123 546 122
255 16 418 2
239 164 279 158
461 108 478 105
462 89 473 90
164 113 201 113
469 191 491 167
173 186 228 178
248 146 261 144
457 151 500 153
261 141 329 135
179 183 195 181
295 172 312 169
0 76 21 76
613 256 639 262
484 104 508 103
423 224 620 277
29 200 73 195
76 197 94 194
256 166 362 155
238 183 268 180
30 123 54 128
462 109 473 109
348 122 363 119
266 77 282 77
193 167 206 165
4 102 59 101
624 72 634 71
127 196 144 194
492 144 511 142
543 94 580 93
570 111 584 111
456 171 501 141
203 307 428 260
210 141 257 144
582 205 638 211
250 167 302 163
347 132 363 132
386 80 405 80
98 79 130 79
287 102 330 101
387 92 405 92
457 139 477 139
483 116 503 115
201 158 266 156
606 99 619 99
22 97 46 96
522 91 550 91
463 98 482 99
358 51 447 51
604 47 618 47
489 96 505 96
296 172 306 172
161 174 174 173
339 54 358 55
212 125 232 126
510 138 544 141
306 128 318 127
244 147 329 138
216 342 372 304
317 151 328 149
348 98 364 99
318 151 338 156
377 174 400 174
316 123 330 123
308 174 322 174
138 95 150 95
348 111 364 111
101 14 113 15
169 119 182 119
523 96 536 95
474 121 504 123
580 219 612 225
458 142 483 142
463 87 476 87
537 152 552 153
348 117 363 117
204 157 231 168
348 93 364 93
238 171 269 173
496 101 516 101
92 330 264 294
386 107 404 107
250 109 273 110
348 114 364 114
138 123 150 124
424 225 435 65
376 58 406 59
295 116 330 119
456 175 514 182
594 346 638 362
323 171 334 170
12 4 25 6
224 136 236 136
475 133 512 137
384 139 402 141
11 22 32 25
458 148 484 148
172 140 209 139
606 103 617 101
384 153 401 155
21 89 59 88
571 338 599 348
241 267 260 264
53 121 91 124
214 83 283 80
157 83 171 83
25 149 49 149
197 171 229 170
333 48 426 48
28 92 61 92
20 300 67 293
254 104 266 105
206 411 206 467
487 118 500 121
80 153 92 152
255 18 307 23
3 204 20 203
97 305 129 299
456 174 503 174
66 187 81 185
353 321 369 305
205 118 221 119
30 336 49 331
11 117 69 115
127 27 148 35
368 200 398 207
183 157 193 156
521 207 546 211
133 153 204 179
65 35 110 30
432 286 580 339
69 104 90 110
293 126 330 125
243 138 261 138
58 211 196 197
293 180 338 176
28 93 70 96
455 182 467 176
151 152 180 150
180 134 195 134
281 52 344 53
227 280 341 260
581 208 595 91
155 131 167 177
489 115 514 111
168 46 188 50
239 158 251 160
488 106 519 103
471 40 494 41
266 107 278 108
289 123 304 123
226 404 247 421
165 143 188 144
64 99 90 102
285 97 323 97
292 136 330 131
9 217 46 212
168 89 214 88
145 193 170 190
206 50 319 56
234 149 275 145
247 178 260 179
530 112 549 114
53 203 97 199
206 78 218 78
295 130 308 130
133 146 143 147
547 119 563 118
389 103 404 101
387 96 404 97
171 291 213 281
295 81 309 79
214 134 269 124
281 149 301 146
426 221 442 217
346 141 362 141
87 155 88 197
450 260 479 288
32 91 50 99
79 75 167 75
248 84 266 85
383 164 403 166
283 164 307 167
486 135 516 132
284 158 294 160
115 12 126 13
537 200 553 202
304 94 331 91
23 120 45 120
188 185 246 179
118 293 129 291
347 126 363 123
249 112 266 112
408 34 437 36
249 130 276 123
238 172 252 170
480 194 496 192
195 150 312 156
2 92 21 91
233 125 282 118
289 92 317 91
211 112 232 115
180 102 200 103
185 178 229 175
578 128 595 129
523 109 541 109
275 217 337 210
154 8 210 0
460 116 472 113
295 265 329 251
157 193 192 190
384 144 401 145
600 154 616 157
596 73 635 64
207 108 224 109
385 131 402 128
458 178 482 183
131 89 197 88
161 165 175 164
24 127 48 130
46 135 70 135
20 21 42 21
469 159 501 160
271 141 311 144
261 108 273 109
486 126 510 128
200 272 225 266
538 144 548 143
348 104 364 102
487 84 498 84
280 137 329 143
35 462 50 457
259 172 272 170
172 171 196 169
135 26 192 20
194 84 217 85
242 50 257 50
347 129 363 128
470 131 512 130
542 107 568 105
172 175 185 174
24 125 51 130
515 87 544 86
292 258 316 251
384 141 395 141
274 110 300 112
180 156 223 143
180 97 229 94
396 247 399 185
182 83 213 83
272 108 330 113
483 183 518 187
142 94 157 93
261 103 295 103
133 156 143 156
512 291 522 294
196 161 239 161
486 152 529 143
457 161 468 165
469 193 492 191
247 120 266 119
223 219 240 217
391 36 420 36
460 113 535 103
25 142 49 145
150 114 171 114
184 76 198 76
581 122 596 122
151 157 223 171
259 163 282 159
214 131 224 131
89 79 90 111
24 431 62 423
23 118 47 118
57 110 84 108
142 81 143 166
271 91 293 99
330 251 343 249
217 177 229 177
347 145 363 142
26 300 53 297
236 269 250 267
456 169 483 168
178 94 214 91
290 81 303 82
291 112 330 115
270 145 328 148
553 99 563 100
489 97 502 98
23 110 33 109
543 96 569 97
248 132 266 131
117 30 160 33
41 78 52 78
458 146 484 143
25 138 60 137
63 97 84 98
219 103 253 105
119 11 133 12
0 209 21 206
26 6 78 9
468 129 478 125
613 94 639 96
177 279 191 272
302 138 325 140
80 305 93 299
90 372 238 336
84 37 94 38
152 365 167 380
463 173 498 171
141 81 187 80
160 122 171 121
362 171 382 173
461 126 480 126
169 97 196 94
489 178 515 182
579 314 590 318
256 123 266 123
453 214 477 220
431 40 448 40
333 371 379 355
385 132 402 138
528 106 542 98
354 376 373 373
611 63 625 62
180 123 200 123
221 456 237 440
461 123 478 122
134 179 158 178
385 130 385 120
539 193 550 88
275 141 289 141
364 180 375 179
34 121 79 132
30 124 43 128
151 155 183 160
250 159 274 157
399 172 404 99
251 333 374 410
185 180 197 180
75 23 86 25
509 150 541 115
209 76 219 76
93 199 93 168
500 191 522 193
70 21 101 16
470 157 499 156
498 152 517 133
20 72 28 194
265 478 277 464
45 113 56 115
123 11 137 9
329 382 394 362
602 22 635 26
204 152 221 160
225 77 240 89
167 163 183 168
70 190 84 193
529 300 544 306
139 127 171 138
343 57 367 58
229 186 229 77
342 81 369 85
387 88 405 89
81 6 116 14
164 105 188 105
579 100 593 90
390 81 404 82
507 191 519 190
32 80 51 79
216 277 226 276
0 74 15 80
457 178 464 83
0 295 18 292
75 129 91 133
4 118 4 74
269 87 280 98
422 224 454 233
507 142 519 141
343 158 362 159
211 89 224 88
349 84 365 88
318 164 351 168
387 97 404 95
552 304 571 298
594 269 617 262
0 398 0 382
384 149 400 149
241 126 255 124
513 284 541 289
349 89 362 92
183 277 202 272
50 123 62 124
144 93 147 106
140 167 155 168
192 173 214 174
200 282 216 279
182 128 207 133
616 97 627 90
273 147 302 159
605 70 615 60
489 183 512 183
167 354 205 385
17 243 57 239
235 409 251 473
230 413 240 451
586 98 609 98
176 137 188 139
131 321 143 319
349 83 369 86
0 41 44 43
557 314 567 317
465 104 502 99
278 129 295 127
455 272 480 279
89 77 103 77
105 291 125 289
141 195 164 193
292 188 317 185
350 246 387 239
599 290 635 301
341 163 362 160
279 107 309 107
361 113 362 80
261 92 274 89
461 190 471 183
456 165 487 167
280 159 302 162
56 242 83 239
241 136 251 135
39 335 58 333
626 216 637 218
50 303 62 298
600 148 639 152
293 95 304 99
272 171 297 174
532 199 543 92
260 152 282 151
232 168 256 171
391 211 413 228
84 407 91 360
151 283 186 278
259 87 317 87
492 192 523 197
140 171 160 177
605 107 619 101
475 141 508 125
28 96 70 98
2 413 2 400
513 124 523 128
31 147 34 192
555 213 576 218
520 303 540 302
214 448 214 466
524 301 536 305
486 89 497 87
237 103 249 102
346 149 362 147
0 293 18 291
608 65 619 60
551 95 564 89
347 124 363 121
464 93 505 92
33 465 60 445
615 71 630 60
290 153 304 155
50 80 90 97
348 118 363 118
481 158 491 159
185 179 202 179
180 120 198 120
169 104 182 104
332 372 369 360
623 109 638 108
473 129 484 125
359 308 376 304
583 325 612 334
457 284 472 289
340 248 354 245
55 126 70 126
9 437 59 417
386 110 400 99
495 187 515 185
387 90 405 90
389 142 400 143
603 278 619 283
17 274 17 286
68 82 83 85
50 119 69 116
49 302 84 290
456 0 523 9
303 133 329 159
266 127 288 124
565 206 575 207
17 329 34 322
592 49 607 49
296 84 313 83
70 313 89 329
205 130 224 128
383 173 400 172
621 157 636 160
90 288 118 285
31 145 41 145
259 100 286 98
465 110 480 114
498 175 512 180
545 159 550 103
623 92 636 93
152 26 201 20
591 331 606 337
387 132 401 134
473 162 499 161
515 102 535 101
513 152 528 153
194 172 214 172
139 133 157 134
455 184 475 186
449 286 460 290
125 11 198 0
190 141 221 156
245 115 274 115
70 310 85 307
0 73 17 100
173 50 192 50
578 331 606 344
465 172 485 171
346 186 356 186
560 105 580 104
34 123 45 121
587 199 595 127
64 20 96 15
446 294 501 313
623 210 638 212
232 411 242 446
383 156 399 154
35 130 40 203
8 32 8 19
333 323 365 311
419 1 487 10
486 105 496 107
39 147 49 147
457 56 468 54
422 254 432 258
595 59 623 60
288 169 313 171
283 177 293 177
180 131 201 141
199 159 223 169
132 123 142 126
97 228 118 231
138 297 152 294
437 75 437 64
357 193 381 197
280 133 302 131
165 112 197 111
247 160 257 159
450 275 470 282
472 163 499 164
257 157 273 160
300 148 317 150
1 417 1 405
349 44 369 44
582 207 609 213
609 103 622 103
46 98 75 104
67 346 90 354
261 84 277 84
45 112 62 112
225 439 239 453
379 84 405 85
286 105 300 104
364 164 375 164
212 116 224 116
469 118 483 118
458 52 468 52
525 231 545 236
132 124 133 161
544 289 561 296
29 203 53 200
54 425 85 406
257 104 271 104
54 310 73 302
69 37 118 38
275 475 290 459
463 138 475 138
467 154 534 141
223 187 239 185
578 315 591 321
580 131 595 131
59 421 77 409
468 110 490 108
5 126 5 109
130 313 147 304
474 130 488 124
73 330 84 326
208 406 213 435
80 421 80 408
433 220 445 218
32 470 47 461
379 32 392 32
609 24 621 22
301 81 315 79
66 80 74 95
203 373 217 441
452 278 470 286
377 304 407 296
139 126 150 128
341 329 342 312
76 368 93 369
517 194 529 195
528 115 538 114
195 148 220 141
169 101 196 97
140 169 140 188
85 290 102 290
358 366 395 356
253 83 300 101
526 137 536 122
456 273 468 277
0 78 21 78
169 129 179 133
460 120 471 120
362 152 365 79
367 42 389 42
284 137 330 128
380 248 393 240
279 92 295 98
206 139 224 135
529 107 540 102
558 147 563 95
139 367 154 363
357 181 383 170
7 80 20 80
210 345 225 342
359 256 382 252
454 203 457 154
174 154 199 165
276 125 295 117
55 103 71 104
259 122 272 122
524 302 540 296
139 160 153 161
349 172 351 120
429 49 439 49
144 83 152 116
308 23 331 22
613 291 639 299
627 206 639 203
475 191 489 189
468 130 508 128
209 48 237 48
473 98 497 93
600 153 607 94
501 85 519 85
220 178 234 180
93 305 104 303
208 269 243 264
237 108 252 111
212 148 224 153
248 158 260 154
212 122 224 122
491 200 507 195
319 106 330 106
481 133 494 123
379 226 389 231
15 328 36 323
484 153 528 145
546 121 559 116
231 144 242 146
183 169 199 167
224 134 224 84
3 403 3 389
211 163 223 166
84 206 84 196
283 174 294 173
487 110 501 110
246 149 271 148
94 233 108 230
623 228 639 231
206 371 231 396
302 164 335 161
259 165 270 163
585 209 595 205
524 198 541 200
603 274 614 277
154 49 172 49
261 95 277 94
534 88 566 87
127 28 139 28
123 189 143 188
391 166 403 163
207 284 224 281
337 313 386 310
150 121 150 136
50 431 63 428
449 282 459 286
27 334 48 329
60 80 70 84
514 110 533 102
96 9 118 10
244 78 262 78
249 462 262 473
273 149 294 145
210 224 221 223
283 114 295 113
619 47 634 47
531 303 544 307
465 191 479 189
547 113 560 103
229 269 241 268
597 249 607 251
598 333 608 337
491 165 504 159
162 96 196 91
147 103 169 100
488 102 504 102
192 349 207 344
82 111 82 100
15 247 25 246
627 208 638 210
39 240 56 238
477 158 492 151
617 50 639 50
27 349 43 343
32 471 47 462
292 119 308 119
188 163 198 165
200 283 215 280
299 165 309 167
293 109 307 109
177 171 179 188
308 117 324 116
385 137 396 127
556 144 561 89
449 274 473 282
188 16 198 17
266 139 299 140
429 279 441 283
158 34 160 23
28 24 44 24
390 129 390 110
180 124 201 135
91 150 91 123
369 55 381 56
257 148 267 149
84 158 84 139
14 31 14 20
292 459 316 479
85 129 85 110
151 87 155 107
25 329 48 328
131 308 143 303
365 365 376 353
0 123 10 126
83 423 101 446
358 192 373 195
528 196 543 192
72 424 84 415
291 137 307 136
301 157 314 165
38 466 48 459
36 363 48 362
592 253 634 263
458 182 471 182
355 86 355 113
110 294 120 290
491 201 507 203
188 151 198 154
139 130 139 158
185 273 197 271
357 198 375 202
284 209 294 209
427 289 446 297
448 294 496 311
377 356 399 351
332 21 345 21
603 93 619 90
387 95 404 93
56 80 77 89
44 93 47 146
48 155 48 177
233 143 248 140
67 359 86 360
71 114 75 102
379 247 397 244
211 120 221 120
230 165 244 163
549 331 568 337
345 169 348 103
38 187 51 185
150 385 166 383
237 182 247 180
395 86 405 88
62 93 80 102
366 362 382 357
348 92 358 97
233 115 243 121
387 87 405 86
602 284 616 284
614 68 628 62
383 158 401 159
8 84 13 123
258 51 280 51
593 105 605 93
436 97 437 76
176 127 188 133
498 147 499 137
466 83 477 85
149 83 150 113
222 454 232 444
426 37 439 38
622 71 624 60
38 365 60 366
528 94 538 93
585 107 598 105
189 175 213 175
180 110 204 109
162 137 180 143
98 28 115 31
275 157 286 158
248 86 266 92
105 303 132 298
385 134 402 140
467 151 484 149
39 238 56 237
28 101 40 103
315 93 327 92
516 136 538 137
364 364 397 354
348 101 362 97
231 156 241 160
519 154 529 144
138 112 138 94
368 209 378 212
134 310 146 303
261 132 273 135
308 124 330 124
235 114 250 113
74 19 92 23
217 376 230 394
388 151 388 172
182 124 194 124
588 331 606 341
28 91 46 90
621 215 635 218
211 371 220 387
322 160 342 161
158 295 169 291
95 196 114 195
359 168 360 120
616 72 631 67
215 429 221 443
167 104 173 86
148 46 164 46
3 74 16 74
625 228 638 227
218 430 231 443
236 409 244 423
559 56 575 57
3 256 13 264
317 94 327 96
512 151 528 149
310 79 327 84
490 177 508 177
358 102 359 82
212 150 224 156
314 150 325 148
79 358 90 352
26 249 28 239
3 288 15 287
282 92 293 96
560 110 575 109
47 111 61 117
246 232 257 228
210 225 244 221
247 130 261 136
198 348 213 345
460 115 487 115
177 136 188 141
28 98 50 100
376 209 397 214
477 164 497 155
67 295 78 291
253 119 276 134
313 258 327 255
482 164 496 165
84 107 84 90
58 441 63 425
611 270 622 268
152 107 164 107
339 327 354 309
311 135 330 132
259 474 282 462
204 392 206 410
231 112 242 111
126 376 143 365
548 102 560 90
214 479 225 445
395 168 397 144
248 137 266 135
141 82 152 84
581 142 584 110
71 110 73 95
591 292 594 272
46 456 58 448
133 162 134 178
12 84 22 84
370 370 379 357
283 129 312 126
459 175 461 164
178 165 188 166
110 326 128 322
244 89 266 90
300 105 330 105
458 147 471 147
589 210 608 213
517 206 531 208
29 204 45 203
281 153 291 151
389 144 402 142
158 118 171 117
331 84 335 71
270 467 279 479
180 106 194 106
282 96 293 101
355 151 357 173
561 306 573 302
294 157 308 157
146 89 160 96
236 133 252 128
289 149 303 149
577 328 591 336
298 288 326 282
386 101 401 100
250 99 266 98
235 423 238 435
208 145 219 150
31 142 41 142
357 168 367 168
