444 175 490 168
532 32 603 23
487 66 635 45
452 87 559 104
540 75 592 81
118 33 220 46
334 74 373 68
71 15 133 42
268 90 344 99
61 3 135 14
64 88 84 88
465 89 517 89
357 80 460 93
332 80 502 116
313 53 324 53
376 80 599 112
515 121 636 0
0 212 15 212
585 3 632 1
15 4 180 27
15 13 449 74
562 152 619 158
438 109 525 22
220 94 271 99
51 25 463 83
287 205 313 211
27 4 278 39
505 78 573 88
287 206 322 207
533 127 622 89
260 310 325 282
252 348 275 347
482 71 608 93
385 242 425 253
123 167 141 173
286 101 300 103
347 187 518 16
369 201 425 213
52 223 63 222
513 150 636 131
191 332 206 329
66 149 98 160
547 131 563 126
580 171 636 168
506 160 539 169
11 375 29 369
234 263 234 235
36 134 65 140
78 167 98 171
145 93 290 108
339 240 378 225
380 111 426 91
379 79 397 80
272 205 321 224
136 8 522 69
330 92 348 95
81 132 98 136
220 172 252 174
160 187 337 196
394 219 424 218
345 274 420 250
625 271 639 272
168 60 208 72
480 311 505 319
487 247 510 248
593 139 614 141
590 176 639 176
136 75 167 78
522 214 634 214
532 12 544 0
526 47 550 37
359 116 533 137
4 332 24 329
619 119 639 121
588 146 638 156
573 275 622 275
36 31 68 39
472 109 530 115
178 58 230 62
228 221 246 221
140 191 153 192
160 65 226 83
3 381 26 376
380 76 438 81
478 272 509 272
453 61 583 79
458 226 469 227
310 182 330 185
41 219 72 217
295 314 317 307
486 183 496 183
290 253 326 260
388 45 426 51
521 46 538 48
272 230 296 220
605 395 623 413
27 368 37 365
532 22 639 11
293 236 307 231
532 33 549 34
604 98 626 101
549 236 581 229
401 163 430 166
10 148 22 148
299 345 349 309
538 238 613 243
345 261 445 221
55 220 100 219
273 251 325 266
598 332 639 345
230 185 250 186
347 79 366 80
273 243 325 255
337 152 381 147
513 149 558 153
338 215 386 221
504 81 625 104
364 256 424 280
537 156 625 148
264 9 638 74
127 144 241 153
226 177 243 177
49 28 77 36
392 138 427 142
269 310 295 301
5 287 15 5
585 256 620 249
312 157 433 203
448 62 583 84
311 218 322 219
623 327 633 330
478 173 575 169
567 218 596 220
603 255 639 259
212 181 225 181
55 46 129 55
384 279 404 273
72 180 111 183
210 184 260 181
0 118 99 125
348 211 424 215
75 366 98 358
216 232 228 232
125 332 142 332
356 280 416 255
76 57 121 66
371 299 424 285
382 135 489 171
541 96 598 102
592 316 639 329
38 153 58 155
398 128 429 130
280 8 445 228
58 370 98 364
483 270 510 265
289 19 466 50
345 264 391 254
447 175 469 175
13 100 63 276
393 223 425 225
532 209 566 200
501 180 602 205
113 0 486 59
580 266 635 261
74 79 100 82
356 283 419 255
535 134 570 120
52 297 67 292
298 233 326 233
30 248 63 235
260 277 323 344
2 27 19 44
122 51 227 65
309 44 344 50
112 38 146 44
259 330 318 308
313 115 351 119
260 286 291 286
579 172 639 144
456 255 496 264
581 228 599 230
403 114 459 122
517 258 528 260
290 241 314 245
356 292 424 276
543 114 604 99
288 227 298 227
332 158 364 163
60 272 88 272
345 188 400 212
543 116 615 129
628 58 639 57
555 287 619 276
205 81 238 89
345 187 374 196
30 433 30 474
305 21 466 49
44 179 63 179
139 194 150 194
562 186 599 171
157 27 177 39
580 141 636 152
43 217 54 216
358 55 471 77
169 214 196 206
451 225 479 216
597 169 639 157
573 272 597 277
554 243 607 259
543 220 560 213
260 177 301 180
598 340 636 348
527 116 551 120
364 261 424 283
292 38 379 53
390 402 461 397
102 86 103 31
464 222 495 222
234 207 245 209
455 219 474 214
226 164 241 163
424 340 438 340
536 202 566 195
189 29 356 53
477 103 506 106
192 221 228 229
373 136 405 124
19 40 33 46
601 360 632 361
44 74 88 263
15 15 414 71
543 197 554 194
117 381 122 407
389 45 421 50
77 79 100 100
360 267 392 212
564 234 616 235
29 54 48 74
280 336 307 334
488 56 502 42
68 226 89 226
338 169 450 173
307 338 325 337
545 269 579 265
456 262 509 254
586 63 636 34
55 172 73 172
568 149 585 150
63 341 76 338
485 100 618 119
356 291 424 256
226 179 256 179
112 70 192 79
100 46 129 53
268 0 363 16
423 170 486 159
598 335 637 334
117 407 133 400
238 29 385 50
453 228 493 228
582 205 598 207
38 78 64 82
25 332 44 331
609 254 627 251
454 221 478 214
96 269 97 174
280 323 359 315
3 62 94 153
37 43 74 49
598 329 627 327
480 177 522 178
579 239 591 236
73 346 98 344
260 225 280 207
53 43 107 49
610 79 637 84
140 415 217 410
16 307 79 308
539 184 567 175
482 91 550 100
0 322 11 323
391 130 410 136
74 186 92 185
280 338 327 341
574 304 634 297
485 184 522 186
610 298 639 295
190 199 211 199
270 81 307 87
354 98 395 104
349 240 424 246
617 113 639 116
597 183 615 177
69 169 97 170
174 111 201 114
10 175 43 190
578 286 638 284
364 210 398 193
160 211 177 212
338 299 424 279
545 106 626 49
339 132 352 134
339 146 391 141
280 188 326 153
112 60 148 62
57 344 98 338
600 209 638 210
599 137 620 136
29 207 85 209
311 181 377 179
609 121 630 124
316 215 327 217
403 82 488 87
469 274 509 278
363 102 416 108
309 201 324 201
260 275 307 264
2 66 98 162
390 231 425 231
572 227 616 224
607 321 633 322
535 240 562 241
542 207 573 207
182 380 282 375
411 194 456 186
535 243 624 246
166 351 198 351
445 366 573 358
585 152 626 157
222 170 241 170
545 138 614 132
11 140 98 146
10 360 25 353
626 194 638 198
339 234 436 175
18 71 99 134
51 352 165 352
389 150 420 155
551 276 569 278
36 234 53 238
356 28 428 40
585 249 638 248
194 301 207 298
138 101 150 100
338 294 349 294
73 315 99 304
399 205 437 203
573 306 586 307
615 94 637 96
36 200 63 200
83 19 317 52
77 89 99 116
625 292 639 292
273 266 325 254
546 123 597 130
454 70 589 94
15 209 35 211
62 266 75 266
487 242 498 243
273 257 314 235
257 24 342 37
52 299 75 298
27 116 47 114
565 83 637 94
40 98 78 102
364 262 424 247
209 78 333 93
4 336 50 335
574 161 589 164
550 129 568 133
553 266 599 233
442 143 493 153
598 144 638 148
352 236 376 236
532 29 565 15
259 328 324 299
556 204 566 204
585 188 628 190
260 297 325 268
295 303 355 332
224 116 288 123
204 340 216 340
366 121 439 58
312 24 365 34
351 197 464 132
469 280 498 292
120 389 137 389
446 107 533 61
592 7 616 7
575 93 607 97
402 212 425 214
550 66 589 73
311 111 343 114
135 40 177 48
565 141 637 69
10 228 91 230
356 300 377 291
4 347 20 343
356 204 397 202
11 187 60 189
218 219 249 219
389 275 428 223
216 259 227 259
576 175 623 175
442 142 518 154
347 195 368 196
106 440 106 456
259 333 359 333
9 85 40 258
48 344 86 333
414 136 465 144
589 251 612 259
505 322 525 320
62 237 77 232
392 100 412 104
0 40 39 45
445 107 464 110
415 210 473 168
478 178 494 179
396 23 409 3
35 158 54 160
604 220 635 213
283 261 293 261
606 323 639 333
374 361 402 360
470 246 510 253
272 36 316 43
345 227 418 228
235 58 264 63
597 82 622 86
455 223 474 232
70 287 99 287
262 328 283 326
603 171 615 172
352 273 424 273
220 6 230 7
36 161 40 231
603 105 634 110
69 376 91 361
201 0 273 77
407 102 443 108
30 253 57 252
202 23 232 28
458 322 479 325
159 49 223 56
260 269 318 327
217 286 227 276
102 183 113 194
123 217 167 218
493 59 532 54
260 290 305 335
282 211 298 217
55 174 72 174
260 273 285 275
239 75 266 71
404 294 424 293
585 40 607 38
604 208 625 206
470 277 509 288
588 228 599 227
256 198 291 199
81 135 91 137
580 272 617 267
366 145 427 151
356 289 408 278
234 193 251 192
73 243 93 241
334 9 347 9
260 268 325 277
551 237 567 238
16 164 50 165
349 255 349 311
476 257 571 155
44 323 48 365
17 53 59 66
506 168 518 165
326 46 403 59
474 59 492 107
57 35 92 40
234 211 263 215
276 185 291 185
589 182 628 189
102 190 127 191
606 74 637 79
42 244 71 250
347 76 391 73
506 187 522 192
374 297 395 289
9 224 26 221
549 229 589 224
556 73 567 67
146 86 201 91
348 208 403 209
337 358 366 362
406 240 425 244
125 167 141 171
44 151 83 144
26 54 40 58
337 210 405 180
259 332 272 331
124 215 147 215
363 5 386 5
543 221 573 221
469 284 509 296
72 129 99 132
586 15 598 15
580 86 605 90
598 338 637 338
575 281 596 276
482 135 498 136
610 20 620 14
573 269 639 262
103 88 120 91
99 55 114 59
263 290 307 292
434 161 447 164
293 229 306 228
38 44 78 52
225 9 256 11
221 86 235 90
43 197 61 195
24 178 36 178
395 6 428 11
101 40 151 48
559 122 578 123
347 192 447 127
565 117 608 122
438 134 465 137
589 387 621 388
388 167 443 166
12 105 55 109
548 274 598 243
109 6 474 63
260 282 274 282
563 180 590 171
400 224 414 225
563 188 595 194
91 409 92 398
36 90 63 93
344 368 371 378
260 296 307 297
310 277 325 278
505 27 525 28
570 69 600 69
136 76 164 80
1 243 34 242
382 181 426 186
598 321 638 354
552 168 582 166
38 73 61 168
334 159 433 92
608 166 630 163
542 27 557 28
435 215 445 214
159 187 183 217
457 294 490 291
276 346 292 340
532 325 552 326
598 324 609 323
376 201 418 181
324 115 372 132
435 216 445 216
29 155 98 159
195 239 208 255
457 341 467 340
581 243 638 223
31 340 65 331
288 273 325 258
208 76 231 78
137 78 149 80
378 359 389 359
71 116 87 123
594 357 613 357
205 335 243 332
208 109 248 119
456 251 509 259
291 12 326 17
480 181 497 182
274 85 304 88
56 434 56 444
592 173 615 173
100 81 155 86
89 290 106 295
532 42 638 27
290 169 324 170
75 96 100 94
230 154 241 160
605 302 626 300
166 203 193 194
338 438 379 442
364 357 385 376
97 410 97 397
2 477 2 388
474 159 487 160
423 28 493 40
493 31 516 35
457 309 498 306
39 11 324 51
52 346 98 342
285 301 317 300
3 476 63 470
587 294 607 294
474 21 525 25
603 66 639 3
511 231 535 231
195 233 208 247
510 315 528 325
507 77 534 61
366 150 420 156
455 216 501 232
55 241 71 240
273 235 326 240
12 324 48 321
606 459 631 477
13 282 41 281
273 214 306 227
379 197 409 200
523 335 534 335
37 55 78 60
470 245 499 244
344 214 344 197
532 9 545 9
502 65 560 74
376 157 391 157
503 208 548 204
260 287 272 288
363 96 387 100
533 164 559 165
38 171 55 171
1 346 20 340
32 2 44 2
381 248 392 249
611 320 621 320
332 61 347 63
197 54 244 60
593 356 609 356
290 325 302 329
372 232 400 232
421 226 443 228
356 282 375 283
361 71 379 73
401 287 424 287
38 311 53 310
125 46 245 62
352 194 420 169
560 270 574 262
364 12 375 12
195 229 219 228
13 84 66 89
93 382 115 387
524 89 538 91
566 336 583 335
260 283 298 284
372 84 412 89
593 264 608 262
551 132 565 134
585 180 598 182
570 154 585 156
88 307 88 293
27 416 27 444
460 51 490 17
532 18 558 19
363 10 394 11
230 55 322 67
313 126 352 130
342 436 357 435
596 238 627 241
34 192 47 195
481 84 513 70
391 135 427 141
622 130 637 128
96 129 97 75
199 222 228 228
36 177 62 177
45 124 55 128
376 195 455 159
127 4 209 16
95 168 102 36
4 329 17 329
280 7 290 9
360 167 393 134
286 275 310 270
285 10 332 14
387 280 406 277
300 284 324 287
542 128 587 68
227 136 241 139
51 82 91 123
104 224 104 210
582 202 608 197
506 19 525 21
102 222 104 183
273 260 326 238
362 160 363 117
383 68 440 7
14 55 58 77
336 178 362 178
615 10 630 10
630 29 639 16
186 227 208 231
565 16 610 17
383 3 439 4
172 193 193 217
69 357 92 353
172 0 190 0
514 336 546 337
298 248 313 246
447 202 466 205
457 298 505 296
356 225 373 222
551 391 576 389
241 87 253 86
461 294 484 293
66 325 110 323
485 115 518 120
587 285 610 281
323 441 333 430
184 79 204 83
318 344 339 344
75 106 99 107
351 115 387 124
60 98 83 102
220 4 237 4
4 353 41 351
38 35 61 38
577 285 610 278
335 444 366 451
506 189 539 197
346 175 377 171
44 454 53 443
584 189 619 196
484 151 500 148
333 310 359 313
414 25 430 5
361 289 424 289
98 332 104 299
217 288 237 290
476 312 509 287
2 215 15 216
207 85 217 86
308 221 323 222
219 350 241 349
50 194 79 207
295 172 327 177
313 128 352 131
35 81 93 86
102 66 117 66
227 145 241 147
381 292 424 292
345 251 384 254
56 71 69 71
406 66 446 61
433 97 463 100
260 224 279 220
325 147 333 136
344 366 362 370
95 281 106 284
334 411 385 374
630 439 630 429
316 322 359 318
375 250 385 249
352 255 374 249
99 41 123 46
386 108 412 110
636 360 636 335
53 260 80 258
478 269 509 269
378 218 417 217
60 245 72 249
628 104 638 104
610 436 633 442
54 137 66 138
618 70 631 70
405 238 424 238
218 332 241 332
2 121 21 137
290 96 307 99
16 119 29 117
72 380 98 374
316 27 371 37
517 252 529 252
469 255 477 239
308 104 351 65
549 195 582 201
359 129 413 94
359 139 487 153
73 184 90 183
53 103 83 108
108 407 108 435
186 75 200 78
560 11 619 12
116 381 129 380
405 32 438 36
505 2 508 16
444 370 455 373
404 270 424 260
94 323 105 325
457 300 473 301
302 293 325 295
303 153 424 163
360 222 388 211
638 61 638 25
382 182 409 168
315 358 325 360
302 215 321 210
79 63 108 64
226 167 241 164
638 120 638 89
566 291 639 287
62 188 80 192
513 152 551 149
562 236 579 222
360 76 375 77
70 28 101 33
106 164 141 174
366 13 379 17
273 242 303 244
106 174 128 162
1 135 27 138
622 101 624 118
157 6 422 48
34 273 45 272
12 28 88 119
558 270 584 321
34 202 52 202
558 129 580 125
322 85 335 87
335 305 347 304
189 194 231 196
53 80 103 85
434 156 455 154
303 175 325 159
43 338 70 337
245 271 245 229
558 160 575 143
179 72 201 73
47 214 69 212
135 196 171 197
528 209 553 209
371 282 419 282
385 75 411 78
270 276 308 264
273 259 326 234
572 125 578 115
41 255 71 252
61 185 72 182
584 1 606 1
531 154 545 158
95 282 106 285
151 98 235 107
389 9 439 13
267 14 341 25
259 325 280 325
412 272 424 268
65 149 110 194
570 289 605 287
484 110 491 126
344 355 355 357
429 373 443 375
491 249 510 249
31 343 71 338
345 229 371 229
625 476 625 451
288 73 386 61
57 149 98 152
575 99 601 101
491 303 509 290
32 347 37 385
19 355 39 356
344 413 344 385
81 51 191 66
457 303 488 304
277 282 302 273
586 358 600 358
45 443 56 433
428 65 495 76
76 335 130 333
226 317 236 317
30 394 30 432
329 444 359 451
532 173 549 172
491 144 506 148
149 179 159 176
259 335 292 343
397 233 424 232
54 132 67 132
321 360 379 369
50 191 86 190
438 88 515 18
477 19 525 24
621 442 633 443
528 197 543 196
107 61 131 66
319 134 395 50
392 221 408 221
604 75 639 81
539 134 627 146
561 225 573 225
256 187 270 181
467 205 478 205
579 276 594 278
16 19 58 69
602 464 631 479
250 368 266 366
487 220 502 220
44 183 62 183
518 180 536 158
260 312 321 334
106 185 107 107
52 295 103 295
271 216 298 216
493 241 510 239
259 220 292 229
300 234 311 235
311 329 334 328
504 90 559 97
481 73 553 61
605 215 631 193
49 393 59 393
174 2 208 2
485 283 509 275
125 384 155 391
344 360 366 364
65 63 90 68
457 339 468 332
372 144 404 147
532 28 551 12
232 63 345 78
626 255 639 255
140 406 140 389
457 305 473 307
334 182 393 106
364 24 392 28
468 80 515 87
281 288 296 290
79 301 106 301
491 113 549 121
421 198 436 197
400 264 414 263
620 314 637 314
194 283 207 287
227 153 241 148
26 40 26 15
160 333 178 333
33 103 100 110
530 182 562 176
542 69 562 57
44 342 45 355
194 278 207 279
21 270 41 269
335 332 359 325
29 132 40 132
116 414 133 413
289 277 325 284
366 58 391 56
81 349 98 349
93 7 221 27
8 259 51 241
525 98 539 99
395 125 431 125
636 177 636 160
587 106 588 36
268 279 278 277
230 159 230 110
346 437 356 427
194 268 208 266
501 198 519 198
371 255 396 256
483 242 502 212
83 264 99 266
628 225 630 161
208 6 225 8
194 299 204 298
312 289 324 288
624 116 625 76
69 377 98 361
262 331 279 327
9 192 34 201
356 241 378 246
352 175 383 147
578 168 604 166
218 296 236 298
335 340 355 338
7 85 39 104
450 210 467 210
43 347 61 348
423 0 436 30
16 32 35 35
285 345 317 345
297 315 347 315
65 206 82 201
549 23 603 30
50 235 62 234
78 256 100 254
345 186 368 186
604 152 623 154
538 212 575 210
248 90 268 92
29 359 43 349
86 263 89 159
419 2 439 2
373 13 412 19
89 272 99 273
485 395 497 395
24 377 57 374
87 187 101 186
457 312 471 312
100 395 111 385
441 29 465 32
324 62 345 65
406 242 417 243
151 41 164 44
567 327 583 326
377 18 408 26
395 373 407 373
631 14 632 69
20 276 100 276
606 443 607 479
46 373 58 372
474 144 487 148
290 234 312 237
383 58 421 56
134 49 144 52
404 284 418 283
374 235 391 235
195 255 208 256
499 283 509 282
627 67 628 27
206 64 230 68
317 87 352 94
1 397 18 395
259 321 278 320
3 266 32 264
73 309 86 309
610 119 614 86
459 333 509 295
532 31 553 14
216 233 228 234
484 233 516 223
105 466 105 382
24 223 46 223
268 280 278 279
592 9 612 9
85 316 95 316
575 208 592 209
587 297 639 307
372 187 383 185
141 43 243 56
134 87 161 89
189 311 220 306
569 181 587 181
216 274 237 284
272 207 308 208
4 365 4 307
69 178 74 270
573 20 605 22
70 285 83 284
317 372 334 372
399 177 436 179
561 194 583 196
402 197 427 202
13 258 63 258
585 162 615 158
336 330 359 323
432 70 447 67
455 67 470 62
301 48 306 80
584 18 612 20
194 289 207 289
472 116 499 100
593 285 636 282
479 206 493 206
124 148 141 169
228 48 347 64
69 470 103 466
12 107 76 113
333 121 388 126
544 63 565 49
327 101 337 102
537 195 574 178
56 68 99 74
344 365 362 368
370 446 383 449
367 357 377 356
381 95 412 101
310 435 328 439
278 314 321 305
217 305 236 304
303 225 313 226
234 212 251 216
146 209 157 211
548 276 568 282
13 76 28 80
50 3 78 44
359 153 404 156
550 22 569 24
0 86 48 93
547 257 557 257
273 238 308 224
342 415 360 399
623 50 635 35
409 9 428 38
211 88 226 89
465 319 479 305
236 135 236 108
604 463 623 472
500 100 533 104
234 205 241 195
494 101 549 106
306 221 321 226
545 213 558 213
227 83 247 85
297 213 330 215
239 74 292 81
259 320 295 294
392 207 450 178
598 328 634 325
195 242 208 243
519 263 531 253
555 144 576 141
618 306 638 303
102 382 115 381
143 391 155 389
611 467 612 439
393 204 420 211
81 33 101 39
269 311 295 342
318 105 329 103
548 253 573 241
582 208 629 182
637 476 637 454
457 221 477 220
112 12 245 33
598 341 609 362
557 258 573 251
531 200 542 203
596 396 623 409
3 121 47 126
312 125 325 121
498 248 510 245
41 385 68 383
563 37 590 27
307 324 337 324
128 146 174 153
259 315 283 309
550 260 564 249
55 231 69 228
557 265 569 262
503 213 521 213
246 90 260 94
523 303 523 246
381 87 411 91
457 315 473 302
0 69 99 80
442 83 489 68
602 131 618 132
458 317 479 317
272 232 298 221
462 57 482 39
280 181 292 181
108 402 124 391
585 5 615 5
406 61 436 56
272 337 306 337
627 335 639 336
497 0 508 0
251 178 263 175
27 395 39 394
599 79 637 85
536 49 546 47
501 93 515 85
569 36 585 33
410 374 428 374
457 296 497 295
616 116 636 108
9 194 29 193
398 195 431 200
590 67 615 29
572 8 638 9
551 232 574 228
337 371 349 373
311 266 325 267
260 307 272 308
418 184 439 181
0 236 35 237
356 270 371 270
84 33 129 42
573 47 612 54
467 261 510 264
65 203 94 196
479 286 502 288
355 77 396 82
212 166 241 166
124 165 141 170
167 202 188 194
390 4 425 6
368 375 381 374
287 77 313 82
421 23 439 17
580 160 601 165
409 109 422 110
1 378 18 377
8 178 32 172
327 431 342 429
38 173 54 173
634 55 634 8
615 65 629 68
67 30 95 38
194 273 208 271
273 264 303 264
494 174 518 175
17 361 80 377
472 123 538 132
133 467 133 390
19 160 97 165
427 137 447 140
42 333 63 333
364 191 385 188
571 131 594 103
96 214 123 214
273 253 288 253
550 208 575 209
430 86 445 87
360 295 376 297
7 332 25 331
244 328 244 272
619 260 632 262
353 124 411 131
32 230 44 232
312 138 361 140
240 66 296 74
58 214 70 215
386 176 397 176
194 285 204 275
415 97 445 101
74 59 87 76
85 0 85 13
359 137 448 70
54 98 98 156
362 122 373 110
490 29 516 9
10 181 25 181
10 385 26 387
7 352 50 355
22 213 68 212
455 141 475 142
151 70 161 72
575 212 576 223
6 355 58 364
623 470 639 472
464 38 481 41
365 441 398 457
405 173 440 175
298 404 325 403
319 118 352 129
589 361 608 362
360 202 403 186
403 63 419 61
193 60 252 69
467 263 499 266
334 164 352 155
471 273 506 250
173 217 194 217
568 75 594 80
607 319 634 315
639 48 639 34
482 218 492 219
390 242 424 241
552 133 578 97
575 319 586 343
15 131 25 131
288 98 317 105
413 24 425 26
289 259 325 251
201 1 217 1
194 271 208 252
636 256 636 228
80 224 80 196
273 236 306 207
530 156 550 162
280 330 302 330
296 276 325 272
269 321 290 321
501 200 513 185
473 46 492 51
14 53 26 57
18 79 39 85
529 61 540 62
526 123 533 106
517 328 518 279
588 91 606 64
80 413 107 390
483 180 498 180
64 154 82 157
348 184 376 184
15 367 34 371
517 239 528 242
486 242 505 217
159 67 208 73
260 313 260 202
345 128 345 108
174 3 207 3
477 22 490 62
487 45 507 41
30 21 38 56
365 164 388 162
359 156 373 153
401 166 442 156
532 256 547 244
130 463 130 395
602 394 612 395
320 436 333 453
557 256 575 249
637 127 638 180
140 103 212 111
442 146 455 143
625 300 626 277
1 87 30 106
394 222 425 222
66 328 105 329
518 173 532 175
562 129 594 132
384 95 398 95
575 253 585 254
165 193 175 193
272 246 283 246
28 323 45 323
46 431 56 421
533 195 548 176
324 164 343 165
74 175 90 175
13 274 29 279
618 307 639 305
514 98 538 95
567 47 597 40
269 343 284 346
81 472 109 468
493 232 510 232
581 126 595 127
464 57 464 39
499 191 513 174
458 321 486 298
13 307 30 310
532 195 552 186
405 11 418 14
245 31 262 34
404 126 450 131
635 150 635 139
101 42 120 47
296 69 326 64
615 336 631 336
485 110 493 126
16 379 27 379
514 79 531 73
340 203 357 202
349 250 375 243
606 45 627 44
271 287 318 287
228 215 245 212
356 302 356 246
497 236 510 235
396 203 422 206
637 337 637 348
344 440 361 449
419 57 463 64
15 341 31 336
600 340 623 344
0 224 35 224
395 116 425 123
236 334 237 246
287 225 315 223
3 267 24 259
583 267 602 257
41 225 51 223
32 147 43 148
476 216 501 218
496 304 508 295
527 92 540 93
88 248 89 221
456 246 469 249
557 101 559 114
355 346 357 388
305 243 326 242
505 26 525 27
593 55 618 61
529 202 550 197
630 74 630 88
224 341 237 342
387 96 428 101
259 353 270 357
391 127 408 121
475 146 487 146
508 61 520 55
286 255 301 252
80 74 96 75
566 21 568 57
66 329 76 329
506 161 518 158
68 191 79 193
332 70 370 74
457 287 491 275
436 82 453 84
235 196 263 207
539 237 570 236
543 222 563 222
81 351 98 350
145 52 192 58
379 0 391 2
607 56 619 58
621 300 632 297
478 162 488 163
345 384 359 388
589 125 603 126
605 270 638 269
422 86 449 64
350 92 380 97
249 89 262 90
486 261 510 261
547 231 564 228
87 117 99 118
93 328 94 315
9 307 29 311
348 404 360 396
622 309 634 309
408 154 422 151
352 277 352 206
100 218 100 244
330 138 352 138
170 177 185 214
440 99 484 80
46 365 58 365
310 147 325 148
56 133 74 136
77 236 77 271
626 240 638 237
214 89 235 91
462 54 462 42
571 401 582 403
418 187 434 194
29 352 51 354
552 54 566 46
420 240 427 223
242 367 267 363
474 102 481 76
546 176 557 176
87 168 97 168
584 269 621 282
508 200 521 201
255 180 273 179
352 427 366 425
12 134 46 137
581 130 619 134
371 192 426 195
474 157 485 158
278 280 296 282
15 366 29 355
363 1 376 1
339 145 349 140
429 8 436 23
99 299 99 284
263 298 302 307
468 110 470 78
86 375 90 336
376 167 390 168
461 100 485 103
187 63 221 70
366 129 385 131
355 382 378 354
317 88 333 91
296 324 316 316
639 479 639 454
126 52 145 55
541 248 561 246
244 364 268 361
7 259 23 252
439 162 465 164
406 145 416 143
271 175 282 176
347 176 360 176
473 251 501 203
473 154 499 154
563 60 605 67
60 232 94 232
493 303 507 292
106 290 106 278
182 69 199 70
385 28 387 6
387 128 402 114
95 305 95 253
310 298 324 300
578 320 602 317
374 445 387 447
626 159 634 127
406 42 427 46
15 313 28 314
598 276 625 277
426 180 450 180
403 191 421 192
46 166 67 166
631 310 631 323
362 294 388 294
80 51 80 27
246 92 267 86
293 342 320 342
505 110 507 128
604 325 608 348
470 278 485 284
457 316 457 280
216 74 228 74
109 179 125 174
638 335 638 360
542 110 556 87
458 330 458 318
307 154 329 127
636 458 636 479
80 401 100 401
417 153 427 154
11 362 28 366
94 193 108 194
273 217 295 218
546 260 560 248
338 68 377 73
445 167 468 166
546 202 566 199
313 158 324 157
237 5 319 19
561 10 582 10
68 359 87 356
470 240 481 240
582 46 597 43
61 198 81 197
427 171 471 173
17 14 62 72
31 98 53 96
53 385 54 421
35 242 60 244
419 0 432 0
273 263 326 245
283 265 294 266
289 98 307 100
300 326 320 326
75 89 84 102
149 399 165 400
335 110 357 82
489 88 502 82
364 248 380 251
558 105 578 101
457 89 500 66
79 383 80 419
434 157 450 159
554 190 557 203
616 437 639 442
195 234 208 234
638 258 638 238
217 284 240 279
51 227 63 226
17 125 52 128
223 169 241 167
296 42 324 47
16 170 36 170
217 289 233 286
167 66 194 65
454 339 498 305
634 267 634 256
559 268 573 268
633 283 633 271
347 410 354 395
57 67 71 67
270 211 311 211
394 165 411 159
537 187 551 189
530 48 554 52
574 71 597 74
554 160 565 159
630 240 630 223
253 176 270 176
472 105 481 122
105 220 117 220
65 42 77 45
613 441 616 467
414 179 437 174
517 276 517 264
5 177 23 177
298 282 324 276
43 225 61 225
82 264 82 244
273 277 317 261
379 216 393 216
64 235 92 236
355 203 369 207
407 146 421 149
16 25 60 75
496 189 513 165
597 319 600 337
301 232 311 231
306 177 324 171
363 6 407 9
430 75 447 74
112 394 126 381
627 238 627 265
433 104 462 107
424 353 424 303
382 237 401 237
585 309 594 244
127 185 141 184
492 314 509 303
363 191 375 191
450 42 474 49
313 189 324 189
495 304 509 294
331 311 344 305
287 97 307 89
149 68 182 76
629 479 629 444
374 244 395 245
87 86 95 98
619 106 631 96
412 196 437 219
345 440 366 443
596 6 619 6
394 182 434 181
407 41 427 45
347 374 349 386
262 74 291 78
531 161 557 135
3 29 17 44
195 247 208 270
296 161 319 162
218 410 250 408
372 14 389 17
366 7 377 9
629 358 639 358
58 354 81 354
348 362 379 367
573 37 590 39
620 126 620 95
75 146 87 147
215 245 228 245
357 148 373 151
590 241 620 232
8 218 40 216
281 67 295 66
492 23 496 61
179 193 196 197
552 253 562 253
575 183 606 188
338 197 349 197
110 22 131 71
81 396 82 363
60 255 91 242
469 275 506 281
27 118 99 124
311 25 342 31
281 317 335 317
580 75 611 83
43 304 58 305
617 75 635 42
328 449 342 430
312 166 328 156
534 145 549 126
628 344 639 344
305 85 318 81
510 44 510 6
74 152 90 153
17 90 32 92
610 95 623 81
273 245 286 232
395 5 439 9
550 205 597 208
392 103 416 106
590 33 603 29
352 46 412 55
479 319 501 306
309 217 323 218
489 236 510 250
344 373 344 318
65 346 75 339
347 156 359 155
262 222 279 206
20 95 42 96
456 100 456 87
94 129 95 90
518 208 555 190
124 46 138 48
56 82 66 95
626 478 626 429
399 33 426 39
547 64 572 60
515 124 544 121
476 20 525 34
586 150 599 143
455 140 471 140
598 345 617 345
156 187 176 213
372 175 396 173
508 393 518 393
422 224 437 223
628 139 639 135
434 154 459 151
60 393 83 392
580 178 629 181
253 210 263 210
629 125 629 141
483 78 575 167
49 114 60 114
462 33 462 0
364 92 381 93
110 316 141 331
82 413 100 404
69 161 91 163
194 266 208 264
490 301 506 289
364 160 380 156
124 401 125 416
169 203 196 208
232 79 274 83
335 172 352 171
66 140 98 144
379 96 430 59
616 75 616 99
16 16 29 32
273 249 303 246
365 219 389 227
339 232 349 232
338 137 349 132
98 178 98 126
622 40 630 27
417 94 447 76
363 0 378 0
527 262 549 244
448 108 464 101
461 326 486 309
17 365 49 342
329 403 343 421
617 225 618 256
364 231 384 229
586 71 603 71
566 50 603 56
371 122 390 113
502 179 529 179
581 195 581 213
347 340 348 359
381 11 427 19
130 162 141 163
581 231 595 231
461 325 471 325
148 190 149 159
72 128 92 128
65 370 98 375
596 202 618 202
346 86 370 81
443 179 455 174
106 392 123 394
257 65 294 65
488 40 495 65
514 119 531 121
227 156 227 105
450 212 486 221
90 159 91 135
608 63 608 83
76 249 93 249
435 95 457 80
94 313 107 313
34 349 45 350
48 329 49 339
66 146 67 161
310 98 344 40
235 64 236 20
22 254 23 230
381 269 420 268
537 107 555 107
552 337 565 336
407 189 447 181
62 293 94 293
558 81 560 103
445 220 450 200
10 165 64 168
197 212 214 215
360 205 404 172
344 42 357 39
218 229 218 254
92 210 105 210
472 25 495 8
263 291 291 294
561 223 575 220
44 367 58 366
343 444 361 448
505 140 518 142
403 455 416 454
9 200 31 201
610 89 623 85
507 316 526 316
85 112 99 112
194 293 214 308
308 443 324 432
118 73 119 54
125 59 130 70
455 339 466 332
228 63 228 34
565 114 579 114
109 93 143 97
500 176 530 177
546 216 567 217
61 1 78 1
359 131 381 132
606 95 606 68
603 61 633 67
92 2 105 4
288 241 311 232
94 306 106 310
419 107 430 100
490 139 504 140
12 169 35 176
98 467 140 461
263 279 306 245
558 51 586 55
624 191 639 191
305 306 315 305
67 373 78 371
551 284 568 283
376 222 390 224
83 179 96 179
262 324 283 314
309 64 314 101
416 190 455 183
597 139 620 137
92 34 124 39
633 305 633 290
159 68 172 71
256 12 267 13
157 177 174 177
375 68 398 64
342 181 343 161
285 314 300 312
376 166 390 166
388 131 408 133
311 296 324 298
617 452 624 479
263 406 284 406
427 74 470 38
221 73 221 62
345 288 345 242
78 89 93 93
100 38 110 39
508 104 509 121
335 436 347 434
377 260 387 259
9 349 32 349
611 32 621 16
551 283 561 278
194 297 207 294
259 342 269 338
602 247 613 248
541 94 555 95
273 241 287 241
11 361 42 340
64 104 77 105
396 257 412 247
608 453 610 463
533 165 543 165
498 150 518 156
299 215 327 218
557 130 572 127
509 333 509 319
343 93 382 100
92 476 114 473
465 73 491 47
508 187 521 188
231 335 243 330
175 18 201 23
269 345 281 346
592 25 617 13
553 327 566 327
598 252 614 258
462 283 462 264
226 175 245 175
15 25 28 43
243 108 274 110
470 267 488 267
74 100 86 101
632 208 632 183
232 368 259 363
85 375 86 358
456 278 456 225
308 252 325 250
3 372 34 370
378 356 389 354
618 32 619 50
473 273 487 255
140 460 140 407
325 140 349 144
343 56 354 41
529 66 540 69
425 69 441 62
12 347 25 348
480 244 497 245
633 434 633 466
27 26 47 29
471 79 480 52
333 50 334 62
405 75 427 53
595 129 611 107
378 87 395 77
293 99 307 101
360 185 374 189
41 58 51 59
27 172 45 186
360 290 372 292
595 168 613 171
12 111 39 113
620 204 620 193
366 148 376 144
407 203 419 199
617 196 623 171
281 324 295 324
637 177 637 154
291 298 310 296
357 145 379 137
15 192 17 152
248 92 263 92
593 350 608 353
287 235 315 238
276 314 298 308
193 309 194 261
465 110 476 106
536 111 556 114
449 80 507 87
379 194 397 200
93 90 100 101
635 304 635 285
604 332 629 331
50 339 64 329
407 82 427 60
553 175 573 171
207 307 207 275
25 184 35 184
505 58 516 54
620 333 623 347
624 43 624 27
513 167 568 166
18 365 34 369
347 331 359 330
314 93 331 97
337 133 352 137
614 144 633 142
77 203 96 202
470 257 484 242
19 27 60 33
202 114 228 117
14 230 23 246
335 302 346 301
615 160 628 159
626 263 636 265
195 74 208 75
336 140 352 143
583 278 585 292
606 226 621 215
556 105 566 102
370 90 389 70
382 124 400 118
357 169 389 162
302 222 321 227
461 327 487 309
542 42 565 45
364 365 371 389
88 479 114 475
442 149 462 146
389 296 406 295
529 145 541 142
590 252 611 239
69 348 98 347
624 129 635 130
221 287 233 285
244 362 269 355
298 120 339 123
597 259 608 259
109 162 126 184
245 227 256 216
340 147 352 148
23 183 26 211
326 83 351 81
461 316 471 309
14 371 25 373
460 73 473 70
273 254 286 262
209 52 225 54
239 11 278 17
166 206 196 214
634 232 639 249
20 76 33 80
360 378 390 386
542 46 554 41
332 127 352 128
595 204 617 206
82 465 82 391
281 319 307 319
17 8 29 23
1 246 1 234
16 362 28 353
85 44 86 58
498 260 504 226
345 390 362 369
302 291 312 291
27 455 56 455
89 402 108 405
577 388 588 388
51 250 63 249
517 243 531 246
362 177 424 181
354 65 368 60
606 456 634 457
599 51 624 54
506 170 524 167
87 67 88 78
507 111 533 114
392 247 424 265
341 58 357 34
333 361 348 365
269 28 345 40
545 146 557 145
615 451 621 479
390 0 401 1
74 359 85 359
321 86 339 88
401 94 412 95
607 28 638 14
475 49 498 55
491 90 527 95
537 109 550 111
591 46 591 61
221 253 221 304
86 66 120 72
7 271 39 266
471 257 498 254
606 390 619 391
385 76 407 59
356 215 367 215
593 60 623 66
363 457 379 457
123 464 139 462
47 331 60 331
359 332 359 300
447 89 464 81
384 227 409 226
617 347 635 346
279 209 294 209
356 210 386 211
8 229 9 263
549 245 565 252
364 207 377 205
70 116 81 121
262 227 280 228
377 8 389 10
302 82 315 83
327 110 339 110
623 100 624 61
297 177 327 180
616 190 639 171
391 117 404 119
607 39 620 40
241 174 251 173
508 202 518 202
601 240 611 237
272 342 292 344
553 54 572 52
80 373 98 369
379 380 393 368
131 141 141 154
587 164 590 203
354 63 358 40
427 208 441 213
613 106 639 106
489 109 498 90
339 242 349 243
428 94 461 98
14 83 33 84
436 80 450 75
3 407 3 396
508 121 522 122
478 167 492 169
510 78 524 72
360 287 372 284
284 175 302 163
399 245 424 258
356 234 377 234
569 58 587 61
604 221 634 215
593 349 595 361
461 291 499 287
593 354 609 355
386 94 428 72
7 72 56 77
14 333 36 333
252 216 262 216
568 193 569 203
600 107 611 148
305 304 324 303
503 167 518 169
26 143 79 147
574 319 584 319
526 140 575 141
440 39 450 43
498 320 513 319
244 184 254 182
435 210 449 209
140 109 150 111
558 88 575 90
330 452 352 449
409 72 423 93
507 17 517 9
542 118 568 122
240 216 242 109
47 472 74 469
15 312 28 313
548 272 574 254
403 20 427 22
580 149 590 147
64 109 92 115
320 311 339 311
44 416 56 410
167 43 186 47
93 474 113 472
0 234 22 234
34 216 34 203
314 291 324 289
397 259 412 253
357 99 371 91
530 170 543 170
476 143 497 140
25 357 55 359
60 23 77 51
315 161 316 171
15 199 26 199
582 340 582 359
65 127 92 144
387 81 414 53
464 290 477 289
324 42 434 61
101 21 106 33
635 476 635 449
482 12 499 13
171 195 187 214
195 240 208 240
568 233 592 233
296 168 329 153
562 266 573 265
61 0 87 0
606 165 619 160
377 241 387 240
405 105 416 101
51 336 79 336
351 15 382 20
87 369 98 367
130 334 140 334
30 37 61 75
303 212 328 211
590 179 608 177
427 163 447 159
233 71 249 72
598 330 624 330
368 2 380 4
361 249 373 241
314 137 316 153
395 12 415 15
504 184 531 180
627 202 638 202
219 92 235 92
433 165 444 163
563 36 581 28
463 109 463 88
438 95 465 84
15 152 34 167
327 453 341 434
361 268 381 268
262 276 263 203
30 347 43 348
130 101 144 102
40 310 53 313
192 29 220 33
0 246 44 246
607 119 619 120
613 457 619 479
42 31 72 69
440 65 454 64
462 109 492 75
626 211 627 196
2 240 16 238
342 137 347 168
526 58 531 98
237 212 237 199
351 326 355 343
63 261 100 261
499 271 509 268
443 171 471 167
276 59 282 82
338 174 352 173
63 289 75 289
600 125 630 125
569 102 582 85
559 173 572 171
639 140 639 122
572 288 583 305
404 455 414 457
482 101 487 91
140 106 150 107
398 200 420 201
507 28 525 32
46 238 76 236
519 90 519 54
67 255 81 255
406 16 417 3
299 73 321 78
52 264 84 265
49 33 86 42
579 266 612 247
61 329 82 325
329 100 354 103
390 181 400 180
479 250 490 250
334 53 363 57
385 90 410 93
12 128 47 131
185 205 196 204
22 19 37 24
565 145 581 143
628 81 630 64
233 201 244 201
588 85 590 98
587 216 601 212
270 79 292 83
418 139 430 139
276 263 289 262
136 79 149 81
284 122 310 125
469 279 480 278
396 135 421 117
276 459 291 457
93 185 124 184
531 124 553 126
226 52 315 64
83 89 99 109
343 412 359 413
495 10 508 10
36 33 48 48
318 222 342 223
253 91 264 94
40 33 51 48
402 97 418 81
367 279 383 274
16 252 32 252
195 244 208 258
415 13 440 16
16 152 44 154
507 88 542 57
545 273 574 252
307 283 317 280
288 282 304 279
241 61 244 17
220 179 233 180
471 123 474 111
15 94 26 97
294 113 321 115
594 48 618 37
111 160 111 148
632 357 633 313
96 390 111 390
236 2 248 4
265 99 265 84
566 68 581 68
487 224 498 224
369 257 380 259
497 284 509 273
210 182 222 182
0 73 0 63
313 188 324 188
609 192 623 195
586 167 599 161
434 373 455 374
482 29 499 17
628 186 629 160
161 408 172 405
314 186 327 186
26 458 37 451
192 227 214 227
34 149 46 151
209 213 223 215
8 149 26 162
283 374 302 374
84 100 100 105
37 308 54 311
25 257 28 278
623 8 639 5
592 119 594 97
260 184 312 165
631 137 632 122
273 222 287 220
0 29 14 44
615 40 622 19
595 263 605 258
611 258 621 253
381 295 399 299
332 32 355 36
551 244 581 245
113 67 129 70
553 125 561 113
555 21 556 36
584 2 600 2
270 14 302 18
393 190 412 189
363 258 364 269
395 127 431 96
66 346 88 343
268 185 278 184
459 266 459 283
346 111 358 113
625 153 639 151
226 310 233 322
44 376 83 377
564 106 582 102
139 142 140 112
350 86 363 87
585 105 605 81
487 288 509 289
624 413 637 416
391 265 418 253
623 318 624 329
34 14 48 20
594 152 617 151
607 407 622 409
66 207 83 207
149 152 150 101
47 103 59 111
63 133 83 133
487 100 502 67
439 225 444 212
488 292 500 291
388 29 404 31
363 9 381 9
350 197 366 198
360 237 361 248
339 51 357 54
367 165 384 172
532 183 545 187
349 188 360 188
73 92 96 90
407 44 421 46
627 100 632 89
221 6 234 6
42 9 56 32
474 160 489 162
7 158 26 158
79 210 93 221
308 250 318 250
259 322 269 316
374 279 391 275
380 388 387 374
373 251 402 251
331 69 344 68
457 46 478 42
360 276 381 274
603 45 632 32
554 288 569 277
398 23 433 29
615 395 616 385
484 61 497 59
441 137 455 138
606 398 608 410
456 165 468 165
199 350 218 350
325 141 325 130
510 195 521 183
573 30 573 55
10 230 20 230
459 252 470 247
265 276 265 233
616 197 620 179
259 356 270 358
560 66 567 88
46 231 47 248
577 49 596 52
8 241 38 240
346 98 365 115
111 181 112 170
295 241 309 240
45 80 55 91
40 64 51 76
90 411 101 407
420 276 424 266
579 340 579 329
611 152 612 168
597 75 602 63
594 398 614 401
387 444 403 447
74 342 94 341
161 68 176 71
27 182 43 182
180 196 204 197
375 280 386 277
605 181 618 177
451 75 481 80
69 383 89 383
228 260 228 222
323 361 336 363
327 133 349 137
288 257 298 256
249 37 250 77
373 439 383 451
195 218 217 218
458 83 458 55
131 40 153 50
549 130 561 112
614 359 633 359
126 1 145 1
330 434 354 432
569 113 572 138
389 64 415 51
461 299 473 299
91 317 107 314
614 304 630 307
509 105 524 107
443 168 463 167
311 209 321 209
320 304 320 282
609 406 628 404
148 68 150 51
588 126 590 113
465 95 482 85
263 303 283 302
302 12 326 16
363 43 379 43
533 148 554 152
417 16 435 16
67 247 80 247
80 420 81 473
593 82 609 86
469 296 476 285
511 112 526 109
602 241 616 232
314 79 334 81
40 77 51 89
263 300 283 288
83 84 99 104
78 156 95 157
563 157 574 145
625 287 638 286
376 81 401 85
625 174 639 174
81 196 96 196
85 347 98 345
248 86 267 88
78 242 94 238
336 7 347 8
4 27 25 32
325 202 336 202
579 87 587 60
519 16 522 32
414 137 424 138
546 98 546 60
410 264 424 264
38 46 50 48
266 336 284 335
378 183 391 183
62 129 75 127
400 207 410 211
71 290 81 290
532 14 564 14
74 187 89 188
435 152 450 151
517 244 517 254
408 176 422 176
208 71 208 41
249 338 267 338
626 20 635 8
483 72 507 76
70 358 82 356
338 107 365 110
299 48 327 52
529 266 529 247
73 81 90 101
626 142 636 141
636 32 636 17
83 409 94 404
440 161 455 161
3 373 13 375
479 60 500 42
315 76 364 83
543 57 561 60
70 107 81 119
296 279 308 282
360 223 375 225
607 216 639 207
520 392 534 392
324 106 342 108
591 23 625 3
395 280 405 280
538 72 541 91
285 68 302 67
110 179 124 177
306 277 317 275
52 185 64 186
397 139 413 136
411 106 422 102
558 149 560 164
351 411 363 424
269 339 279 341
614 462 616 476
192 14 231 19
581 158 586 191
388 111 398 111
64 84 78 100
474 116 490 119
112 421 126 416
335 417 347 408
589 305 592 289
523 95 523 80
485 238 504 217
195 245 208 268
346 408 350 398
262 64 278 62
551 271 576 282
66 110 78 113
280 282 299 275
282 305 292 303
577 70 595 70
58 22 67 37
339 403 349 398
234 278 234 264
339 233 349 234
502 83 560 94
576 105 585 94
321 87 350 93
309 439 326 441
301 305 315 301
5 354 15 354
574 358 594 360
447 120 461 122
371 126 383 121
588 4 600 4
415 161 427 159
562 131 569 171
312 149 325 150
20 195 36 195
75 43 85 46
591 289 613 291
555 291 567 284
116 386 126 385
89 39 117 51
621 325 621 315
57 91 75 94
141 185 141 155
505 229 516 228
616 208 626 200
586 166 608 164
125 163 138 164
635 118 636 96
287 328 307 328
115 48 115 32
448 224 463 239
27 415 28 388
385 7 397 7
525 122 526 112
260 67 284 72
324 176 338 176
339 237 349 237
395 247 412 243
409 196 419 196
20 189 36 191
365 183 375 182
79 130 89 140
245 223 256 222
8 93 23 97
84 317 94 314
622 281 632 286
156 110 171 111
79 222 92 221
429 3 440 3
461 225 461 213
587 38 607 35
525 38 525 1
38 325 41 347
86 325 98 327
120 426 121 408
637 42 637 25
597 129 611 109
326 446 338 430
82 98 98 96
593 198 594 185
371 263 390 259
274 27 278 46
312 235 326 235
465 33 470 46
582 47 598 48
61 223 86 224
365 161 376 168
289 332 300 332
354 388 363 378
580 102 612 82
68 299 86 298
144 410 160 405
287 24 297 25
88 61 100 63
615 188 631 183
535 253 548 240
270 210 282 210
538 68 556 71
565 174 570 192
294 255 306 254
40 31 101 84
272 313 298 305
433 191 450 190
69 138 83 140
56 117 73 118
508 205 519 206
461 318 471 310
281 405 294 405
38 22 39 41
558 15 561 34
291 260 306 258
184 329 194 329
488 238 510 238
633 193 633 208
627 301 627 290
506 195 510 206
36 371 55 367
391 162 400 151
348 120 359 122
367 359 377 359
280 62 290 60
40 85 59 87
0 32 46 42
195 251 208 251
470 91 481 115
157 59 175 63
91 225 101 228
336 74 347 73
625 18 636 2
485 85 492 61
56 74 68 76
441 194 456 192
43 36 53 48
635 247 635 233
542 47 542 0
507 107 525 84
382 458 396 461
618 60 634 63
380 222 392 223
78 65 106 71
571 246 581 236
120 8 146 13
517 241 527 240
386 63 402 60
100 5 112 16
426 193 440 193
502 62 518 55
563 232 574 232
300 331 322 332
148 216 172 216
76 253 89 251
106 318 106 300
598 343 600 361
600 272 622 273
579 318 579 293
15 24 25 26
20 336 20 346
6 272 8 283
13 262 32 266
544 134 553 123
550 261 569 257
78 68 96 70
534 207 558 198
364 263 364 226
625 388 637 390
41 13 54 16
218 2 229 3
529 146 541 145
83 408 93 397
597 174 617 174
494 271 510 271
569 57 600 63
567 334 578 334
195 66 210 69
607 212 618 203
421 92 430 105
86 204 96 204
391 197 402 194
445 133 460 136
283 282 298 279
276 214 287 214
347 182 357 180
426 184 440 185
388 265 415 252
573 137 588 136
559 252 569 242
251 88 264 90
211 89 228 91
239 77 262 80
306 45 325 49
466 48 466 58
115 90 153 94
505 16 508 4
585 239 606 232
519 278 519 242
572 402 584 404
389 418 389 406
461 315 461 290
291 273 325 259
288 245 298 245
384 230 396 230
454 76 465 66
385 140 427 145
309 163 325 151
587 263 597 258
40 56 63 59
94 6 108 6
474 117 481 90
586 348 586 360
567 21 577 17
388 38 397 27
326 73 338 72
272 328 282 339
510 184 521 182
135 17 146 24
546 127 556 113
365 114 382 97
352 68 364 66
53 442 54 452
579 61 590 63
263 304 283 298
76 2 95 3
27 189 37 190
408 82 424 66
368 451 386 449
486 281 499 281
487 277 505 273
311 225 321 228
568 155 577 144
134 398 150 391
396 172 406 172
55 104 66 116
325 82 345 74
510 252 510 240
327 95 359 99
598 336 607 348
55 152 73 152
459 255 469 256
356 245 357 195
63 64 75 66
51 29 62 33
99 478 113 477
357 154 372 152
270 188 282 188
500 315 513 314
510 196 521 197
303 248 326 247
529 168 543 151
309 179 324 178
578 182 578 192
314 148 327 142
364 89 386 92
275 232 287 221
63 195 73 194
431 108 463 81
453 82 464 75
313 127 333 120
427 135 440 136
461 324 498 297
575 132 618 93
398 81 418 61
347 433 359 414
335 308 347 306
360 217 360 206
406 202 424 204
476 101 480 87
393 170 403 170
31 341 42 339
486 256 500 260
572 151 586 140
510 326 522 324
528 110 540 111
467 36 496 41
559 29 583 31
313 131 330 137
368 389 378 382
573 147 584 149
81 210 101 226
338 306 338 285
414 206 445 215
330 163 342 161
568 230 586 230
87 140 97 140
264 222 276 232
360 193 372 193
475 28 487 19
348 430 358 422
392 235 402 234
425 92 458 95
128 159 132 145
10 336 38 336
241 31 241 21
464 214 479 214
370 125 387 112
0 176 18 175
385 246 403 250
503 90 509 78
122 392 132 393
76 58 88 60
359 174 371 174
614 150 614 135
498 309 509 302
639 103 639 83
611 182 634 188
534 78 537 92
103 394 122 395
301 9 312 10
202 226 208 236
612 295 613 306
523 139 531 123
60 231 71 239
278 285 300 277
552 57 562 59
25 272 36 272
15 310 29 312
510 171 541 167
235 164 235 136
461 320 472 319
462 149 465 132
555 46 570 38
534 167 551 169
284 325 295 326
16 53 29 67
24 220 35 219
469 297 469 320
487 251 502 252
616 11 622 1
56 432 56 397
74 316 84 314
425 211 448 212
21 364 32 367
252 39 270 48
383 265 399 259
410 119 428 129
108 463 108 436
490 278 505 274
379 70 402 71
346 60 387 54
68 360 81 360
49 23 59 27
227 275 227 307
56 346 68 339
464 90 475 85
110 31 122 33
475 124 479 114
3 387 3 361
268 177 278 173
90 118 99 128
547 67 558 69
317 443 325 432
603 204 614 201
547 35 557 31
289 41 294 64
271 307 287 303
