4.640869140625000000e+02 8.565963745117187500e+01 6.390981445312500000e+02 9.001161193847656250e+01
4.332050170898437500e+02 2.607288208007812500e+02 4.308467102050781250e+02 2.910002746582031250e+02
3.816328735351562500e+02 2.139928131103515625e+02 3.812704162597656250e+02 2.409584350585937500e+02
2.616750907897949219e+01 8.462400817871093750e+01 3.691864013671875000e-01 8.505178833007812500e+01
4.525329589843750000e+02 2.162624053955078125e+02 4.232476806640625000e+02 2.240374145507812500e+02
1.728680992126464844e+01 2.662921142578125000e+02 1.921056365966796875e+01 3.010711669921875000e+02
3.591275024414062500e+02 2.075525970458984375e+02 3.830569458007812500e+02 2.144729309082031250e+02
4.095103759765625000e+02 5.325906372070312500e+01 3.947972412109375000e+02 2.485224761962890625e+02
5.954575805664062500e+02 2.715070800781250000e+02 5.917521972656250000e+02 3.021160583496093750e+02
3.302225036621093750e+02 8.109503936767578125e+01 3.261259765625000000e+02 1.685147705078125000e+02
3.583110046386718750e+02 1.825730285644531250e+02 3.575416564941406250e+02 2.061805877685546875e+02
3.903670959472656250e+02 8.207707214355468750e+01 3.857394104003906250e+02 1.710217590332031250e+02
6.206569824218750000e+02 2.617368469238281250e+02 5.942643432617187500e+02 2.718187561035156250e+02
4.944384765625000000e+02 2.013716430664062500e+02 4.930059204101562500e+02 2.283988647460937500e+02
0.000000000000000000e+00 7.548626708984375000e+01 4.070232543945312500e+02 7.901364898681640625e+01
2.830206108093261719e+01 7.607585144042968750e+01 3.716500854492187500e+01 2.046447143554687500e+02
1.396887359619140625e+02 7.835958862304687500e+01 1.435858154296875000e+02 1.943580474853515625e+02
4.016415405273437500e+02 2.488673706054687500e+02 4.340289306640625000e+02 2.593559875488281250e+02
4.676145935058593750e+02 5.150001525878906250e+01 4.501732788085937500e+02 2.165823516845703125e+02
5.498916015625000000e+02 8.828141784667968750e+01 5.352912597656250000e+02 1.949028625488281250e+02
4.442375183105468750e+02 5.113941192626953125e+01 4.177507019042968750e+02 2.535562744140625000e+02
2.573661804199218750e+02 3.377412414550781250e+02 4.878504028320312500e+02 4.800000000000000000e+02
3.578368530273437500e+02 1.868315124511718750e+02 0.000000000000000000e+00 2.144165191650390625e+02
3.870785827636718750e+02 3.025393981933593750e+02 3.873168640136718750e+02 3.133607482910156250e+02
6.017566528320312500e+02 9.082490539550781250e+01 5.821419677734375000e+02 2.073325958251953125e+02
3.561054077148437500e+02 3.124563903808593750e+02 3.872875976562500000e+02 3.136826782226562500e+02
3.532920837402343750e+02 1.688539428710937500e+02 4.007275390625000000e+02 1.774619293212890625e+02
2.281485748291015625e+02 7.906146240234375000e+01 2.282256317138671875e+02 1.810558471679687500e+02
9.265238952636718750e+01 3.703469848632812500e+02 8.429917144775390625e+01 4.066609802246093750e+02
4.236457519531250000e+02 2.251646423339843750e+02 5.984023437500000000e+02 2.723704528808593750e+02
4.950178527832031250e+02 2.008174285888671875e+02 6.391127929687500000e+02 2.316120605468750000e+02
3.588015441894531250e+02 1.926640014648437500e+02 3.986542968750000000e+02 2.020648651123046875e+02
8.064682006835937500e+01 4.098813476562500000e+02 1.315161743164062500e+02 4.799873046875000000e+02
3.567700805664062500e+02 5.822589874267578125e+01 4.061678466796875000e+02 5.961509704589843750e+01
1.718188781738281250e+02 3.561584167480468750e+02 2.030683135986328125e+02 3.842149963378906250e+02
1.855736083984375000e+02 7.851237487792968750e+01 1.887109069824218750e+02 1.860818023681640625e+02
3.054839372634887695e-01 2.525161132812500000e+02 1.573746871948242188e+01 2.675646972656250000e+02
5.035197448730468750e+02 8.519735717773437500e+01 4.909342041015625000e+02 1.903846130371093750e+02
3.847700500488281250e+02 2.213896179199218750e+02 8.857479095458984375e+00 2.620093994140625000e+02
3.593604736328125000e+02 8.128329467773437500e+01 3.557310791015625000e+02 1.679316864013671875e+02
2.422320709228515625e+02 2.642243957519531250e+02 2.420868835449218750e+02 2.793778686523437500e+02
2.639034423828125000e+02 7.985649871826171875e+01 2.629550476074218750e+02 1.770544586181640625e+02
2.301474304199218750e+02 4.450502929687500000e+02 2.168616485595703125e+02 4.800000000000000000e+02
2.983989868164062500e+02 7.955400848388671875e+01 2.968507385253906250e+02 1.720549316406250000e+02
4.073113403320312500e+02 2.925089111328125000e+02 6.392596435546875000e+02 3.876308593750000000e+02
2.716885681152343750e+02 3.304762878417968750e+02 2.712864379882812500e+02 3.426489562988281250e+02
4.236444396972656250e+02 2.255467071533203125e+02 4.230943603515625000e+02 2.531428527832031250e+02
2.068132019042968750e+02 3.856286010742187500e+02 2.083576965332031250e+02 4.800000000000000000e+02
4.653203735351562500e+02 5.690640640258789062e+01 6.386929931640625000e+02 6.157015991210937500e+01
5.903945922851562500e+02 2.027482299804687500e+02 6.378095703125000000e+02 2.123372192382812500e+02
7.152784729003906250e+01 3.106786499023437500e+02 9.027824401855468750e+01 3.323989562988281250e+02
4.558375549316406250e+02 1.863974609375000000e+02 6.391773071289062500e+02 2.166109161376953125e+02
3.430670471191406250e+02 2.470064392089843750e+02 3.431739501953125000e+02 2.599347839355468750e+02
3.589396667480468750e+02 1.986239776611328125e+02 3.983422241210937500e+02 2.080510711669921875e+02
4.569680786132812500e+02 1.765007629394531250e+02 4.882589111328125000e+02 1.813801574707031250e+02
4.523347778320312500e+02 2.185974578857421875e+02 6.235419921875000000e+02 2.626118469238281250e+02
4.379708862304687500e+01 7.837844085693359375e+01 5.322867965698242188e+01 2.010351562500000000e+02
3.432618713378906250e+02 1.745897521972656250e+02 3.592171630859375000e+02 1.829007873535156250e+02
9.152294158935546875e+01 3.330901794433593750e+02 9.219413757324218750e+01 3.697464294433593750e+02
1.315772857666015625e+02 8.493552398681640625e+01 1.350717163085937500e+02 1.886923828125000000e+02
2.255903472900390625e+02 1.805624237060546875e+02 1.889853057861328125e+02 1.837862854003906250e+02
5.946507568359375000e+02 2.926184997558593750e+02 6.400000000000000000e+02 3.039863891601562500e+02
1.828057479858398438e+01 2.867074279785156250e+02 0.000000000000000000e+00 2.886894226074218750e+02
8.332098388671875000e+01 7.783751678466796875e+01 9.102531433105468750e+01 1.977632751464843750e+02
4.554333496093750000e+02 2.155932617187500000e+02 4.914539184570312500e+02 2.218259887695312500e+02
2.156324005126953125e+02 2.768837890625000000e+02 2.410407257080078125e+02 2.794775390625000000e+02
1.236741561889648438e+02 3.655718994140625000e+02 1.241786499023437500e+02 3.777348632812500000e+02
5.652783813476562500e+02 9.331185913085937500e+01 5.508157958984375000e+02 1.945480499267578125e+02
4.336031494140625000e+02 2.868083190917968750e+02 6.400000000000000000e+02 3.684655151367187500e+02
4.349602661132812500e+02 2.623342285156250000e+02 8.932394409179687500e+01 3.336177062988281250e+02
3.559912719726562500e+02 1.725053253173828125e+02 3.483009338378906250e-01 2.073490905761718750e+02
3.497928142547607422e+00 8.836805725097656250e+01 4.705019474029541016e+00 1.324455718994140625e+02
6.738901138305664062e-01 3.431672668457031250e+02 1.241020393371582031e+01 3.510090332031250000e+02
4.252360534667968750e+02 2.518852844238281250e+02 5.183223876953125000e+02 2.829358520507812500e+02
4.184749145507812500e+02 2.145669221878051758e+00 4.876423950195312500e+02 1.166123962402343750e+01
0.000000000000000000e+00 4.372078704833984375e+01 4.071315002441406250e+02 5.773884582519531250e+01
5.406338500976562500e+02 1.938806457519531250e+02 5.823150024414062500e+02 2.012185821533203125e+02
