
1.130929e+02	3.565435e+02	5.520644e+02	2.853438e+02	
1.059736e+02	3.427465e+02	5.540435e+02	2.755789e+02	
2.275268e+01	2.587257e+02	4.249939e+02	2.277742e+02	
1.680141e+01	1.552477e+02	4.262266e+02	1.532839e+02	
2.632495e+02	3.693266e+02	640	2.957769e+02	
2.720003e+01	2.660899e+02	4.038687e+02	2.348317e+02	
2.663633e+02	4.012577e+02	640	3.166075e+02	
1.721415e+02	3.677618e+02	5.531714e+02	3.020430e+02	
9.300260e+01	1.584822e+02	4.249594e+02	1.568900e+02	
2.642451e+02	4.066592e+02	6.201605e+02	3.260239e+02	
4.831160e+01	1.021429e+02	3.790281e+02	1	
8.107103e+01	1.039916e+02	4.619220e+02	1.174045e+02	
9.208537e+01	1.198197e+02	4.146703e+02	1.273062e+02	
5.608964e+01	1.287102e+02	3.819624e+02	1.343170e+02	
3.605588e+02	4.204725e+02	640	3.446981e+02	
5.509624e+01	3.326741e+02	3.252162e+02	2.971406e+02	
6.594188e+01	4.006237e+01	3.150091e+02	5.632553e+01	
3.111354e+02	5.233878e+01	5.633658e+02	1	
2.279427e+02	5.386225e+01	4.519476e+02	6.893891e+01	
4.394119e+02	4.643310e+02	640	3.936471e+02	
3.642168e+02	6.470574e+01	5.826444e+02	2.703205e+01	
4.402838e+02	4.717560e+02	640	4.000294e+02	
1.023162e+02	2.734048e+02	3.018377e+02	2.536284e+02	
4.430749e+02	1	640	3.667239e+01	
4.588339e+02	1	640	3.344360e+01	
1.579213e+02	1.285652e+02	3.242282e+02	1.310939e+02	
1.538565e+02	1.357251e+02	3.251091e+02	1.376438e+02	
2.350266e+02	1.251376e+02	4.148226e+02	1.293102e+02	
5.504167e+01	3.243324e+02	2.260249e+02	3.032301e+02	
3.991772e+02	9.442307e+01	5.738355e+02	7.640533e+01	
1	1.050190e+02	1.749252e+02	1.104479e+02	
3.290403e+02	5.464881e+01	4.909052e+02	2.069030e+01	
2.221429e+02	2.845876e+02	3.881278e+02	2.644392e+02	
2.381071e+02	4.742957e+01	3.910151e+02	1	
3.418179e+02	9.339284e+01	4.918189e+02	7.640116e+01	
2.295602e+01	9.319687e+01	1.408584e+02	9.805763e+01	
3.580167e+02	1.174043e+02	4.838713e+02	1.107535e+02	
1.378070e+01	1.593665e+02	1.944726e+01	2.611914e+02	
5.149140e+02	1.340985e+02	5.101182e+02	2.430238e+02	
1.980251e+02	8.274839e+01	3.099064e+02	9.117817e+01	
6.845481e+01	2.746269e+02	1.728521e+02	2.661736e+02	
3.423383e+01	480	1.517077e+02	4.526434e+02	
5.269904e+02	3.050009e+02	640	2.829390e+02	
3.939590e+02	2.880976e+02	5.011934e+02	2.739912e+02	
5.174058e+02	1.320657e+02	5.125149e+02	2.431506e+02	
2.960694e+02	8.590951e+01	3.980218e+02	9.277142e+01	
2.393513e+02	3.940000e+02	2.393513e+02	480	
1.219477e+02	3.425888e+02	2.159679e+02	3.288791e+02	
1.808670e+02	1.116249e+02	2.777861e+02	1.006462e+02	
2.816616e+01	3.190431e+01	1.209460e+02	4.132616e+01	
5.371193e+02	1.079396e+02	640	1.025028e+02	
2.883917e+02	2.804647e+02	3.847956e+02	2.683710e+02	
2.523513e+02	4.048838e+02	2.523513e+02	480	
1.092333e+02	1.007633e+02	1.967754e+02	8.239740e+01	
5.799914e+01	480	1.496395e+02	4.584660e+02	
5.213801e+01	2.770141e+02	5.273013e+01	3.549988e+02	
5.142343e+02	6.048483e+01	6.099123e+02	4.731416e+01	
2.789973e+02	1.018814e+02	3.679642e+02	1.057275e+02	
4.476609e+02	1.494529e+02	4.432578e+02	2.309136e+02	
2.456693e+02	4.000136e+02	2.465966e+02	480	
1.896526e+01	3.979702e+01	9.977655e+01	4.523603e+01	
3.131758e+02	2.983385e+02	3.949995e+02	2.860728e+02	
3.608762e+02	4.244084e+02	4.308224e+02	4.629116e+02	
5.370161e+02	8.919400e+01	6.128603e+02	8.533807e+01	
1.634617e+01	1.620887e+02	2.153306e+01	2.587797e+02	
1.645635e+02	3.709944e+02	1.666099e+02	4.509390e+02	
1.413272e+02	3.407985e+01	2.168590e+02	1	
5.269388e+02	7.242288e+01	6.107811e+02	6.292547e+01	
3.347483e+02	3.425306e+02	4.076864e+02	3.282916e+02	
2.861705e+02	2.663094e+02	3.620626e+02	2.578663e+02	
1.603353e+02	3.680018e+02	1.625244e+02	4.419552e+02	
4.794555e+02	4.653850e+02	5.547205e+02	4.380137e+02	
4.979061e+02	1.697317e+01	5.649509e+02	3.745359e+00	
2.923073e+01	8.533090e+01	8.983870e+01	5.864245e+01	
1	6.790339e+01	7.385217e+01	7.339249e+01	
1.697171e+02	3.740072e+02	1.718427e+02	4.458138e+02	
2.261225e+02	3.746902e+02	2.931568e+02	3.629902e+02	
9.207533e+01	1.218200e+02	1.640015e+02	1.234892e+02	
1.732164e+02	9.764886e+01	2.425372e+02	8.569264e+01	
3.690326e+02	4.369340e+02	4.296798e+02	4.711131e+02	
1.871372e+02	1.600365e+02	1.887029e+02	2.399399e+02	
1.108574e+02	3.460306e+02	1.136748e+02	4.077831e+02	
3.197007e+02	1.599279e+02	3.192563e+02	2.339895e+02	
4.397665e+02	1.640572e+02	4.387614e+02	2.268694e+02	
5.793847e+02	4.290442e+02	640	4.070006e+02	
5.838259e+02	9.138644e+01	640	8.706397e+01	
3.451060e+02	9.383032e+01	4.061185e+02	9.842735e+01	
5.852603e+02	1.119249e+02	640	1.160493e+02	
1.034701e+02	3.436362e+02	1.065083e+02	4.048497e+02	
2.021745e+02	2.756541e+02	2.628455e+02	2.689044e+02	
4.920103e+02	2.087154e+01	5.518901e+02	3.060887e+01	
3.263041e+02	2.512033e+02	3.880037e+02	2.450877e+02	
1.302112e+02	4.895783e+01	1.970742e+02	5.399568e+01	
4.352002e+02	1.006185e+02	4.947904e+02	1.051084e+02	
5.446685e+02	9.968902e+01	5.978987e+02	9.612814e+01	
6.036058e+01	6.954000e+01	1.137621e+02	4.615229e+01	
7.506883e+01	7.103506e+01	1.310126e+02	7.480036e+01	
2.995824e+00	2.820620e+02	5.346554e+00	3.359527e+02	
4.600304e+02	9.602561e+01	5.111651e+02	9.301562e+01	
4.160220e+02	2.351504e+02	4.710351e+02	2.363170e+02	
3.909761e+02	3.323066e+01	4.421062e+02	2.282368e+01	
4.879219e+02	4.595979e+02	5.344434e+02	4.441400e+02	
5.269315e+02	4.019681e+01	5.871480e+02	2.993485e+01	
1.793999e+02	4.514728e+02	2.306320e+02	4.394341e+02	
4.979255e+02	1.292383e+02	5.549959e+02	1.305628e+02	
1.751168e+02	4.471920e+02	2.269489e+02	4.351217e+02	
5.859504e+02	1.089348e+02	640	1.061870e+02	
1	1.011716e+02	4.402492e+01	1.026869e+02	
2.809256e+02	8.212063e+01	3.278373e+02	7.412603e+01	
5.378248e+02	5.302189e+01	5.920497e+02	4.863116e+01	
5.292349e+01	6.983850e+01	9.979539e+01	4.761179e+01	
1.681748e+01	9.054724e+01	7.275725e+01	9.296554e+01	
2.648229e+02	1.082831e+02	3.209234e+02	1.024957e+02	
3.479676e+02	2.867316e+02	3.959884e+02	2.799255e+02	
3.291145e+02	5.724656e+01	3.771058e+02	6.038020e+01	
5.930339e+02	6.650212e+01	640	6.740415e+01	
1.680765e+02	1.274418e+02	2.159090e+02	1.249141e+02	
9.316146e+00	2.820615e+02	1.234086e+01	3.281090e+02	
5.648897e+02	1.210308e+02	6.108650e+02	1.226500e+02	
1.081772e+02	4.208238e+02	1.539103e+02	4.093993e+02	
4.080994e+02	2.430959e+02	4.587950e+02	2.380710e+02	
2.305624e+02	3.899628e+02	2.301424e+02	4.319578e+02	
3.170419e+02	4.679139e+02	3.626252e+02	4.647730e+02	
1.068465e+02	3.662287e+02	1.096001e+02	4.057318e+02	
2.521780e+02	3.586501e+02	2.948911e+02	3.503116e+02	
1.944896e+02	480	2.370526e+02	4.692770e+02	
2.045561e+02	2.799519e+02	2.436345e+02	2.955242e+02	
1.411220e+02	4.673634e+02	1.806956e+02	4.594733e+02	
4.052952e+02	2.430168e+02	4.033384e+02	2.821194e+02	
2.241194e+02	3.832897e+02	2.580103e+02	4.054553e+02	
5.361450e+02	8.348987e+01	5.729748e+02	8.722995e+01	
1.784398e+01	1.588427e+02	6.703044e+01	1.586068e+02	
3.992059e+02	1.070781e+02	4.379146e+02	1.087515e+02	
2.506533e+02	3.238214e+02	2.898121e+02	3.181114e+02	
2.240620e+02	2.885347e+02	2.630526e+02	2.836434e+02	
3.716088e+02	6.666659e+01	4.061382e+02	6.078216e+01	
2.256165e+02	3.785297e+02	2.577971e+02	3.992112e+02	
6.302373e+01	1.576015e+02	9.898492e+01	1.572852e+02	
1.711854e+02	3.724125e+02	2.080161e+02	3.659082e+02	
1.140415e+02	3.651985e+02	1.510060e+02	3.596574e+02	
3.991716e+02	1.055952e+02	4.340639e+02	1.029103e+02	
4.318704e+02	6.160129e+01	4.699525e+02	5.851769e+01	
1.178952e+01	2.744197e+02	4.800083e+01	2.717062e+02	
1.517324e+02	3.599721e+02	1.532249e+02	3.941886e+02	
5.004388e+01	7.767881e+01	8.790626e+01	7.681554e+01	
2.190278e+02	1.275892e+02	2.529189e+02	1.258662e+02	
3.667513e+02	4.360359e+02	3.667513e+02	480	
3.749049e+02	3.057034e+02	4.059667e+02	3.011741e+02	
4.629080e+02	1.151903e+02	4.999140e+02	1.133089e+02	
4.839432e+02	2.420271e+02	4.829188e+02	2.740295e+02	
1.495766e+01	2.820637e+02	4.898292e+01	2.786911e+02	
3.105152e+02	4.049749e+02	3.011007e+02	4.354094e+02	
3.822698e+02	4.470337e+02	3.806210e+02	4.799810e+02	
2.725701e+02	4.205788e+02	3.032334e+02	4.126578e+02	
1.805938e+01	3.425777e+02	5.121037e+01	3.376082e+02	
3.399367e+02	1.030948e+02	3.719337e+02	1.012114e+02	
1.635439e+02	1.567173e+02	1.979861e+02	1.564143e+02	
4.479937e+02	9.371990e+01	4.790159e+02	9.214273e+01	
1.909257e+02	1.328675e+02	2.180262e+02	1.332795e+02	
3.098692e+02	2.831823e+02	3.409084e+02	2.817909e+02	
1.182060e+02	3.906151e+02	1.467338e+02	3.848086e+02	
1.074613e+02	4.240507e+02	1.089895e+02	4.548405e+02	
1.020405e+01	2.793437e+02	4.179469e+01	2.767857e+02	
1.450185e+02	9.608944e+01	1.719960e+02	9.725569e+01	
9.467235e+01	3.358315e+02	9.607791e+01	3.641503e+02	
4.050202e+02	9.522010e+01	4.339720e+02	9.722688e+01	
5.459505e+02	6.637200e+01	5.720046e+02	6.577796e+01	
1.019291e+02	5.706994e+01	1.258262e+02	5.752891e+01	
3.947358e+02	4.540270e+02	3.934361e+02	480	
4.389768e+02	1.067594e+02	4.669460e+02	1.048883e+02	
4.590795e+02	1.009854e+02	4.867884e+02	9.885324e+01	
6.121005e+02	6.486376e+01	640	6.422765e+01	
3.643149e+02	4.550195e+02	3.646045e+02	480	
2.688093e+02	2.933084e+02	2.959544e+02	2.903434e+02	
1.144635e+02	4.250701e+02	1.156469e+02	4.510080e+02	
3.209684e+02	3.135683e+02	3.474599e+02	3.097054e+02	
6.089511e+02	3.268025e+02	6.308782e+02	3.215574e+02	
1.716844e+02	3.841916e+02	1.961601e+02	3.799197e+02	
1.498653e+02	3.532546e+02	1.700732e+02	3.674749e+02	
6.172231e+02	4.659281e+01	640	4.474850e+01	
6.159847e+02	2.502056e+01	640	2.092791e+01	
5.781618e+02	2.977327e+02	5.999859e+02	2.939686e+02	
3.748869e+02	3.941480e+02	3.963705e+02	3.885983e+02	
2.739863e+02	1.279869e+02	2.919915e+02	1.283328e+02	
4.139396e+02	3.295424e+02	4.380705e+02	3.252809e+02	
6.180417e+02	8.011788e+01	640	8.159578e+01	
1	9.648999e+01	2.291224e+01	9.471570e+01	
3.910564e+02	1.171941e+02	4.150036e+02	1.179416e+02	
3.537457e+02	4.037895e+02	3.553094e+02	4.268878e+02	
5.432821e+02	3.507634e+02	5.660634e+02	3.454102e+02	
4.899348e+02	7.879719e+01	5.118323e+02	8.102090e+01	
4.508986e+02	2.099183e+02	4.730849e+02	2.083004e+02	
2.272042e+02	2.909916e+02	2.274016e+02	3.080185e+02	
3.109249e+02	8.869795e+01	3.317828e+02	9.014370e+01	
4.028895e+02	4.611521e+02	4.011506e+02	480	
4.317520e+02	9.504163e+01	4.531220e+02	9.647994e+01	
4.450835e+02	2.419504e+02	4.708092e+02	2.400226e+02	
5.530149e+02	8.081431e+01	5.750374e+02	8.247361e+01	
5.813423e+02	4.300973e+02	5.998258e+02	4.374627e+02	
2.315419e+02	2.920154e+02	2.313722e+02	3.089837e+02	
4.497467e+02	2.109412e+02	4.476643e+02	2.301474e+02	
4.189563e+02	7.360042e+01	4.398083e+02	7.073002e+01	
2.198864e+01	1.153780e+02	4.091945e+01	1.144156e+02	
7.821164e+01	4.157963e+02	9.582757e+01	4.119900e+02	
3.631395e+02	2.584633e+02	3.830641e+02	2.627352e+02	
3.189230e+02	6.317648e+01	3.369771e+02	6.453678e+01	
3.927244e+02	2.381160e+02	3.917830e+02	2.569274e+02	
4.684218e+02	3.199209e+02	4.917238e+02	3.158058e+02	
4.285215e+02	1.833300e+02	4.264432e+02	2.058564e+02	
4.499776e+02	2.310053e+02	4.708567e+02	2.292726e+02	
2.283059e+02	3.860196e+02	2.284906e+02	4.019516e+02	
2.822779e+02	4.120951e+02	3.022302e+02	4.074066e+02	
3.073185e+02	4.650060e+02	3.073724e+02	480	
2.670482e+02	2.851018e+02	2.859870e+02	2.842528e+02	
3.209325e+02	4.748729e+01	3.369171e+02	4.423378e+01	
3.931230e+02	3.860483e+02	4.095730e+02	3.821828e+02	
3.468249e+02	2.760197e+02	3.616313e+02	2.794741e+02	
2.570203e+02	1.338724e+02	2.729991e+02	1.341154e+02	
3.208565e+02	2.915263e+02	3.377754e+02	2.894382e+02	
4.987155e+02	1.187003e+02	5.139857e+02	1.192381e+02	
2.668614e+02	2.618668e+02	2.818490e+02	2.601083e+02	
2.068893e+02	2.794878e+02	2.211252e+02	2.836927e+02	
2.660471e+02	4.619724e+02	2.811789e+02	4.581602e+02	
3.078576e+02	2.552419e+02	3.219230e+02	2.541030e+02	
5.593033e+02	3.880917e+02	5.741047e+02	3.843627e+02	
6.252801e+02	2.885617e+02	640	2.863551e+02	
1.279999e+02	8.060898e+01	1.451980e+02	8.097369e+01	
2.549036e+02	4.185276e+02	2.686025e+02	4.153086e+02	
6.134161e+02	3.382164e+02	6.280437e+02	3.416291e+02	
5.069762e+02	1.095325e+02	5.228343e+02	1.086945e+02	
4.820664e+02	3.651481e+02	4.958309e+02	3.619136e+02	
2.171904e+01	3.020142e+02	2.243262e+01	3.148368e+02	
2.219080e+02	1.127101e+02	2.368115e+02	1.111727e+02	
9.291374e+01	3.310966e+02	1.049472e+02	3.402294e+02	
5.349458e+02	1.143047e+02	5.509314e+02	1.149637e+02	
2.510435e+02	3.001424e+02	2.640333e+02	2.985392e+02	
2.140781e+02	4.114030e+02	2.282281e+02	4.083456e+02	
2.544767e+02	4.537146e+02	2.649909e+02	4.616944e+02	
4.320597e+02	2.973693e+02	4.457625e+02	2.953712e+02	
2.444637e+02	2.960178e+02	2.445797e+02	3.060248e+02	
2.328018e+02	3.023937e+02	2.429768e+02	3.011380e+02	
1.952189e+02	4.173760e+02	2.062092e+02	4.148860e+02	
3.667513e+02	2.730086e+02	3.667513e+02	2.880062e+02	
1.530567e+02	1.256644e+02	1.669988e+02	1.259321e+02	
3.451651e+02	2.770372e+02	3.459101e+02	2.880418e+02	
1.920185e+02	1.241394e+02	2.049952e+02	1.244406e+02	
4.879982e+02	1.009717e+02	4.967565e+02	1.015787e+02	
5.640229e+02	1.142032e+02	5.739314e+02	1.146316e+02	
3.381220e+02	1.155418e+02	3.501570e+02	1.159175e+02	
2.979112e+02	2.210749e+02	3.078488e+02	2.203502e+02	
2.992570e+02	3.730908e+02	3.082150e+02	3.708531e+02	
2.069828e+02	1.109211e+02	2.139543e+02	1.105107e+02	