2.712259521484375000e+02 2.990828857421875000e+02 2.703523559570312500e+02 3.940977783203125000e+02
5.929173583984375000e+02 1.969777221679687500e+02 5.399460449218750000e+02 1.983217468261718750e+02
5.951513061523437500e+02 1.968652496337890625e+02 5.925469360351562500e+02 2.695969238281250000e+02
6.082759399414062500e+02 3.331644897460937500e+02 6.045848999023437500e+02 4.122508850097656250e+02
4.868835449218750000e+02 1.324671173095703125e+02 4.573432006835937500e+02 1.357986907958984375e+02
3.475588378906250000e+02 3.034839782714843750e+02 3.477567138671875000e+02 3.229217834472656250e+02
5.303270263671875000e+02 3.966822814941406250e+02 6.037329101562500000e+02 4.108689575195312500e+02
4.882821044921875000e+02 1.324238739013671875e+02 4.885010375976562500e+02 1.546867218017578125e+02
6.065836181640625000e+02 1.885705566406250000e+02 5.361065673828125000e+02 1.914082336425781250e+02
6.201687622070312500e+02 9.021748352050781250e+01 3.573782958984375000e+02 1.298232269287109375e+02
1.239873123168945312e+02 4.327991638183593750e+02 1.938676834106445312e-01 4.503826599121093750e+02
5.382189941406250000e+02 1.971791534423828125e+02 5.370592041015625000e+02 2.662443542480468750e+02
1.238258743286132812e+02 3.161664962768554688e+01 1.234344100952148438e+02 4.287427978515625000e+02
4.878221130371093750e+02 1.546151123046875000e+02 4.576629638671875000e+02 1.564761199951171875e+02
4.444532775878906250e+02 3.146456604003906250e+02 5.036544799804687500e+02 3.202057189941406250e+02
5.301876220703125000e+02 3.250701293945312500e+02 6.057894897460937500e+02 3.319572448730468750e+02
4.473224487304687500e+02 1.968087921142578125e+02 4.457522583007812500e+02 2.778920288085937500e+02
4.269793701171875000e+02 3.142122497558593750e+02 4.250516357421875000e+02 3.773893432617187500e+02
3.760017395019531250e+02 3.071879577636718750e+02 3.753071594238281250e+02 3.648699340820312500e+02
5.358480224609375000e+02 2.679871215820312500e+02 5.927631225585937500e+02 2.693568725585937500e+02
1.450711488723754883e+00 4.520178527832031250e+02 2.623778343200683594e+01 4.794671936035156250e+02
6.181909179687500000e+02 2.275793838500976562e+01 6.179781494140625000e+02 8.748355865478515625e+01
7.679956054687500000e+01 1.685016632080078125e+01 6.918102264404296875e+01 4.439676208496093750e+02
2.785011596679687500e+02 3.072787170410156250e+02 2.787778625488281250e+02 3.270417480468750000e+02
1.051039695739746094e+00 1.559604740142822266e+01 6.065662002563476562e+01 2.536445617675781250e+01
2.526472473144531250e+02 0.000000000000000000e+00 1.702798156738281250e+02 4.385936737060546875e+01
4.286686401367187500e+02 1.860393676757812500e+02 4.256832580566406250e+02 3.796852416992187500e+02
3.469218444824218750e+02 3.043884887695312500e+02 2.797169799804687500e+02 3.070669860839843750e+02
6.003031158447265625e+01 4.213625183105468750e+02 1.529698371887207031e+00 4.305297241210937500e+02
3.582820434570312500e+02 3.048526916503906250e+02 3.579648132324218750e+02 3.603425292968750000e+02
5.341016235351562500e+02 1.925445251464843750e+02 5.315856323242187500e+02 2.845558776855468750e+02
3.830627136230468750e+02 3.067601623535156250e+02 3.832177429199218750e+02 3.194065856933593750e+02
1.013642807006835938e+02 4.359622192382812500e+02 1.658480987548828125e+02 4.800000000000000000e+02
4.238150634765625000e+02 3.485286560058593750e+02 3.829055175781250000e+02 3.517160034179687500e+02
4.441699218750000000e+02 3.795927734375000000e+02 5.023037719726562500e+02 3.897451782226562500e+02
0.000000000000000000e+00 9.496649169921875000e+01 9.203987884521484375e+01 1.044555511474609375e+02
4.566644287109375000e+02 1.353210144042968750e+02 4.573312377929687500e+02 1.561239929199218750e+02
1.583647727966308594e+00 7.092343807220458984e+00 7.171303558349609375e+01 1.915532302856445312e+01
3.823748779296875000e+02 3.512842102050781250e+02 3.823241577148437500e+02 3.663504638671875000e+02
4.261207885742187500e+02 3.159438476562500000e+02 3.810909729003906250e+02 3.190656738281250000e+02
1.455034332275390625e+02 7.541084289550781250e-01 1.113185958862304688e+02 2.291690826416015625e+01
2.013993263244628906e-01 1.800779724121093750e+02 5.324341583251953125e+01 1.812136840820312500e+02
7.412799072265625000e+01 1.147774429321289062e+02 7.146375274658203125e+01 4.367306823730468750e+02
5.324298706054687500e+02 3.261743469238281250e+02 5.303232421875000000e+02 3.964402770996093750e+02
5.877332305908203125e+01 1.160732879638671875e+02 5.767905807495117188e+01 4.200837707519531250e+02
3.613270187377929688e+01 2.868608398437500000e+02 2.263474464416503906e-01 2.875273437500000000e+02
5.951395416259765625e+01 2.612042427062988281e+01 5.869961166381835938e+01 8.825288391113281250e+01
0.000000000000000000e+00 1.439332885742187500e+02 5.369173049926757812e+01 1.471491699218750000e+02
0.000000000000000000e+00 8.378516387939453125e+01 1.040936279296875000e+02 9.283541107177734375e+01
3.581766052246093750e+02 3.618534545898437500e+02 4.247421569824218750e+02 3.787175903320312500e+02
6.329462280273437500e+02 1.649411201477050781e+01 6.316520385742187500e+02 1.510863952636718750e+02
4.270375976562500000e+02 1.860988159179687500e+02 3.594567871093750000e+02 1.906342773437500000e+02
5.318889160156250000e+02 2.862527465820312500e+02 5.958002929687500000e+02 2.880380859375000000e+02
3.598124389648437500e+02 3.046194458007812500e+02 4.247093505859375000e+02 3.136565551757812500e+02
5.320353393554687500e+02 3.085269470214843750e+02 5.311004028320312500e+02 3.763345642089843750e+02
7.462877655029296875e+01 2.051161766052246094e+01 7.345977020263671875e+01 8.992780303955078125e+01
0.000000000000000000e+00 1.609419097900390625e+02 5.462476730346679688e+01 1.630934906005859375e+02
3.639101562500000000e+02 1.902708282470703125e+02 3.626587524414062500e+02 2.722519531250000000e+02
5.222860717773437500e+01 1.628307495117187500e+02 5.237465286254882812e+01 1.812016601562500000e+02
1.199746131896972656e-01 1.146457061767578125e+02 5.760151672363281250e+01 1.194581069946289062e+02
1.433372497558593750e-01 1.363932342529296875e+02 5.319658660888671875e+01 1.392937011718750000e+02
5.046313171386718750e+02 3.209160766601562500e+02 5.031125183105468750e+02 3.900103149414062500e+02
4.466708984375000000e+02 3.143781738281250000e+02 4.447535705566406250e+02 3.782731933593750000e+02
1.791055297851562500e+02 4.199352416992187500e+02 3.034968261718750000e+02 4.768591308593750000e+02
3.778553771972656250e+01 1.970709686279296875e+02 3.612145233154296875e+01 2.858217773437500000e+02
4.281771850585937500e+02 1.861666259765625000e+02 4.263845825195312500e+02 2.773089599609375000e+02
3.531283264160156250e+02 3.816423339843750000e+02 2.718846740722656250e+02 3.957702331542968750e+02
6.384603881835937500e+02 1.087853908538818359e+01 3.649700927734375000e+02 8.147894287109375000e+01
4.447825622558593750e+02 2.791078491210937500e+02 5.035011291503906250e+02 2.821430358886718750e+02
6.400000000000000000e+02 1.637965774536132812e+01 6.348204345703125000e+02 1.815797233581542969e+01
5.331080932617187500e+02 1.914188079833984375e+02 5.293106689453125000e+02 3.973612976074218750e+02
3.605252685546875000e+02 2.741999816894531250e+02 4.257338867187500000e+02 2.770812683105468750e+02
6.370479736328125000e+02 1.927465820312500000e+01 3.681757812500000000e+02 8.898253631591796875e+01
5.345175170898437500e+02 3.578778991699218750e+02 5.897269287109375000e+02 3.655513916015625000e+02
2.131795043945312500e+02 4.162112731933593750e+02 3.708850402832031250e+02 4.781015319824218750e+02
5.984582519531250000e+01 2.111432075500488281e+01 5.606160736083984375e+01 4.322491455078125000e+02
0.000000000000000000e+00 1.066281433105468750e+02 5.792110061645507812e+01 1.124560928344726562e+02
3.768633728027343750e+02 8.627789306640625000e+01 4.873187561035156250e+02 1.068869705200195312e+02
5.041931152343750000e+02 1.930921325683593750e+02 4.441151428222656250e+02 1.956945648193359375e+02
