4.531016540527343750e+02 2.836527709960937500e+02 4.520780029296875000e+02 2.341729583740234375e+02
3.241495056152343750e+02 1.476218566894531250e+02 3.244111633300781250e+02 6.933720397949218750e+01
3.520291748046875000e+02 1.447481231689453125e+02 3.519068908691406250e+02 6.482148742675781250e+01
4.864001770019531250e+02 2.825419616699218750e+02 4.866424865722656250e+02 2.448238830566406250e+02
2.536400146484375000e+02 8.016383361816406250e+01 3.862268676757812500e+02 5.781105804443359375e+01
2.536400146484375000e+02 8.016383361816406250e+01 2.527850952148437500e+02 1.559179687500000000e+02
3.588763122558593750e+02 2.218538970947265625e+02 3.584748840332031250e+02 1.701208496093750000e+02
1.737633132934570312e+01 5.709897994995117188e+01 4.093828797340393066e-01 5.200609207153320312e+01
3.376202697753906250e+02 2.839003295898437500e+02 3.381171875000000000e+02 2.294639434814453125e+02
1.775876808166503906e+01 4.268072509765625000e+01 4.555793106555938721e-01 3.670851898193359375e+01
3.122520141601562500e+02 1.486786193847656250e+02 3.130566101074218750e+02 7.002719116210937500e+01
2.473416900634765625e+02 2.834854431152343750e+02 2.485996246337890625e+02 2.312173156738281250e+02
1.868641662597656250e+01 1.418241596221923828e+01 4.115480184555053711e-01 6.898478984832763672e+00
2.820220642089843750e+02 1.521358337402343750e+02 2.842750549316406250e+02 7.623635101318359375e+01
3.863086547851562500e+02 3.978039932250976562e+01 5.871806640625000000e+02 1.923053436279296875e+02
5.626520385742187500e+02 2.946585998535156250e+02 4.808427124023437500e+02 3.047611083984375000e+02
4.716145629882812500e+02 3.202787475585937500e+02 4.356665649414062500e+02 3.192892761230468750e+02
5.768831787109375000e+02 1.925079498291015625e+02 5.769107055664062500e+02 2.264423522949218750e+02
2.068298721313476562e+01 7.290011644363403320e-01 1.652601242065429688e+01 9.572168731689453125e+01
3.676293182373046875e+01 8.453236389160156250e+01 5.796298980712890625e+01 9.859469604492187500e+01
5.768831787109375000e+02 1.925079498291015625e+02 3.862268676757812500e+02 5.781105804443359375e+01
3.381171875000000000e+02 2.294639434814453125e+02 3.834162902832031250e+02 2.265750579833984375e+02
3.915455627441406250e+02 1.551008148193359375e+02 7.435342669486999512e-01 1.920869140625000000e+02
4.759132080078125000e+02 2.828883972167968750e+02 4.758095092773437500e+02 2.424125823974609375e+02
4.644050598144531250e+02 2.829097900390625000e+02 4.643725891113281250e+02 2.412245178222656250e+02
4.939641113281250000e+02 3.052026672363281250e+02 4.940010375976562500e+02 3.443095092773437500e+02
4.086846618652343750e+02 2.837468872070312500e+02 4.078420410156250000e+02 2.304133148193359375e+02
5.062266235351562500e+02 2.425482482910156250e+02 5.039566650390625000e+02 2.828750610351562500e+02
5.626520385742187500e+02 2.946585998535156250e+02 5.628619384765625000e+02 3.166398315429687500e+02
6.032202758789062500e+02 8.291398882865905762e-01 6.118500976562500000e+02 2.797458801269531250e+02
3.914010314941406250e+02 2.200313720703125000e+02 5.727035522460937500e+02 2.557085876464843750e+02
5.411636962890625000e+02 2.491854553222656250e+02 5.414525146484375000e+02 2.826143798828125000e+02
6.174318847656250000e+02 7.154004573822021484e-01 6.262549438476562500e+02 2.798485412597656250e+02
4.376607971191406250e+02 2.833938598632812500e+02 4.375494689941406250e+02 2.373100433349609375e+02
6.117583618164062500e+02 2.446528015136718750e+02 6.242471313476562500e+02 2.503202819824218750e+02
6.022659912109375000e+02 1.358962821960449219e+01 4.034200439453125000e+02 4.678649520874023438e+01
4.063147277832031250e+02 8.042433857917785645e-01 4.034200439453125000e+02 4.678649520874023438e+01
3.863086547851562500e+02 3.978039932250976562e+01 3.378691482543945312e+01 1.068780136108398438e+02
2.579165954589843750e+02 1.220423812866210938e+02 3.121123962402343750e+02 1.133580627441406250e+02
4.284916381835937500e+02 3.400920410156250000e+02 4.339410095214843750e+02 3.029845275878906250e+02
5.314207763671875000e+02 2.493876800537109375e+02 5.287378540039062500e+02 2.822217102050781250e+02
4.933937072753906250e+02 1.866105346679687500e+02 4.941182861328125000e+02 1.361910705566406250e+02
2.878023376464843750e+02 3.946997375488281250e+02 2.865773620605468750e+02 1.818179016113281250e+02
3.676293182373046875e+01 8.453236389160156250e+01 1.749689483642578125e+01 8.880556488037109375e+01
3.858245544433593750e+02 3.260827255249023438e+01 1.125700712203979492e+00 1.093801345825195312e+02
6.973743438720703125e-01 9.199042510986328125e+01 1.590128421783447266e+01 9.557442474365234375e+01
6.117583618164062500e+02 2.446528015136718750e+02 5.911859741210937500e+02 2.447700347900390625e+02
3.914010314941406250e+02 2.200313720703125000e+02 3.915455627441406250e+02 1.551008148193359375e+02
4.712018127441406250e+02 3.432236328125000000e+02 4.716145629882812500e+02 3.202787475585937500e+02
3.833485412597656250e+02 2.443247222900390625e+02 3.380681152343750000e+02 2.451661224365234375e+02
3.584748840332031250e+02 1.701208496093750000e+02 3.179665222167968750e+02 1.732823333740234375e+02
4.533327636718750000e+02 2.600183410644531250e+02 4.962335205078125000e+02 2.612144470214843750e+02
3.676293182373046875e+01 8.453236389160156250e+01 3.219439697265625000e+01 1.888968811035156250e+02
1.468277454376220703e+01 9.828271484375000000e+01 3.378691482543945312e+01 1.068780136108398438e+02
2.123983001708984375e+02 4.791309814453125000e+02 6.390035400390625000e+02 3.048455810546875000e+02
4.514179992675781250e+02 8.772067260742187500e+01 4.510490112304687500e+02 7.239094376564025879e-01
6.263310546875000000e+02 2.798460998535156250e+02 6.269050292968750000e+02 2.978505859375000000e+02
3.586954956054687500e+02 1.885976409912109375e+02 2.871737365722656250e+02 1.900811157226562500e+02
2.864623718261718750e+02 2.454822692871093750e+02 2.482562408447265625e+02 2.450635223388671875e+02
3.873292236328125000e+02 1.416338043212890625e+02 3.232748794555664062e+01 1.812416534423828125e+02
3.873292236328125000e+02 1.416338043212890625e+02 3.863086547851562500e+02 3.978039932250976562e+01
3.896135559082031250e+02 3.561337661743164062e+01 3.858245544433593750e+02 3.260827255249023438e+01
3.859236145019531250e+02 3.978571319580078125e+01 3.858667297363281250e+02 3.566508483886718750e+01
6.711724400520324707e-01 2.002044982910156250e+02 2.182707786560058594e+01 1.972778320312500000e+02
2.525190429687500000e+02 9.597578430175781250e+01 5.787673187255859375e+01 1.296226348876953125e+02
5.911859741210937500e+02 2.447700347900390625e+02 6.077408447265625000e+02 2.541188659667968750e+02
5.735108642578125000e+02 2.509542083740234375e+02 5.909367675781250000e+02 2.539131774902343750e+02
2.485996246337890625e+02 2.312173156738281250e+02 2.840441894531250000e+02 2.308504180908203125e+02
4.256765441894531250e+02 2.836703186035156250e+02 4.232300109863281250e+02 2.273060913085937500e+02
2.862444458007812500e+02 2.862951049804687500e+02 2.279355468750000000e+02 2.864636535644531250e+02
4.236621093750000000e+02 9.882154464721679688e-01 4.237082519531250000e+02 6.577602386474609375e+01
4.339410095214843750e+02 3.029845275878906250e+02 9.234663391113281250e+01 2.946369018554687500e+02
4.788221740722656250e+02 1.813811950683593750e+02 4.712225646972656250e+02 1.213236846923828125e+02
3.838849487304687500e+02 2.840841064453125000e+02 3.834162902832031250e+02 2.265750579833984375e+02
5.628619384765625000e+02 3.166398315429687500e+02 5.013962097167968750e+02 3.358319702148437500e+02
2.865773620605468750e+02 1.818179016113281250e+02 8.181359863281250000e+01 1.978340301513671875e+02
3.896221313476562500e+02 3.566831970214843750e+01 3.895900878906250000e+02 3.564250564575195312e+01
5.264815063476562500e+02 1.417473602294921875e+02 6.070604248046875000e+02 1.358669586181640625e+02
6.039420166015625000e+02 7.351845550537109375e+01 4.618521118164062500e+02 9.227323913574218750e+01
4.518087158203125000e+02 1.698768615722656250e+02 4.514397277832031250e+02 8.772057342529296875e+01
4.274290466308593750e+02 3.919092407226562500e+02 3.370800781250000000e+02 3.815623474121093750e+02
3.381171875000000000e+02 2.294639434814453125e+02 3.220340576171875000e+02 2.278069915771484375e+02
3.376202697753906250e+02 2.839003295898437500e+02 3.838849487304687500e+02 2.840841064453125000e+02
4.258965454101562500e+02 1.585195617675781250e+02 4.259396667480468750e+02 8.839146423339843750e+01
3.913212585449218750e+02 2.078801879882812500e+02 3.590711059570312500e+02 2.106831054687500000e+02
4.064171142578125000e+02 1.998073768615722656e+01 5.063081054687500000e+02 1.063277840614318848e+00
3.191266250610351562e+01 1.547700042724609375e+02 1.159143209457397461e+00 1.594089660644531250e+02
2.279355163574218750e+02 2.864518127441406250e+02 2.171836547851562500e+02 2.864806823730468750e+02
6.394111328125000000e+02 2.979513854980468750e+02 6.269050292968750000e+02 2.978505859375000000e+02
4.374405517578125000e+02 1.630630187988281250e+02 4.379724121093750000e+02 9.554257202148437500e+01
3.172268981933593750e+02 1.851179046630859375e+02 3.181381835937500000e+02 1.623097381591796875e+02
2.536400146484375000e+02 8.016383361816406250e+01 2.436241149902343750e+02 7.277115631103515625e+01
2.874118041992187500e+02 1.935250701904296875e+02 8.123008728027343750e+01 2.077772216796875000e+02
3.922904968261718750e+02 2.841899414062500000e+02 3.922475585937500000e+02 2.431390228271484375e+02
5.753986206054687500e+02 2.445642395019531250e+02 3.912362365722656250e+02 1.901585388183593750e+02
3.380673217773437500e+02 2.451205444335937500e+02 3.223495483398437500e+02 2.453967742919921875e+02
2.871737365722656250e+02 1.900811157226562500e+02 2.871163024902343750e+02 1.900860443115234375e+02
5.871806640625000000e+02 1.923053436279296875e+02 5.879144287109375000e+02 2.280709381103515625e+02
5.909367675781250000e+02 2.539131774902343750e+02 6.077408447265625000e+02 2.541188659667968750e+02
6.031873779296875000e+02 4.363198852539062500e+01 4.237082519531250000e+02 6.577602386474609375e+01
3.584748840332031250e+02 1.701208496093750000e+02 3.910925292968750000e+02 1.717818756103515625e+02
2.482551879882812500e+02 2.453295593261718750e+02 2.378834228515625000e+02 2.452881164550781250e+02
4.387260131835937500e+02 1.002823591232299805e+00 4.381550292968750000e+02 7.684429931640625000e+01
6.063201904296875000e+02 1.040521392822265625e+02 4.925012817382812500e+02 1.174098052978515625e+02
4.113562622070312500e+02 1.516519470214843750e+02 4.127145996093750000e+02 7.721337127685546875e+01
1.125700712203979492e+00 1.093801345825195312e+02 3.322058868408203125e+01 1.175090637207031250e+02
5.628619384765625000e+02 3.166398315429687500e+02 6.014741821289062500e+02 3.211758728027343750e+02
5.727035522460937500e+02 2.557085876464843750e+02 5.909805908203125000e+02 2.548793182373046875e+02
3.914010314941406250e+02 2.200313720703125000e+02 1.123184051513671875e+02 2.314204559326171875e+02
4.520780029296875000e+02 2.341729583740234375e+02 4.375494689941406250e+02 2.373100433349609375e+02
5.737428588867187500e+02 2.499481201171875000e+02 3.913212585449218750e+02 2.078801879882812500e+02
8.183103942871093750e+01 1.980538787841796875e+02 3.652210617065429688e+01 2.016467895507812500e+02
6.262549438476562500e+02 2.798485412597656250e+02 6.388348999023437500e+02 2.837956848144531250e+02
5.674149169921875000e+02 2.828702392578125000e+02 5.727035522460937500e+02 2.557085876464843750e+02
5.911859741210937500e+02 2.447700347900390625e+02 5.764422607421875000e+02 2.407431335449218750e+02
6.711724400520324707e-01 2.002044982910156250e+02 1.269627666473388672e+01 2.084280853271484375e+02
4.772883300781250000e+02 6.210941076278686523e-01 4.783170166015625000e+02 1.072414398193359375e+02
9.229859924316406250e+01 2.978047180175781250e+02 7.216992187500000000e+01 2.974995117187500000e+02
5.801624755859375000e+02 1.876082153320312500e+02 5.871806640625000000e+02 1.923053436279296875e+02
6.071383056640625000e+02 1.661530761718750000e+02 6.222385864257812500e+02 1.818485412597656250e+02
3.873292236328125000e+02 1.416338043212890625e+02 5.879144287109375000e+02 2.280709381103515625e+02
4.180952758789062500e+02 3.167830200195312500e+02 3.765877075195312500e+02 3.161589050292968750e+02
2.019826507568359375e+01 9.369123840332031250e+01 1.652601242065429688e+01 9.572168731689453125e+01
9.960086345672607422e-01 3.160366210937500000e+02 1.624227905273437500e+02 3.285843200683593750e+02
4.933937072753906250e+02 1.866105346679687500e+02 4.712225646972656250e+02 1.213236846923828125e+02
4.617129516601562500e+02 1.742567749023437500e+02 4.619828491210937500e+02 1.140963363647460938e+02
5.674149169921875000e+02 2.828702392578125000e+02 3.169171142578125000e+02 2.866116943359375000e+02
4.716145629882812500e+02 3.202787475585937500e+02 4.977418823242187500e+02 3.164729003906250000e+02
4.783120422363281250e+02 1.212635192871093750e+02 4.781930541992187500e+02 1.072424926757812500e+02
5.377416381835937500e+02 3.480654296875000000e+02 3.380386352539062500e+02 3.329295959472656250e+02
5.590490722656250000e+02 1.695837097167968750e+02 6.071383056640625000e+02 1.661530761718750000e+02
5.230416259765625000e+02 8.590570092201232910e-01 5.264815063476562500e+02 1.417473602294921875e+02
2.878023376464843750e+02 3.946997375488281250e+02 2.627002563476562500e+02 3.923357849121093750e+02
2.925593261718750000e+02 3.573359680175781250e+02 4.022958679199218750e+02 3.393663940429687500e+02
3.373865661621093750e+02 2.838971862792968750e+02 3.371547241210937500e+02 3.011691589355468750e+02
3.915455627441406250e+02 1.551008148193359375e+02 5.936872558593750000e+02 2.387236785888671875e+02
3.169171142578125000e+02 2.866116943359375000e+02 3.166149597167968750e+02 2.990082092285156250e+02
2.580253906250000000e+02 2.991832580566406250e+02 2.579382934570312500e+02 3.176433715820312500e+02
3.220340576171875000e+02 2.278069915771484375e+02 3.175547790527343750e+02 2.866602172851562500e+02
5.879144287109375000e+02 2.280709381103515625e+02 6.025819091796875000e+02 2.224426116943359375e+02
3.322058868408203125e+01 1.175090637207031250e+02 2.436241149902343750e+02 7.277115631103515625e+01
3.859402770996093750e+02 3.986149597167968750e+01 2.432923278808593750e+02 7.126396179199218750e+01
3.169171142578125000e+02 2.866116943359375000e+02 3.169177246093750000e+02 2.866047973632812500e+02
2.854446105957031250e+02 1.818304595947265625e+02 2.851153259277343750e+02 1.521015777587890625e+02
3.834162902832031250e+02 2.265750579833984375e+02 3.902324218750000000e+02 2.276241455078125000e+02
5.738988037109375000e+02 2.492602386474609375e+02 6.265323486328125000e+02 2.611893005371093750e+02
9.692269134521484375e+01 2.238265228271484375e+02 2.866937561035156250e+02 2.158640136718750000e+02
3.922475585937500000e+02 2.431390228271484375e+02 4.078420410156250000e+02 2.304133148193359375e+02
5.039566650390625000e+02 2.828750610351562500e+02 4.962647094726562500e+02 2.456998443603515625e+02
3.859391479492187500e+02 3.978630065917968750e+01 3.859391174316406250e+02 3.978546524047851562e+01
3.922475585937500000e+02 2.431390228271484375e+02 4.369811401367187500e+02 2.490398559570312500e+02
4.788221740722656250e+02 1.813811950683593750e+02 4.941182861328125000e+02 1.361910705566406250e+02
1.360450134277343750e+02 2.963028869628906250e+02 1.363826141357421875e+02 3.061369323730468750e+02
2.378834228515625000e+02 2.452863922119140625e+02 2.225802001953125000e+02 2.452246856689453125e+02
3.873889770507812500e+02 1.247121047973632812e+02 3.528521118164062500e+02 1.304239196777343750e+02
4.666673278808593750e+02 5.426334738731384277e-01 4.674573974609375000e+02 9.954849243164062500e+01
6.117583618164062500e+02 2.446528015136718750e+02 6.048894653320312500e+02 2.477077331542968750e+02
4.339637451171875000e+02 3.019169311523437500e+02 4.478191833496093750e+02 3.022121887207031250e+02
6.118500976562500000e+02 2.797458801269531250e+02 5.869141235351562500e+02 2.790780029296875000e+02
5.590490722656250000e+02 1.695837097167968750e+02 5.559481201171875000e+02 8.360000848770141602e-01
4.379761352539062500e+02 9.554260253906250000e+01 4.381244506835937500e+02 7.684405517578125000e+01
2.582016296386718750e+02 2.991857910156250000e+02 2.583210144042968750e+02 2.908174743652343750e+02
3.368291320800781250e+02 3.847286987304687500e+02 2.919618835449218750e+02 3.811727294921875000e+02
3.765892333984375000e+02 3.160707702636718750e+02 3.615576782226562500e+02 3.158128356933593750e+02
5.768831787109375000e+02 1.925079498291015625e+02 5.269552001953125000e+02 2.033217315673828125e+02
2.962717285156250000e+02 1.632574768066406250e+02 3.027612304687500000e+02 1.780637969970703125e+02
5.879144287109375000e+02 2.280709381103515625e+02 5.909367675781250000e+02 2.539131774902343750e+02
3.169180297851562500e+02 2.866048278808593750e+02 3.169217224121093750e+02 2.865767822265625000e+02
4.991983032226562500e+02 1.840204772949218750e+02 5.029488525390625000e+02 1.924258270263671875e+02
5.768772583007812500e+02 2.395506286621093750e+02 3.910925292968750000e+02 1.717818756103515625e+02
4.926514282226562500e+02 1.185841140747070312e+02 4.712225646972656250e+02 1.213236846923828125e+02
