2.900001831054687500e+02 3.084702682495117188e+01 3.320591735839843750e+02 2.625001525878906250e+01
4.227072753906250000e+02 1.734420928955078125e+02 4.654250793457031250e+02 1.715757446289062500e+02
3.750994873046875000e+02 2.056391334533691406e+01 3.320591735839843750e+02 2.625001525878906250e+01
1.762809600830078125e+02 4.592858123779296875e+01 2.112305450439453125e+02 4.125014495849609375e+01
4.658920898437500000e+02 2.531155090332031250e+02 4.661387939453125000e+02 2.709841003417968750e+02
2.502947082519531250e+02 3.639311218261718750e+01 2.900001831054687500e+02 3.084702682495117188e+01
2.502947082519531250e+02 3.639311218261718750e+01 2.112305450439453125e+02 4.125014495849609375e+01
6.115125732421875000e+02 4.305762481689453125e+01 5.687531127929687500e+02 4.693266296386718750e+01
7.711556243896484375e+01 5.905067825317382812e+01 4.785537338256835938e+01 6.375000762939453125e+01
4.461065673828125000e+02 2.719258728027343750e+02 4.437475280761718750e+02 3.112548522949218750e+02
3.315139465332031250e+02 4.205062103271484375e+01 3.320591735839843750e+02 2.625001525878906250e+01
4.785537338256835938e+01 6.375000762939453125e+01 1.876620483398437500e+01 6.750007629394531250e+01
2.329310607910156250e+02 3.037587280273437500e+02 2.350000000000000000e+02 2.662587890625000000e+02
4.704931640625000000e+02 9.371360778808593750e+00 4.700039367675781250e+02 2.817510604858398438e+01
4.658920898437500000e+02 2.531155090332031250e+02 4.660326538085937500e+02 2.366019897460937500e+02
4.227072753906250000e+02 1.734420928955078125e+02 3.751487731933593750e+02 1.752959136962890625e+02
4.660326538085937500e+02 2.366019897460937500e+02 4.650000305175781250e+02 2.100017395019531250e+02
4.704931640625000000e+02 9.371360778808593750e+00 4.233029479980468750e+02 1.500433063507080078e+01
3.001138000488281250e+02 2.672064819335937500e+02 2.350000000000000000e+02 2.662587890625000000e+02
1.842245459556579590e-02 6.948443603515625000e+01 1.876620483398437500e+01 6.750007629394531250e+01
4.975452270507812500e+02 4.062740173339843750e+02 5.137503662109375000e+02 3.810867004394531250e+02
7.711556243896484375e+01 5.905067825317382812e+01 1.087669525146484375e+02 5.529727172851562500e+01
4.975452270507812500e+02 4.062740173339843750e+02 3.311688842773437500e+02 3.927355346679687500e+02
3.814854736328125000e+02 2.352968750000000000e+02 4.215962524414062500e+02 2.362507629394531250e+02
4.461065673828125000e+02 2.719258728027343750e+02 4.235558471679687500e+02 2.737500305175781250e+02
3.750994873046875000e+02 2.056391334533691406e+01 4.011117858886718750e+02 1.758094978332519531e+01
5.237437744140625000e+02 2.737605895996093750e+02 5.237691040039062500e+02 3.085538940429687500e+02
2.179352569580078125e+02 2.296851348876953125e+02 2.350002288818359375e+02 2.287517089843750000e+02
3.018670349121093750e+02 2.521777496337890625e+02 3.222494506835937500e+02 2.521280822753906250e+02
4.221533813476562500e+02 3.169231033325195312e+01 4.233029479980468750e+02 1.500433063507080078e+01
4.654250793457031250e+02 1.715757446289062500e+02 4.650078125000000000e+02 1.963442993164062500e+02
5.837475585937500000e+02 2.079079589843750000e+02 5.611088867187500000e+02 2.128118896484375000e+02
2.350002288818359375e+02 2.287517089843750000e+02 2.750034179687500000e+02 2.278153991699218750e+02
2.900001831054687500e+02 3.084702682495117188e+01 2.887546691894531250e+02 4.673075103759765625e+01
4.700039367675781250e+02 2.817510604858398438e+01 5.265139160156250000e+02 2.250676727294921875e+01
6.310186157226562500e+02 2.036117095947265625e+02 6.300045166015625000e+02 1.624931030273437500e+02
5.500000610351562500e+02 2.801166687011718750e+02 5.500000610351562500e+02 2.381548461914062500e+02
5.250256347656250000e+02 2.587513122558593750e+02 5.237293701171875000e+02 2.410002441406250000e+02
5.063513793945312500e+02 1.696255340576171875e+02 5.250114135742187500e+02 1.687564849853515625e+02
5.250256347656250000e+02 2.587513122558593750e+02 5.237437744140625000e+02 2.737605895996093750e+02
4.233029479980468750e+02 1.500433063507080078e+01 4.011117858886718750e+02 1.758094978332519531e+01
2.112305450439453125e+02 4.125014495849609375e+01 2.131943511962890625e+02 7.511481761932373047e+00
2.160745849609375000e+02 3.318562622070312500e+02 2.550010833740234375e+02 3.319109497070312500e+02
3.750994873046875000e+02 2.056391334533691406e+01 3.750028076171875000e+02 3.750079345703125000e+01
2.502947082519531250e+02 3.639311218261718750e+01 2.500002288818359375e+02 5.267343521118164062e+01
2.109380340576171875e+02 5.719396972656250000e+01 2.500002288818359375e+02 5.267343521118164062e+01
2.162523803710937500e+02 2.662500305175781250e+02 2.150004577636718750e+02 3.028199462890625000e+02
2.109380340576171875e+02 5.719396972656250000e+01 2.112305450439453125e+02 4.125014495849609375e+01
3.031008605957031250e+02 2.350181579589843750e+02 3.220850219726562500e+02 2.362500457763671875e+02
5.937197875976562500e+02 1.209192352294921875e+02 5.961402587890625000e+02 1.425001068115234375e+02
4.660326538085937500e+02 2.366019897460937500e+02 4.215962524414062500e+02 2.362507629394531250e+02
2.179352569580078125e+02 2.296851348876953125e+02 1.800212097167968750e+02 2.287573242187500000e+02
2.279527587890625000e+02 3.311924743652343750e+02 2.550010833740234375e+02 3.319109497070312500e+02
3.814854736328125000e+02 2.352968750000000000e+02 3.220850219726562500e+02 2.362500457763671875e+02
4.650022583007812500e+02 3.450166625976562500e+02 4.878811340332031250e+02 3.470749816894531250e+02
4.864060974121093750e+02 2.523036499023437500e+02 5.072851257324218750e+02 2.525115051269531250e+02
3.750994873046875000e+02 2.056391334533691406e+01 4.233029479980468750e+02 1.500433063507080078e+01
2.350003204345703125e+02 2.531252593994140625e+02 2.350000000000000000e+02 2.662587890625000000e+02
6.113618164062500000e+02 1.395745391845703125e+02 5.961402587890625000e+02 1.425001068115234375e+02
5.237196044921875000e+02 2.082492675781250000e+02 5.237293701171875000e+02 2.410002441406250000e+02
3.315139465332031250e+02 4.205062103271484375e+01 2.887546691894531250e+02 4.673075103759765625e+01
4.700039367675781250e+02 2.817510604858398438e+01 4.700003356933593750e+02 1.028507080078125000e+02
6.115125732421875000e+02 4.305762481689453125e+01 6.120638427734375000e+02 1.205111236572265625e+02
1.387019348144531250e+02 2.296368103027343750e+02 1.800212097167968750e+02 2.287573242187500000e+02
4.227072753906250000e+02 1.734420928955078125e+02 4.226248168945312500e+02 1.969889678955078125e+02
1.387019348144531250e+02 2.296368103027343750e+02 1.384798889160156250e+02 2.165443725585937500e+02
4.658920898437500000e+02 2.531155090332031250e+02 4.467123107910156250e+02 2.528896789550781250e+02
2.911374816894531250e+02 1.265547513961791992e+00 2.900001831054687500e+02 3.084702682495117188e+01
6.120638427734375000e+02 1.205111236572265625e+02 6.113618164062500000e+02 1.395745391845703125e+02
4.650078125000000000e+02 1.963442993164062500e+02 4.650000305175781250e+02 2.100017395019531250e+02
2.162523803710937500e+02 2.662500305175781250e+02 1.350007171630859375e+02 2.643314819335937500e+02
4.704931640625000000e+02 9.371360778808593750e+00 4.710496215820312500e+02 1.628771424293518066e-03
5.687531127929687500e+02 4.693266296386718750e+01 5.679772338867187500e+02 8.345022797584533691e-04
3.018670349121093750e+02 2.521777496337890625e+02 2.683598632812500000e+02 2.520320281982421875e+02
4.704931640625000000e+02 9.371360778808593750e+00 5.228304443359375000e+02 2.121662139892578125e+00
3.222494506835937500e+02 2.521280822753906250e+02 3.581065368652343750e+02 2.521649780273437500e+02
7.281524658203125000e+01 2.633674926757812500e+02 1.350007171630859375e+02 2.643314819335937500e+02
4.713484954833984375e+01 7.779096221923828125e+01 4.785537338256835938e+01 6.375000762939453125e+01
5.235149536132812500e+02 3.253086547851562500e+02 5.237691040039062500e+02 3.085538940429687500e+02
4.864060974121093750e+02 2.523036499023437500e+02 4.861246948242187500e+02 2.362568511962890625e+02
2.132554054260253906e+01 3.780300521850585938e+01 1.876620483398437500e+01 6.750007629394531250e+01
2.619743156433105469e+01 3.225000610351562500e+02 4.023900604248046875e+01 3.225000610351562500e+02
4.222459106445312500e+02 3.135762329101562500e+02 4.235558471679687500e+02 2.737500305175781250e+02
5.063513793945312500e+02 1.696255340576171875e+02 5.059177246093750000e+02 1.950410156250000000e+02
3.982594604492187500e+02 3.246145629882812500e+02 3.737372131347656250e+02 3.244230651855468750e+02
4.661387939453125000e+02 2.709841003417968750e+02 4.650006103515625000e+02 3.114549865722656250e+02
5.337477416992187500e+02 3.497672424316406250e+02 5.137503662109375000e+02 3.810867004394531250e+02
5.237437744140625000e+02 2.737605895996093750e+02 5.500000610351562500e+02 2.801166687011718750e+02
5.485969238281250000e+02 3.087355957031250000e+02 5.500000610351562500e+02 2.801166687011718750e+02
2.109380340576171875e+02 5.719396972656250000e+01 1.765162811279296875e+02 5.905506896972656250e+01
4.221533813476562500e+02 3.169231033325195312e+01 3.750028076171875000e+02 3.750079345703125000e+01
1.762809600830078125e+02 4.592858123779296875e+01 1.501139831542968750e+02 4.781478118896484375e+01
4.658920898437500000e+02 2.531155090332031250e+02 4.373735046386718750e+02 2.522646636962890625e+02
2.179352569580078125e+02 2.296851348876953125e+02 2.750034179687500000e+02 2.278153991699218750e+02
5.961402587890625000e+02 1.425001068115234375e+02 5.919620971679687500e+02 1.663135375976562500e+02
7.010210418701171875e+01 2.501621246337890625e+02 9.501908111572265625e+01 2.503292999267578125e+02
1.350007171630859375e+02 2.643314819335937500e+02 1.500028228759765625e+02 2.643881835937500000e+02
4.226248168945312500e+02 1.969889678955078125e+02 4.222920227050781250e+02 2.112424926757812500e+02
6.115125732421875000e+02 4.305762481689453125e+01 5.537479248046875000e+02 4.896751022338867188e+01
4.023900604248046875e+01 3.225000610351562500e+02 6.000321960449218750e+01 3.245443115234375000e+02
6.120638427734375000e+02 1.205111236572265625e+02 6.118179321289062500e+02 9.379419708251953125e+01
3.581065368652343750e+02 2.521649780273437500e+02 3.850716857910156250e+02 2.520502624511718750e+02
4.221533813476562500e+02 3.169231033325195312e+01 4.000633239746093750e+02 3.494271469116210938e+01
5.237196044921875000e+02 2.082492675781250000e+02 5.237153320312500000e+02 1.940519409179687500e+02
4.000633239746093750e+02 3.494271469116210938e+01 3.750028076171875000e+02 3.750079345703125000e+01
4.713484954833984375e+01 7.779096221923828125e+01 7.566545104980468750e+01 7.275627136230468750e+01
3.537310180664062500e+02 3.241890258789062500e+02 3.737372131347656250e+02 3.244230651855468750e+02
4.050001525878906250e+02 2.239601135253906250e+02 4.051269226074218750e+02 2.107944183349609375e+02
6.115125732421875000e+02 4.305762481689453125e+01 6.118179321289062500e+02 9.379419708251953125e+01
3.982594604492187500e+02 3.246145629882812500e+02 4.214029235839843750e+02 3.262527465820312500e+02
7.711556243896484375e+01 5.905067825317382812e+01 7.876246643066406250e+01 4.667364883422851562e+01
8.001016235351562500e+01 2.819954109191894531e+01 7.876246643066406250e+01 4.667364883422851562e+01
4.704931640625000000e+02 9.371360778808593750e+00 4.700003356933593750e+02 1.028507080078125000e+02
7.281524658203125000e+01 2.633674926757812500e+02 4.374184417724609375e+01 2.629131469726562500e+02
5.487694091796875000e+02 2.707644958496093750e+02 5.500000610351562500e+02 2.381548461914062500e+02
6.650245666503906250e+01 1.331049652099609375e+02 1.117250442504882812e+02 1.302596130371093750e+02
3.537207031250000000e+02 2.700002441406250000e+02 3.536478271484375000e+02 2.928316345214843750e+02
1.387019348144531250e+02 2.296368103027343750e+02 1.701467895507812500e+02 2.287586517333984375e+02
2.683598632812500000e+02 2.520320281982421875e+02 2.350003204345703125e+02 2.531252593994140625e+02
5.687531127929687500e+02 4.693266296386718750e+01 5.537479248046875000e+02 4.896751022338867188e+01
9.501908111572265625e+01 2.503292999267578125e+02 1.364808654785156250e+02 2.503164215087890625e+02
5.961402587890625000e+02 1.425001068115234375e+02 5.935648193359375000e+02 1.583938140869140625e+02
5.137503662109375000e+02 3.810867004394531250e+02 5.823789672851562500e+02 3.847554321289062500e+02
2.162523803710937500e+02 2.662500305175781250e+02 1.500028228759765625e+02 2.643881835937500000e+02
3.814854736328125000e+02 2.352968750000000000e+02 3.816769409179687500e+02 2.150623779296875000e+02
2.160745849609375000e+02 3.318562622070312500e+02 1.918321838378906250e+02 3.301261291503906250e+02
3.315139465332031250e+02 4.205062103271484375e+01 3.750028076171875000e+02 3.750079345703125000e+01
4.050001525878906250e+02 2.239601135253906250e+02 3.816769409179687500e+02 2.150623779296875000e+02
4.660326538085937500e+02 2.366019897460937500e+02 4.400420532226562500e+02 2.368587799072265625e+02
1.215784072875976562e+02 2.503038330078125000e+02 1.364808654785156250e+02 2.503164215087890625e+02
4.235558471679687500e+02 2.737500305175781250e+02 4.019205322265625000e+02 2.726098022460937500e+02
3.350012207031250000e+02 3.245990600585937500e+02 3.350004577636718750e+02 2.984642028808593750e+02
3.850716857910156250e+02 2.520502624511718750e+02 4.102055358886718750e+02 2.520873718261718750e+02
2.132554054260253906e+01 3.780300521850585938e+01 1.037418842315673828e-03 3.946240234375000000e+01
4.450521545410156250e+02 3.274535827636718750e+02 4.437475280761718750e+02 3.112548522949218750e+02
3.031008605957031250e+02 2.350181579589843750e+02 2.750034179687500000e+02 2.278153991699218750e+02
2.279527587890625000e+02 3.311924743652343750e+02 2.160745849609375000e+02 3.318562622070312500e+02
4.227072753906250000e+02 1.734420928955078125e+02 4.051700134277343750e+02 1.742455139160156250e+02
3.750045776367187500e+02 2.719153442382812500e+02 3.537207031250000000e+02 2.700002441406250000e+02
9.501908111572265625e+01 2.503292999267578125e+02 1.215784072875976562e+02 2.503038330078125000e+02
4.214029235839843750e+02 3.262527465820312500e+02 4.450521545410156250e+02 3.274535827636718750e+02
1.119986343383789062e+01 3.387778320312500000e+02 1.208688926696777344e+01 3.210156555175781250e+02
4.102055358886718750e+02 2.520873718261718750e+02 4.373735046386718750e+02 2.522646636962890625e+02
2.179352569580078125e+02 2.296851348876953125e+02 1.701467895507812500e+02 2.287586517333984375e+02
2.619743156433105469e+01 3.225000610351562500e+02 6.000321960449218750e+01 3.245443115234375000e+02
1.566212615966796875e+02 3.175869445800781250e+02 1.926165924072265625e+02 3.187501831054687500e+02
7.711556243896484375e+01 5.905067825317382812e+01 7.566545104980468750e+01 7.275627136230468750e+01
4.713484954833984375e+01 7.779096221923828125e+01 1.872865867614746094e+01 8.085845184326171875e+01
1.373705863952636719e+01 2.625081481933593750e+02 1.772418618202209473e-02 2.625005493164062500e+02
4.051269226074218750e+02 2.107944183349609375e+02 4.061912231445312500e+02 1.977981414794921875e+02
3.220850219726562500e+02 2.362500457763671875e+02 3.461737060546875000e+02 2.350036010742187500e+02
2.887546691894531250e+02 4.673075103759765625e+01 2.500002288818359375e+02 5.267343521118164062e+01
6.120638427734375000e+02 1.205111236572265625e+02 5.937197875976562500e+02 1.209192352294921875e+02
2.112305450439453125e+02 4.125014495849609375e+01 2.115419616699218750e+02 2.695331764221191406e+01
3.814854736328125000e+02 2.352968750000000000e+02 3.461737060546875000e+02 2.350036010742187500e+02
3.768173522949218750e+02 2.998486161231994629e-03 3.777169494628906250e+02 9.693005561828613281e+00
1.119986343383789062e+01 3.387778320312500000e+02 2.042189240455627441e-02 3.393486022949218750e+02
4.650022583007812500e+02 3.450166625976562500e+02 4.979295654296875000e+02 3.460144042968750000e+02
6.113618164062500000e+02 1.395745391845703125e+02 6.387244873046875000e+02 1.398817749023437500e+02
2.131943511962890625e+02 7.511481761932373047e+00 1.427020111083984375e+02 1.706628990173339844e+01
4.467123107910156250e+02 2.528896789550781250e+02 4.102055358886718750e+02 2.520873718261718750e+02
4.661387939453125000e+02 2.709841003417968750e+02 4.461065673828125000e+02 2.719258728027343750e+02
3.751487731933593750e+02 1.752959136962890625e+02 2.801454162597656250e+02 1.250457153320312500e+02
3.750994873046875000e+02 2.056391334533691406e+01 3.777169494628906250e+02 9.693005561828613281e+00
1.350007171630859375e+02 2.643314819335937500e+02 2.350000000000000000e+02 2.662587890625000000e+02
3.751487731933593750e+02 1.752959136962890625e+02 4.051700134277343750e+02 1.742455139160156250e+02
2.179352569580078125e+02 2.296851348876953125e+02 2.162523803710937500e+02 2.662500305175781250e+02
2.131943511962890625e+02 7.511481761932373047e+00 2.115419616699218750e+02 2.695331764221191406e+01
4.215962524414062500e+02 2.362507629394531250e+02 4.400420532226562500e+02 2.368587799072265625e+02
6.300045166015625000e+02 1.624931030273437500e+02 6.287545776367187500e+02 1.527954711914062500e+02
6.164019165039062500e+02 3.965380859375000000e+02 6.387509155273437500e+02 3.978189392089843750e+02
1.208688926696777344e+01 3.210156555175781250e+02 9.695291519165039062e-03 3.203872680664062500e+02
2.350003204345703125e+02 2.531252593994140625e+02 2.350044250488281250e+02 2.378311309814453125e+02
5.250256347656250000e+02 2.587513122558593750e+02 5.072851257324218750e+02 2.525115051269531250e+02
1.566212615966796875e+02 3.175869445800781250e+02 1.300306091308593750e+02 3.150417175292968750e+02
4.861246948242187500e+02 2.362568511962890625e+02 5.117645568847656250e+02 2.362775115966796875e+02
3.750994873046875000e+02 2.056391334533691406e+01 3.768173522949218750e+02 2.998486161231994629e-03
1.387019348144531250e+02 2.296368103027343750e+02 6.376331329345703125e+01 2.295142517089843750e+02
5.337477416992187500e+02 3.497672424316406250e+02 5.614255371093750000e+02 3.128473815917968750e+02
3.018670349121093750e+02 2.521777496337890625e+02 3.581065368652343750e+02 2.521649780273437500e+02
4.650022583007812500e+02 3.450166625976562500e+02 4.650006103515625000e+02 3.114549865722656250e+02
4.221533813476562500e+02 3.169231033325195312e+01 4.700039367675781250e+02 2.817510604858398438e+01
1.350007171630859375e+02 2.643314819335937500e+02 1.300306091308593750e+02 3.150417175292968750e+02
3.018670349121093750e+02 2.521777496337890625e+02 3.031008605957031250e+02 2.350181579589843750e+02
5.072851257324218750e+02 2.525115051269531250e+02 5.050323791503906250e+02 2.728049316406250000e+02
5.237293701171875000e+02 2.410002441406250000e+02 5.117645568847656250e+02 2.362775115966796875e+02
2.162523803710937500e+02 2.662500305175781250e+02 2.019192810058593750e+02 2.653210449218750000e+02
5.050323791503906250e+02 2.728049316406250000e+02 5.037262268066406250e+02 3.162112121582031250e+02
3.220850219726562500e+02 2.362500457763671875e+02 2.750034179687500000e+02 2.278153991699218750e+02
2.619743156433105469e+01 3.225000610351562500e+02 1.208688926696777344e+01 3.210156555175781250e+02
3.311688842773437500e+02 3.927355346679687500e+02 1.568922729492187500e+02 4.595138244628906250e+02
1.364808654785156250e+02 2.503164215087890625e+02 1.734960784912109375e+02 2.513965759277343750e+02
3.350012207031250000e+02 3.245990600585937500e+02 3.537310180664062500e+02 3.241890258789062500e+02
6.115125732421875000e+02 4.305762481689453125e+01 6.069258422851562500e+02 2.684734761714935303e-02
5.250114135742187500e+02 1.687564849853515625e+02 5.237153320312500000e+02 1.940519409179687500e+02
3.031008605957031250e+02 2.350181579589843750e+02 3.814854736328125000e+02 2.352968750000000000e+02
3.311688842773437500e+02 3.927355346679687500e+02 1.122806701660156250e+02 3.731581420898437500e+02
2.162523803710937500e+02 2.662500305175781250e+02 1.783193969726562500e+02 2.650831298828125000e+02
2.162523803710937500e+02 2.662500305175781250e+02 2.163463745117187500e+02 2.529515991210937500e+02
2.759521484375000000e+01 2.633451843261718750e+02 1.772418618202209473e-02 2.625005493164062500e+02
1.364808654785156250e+02 2.503164215087890625e+02 1.485790710449218750e+02 2.512500610351562500e+02
2.329310607910156250e+02 3.037587280273437500e+02 2.350003204345703125e+02 2.531252593994140625e+02
2.759521484375000000e+01 2.633451843261718750e+02 2.757139968872070312e+01 2.512510528564453125e+02
5.050323791503906250e+02 2.728049316406250000e+02 5.037397460937500000e+02 3.045787048339843750e+02
1.350007171630859375e+02 2.643314819335937500e+02 1.783193969726562500e+02 2.650831298828125000e+02
1.087669525146484375e+02 5.529727172851562500e+01 1.280579376220703125e+02 5.336581802368164062e+01
1.500028228759765625e+02 2.643881835937500000e+02 1.783193969726562500e+02 2.650831298828125000e+02
4.700003356933593750e+02 1.028507080078125000e+02 5.250211791992187500e+02 9.960502624511718750e+01
5.500000610351562500e+02 2.801166687011718750e+02 5.487694091796875000e+02 2.707644958496093750e+02
5.500000610351562500e+02 2.381548461914062500e+02 5.608879394531250000e+02 2.250511779785156250e+02
3.537207031250000000e+02 2.700002441406250000e+02 3.215437316894531250e+02 2.681562805175781250e+02
5.250114135742187500e+02 1.687564849853515625e+02 5.237196044921875000e+02 2.082492675781250000e+02
6.115125732421875000e+02 4.305762481689453125e+01 6.116806640625000000e+02 6.893463897705078125e+01
4.235558471679687500e+02 2.737500305175781250e+02 4.220410766601562500e+02 2.947510070800781250e+02
9.796490478515625000e+01 2.928022460937500000e+02 8.003231048583984375e+01 2.915449218750000000e+02
1.373705863952636719e+01 2.625081481933593750e+02 2.759521484375000000e+01 2.633451843261718750e+02
3.982594604492187500e+02 3.246145629882812500e+02 4.450521545410156250e+02 3.274535827636718750e+02
2.900001831054687500e+02 3.084702682495117188e+01 2.900100097656250000e+02 1.666151809692382812e+01
6.000321960449218750e+01 3.245443115234375000e+02 8.874588775634765625e+01 3.252996520996093750e+02
6.115125732421875000e+02 4.305762481689453125e+01 6.385505371093750000e+02 3.906471252441406250e+01
5.228304443359375000e+02 2.121662139892578125e+00 5.265139160156250000e+02 2.250676727294921875e+01
2.279527587890625000e+02 3.311924743652343750e+02 1.918321838378906250e+02 3.301261291503906250e+02
6.287545776367187500e+02 1.527954711914062500e+02 6.387189331054687500e+02 1.525267791748046875e+02
2.350000000000000000e+02 2.662587890625000000e+02 2.523519287109375000e+02 2.662637634277343750e+02
2.350003204345703125e+02 2.531252593994140625e+02 2.350002288818359375e+02 2.287517089843750000e+02
1.300306091308593750e+02 3.150417175292968750e+02 1.300017395019531250e+02 3.433178100585937500e+02
4.226248168945312500e+02 1.969889678955078125e+02 4.061912231445312500e+02 1.977981414794921875e+02
1.926165924072265625e+02 3.187501831054687500e+02 1.932723999023437500e+02 3.011954040527343750e+02
4.658920898437500000e+02 2.531155090332031250e+02 4.650006103515625000e+02 3.114549865722656250e+02
5.050323791503906250e+02 2.728049316406250000e+02 5.050130004882812500e+02 2.607410888671875000e+02
7.010210418701171875e+01 2.501621246337890625e+02 1.364808654785156250e+02 2.503164215087890625e+02
5.837475585937500000e+02 2.079079589843750000e+02 5.919620971679687500e+02 1.663135375976562500e+02
4.222920227050781250e+02 2.112424926757812500e+02 4.233132934570312500e+02 2.213125762939453125e+02
5.237293701171875000e+02 2.410002441406250000e+02 4.861246948242187500e+02 2.362568511962890625e+02
2.131943511962890625e+02 7.511481761932373047e+00 2.366801605224609375e+02 5.617886781692504883e-03
8.001016235351562500e+01 2.819954109191894531e+01 2.132554054260253906e+01 3.780300521850585938e+01
3.311688842773437500e+02 3.927355346679687500e+02 2.969688720703125000e+02 4.052758789062500000e+02
1.762809600830078125e+02 4.592858123779296875e+01 1.765162811279296875e+02 5.905506896972656250e+01
5.250114135742187500e+02 1.687564849853515625e+02 5.487373046875000000e+02 2.212724914550781250e+02
1.350007171630859375e+02 2.643314819335937500e+02 1.175538177490234375e+02 2.639038391113281250e+02
3.350012207031250000e+02 3.245990600585937500e+02 3.737372131347656250e+02 3.244230651855468750e+02
4.222459106445312500e+02 3.135762329101562500e+02 4.220410766601562500e+02 2.947510070800781250e+02
1.918321838378906250e+02 3.301261291503906250e+02 1.566009216308593750e+02 3.290475769042968750e+02
5.250256347656250000e+02 2.587513122558593750e+02 5.487694091796875000e+02 2.707644958496093750e+02
4.704931640625000000e+02 9.371360778808593750e+00 4.011117858886718750e+02 1.758094978332519531e+01
2.619743156433105469e+01 3.225000610351562500e+02 2.601833534240722656e+01 3.112624816894531250e+02
1.350007171630859375e+02 2.643314819335937500e+02 1.314493408203125000e+02 2.901241760253906250e+02
3.777169494628906250e+02 9.693005561828613281e+00 4.060355224609375000e+02 6.570101737976074219e+00
5.059177246093750000e+02 1.950410156250000000e+02 5.050296325683593750e+02 2.117455291748046875e+02
7.142548370361328125e+01 2.383759918212890625e+02 9.508304595947265625e+01 2.383587341308593750e+02
1.322706031799316406e+01 2.072898864746093750e+02 1.225291347503662109e+01 2.203028106689453125e+02
2.162523803710937500e+02 2.662500305175781250e+02 2.350000000000000000e+02 2.662587890625000000e+02
5.235149536132812500e+02 3.253086547851562500e+02 5.485969238281250000e+02 3.087355957031250000e+02
4.461065673828125000e+02 2.719258728027343750e+02 4.450012207031250000e+02 3.023858032226562500e+02
3.751487731933593750e+02 1.752959136962890625e+02 3.435094604492187500e+02 1.594328460693359375e+02
5.137503662109375000e+02 3.810867004394531250e+02 5.260520019531250000e+02 3.616842346191406250e+02
5.237437744140625000e+02 2.737605895996093750e+02 5.050323791503906250e+02 2.728049316406250000e+02
7.711556243896484375e+01 5.905067825317382812e+01 9.654999542236328125e+01 5.626541900634765625e+01
1.350007171630859375e+02 2.643314819335937500e+02 8.297351837158203125e+01 2.634244689941406250e+02
4.979295654296875000e+02 3.460144042968750000e+02 5.032846069335937500e+02 3.281298828125000000e+02
5.823789672851562500e+02 3.847554321289062500e+02 5.801382446289062500e+02 4.261027832031250000e+02
2.179352569580078125e+02 2.296851348876953125e+02 2.163463745117187500e+02 2.529515991210937500e+02
2.911374816894531250e+02 1.265547513961791992e+00 2.900100097656250000e+02 1.666151809692382812e+01
1.350007171630859375e+02 2.643314819335937500e+02 2.019192810058593750e+02 2.653210449218750000e+02
3.001138000488281250e+02 2.672064819335937500e+02 2.772672424316406250e+02 2.666047668457031250e+02
4.878811340332031250e+02 3.470749816894531250e+02 4.979295654296875000e+02 3.460144042968750000e+02
1.387019348144531250e+02 2.296368103027343750e+02 1.520522613525390625e+02 2.289033203125000000e+02
8.003231048583984375e+01 2.915449218750000000e+02 6.210031127929687500e+01 2.887942504882812500e+02
1.485790710449218750e+02 2.512500610351562500e+02 1.734960784912109375e+02 2.513965759277343750e+02
1.350007171630859375e+02 2.643314819335937500e+02 9.670362854003906250e+01 2.634044799804687500e+02
1.322706031799316406e+01 2.072898864746093750e+02 3.648102283477783203e-03 2.089447937011718750e+02
5.337477416992187500e+02 3.497672424316406250e+02 5.463941650390625000e+02 3.308088684082031250e+02
4.374184417724609375e+01 2.629131469726562500e+02 8.297351837158203125e+01 2.634244689941406250e+02
4.661387939453125000e+02 2.709841003417968750e+02 4.650758056640625000e+02 3.200400085449218750e+02
7.876246643066406250e+01 4.667364883422851562e+01 1.155084686279296875e+02 4.218746185302734375e+01
2.350044250488281250e+02 2.378311309814453125e+02 2.687149047851562500e+02 2.378020629882812500e+02
2.619743156433105469e+01 3.225000610351562500e+02 9.695291519165039062e-03 3.203872680664062500e+02
4.979295654296875000e+02 3.460144042968750000e+02 5.037262268066406250e+02 3.162112121582031250e+02
7.281524658203125000e+01 2.633674926757812500e+02 8.297351837158203125e+01 2.634244689941406250e+02
4.861246948242187500e+02 2.362568511962890625e+02 4.885632629394531250e+02 1.950306396484375000e+02
5.537479248046875000e+02 4.896751022338867188e+01 5.480826416015625000e+02 5.028247833251953125e-03
3.311688842773437500e+02 3.927355346679687500e+02 2.576729125976562500e+02 4.185082702636718750e+02
2.759521484375000000e+01 2.633451843261718750e+02 2.601833534240722656e+01 3.112624816894531250e+02
5.485969238281250000e+02 3.087355957031250000e+02 5.487694091796875000e+02 2.707644958496093750e+02
5.485969238281250000e+02 3.087355957031250000e+02 5.614255371093750000e+02 3.128473815917968750e+02
7.281524658203125000e+01 2.633674926757812500e+02 9.670362854003906250e+01 2.634044799804687500e+02
4.650022583007812500e+02 3.450166625976562500e+02 4.650758056640625000e+02 3.200400085449218750e+02
2.162523803710937500e+02 2.662500305175781250e+02 2.169210662841796875e+02 2.445812988281250000e+02
3.001138000488281250e+02 2.672064819335937500e+02 2.523519287109375000e+02 2.662637634277343750e+02
2.619743156433105469e+01 3.225000610351562500e+02 2.759521484375000000e+01 2.633451843261718750e+02
2.759521484375000000e+01 2.633451843261718750e+02 2.671488952636718750e+01 2.897110595703125000e+02
2.947981834411621094e+00 3.041855163574218750e+02 5.179536819458007812e+00 2.904554748535156250e+02
5.611088867187500000e+02 2.128118896484375000e+02 5.487373046875000000e+02 2.212724914550781250e+02
5.611088867187500000e+02 2.128118896484375000e+02 5.572465820312500000e+02 1.938769836425781250e+02
3.750045776367187500e+02 2.719153442382812500e+02 4.019205322265625000e+02 2.726098022460937500e+02
3.001138000488281250e+02 2.672064819335937500e+02 3.215437316894531250e+02 2.681562805175781250e+02
4.704931640625000000e+02 9.371360778808593750e+00 4.916406860351562500e+02 6.501015663146972656e+00
1.087669525146484375e+02 5.529727172851562500e+01 9.654999542236328125e+01 5.626541900634765625e+01
8.001016235351562500e+01 2.819954109191894531e+01 1.427020111083984375e+02 1.706628990173339844e+01
2.160745849609375000e+02 3.318562622070312500e+02 2.150005187988281250e+02 3.200732116699218750e+02
1.572337799072265625e+02 3.065573425292968750e+02 1.768717193603515625e+02 3.075462341308593750e+02
5.503101806640625000e+02 4.790624389648437500e+02 5.474353637695312500e+02 4.553866577148437500e+02
4.060355224609375000e+02 6.570101737976074219e+00 4.573372192382812500e+02 9.944848716259002686e-03
3.850716857910156250e+02 2.520502624511718750e+02 4.373735046386718750e+02 2.522646636962890625e+02
5.337477416992187500e+02 3.497672424316406250e+02 5.260520019531250000e+02 3.616842346191406250e+02
2.162523803710937500e+02 2.662500305175781250e+02 2.150187530517578125e+02 2.926926574707031250e+02
5.863458862304687500e+02 2.823811645507812500e+02 5.865553588867187500e+02 3.052905273437500000e+02
6.120638427734375000e+02 1.205111236572265625e+02 6.116806640625000000e+02 6.893463897705078125e+01
2.109380340576171875e+02 5.719396972656250000e+01 2.131943511962890625e+02 7.511481761932373047e+00
4.374184417724609375e+01 2.629131469726562500e+02 4.254451370239257812e+01 2.490365905761718750e+02
2.160745849609375000e+02 3.318562622070312500e+02 2.150004577636718750e+02 3.028199462890625000e+02
5.837475585937500000e+02 2.079079589843750000e+02 5.935648193359375000e+02 1.583938140869140625e+02
4.222920227050781250e+02 2.112424926757812500e+02 4.650000305175781250e+02 2.100017395019531250e+02
4.467123107910156250e+02 2.528896789550781250e+02 4.373735046386718750e+02 2.522646636962890625e+02
4.700039367675781250e+02 2.817510604858398438e+01 4.919479064941406250e+02 2.527192306518554688e+01
1.300017395019531250e+02 3.433178100585937500e+02 9.873225402832031250e+01 3.357456359863281250e+02
1.568922729492187500e+02 4.595138244628906250e+02 2.969808349609375000e+02 4.790340576171875000e+02
5.265139160156250000e+02 2.250676727294921875e+01 5.250211791992187500e+02 9.960502624511718750e+01
1.568922729492187500e+02 4.595138244628906250e+02 2.722158203125000000e+02 4.790315246582031250e+02
3.311688842773437500e+02 3.927355346679687500e+02 3.666337585449218750e+02 3.954040832519531250e+02
5.823789672851562500e+02 3.847554321289062500e+02 5.866494140625000000e+02 3.139991760253906250e+02
3.311688842773437500e+02 3.927355346679687500e+02 2.023393402099609375e+02 4.403128967285156250e+02
4.710496215820312500e+02 1.628771424293518066e-03 4.700039367675781250e+02 2.817510604858398438e+01
5.032846069335937500e+02 3.281298828125000000e+02 5.037262268066406250e+02 3.162112121582031250e+02
1.119986343383789062e+01 3.387778320312500000e+02 2.841414451599121094e+01 3.381597595214843750e+02
1.300017395019531250e+02 3.433178100585937500e+02 1.287613830566406250e+02 3.263838195800781250e+02
1.568922729492187500e+02 4.595138244628906250e+02 2.969688720703125000e+02 4.052758789062500000e+02
1.387019348144531250e+02 2.296368103027343750e+02 9.668786621093750000e+01 2.296204376220703125e+02
5.137503662109375000e+02 3.810867004394531250e+02 5.414141845703125000e+02 3.385835876464843750e+02
1.568922729492187500e+02 4.595138244628906250e+02 2.576729125976562500e+02 4.185082702636718750e+02
1.800212097167968750e+02 2.287573242187500000e+02 1.701467895507812500e+02 2.287586517333984375e+02
4.710496215820312500e+02 1.628771424293518066e-03 4.060355224609375000e+02 6.570101737976074219e+00
5.063513793945312500e+02 1.696255340576171875e+02 5.050296325683593750e+02 2.117455291748046875e+02
5.611088867187500000e+02 2.128118896484375000e+02 5.608879394531250000e+02 2.250511779785156250e+02
3.751487731933593750e+02 1.752959136962890625e+02 4.061912231445312500e+02 1.977981414794921875e+02
5.614255371093750000e+02 3.128473815917968750e+02 5.463941650390625000e+02 3.308088684082031250e+02
2.350002288818359375e+02 2.287517089843750000e+02 2.350044250488281250e+02 2.378311309814453125e+02
5.228304443359375000e+02 2.121662139892578125e+00 4.916406860351562500e+02 6.501015663146972656e+00
