2.665592346191406250e+02 7.611263275146484375e+01 3.258764343261718750e+02 7.744551849365234375e+01
2.639703063964843750e+02 6.306673288345336914e-01 2.628790893554687500e+02 1.845297698974609375e+02
2.666487121582031250e+02 6.170923233032226562e+01 3.264192504882812500e+02 6.226421356201171875e+01
2.518861541748046875e+02 6.135686874389648438e+01 8.139428496360778809e-01 6.926325988769531250e+01
2.525113067626953125e+02 5.541672706604003906e-01 2.529377746582031250e+02 1.972920837402343750e+02
4.929123229980468750e+02 4.792151489257812500e+02 4.769305419921875000e+02 4.631254577636718750e+02
3.042873840332031250e+02 1.511772003173828125e+02 3.056203308105468750e+02 7.970640563964843750e+01
7.285600900650024414e-01 1.321748046875000000e+02 2.134093475341796875e+02 1.190324554443359375e+02
6.392505493164062500e+02 2.822180480957031250e+02 5.309484252929687500e+02 3.067540283203125000e+02
2.520559692382812500e+02 7.612514495849609375e+01 9.384608268737792969e-01 8.384160614013671875e+01
3.677005004882812500e+02 3.630386352539062500e+02 2.986826171875000000e+02 3.793510742187500000e+02
5.715270996093750000e+02 1.515483245849609375e+02 5.883793945312500000e+02 1.523194427490234375e+02
8.029754161834716797e-01 1.516930389404296875e+02 2.128624267578125000e+02 1.372581939697265625e+02
6.220179443359375000e+02 6.945304274559020996e-01 5.930982055664062500e+02 2.309226837158203125e+02
2.125546264648437500e+02 6.336430311203002930e-01 2.134233856201171875e+02 4.732734680175781250e+01
7.137005329132080078e-01 1.772191009521484375e+02 2.138786468505859375e+02 1.591005706787109375e+02
3.827153930664062500e+02 4.792292175292968750e+02 3.761955261230468750e+02 4.700789184570312500e+02
5.513867187500000000e+02 3.022252502441406250e+02 6.394290161132812500e+02 3.503821105957031250e+02
8.588305115699768066e-01 1.131340332031250000e+02 2.129587707519531250e+02 1.022960815429687500e+02
2.133082427978515625e+02 8.159233856201171875e+01 2.158818817138671875e+02 1.743012847900390625e+02
3.313986511230468750e+02 4.432037658691406250e+02 1.109061126708984375e+02 1.698801116943359375e+02
2.766472167968750000e+02 1.154019546508789062e+02 2.641240539550781250e+02 1.156378402709960938e+02
4.430319213867187500e+02 3.460072631835937500e+02 3.823208618164062500e+02 3.593583679199218750e+02
1.681031188964843750e+02 4.323820800781250000e+02 7.112120819091796875e+01 2.123376770019531250e+02
2.660908203125000000e+02 2.114940452575683594e+01 3.262388916015625000e+02 2.185657119750976562e+01
2.264249420166015625e+02 1.513169097900390625e+02 2.528236083984375000e+02 1.493780212402343750e+02
3.267176818847656250e+02 5.105914688110351562e+01 2.662571716308593750e+02 4.972566604614257812e+01
6.392913208007812500e+02 2.674865417480468750e+02 5.071202087402343750e+02 2.957777404785156250e+02
4.628293151855468750e+02 2.716345825195312500e+02 6.181303710937500000e+02 2.418352355957031250e+02
3.108291015625000000e+02 1.624538879394531250e+02 3.109165954589843750e+02 1.847120208740234375e+02
2.111869201660156250e+02 4.473791198730468750e+02 7.300410461425781250e+01 1.825256652832031250e+02
2.524232482910156250e+02 8.829454040527343750e+01 2.232519531250000000e+02 8.934535217285156250e+01
2.764475708007812500e+02 1.479723052978515625e+02 2.763268737792968750e+02 7.742806243896484375e+01
2.310756683349609375e+02 4.471858825683593750e+02 8.224539184570312500e+01 1.849536132812500000e+02
2.271004028320312500e+02 1.584010620117187500e+02 2.260737609863281250e+02 1.584989624023437500e+02
5.883793945312500000e+02 1.523194427490234375e+02 5.774886474609375000e+02 2.301328887939453125e+02
3.275928039550781250e+02 2.856665229797363281e+01 6.131002807617187500e+02 4.207868957519531250e+01
3.091833801269531250e+02 1.736148681640625000e+02 2.884021301269531250e+02 1.624046783447265625e+02
5.920129394531250000e+02 4.544863281250000000e+02 6.264003906250000000e+02 4.794603271484375000e+02
2.229172668457031250e+02 8.134773254394531250e+01 2.259357604980468750e+02 1.785278320312500000e+02
2.764475708007812500e+02 1.479723052978515625e+02 2.640076599121093750e+02 1.481964721679687500e+02
3.270755004882812500e+02 1.549024701118469238e+00 3.216188964843750000e+02 1.848665771484375000e+02
9.615305066108703613e-01 4.443291015625000000e+02 8.100575256347656250e+01 4.264906005859375000e+02
2.138899078369140625e+02 1.592340240478515625e+02 2.260492248535156250e+02 1.582081909179687500e+02
1.368514404296875000e+02 1.509451141357421875e+02 8.599750518798828125e+01 1.549227752685546875e+02
2.133438720703125000e+02 1.526522216796875000e+02 2.255052185058593750e+02 1.516436309814453125e+02
4.382109832763671875e+01 8.336297988891601562e+00 4.669313812255859375e+01 6.500672912597656250e+01
5.160524291992187500e+02 4.794110107421875000e+02 4.967678527832031250e+02 4.621621398925781250e+02
1.043913726806640625e+02 8.485866546630859375e+01 1.089115982055664062e+02 1.602821502685546875e+02
1.349597334861755371e+00 9.084433746337890625e+01 6.889197230339050293e-01 9.088312530517578125e+01
5.580145874023437500e+02 2.827480468750000000e+02 5.223992309570312500e+02 2.614373168945312500e+02
5.749861450195312500e+02 2.296997375488281250e+02 5.735827026367187500e+02 2.378079528808593750e+02
2.638852539062500000e+02 1.333599243164062500e+02 2.770168151855468750e+02 1.325873413085937500e+02
5.517868652343750000e+02 4.792452392578125000e+02 5.287241821289062500e+02 4.593408203125000000e+02
1.360130310058593750e+02 4.152221374511718750e+02 1.871473693847656250e+02 4.040506591796875000e+02
2.256601333618164062e+01 4.789555969238281250e+02 4.382410049438476562e+01 4.512440490722656250e+02
2.521564025878906250e+02 4.987759399414062500e+01 6.338120698928833008e-01 5.469038772583007812e+01
2.824111633300781250e+02 3.833359985351562500e+02 2.062973022460937500e+02 3.997458496093750000e+02
6.394340209960937500e+02 7.290515136718750000e+01 6.180625000000000000e+02 7.055598449707031250e+01
1.966162261962890625e+02 8.364397430419921875e+01 1.983668823242187500e+02 1.408842468261718750e+02
2.942477111816406250e+02 1.476098785400390625e+02 2.968030395507812500e+02 7.987061309814453125e+01
5.351691818237304688e+01 4.632739868164062500e+02 4.159896850585937500e+01 4.789943237304687500e+02
1.731700286865234375e+02 7.392975091934204102e-01 1.727367553710937500e+02 3.259687805175781250e+01
3.320243835449218750e+02 1.859556579589843750e+02 4.722308654785156250e+02 2.556245117187500000e+02
3.922712707519531250e+02 1.905550689697265625e+02 5.127250366210937500e+02 2.483284606933593750e+02
4.466203613281250000e+02 2.598124694824218750e+02 4.465499877929687500e+02 2.158519287109375000e+02
3.042873840332031250e+02 1.511772003173828125e+02 3.157885437011718750e+02 1.507458496093750000e+02
3.230172119140625000e+02 1.599228363037109375e+02 3.108291015625000000e+02 1.624538879394531250e+02
4.466203613281250000e+02 2.598124694824218750e+02 5.612525024414062500e+02 2.390027770996093750e+02
8.697586059570312500e+01 4.485726928710937500e+02 2.255169105529785156e+01 1.863315887451171875e+02
6.323449096679687500e+02 1.548421936035156250e+02 6.072448120117187500e+02 1.484836120605468750e+02
1.143374099731445312e+02 1.671817779541015625e+02 1.089115982055664062e+02 1.602821502685546875e+02
2.664412841796875000e+02 9.982872772216796875e+01 2.959886474609375000e+02 9.863435363769531250e+01
6.391961059570312500e+02 8.511412811279296875e+01 6.171893920898437500e+02 8.178120422363281250e+01
6.394542846679687500e+02 4.742840881347656250e+02 6.087498779296875000e+02 4.522404479980468750e+02
5.715270996093750000e+02 1.515483245849609375e+02 5.612525024414062500e+02 2.390027770996093750e+02
1.819930114746093750e+02 1.552509155273437500e+02 1.735077667236328125e+02 8.425540924072265625e+01
1.368514404296875000e+02 1.509451141357421875e+02 1.378580322265625000e+02 1.667295837402343750e+02
6.181303710937500000e+02 2.418352355957031250e+02 6.323449096679687500e+02 1.548421936035156250e+02
2.139125976562500000e+02 1.595091552734375000e+02 2.139134521484375000e+02 1.595090789794921875e+02
2.527234344482421875e+02 1.972923126220703125e+02 2.527595367431640625e+02 2.307804260253906250e+02
3.132079696655273438e+01 3.659854125976562500e+02 1.641516113281250000e+01 3.732150268554687500e+02
6.306526489257812500e+02 2.342668151855468750e+02 6.324763793945312500e+02 1.968614654541015625e+02
4.470440063476562500e+02 1.153801574707031250e+02 4.428598327636718750e+02 1.707499084472656250e+02
6.388905639648437500e+02 1.249123573303222656e+01 6.269997558593750000e+02 1.238401889801025391e+01
3.270755004882812500e+02 1.549024701118469238e+00 6.270106201171875000e+02 1.207434558868408203e+01
3.490001220703125000e+02 4.408320922851562500e+02 1.146137619018554688e+02 1.669452819824218750e+02
6.390431518554687500e+02 4.074822692871093750e+02 2.641842651367187500e+02 1.738299255371093750e+02
5.561687011718750000e+02 4.286845397949218750e+02 2.158818817138671875e+02 1.743012847900390625e+02
6.815981864929199219e-01 9.966465759277343750e+01 2.232639770507812500e+02 8.961154937744140625e+01
2.133961791992187500e+02 1.188227310180664062e+02 2.641240539550781250e+02 1.156378402709960938e+02
1.107205886840820312e+02 1.674589080810546875e+02 1.109061126708984375e+02 1.698801116943359375e+02
6.393082275390625000e+02 4.486060791015625000e+02 1.576288909912109375e+02 4.792240295410156250e+02
4.482049255371093750e+02 1.808982391357421875e+02 4.561737060546875000e+02 1.170182189941406250e+02
5.142984008789062500e+02 2.447882537841796875e+02 5.214737548828125000e+02 2.479772186279296875e+02
5.614110717773437500e+02 2.399174957275390625e+02 5.735827026367187500e+02 2.378079528808593750e+02
1.689523925781250000e+02 4.320038452148437500e+02 1.766173553466796875e+02 4.492144165039062500e+02
8.095034027099609375e+01 1.856971282958984375e+02 7.232968139648437500e+01 1.706816406250000000e+02
3.042873840332031250e+02 1.511772003173828125e+02 2.942477111816406250e+02 1.476098785400390625e+02
5.441367626190185547e-01 3.581111145019531250e+01 2.522414398193359375e+02 3.313788986206054688e+01
2.660906066894531250e+02 2.183953857421875000e+01 6.639499664306640625e-01 2.176437377929687500e+01
6.081784057617187500e+02 1.372170562744140625e+02 6.388561401367187500e+02 1.445291137695312500e+02
2.980884094238281250e+02 7.997010946273803711e-01 3.035305175781250000e+02 4.764391708374023438e+01
6.269994506835937500e+02 1.238400745391845703e+01 6.269997558593750000e+02 1.238401889801025391e+01
1.270445098876953125e+02 1.775991516113281250e+02 2.255169105529785156e+01 1.863315887451171875e+02
3.258579101562500000e+02 1.167686157226562500e+02 4.437477416992187500e+02 1.252176208496093750e+02
2.628790893554687500e+02 1.845297698974609375e+02 2.531410522460937500e+02 1.826776885986328125e+02
4.480234680175781250e+02 1.706584167480468750e+02 4.482049255371093750e+02 1.808982391357421875e+02
4.967058715820312500e+02 4.622319335937500000e+02 6.639499664306640625e-01 2.176437377929687500e+01
4.831721496582031250e+02 2.533704833984375000e+02 4.829909667968750000e+02 2.265852966308593750e+02
4.467055969238281250e+02 4.359515991210937500e+02 1.685182800292968750e+02 1.776259155273437500e+02
3.266497192382812500e+02 8.457234191894531250e+01 6.030628662109375000e+02 1.103168334960937500e+02
7.211625671386718750e+01 1.706976623535156250e+02 6.587356567382812500e+01 8.753227996826171875e+01
3.755345458984375000e+02 4.706309509277343750e+02 6.639499664306640625e-01 2.176437377929687500e+01
1.770033416748046875e+02 1.778754119873046875e+02 1.776428375244140625e+02 1.628325042724609375e+02
5.439704656600952148e-01 3.173659362792968750e+02 5.164537811279296875e+01 3.094640502929687500e+02
1.417036132812500000e+02 8.463265991210937500e+01 1.479346923828125000e+02 1.782357025146484375e+02
2.037290954589843750e+02 2.861160583496093750e+02 5.165176391601562500e+01 3.095055541992187500e+02
3.264192504882812500e+02 6.226421356201171875e+01 6.073643798828125000e+02 8.324281311035156250e+01
6.393328247070312500e+02 2.463969116210937500e+02 5.774886474609375000e+02 2.301328887939453125e+02
3.099229431152343750e+02 1.846714935302734375e+02 3.092929382324218750e+02 2.001188507080078125e+02
4.763133544921875000e+02 4.637895812988281250e+02 6.639499664306640625e-01 2.176437377929687500e+01
1.074531250000000000e+02 4.486818847656250000e+02 9.845394134521484375e+01 4.212625427246093750e+02
4.970447387695312500e+02 4.328313903808593750e+02 2.527595367431640625e+02 2.307804260253906250e+02
5.375211238861083984e-01 6.314441204071044922e+00 2.522189483642578125e+02 8.234272956848144531e+00
5.609779663085937500e+02 2.240796051025390625e+02 4.031159057617187500e+02 1.927800750732421875e+02
3.754720764160156250e+02 4.706838684082031250e+02 3.754761657714843750e+02 4.706886901855468750e+02
8.584859967231750488e-01 1.894630126953125000e+02 2.255169105529785156e+01 1.863315887451171875e+02
3.267176818847656250e+02 5.105914688110351562e+01 6.083660278320312500e+02 7.051452636718750000e+01
8.599750518798828125e+01 1.549227752685546875e+02 8.627069091796875000e+01 1.627067871093750000e+02
1.575896148681640625e+02 4.785932006835937500e+02 1.472453460693359375e+02 4.792371215820312500e+02
3.389468383789062500e+01 1.853609924316406250e+02 2.608798789978027344e+01 8.398204040527343750e+01
1.887579193115234375e+02 8.428982543945312500e+01 1.888715209960937500e+02 8.495892333984375000e+01
2.228138885498046875e+02 5.829734206199645996e-01 2.134233856201171875e+02 4.732734680175781250e+01
3.419234924316406250e+02 1.865920104980468750e+02 4.031159057617187500e+02 1.927800750732421875e+02
5.568538208007812500e+02 4.277628784179687500e+02 5.922944335937500000e+02 4.541076660156250000e+02
4.873436279296875000e+02 1.885169219970703125e+02 4.969940185546875000e+02 1.217056427001953125e+02
2.128386688232421875e+02 1.369171447753906250e+02 2.638852539062500000e+02 1.333599243164062500e+02
6.083507690429687500e+02 7.073371124267578125e+01 6.180029296875000000e+02 7.140800476074218750e+01
3.761940307617187500e+02 4.700771484375000000e+02 3.761955261230468750e+02 4.700789184570312500e+02
6.321791992187500000e+02 1.548154449462890625e+02 6.387413330078125000e+02 1.141690673828125000e+02
6.075061035156250000e+02 8.113124084472656250e+01 6.171893920898437500e+02 8.178120422363281250e+01
1.766173553466796875e+02 4.492144165039062500e+02 9.845394134521484375e+01 4.212625427246093750e+02
2.673776855468750000e+02 8.373049163818359375e+01 2.663796997070312500e+02 8.383771514892578125e+01
5.880531005859375000e+02 1.495798797607421875e+02 5.981103515625000000e+02 1.483819274902343750e+02
8.660109710693359375e+01 1.626810913085937500e+02 8.719685363769531250e+01 1.703387756347656250e+02
2.664538879394531250e+02 1.000853881835937500e+02 2.129792327880859375e+02 1.027125930786132812e+02
6.388905639648437500e+02 1.249123573303222656e+01 5.930982055664062500e+02 2.309226837158203125e+02
5.309484252929687500e+02 3.067540283203125000e+02 5.071202087402343750e+02 2.957777404785156250e+02
3.134078674316406250e+02 7.179466485977172852e-01 3.035305175781250000e+02 4.764391708374023438e+01
6.129002075195312500e+02 1.927350311279296875e+02 6.324763793945312500e+02 1.968614654541015625e+02
6.180599975585937500e+02 7.055582427978515625e+01 6.180625000000000000e+02 7.055598449707031250e+01
2.111869201660156250e+02 4.473791198730468750e+02 9.319651794433593750e+01 4.032941589355468750e+02
2.733605041503906250e+02 1.534588928222656250e+02 2.886083374023437500e+02 1.620381927490234375e+02
1.487447052001953125e+02 8.469362640380859375e+01 1.488067779541015625e+02 7.752465057373046875e+01
6.270111083984375000e+02 1.206153488159179688e+01 3.134078674316406250e+02 7.179466485977172852e-01
5.351691818237304688e+01 4.632739868164062500e+02 5.691528701782226562e+01 4.785343933105468750e+02
1.386730651855468750e+02 6.245054006576538086e-01 1.470964660644531250e+02 6.106448745727539062e+01
2.063322448730468750e+02 3.999063110351562500e+02 1.871544799804687500e+02 4.040833129882812500e+02
4.628293151855468750e+02 2.716345825195312500e+02 5.071202087402343750e+02 2.957777404785156250e+02
4.382410049438476562e+01 4.512440490722656250e+02 3.754696655273437500e+01 3.918768615722656250e+02
2.521564025878906250e+02 4.987759399414062500e+01 5.476132035255432129e-01 4.349045181274414062e+01
2.260155944824218750e+02 1.574764556884765625e+02 2.258375701904296875e+02 1.574865875244140625e+02
5.564595336914062500e+02 4.283019714355468750e+02 6.639499664306640625e-01 2.176437377929687500e+01
7.208702087402343750e+01 1.707004699707031250e+02 7.208698272705078125e+01 1.706999359130859375e+02
7.112120819091796875e+01 2.123376770019531250e+02 2.498160362243652344e+00 2.195721893310546875e+02
6.083631591796875000e+02 7.056850433349609375e+01 6.083619995117187500e+02 7.056842041015625000e+01
3.320243835449218750e+02 1.859556579589843750e+02 3.418936157226562500e+02 1.869030609130859375e+02
3.216188964843750000e+02 1.848665771484375000e+02 3.109165954589843750e+02 1.847120208740234375e+02
1.485894012451171875e+02 8.483734130859375000e+01 1.485938110351562500e+02 8.468914031982421875e+01
5.640174560546875000e+02 1.943430633544921875e+02 4.521365051269531250e+02 1.717402343750000000e+02
7.222748565673828125e+01 3.920040283203125000e+02 3.132079696655273438e+01 3.659854125976562500e+02
2.942477111816406250e+02 1.476098785400390625e+02 2.256627044677734375e+02 1.529085693359375000e+02
2.266332817077636719e+01 1.880285797119140625e+02 1.770033416748046875e+02 1.778754119873046875e+02
2.440843811035156250e+02 5.229321718215942383e-01 2.439269714355468750e+02 3.310330963134765625e+01
2.257948455810546875e+02 1.545148162841796875e+02 2.258244171142578125e+02 1.545118408203125000e+02
2.138937530517578125e+02 1.592750701904296875e+02 2.261089782714843750e+02 1.582468719482421875e+02
1.886957244873046875e+02 8.494216156005859375e+01 1.819930114746093750e+02 1.552509155273437500e+02
3.216188964843750000e+02 1.848665771484375000e+02 3.303367614746093750e+02 1.892852630615234375e+02
2.256601333618164062e+01 4.789555969238281250e+02 5.078597068786621094e-01 1.703034515380859375e+02
2.641412353515625000e+02 1.739017791748046875e+02 2.264249420166015625e+02 1.513169097900390625e+02
5.883793945312500000e+02 1.523194427490234375e+02 5.930982055664062500e+02 2.309226837158203125e+02
1.402504539489746094e+01 6.204404234886169434e-01 2.302635955810546875e+01 8.431133270263671875e+01
2.807391967773437500e+02 1.477028503417968750e+02 2.831072692871093750e+02 1.854190521240234375e+02
2.714489746093750000e+02 1.581113891601562500e+02 2.640132751464843750e+02 1.550563507080078125e+02
5.476132035255432129e-01 4.349045181274414062e+01 6.614789366722106934e-01 4.348871231079101562e+01
2.763045654296875000e+02 1.058873653411865234e+00 2.760378723144531250e+02 3.275197601318359375e+01
3.259502563476562500e+02 1.064960632324218750e+02 5.982233886718750000e+02 1.372057647705078125e+02
4.879278869628906250e+02 1.210635833740234375e+02 4.825699157714843750e+02 1.774992828369140625e+02
5.983388061523437500e+02 1.361459960937500000e+02 6.081784057617187500e+02 1.372170562744140625e+02
2.985494384765625000e+02 3.787653503417968750e+02 2.822164611816406250e+02 3.824798889160156250e+02
6.030188598632812500e+02 1.107813796997070312e+02 6.387413330078125000e+02 1.141690673828125000e+02
2.130932769775390625e+02 1.393307342529296875e+02 2.130812072753906250e+02 1.393320159912109375e+02
9.319651794433593750e+01 4.032941589355468750e+02 3.389468383789062500e+01 1.853609924316406250e+02
3.306997680664062500e+02 1.858170166015625000e+02 3.320243835449218750e+02 1.859556579589843750e+02
2.255896148681640625e+02 1.523855438232421875e+02 2.256047515869140625e+02 1.523838653564453125e+02
5.078983764648437500e+02 7.081387996673583984e+00 5.081637878417968750e+02 7.329213023185729980e-01
4.466203613281250000e+02 2.598124694824218750e+02 4.640189514160156250e+02 2.694974670410156250e+02
5.923392333984375000e+02 4.540489196777343750e+02 5.569489746093750000e+02 4.276459045410156250e+02
3.761940002441406250e+02 4.700771789550781250e+02 3.761901245117187500e+02 4.700726623535156250e+02
3.824683837890625000e+02 3.599970703125000000e+02 3.677815856933593750e+02 3.633896179199218750e+02
4.762840576171875000e+02 4.638239135742187500e+02 4.762827453613281250e+02 4.638226623535156250e+02
4.873436279296875000e+02 1.885169219970703125e+02 4.874386901855468750e+02 1.775414581298828125e+02
3.754060363769531250e+02 4.707484741210937500e+02 5.441367626190185547e-01 3.581111145019531250e+01
2.942477111816406250e+02 1.476098785400390625e+02 2.885562744140625000e+02 8.113993835449218750e+01
3.397797012329101562e+01 3.924747924804687500e+02 1.138572573661804199e+00 1.964640655517578125e+02
2.764475708007812500e+02 1.479723052978515625e+02 2.908624877929687500e+02 1.592637634277343750e+02
