3.570028686523437500e+02 1.357582244873046875e+02 3.577198486328125000e+02 1.820953369140625000e+02
2.859876708984375000e+02 1.364104766845703125e+02 3.037039489746093750e+02 1.303121643066406250e+02
2.859876708984375000e+02 1.364104766845703125e+02 2.861247863769531250e+02 1.791909942626953125e+02
2.843089599609375000e+02 2.240019378662109375e+02 2.837756652832031250e+02 2.754934082031250000e+02
3.020406188964843750e+02 2.198038482666015625e+02 3.032501220703125000e+02 2.759569091796875000e+02
2.705385742187500000e+02 1.418114166259765625e+02 2.704255065917968750e+02 1.852831878662109375e+02
5.321080322265625000e+02 2.596543884277343750e+02 5.333741455078125000e+02 2.992434082031250000e+02
3.569732055664062500e+02 3.212486572265625000e+02 3.571953735351562500e+02 3.766633605957031250e+02
3.570492553710937500e+02 2.236397705078125000e+02 3.584599609375000000e+02 2.787682495117187500e+02
3.377830810546875000e+02 1.295550079345703125e+02 3.570028686523437500e+02 1.357582244873046875e+02
2.767326660156250000e+02 6.615900421142578125e+01 2.769612426757812500e+02 9.241796112060546875e+01
3.036161499023437500e+02 1.748969726562500000e+02 2.861247863769531250e+02 1.791909942626953125e+02
2.544388732910156250e+02 1.484444427490234375e+02 2.705385742187500000e+02 1.418114166259765625e+02
5.741266479492187500e+02 3.050090942382812500e+02 5.732592163085937500e+02 2.687369689941406250e+02
3.870451049804687500e+02 1.455021057128906250e+02 3.703771667480468750e+02 1.399560241699218750e+02
2.182874298095703125e+02 1.623831634521484375e+02 2.177839508056640625e+02 2.007237548828125000e+02
3.870451049804687500e+02 1.455021057128906250e+02 3.872719116210937500e+02 1.893989257812500000e+02
3.037039489746093750e+02 1.303121643066406250e+02 3.036161499023437500e+02 1.748969726562500000e+02
2.518913269042968750e+02 3.233511047363281250e+02 2.681331176757812500e+02 3.219107055664062500e+02
3.232595825195312500e+02 4.021926116943359375e+01 2.540501556396484375e+02 7.704557800292968750e+01
2.182874298095703125e+02 1.623831634521484375e+02 2.324573974609375000e+02 1.569611816406250000e+02
3.880153808593750000e+02 3.237690429687500000e+02 3.705969238281250000e+02 3.234018249511718750e+02
5.239252929687500000e+02 3.326208496093750000e+02 5.258519897460937500e+02 3.742759704589843750e+02
3.888751525878906250e+02 3.772090454101562500e+02 3.705718383789062500e+02 3.768999328613281250e+02
4.093510437011718750e+02 2.337633056640625000e+02 4.092764892578125000e+02 2.841817626953125000e+02
5.515088500976562500e+02 2.640001831054687500e+02 5.530516967773437500e+02 3.019475097656250000e+02
2.529486694335937500e+02 2.308734436035156250e+02 2.520791473388671875e+02 2.798501586914062500e+02
2.829249572753906250e+02 3.211125793457031250e+02 3.015353088378906250e+02 3.201585693359375000e+02
5.840186767578125000e+02 3.061660156250000000e+02 5.828265991210937500e+02 2.708274536132812500e+02
3.020406188964843750e+02 2.198038482666015625e+02 2.843089599609375000e+02 2.240019378662109375e+02
2.837756652832031250e+02 2.754934082031250000e+02 3.032501220703125000e+02 2.759569091796875000e+02
5.427739868164062500e+02 3.012099914550781250e+02 5.416029663085937500e+02 2.616832580566406250e+02
2.544388732910156250e+02 1.484444427490234375e+02 2.533175964355468750e+02 1.937217559814453125e+02
4.471096191406250000e+02 2.414849243164062500e+02 4.475228881835937500e+02 2.872656860351562500e+02
2.674085388183593750e+02 3.768198242187500000e+02 2.681331176757812500e+02 3.219107055664062500e+02
3.377830810546875000e+02 1.295550079345703125e+02 3.369172973632812500e+02 1.771051025390625000e+02
2.829249572753906250e+02 3.211125793457031250e+02 2.819562072753906250e+02 3.766602172851562500e+02
5.214800415039062500e+02 2.575157470703125000e+02 5.221948852539062500e+02 2.987377014160156250e+02
2.687765808105468750e+02 2.275171508789062500e+02 2.686081848144531250e+02 2.789978332519531250e+02
5.766296386718750000e+02 3.363478393554687500e+02 5.781906738281250000e+02 3.737135009765625000e+02
3.880153808593750000e+02 3.237690429687500000e+02 3.888751525878906250e+02 3.772090454101562500e+02
3.705718383789062500e+02 3.768999328613281250e+02 3.705969238281250000e+02 3.234018249511718750e+02
1.431833190917968750e+02 2.235103302001953125e+02 1.439700622558593750e+02 1.903077392578125000e+02
2.122639160156250000e+02 3.254362487792968750e+02 2.111319885253906250e+02 3.732827453613281250e+02
2.065018310546875000e+02 1.661535186767578125e+02 1.938965759277343750e+02 1.715155181884765625e+02
3.686453857421875000e+02 2.797588500976562500e+02 3.884306640625000000e+02 2.794958496093750000e+02
1.413052673339843750e+02 2.561619873046875000e+02 1.389713439941406250e+02 2.970701599121093750e+02
8.398178863525390625e+01 2.112392883300781250e+02 8.274476623535156250e+01 2.407185211181640625e+02
1.267661666870117188e+02 2.596469421386718750e+02 1.258306808471679688e+02 2.985428161621093750e+02
3.571953735351562500e+02 3.766633605957031250e+02 3.367324218750000000e+02 3.769516296386718750e+02
3.570492553710937500e+02 2.236397705078125000e+02 3.372391357421875000e+02 2.188713378906250000e+02
2.021269989013671875e+02 2.872721862792968750e+02 1.879783477783203125e+02 2.895401000976562500e+02
5.143505859375000000e+02 1.469861450195312500e+02 5.127997436523437500e+02 1.117674331665039062e+02
3.703771667480468750e+02 1.399560241699218750e+02 3.704910888671875000e+02 1.822196197509765625e+02
1.582451782226562500e+02 3.290708618164062500e+02 1.567195587158203125e+02 3.736502990722656250e+02
6.045982241630554199e-01 1.484353485107421875e+02 9.727059936523437500e+01 1.705419616699218750e+02
5.365199584960937500e+02 3.739473876953125000e+02 5.343496093750000000e+02 3.330841369628906250e+02
1.027533645629882812e+02 2.339221191406250000e+02 1.036473007202148438e+02 2.043939361572265625e+02
2.065018310546875000e+02 1.661535186767578125e+02 2.055868377685546875e+02 2.041221618652343750e+02
5.530516967773437500e+02 3.019475097656250000e+02 5.427739868164062500e+02 3.012099914550781250e+02
4.794577636718750000e+02 1.101123199462890625e+02 4.806306152343750000e+02 1.360581817626953125e+02
4.918404846191406250e+02 1.289939880371093750e+02 4.585579223632812500e+02 1.157156143188476562e+02
2.520791473388671875e+02 2.798501586914062500e+02 2.686081848144531250e+02 2.789978332519531250e+02
5.515088500976562500e+02 2.640001831054687500e+02 5.416029663085937500e+02 2.616832580566406250e+02
3.577198486328125000e+02 1.820953369140625000e+02 3.369172973632812500e+02 1.771051025390625000e+02
2.122639160156250000e+02 3.254362487792968750e+02 2.264208679199218750e+02 3.235574035644531250e+02
2.674085388183593750e+02 3.768198242187500000e+02 2.492566680908203125e+02 3.765189514160156250e+02
3.367813720703125000e+02 3.212988281250000000e+02 3.367324218750000000e+02 3.769516296386718750e+02
1.938965759277343750e+02 1.715155181884765625e+02 1.926580047607421875e+02 2.073145904541015625e+02
5.543784179687500000e+02 3.348692016601562500e+02 5.568327636718750000e+02 3.758120727539062500e+02
4.085218811035156250e+02 1.525500793457031250e+02 4.088621520996093750e+02 1.958032531738281250e+02
3.416356811523437500e+02 4.991445922851562500e+01 3.420467529296875000e+02 8.023815917968750000e+01
4.919175415039062500e+02 1.148817214965820312e+02 3.232595825195312500e+02 4.021926116943359375e+01
1.659283142089843750e+02 2.386679992675781250e+02 1.593920288085937500e+02 2.950783691406250000e+02
1.660276031494140625e+02 1.819231414794921875e+02 1.631430206298828125e+02 2.190091552734375000e+02
2.518913269042968750e+02 3.233511047363281250e+02 2.492566680908203125e+02 3.765189514160156250e+02
1.439700622558593750e+02 1.903077392578125000e+02 1.542011413574218750e+02 1.865642852783203125e+02
5.013450622558593750e+02 2.947543945312500000e+02 4.881185607910156250e+02 2.941949768066406250e+02
3.735793762207031250e+02 9.207588195800781250e+01 3.732076416015625000e+02 6.456365966796875000e+01
5.221948852539062500e+02 2.987377014160156250e+02 5.333741455078125000e+02 2.992434082031250000e+02
5.241155395507812500e+02 1.186774063110351562e+02 5.127997436523437500e+02 1.117674331665039062e+02
5.214800415039062500e+02 2.575157470703125000e+02 5.321080322265625000e+02 2.596543884277343750e+02
5.489403686523437500e+02 2.317009735107421875e+02 5.474881591796875000e+02 1.993900756835937500e+02
1.767413177490234375e+02 1.770971527099609375e+02 1.759937286376953125e+02 2.146087951660156250e+02
5.858572998046875000e+02 3.362875366210937500e+02 5.867749023437500000e+02 3.734010620117187500e+02
5.386974487304687500e+02 2.303560638427734375e+02 5.375449218750000000e+02 1.964388122558593750e+02
3.877448120117187500e+02 2.294807739257812500e+02 3.884306640625000000e+02 2.794958496093750000e+02
2.135125427246093750e+02 2.840362548828125000e+02 2.140491943359375000e+02 2.388648681640625000e+02
1.125421066284179688e+02 2.015007324218750000e+02 1.114582366943359375e+02 2.335273590087890625e+02
5.780695190429687500e+02 2.085556030273437500e+02 5.692830810546875000e+02 2.069540863037109375e+02
3.872719116210937500e+02 1.893989257812500000e+02 3.704910888671875000e+02 1.822196197509765625e+02
2.992401733398437500e+02 5.462838363647460938e+01 2.993841857910156250e+02 8.353176879882812500e+01
1.027533645629882812e+02 2.339221191406250000e+02 1.114582366943359375e+02 2.335273590087890625e+02
1.210505065917968750e+02 1.976383819580078125e+02 1.307498474121093750e+02 1.945412902832031250e+02
1.660276031494140625e+02 1.819231414794921875e+02 1.767413177490234375e+02 1.770971527099609375e+02
9.094551086425781250e+01 2.598122558593750000e+02 8.642121124267578125e+01 3.920661010742187500e+02
5.278986816406250000e+02 1.941217041015625000e+02 5.293047485351562500e+02 2.273032989501953125e+02
2.529486694335937500e+02 2.308734436035156250e+02 2.687765808105468750e+02 2.275171508789062500e+02
1.413052673339843750e+02 2.561619873046875000e+02 1.510741729736328125e+02 2.539367065429687500e+02
5.330798950195312500e+02 1.223966903686523438e+02 5.341693725585937500e+02 1.547483520507812500e+02
5.022772521972656250e+02 3.312440490722656250e+02 5.035321350097656250e+02 3.737705383300781250e+02
5.330798950195312500e+02 1.223966903686523438e+02 5.429061279296875000e+02 1.266995162963867188e+02
5.185953369140625000e+02 2.258821411132812500e+02 5.293047485351562500e+02 2.273032989501953125e+02
5.022772521972656250e+02 3.312440490722656250e+02 4.894750366210937500e+02 3.307622680664062500e+02
2.363598632812500000e+02 1.108813247680664062e+02 1.966659240722656250e+02 1.283943634033203125e+02
6.393115844726562500e+02 2.198518676757812500e+02 6.075921020507812500e+02 2.221461639404296875e+02
9.261443328857421875e+01 3.331512756347656250e+02 1.232112045288085938e+02 3.322666625976562500e+02
1.170084075927734375e+02 2.610250549316406250e+02 1.267661666870117188e+02 2.596469421386718750e+02
1.170084075927734375e+02 2.610250549316406250e+02 1.142908096313476562e+02 3.016112365722656250e+02
5.241155395507812500e+02 1.186774063110351562e+02 5.254683837890625000e+02 1.489758911132812500e+02
5.386974487304687500e+02 2.303560638427734375e+02 5.489403686523437500e+02 2.317009735107421875e+02
6.393192138671875000e+02 1.626144714355468750e+02 6.038039550781250000e+02 1.703304595947265625e+02
4.306381835937500000e+02 8.885863494873046875e+01 4.305486755371093750e+02 1.152598571777343750e+02
2.273359985351562500e+02 4.792938842773437500e+02 6.754454612731933594e+00 4.300775451660156250e+02
4.919376220703125000e+02 9.117784881591796875e+01 4.612357788085937500e+02 1.021253280639648438e+02
5.979564819335937500e+02 2.729782714843750000e+02 6.007990112304687500e+02 3.088476562500000000e+02
5.741266479492187500e+02 3.050090942382812500e+02 5.840186767578125000e+02 3.061660156250000000e+02
5.375449218750000000e+02 1.964388122558593750e+02 5.474881591796875000e+02 1.993900756835937500e+02
5.178824462890625000e+02 7.639589309692382812e-01 3.732076416015625000e+02 6.456365966796875000e+01
4.157541198730468750e+02 1.525485992431640625e+02 4.157463989257812500e+02 1.147364883422851562e+02
5.143505859375000000e+02 1.469861450195312500e+02 5.254683837890625000e+02 1.489758911132812500e+02
4.033179321289062500e+02 9.282742309570312500e+01 4.417785644531250000e+02 1.081284713745117188e+02
9.284303283691406250e+01 2.089934844970703125e+02 8.398178863525390625e+01 2.112392883300781250e+02
3.569732055664062500e+02 3.212486572265625000e+02 3.367813720703125000e+02 3.212988281250000000e+02
5.766296386718750000e+02 3.363478393554687500e+02 5.858572998046875000e+02 3.362875366210937500e+02
1.683903808593750000e+02 3.736899719238281250e+02 1.704690856933593750e+02 3.282216491699218750e+02
9.094551086425781250e+01 2.598122558593750000e+02 6.333007049560546875e+01 2.654663391113281250e+02
4.475228881835937500e+02 2.872656860351562500e+02 4.092764892578125000e+02 2.841817626953125000e+02
6.394205322265625000e+02 8.547698974609375000e+01 5.586934204101562500e+02 1.104646224975585938e+02
6.274047851562500000e+01 2.720865783691406250e+02 6.449035644531250000e+01 2.717641906738281250e+02
1.683903808593750000e+02 3.736899719238281250e+02 1.567195587158203125e+02 3.736502990722656250e+02
2.212596893310546875e+02 3.771326904296875000e+02 1.825360260009765625e+02 3.759826049804687500e+02
3.584599609375000000e+02 2.787682495117187500e+02 3.431497802734375000e+02 2.760796508789062500e+02
5.692830810546875000e+02 2.069540863037109375e+02 5.704885864257812500e+02 2.390866851806640625e+02
5.441893310546875000e+02 3.344667053222656250e+02 5.543784179687500000e+02 3.348692016601562500e+02
5.441893310546875000e+02 3.344667053222656250e+02 5.464605102539062500e+02 3.759230346679687500e+02
5.239252929687500000e+02 3.326208496093750000e+02 5.343496093750000000e+02 3.330841369628906250e+02
4.240876464843750000e+02 1.586581420898437500e+02 4.265556030273437500e+02 2.001133575439453125e+02
5.958810424804687500e+02 2.449574890136718750e+02 5.704885864257812500e+02 2.390866851806640625e+02
1.125421066284179688e+02 2.015007324218750000e+02 1.036473007202148438e+02 2.043939361572265625e+02
2.324573974609375000e+02 1.569611816406250000e+02 2.320411376953125000e+02 1.927757720947265625e+02
5.732592163085937500e+02 2.687369689941406250e+02 5.828265991210937500e+02 2.708274536132812500e+02
5.185953369140625000e+02 2.258821411132812500e+02 5.174989013671875000e+02 1.884438934326171875e+02
5.883793334960937500e+02 1.475677642822265625e+02 5.818612060546875000e+02 1.740652160644531250e+02
1.926580047607421875e+02 2.073145904541015625e+02 2.055868377685546875e+02 2.041221618652343750e+02
2.135125427246093750e+02 2.840362548828125000e+02 2.262076568603515625e+02 2.834009399414062500e+02
2.533175964355468750e+02 1.937217559814453125e+02 2.704255065917968750e+02 1.852831878662109375e+02
5.365199584960937500e+02 3.739473876953125000e+02 5.258519897460937500e+02 3.742759704589843750e+02
4.764530944824218750e+02 1.751038665771484375e+02 4.633642272949218750e+02 1.731899261474609375e+02
1.716113281250000000e+02 2.932855834960937500e+02 1.593920288085937500e+02 2.950783691406250000e+02
5.464605102539062500e+02 3.759230346679687500e+02 5.568327636718750000e+02 3.758120727539062500e+02
1.542011413574218750e+02 1.865642852783203125e+02 1.524742431640625000e+02 2.201749267578125000e+02
6.007990112304687500e+02 3.088476562500000000e+02 5.910092163085937500e+02 3.067886962890625000e+02
1.582451782226562500e+02 3.290708618164062500e+02 1.704690856933593750e+02 3.282216491699218750e+02
3.867249145507812500e+02 8.474763488769531250e+01 3.864498291015625000e+02 9.629932403564453125e+01
1.180358047485351562e+02 3.960501403808593750e+02 3.159515762329101562e+01 3.880747070312500000e+02
3.232595825195312500e+02 4.021926116943359375e+01 3.210416259765625000e+02 1.809376220703125000e+02
1.293138885498046875e+02 2.268989257812500000e+02 1.307498474121093750e+02 1.945412902832031250e+02
2.540501556396484375e+02 7.704557800292968750e+01 2.561171875000000000e+02 1.039011764526367188e+02
4.085218811035156250e+02 1.525500793457031250e+02 4.240876464843750000e+02 1.586581420898437500e+02
4.471096191406250000e+02 2.414849243164062500e+02 4.093510437011718750e+02 2.337633056640625000e+02
8.274476623535156250e+01 2.407185211181640625e+02 9.671701049804687500e+01 2.417564697265625000e+02
2.073790588378906250e+02 3.888960571289062500e+02 1.829868316650390625e+02 3.884917907714843750e+02
2.561171875000000000e+02 1.039011764526367188e+02 2.993841857910156250e+02 8.353176879882812500e+01
2.073790588378906250e+02 3.888960571289062500e+02 2.080591430664062500e+02 4.147382202148437500e+02
1.258306808471679688e+02 2.985428161621093750e+02 1.142908096313476562e+02 3.016112365722656250e+02
2.465950317382812500e+02 8.705178070068359375e+01 2.382287902832031250e+02 8.886689758300781250e+01
2.363598632812500000e+02 1.108813247680664062e+02 2.382287902832031250e+02 8.886689758300781250e+01
4.919376220703125000e+02 9.117784881591796875e+01 4.932434082031250000e+02 1.406148986816406250e+02
5.979564819335937500e+02 2.729782714843750000e+02 5.910092163085937500e+02 3.067886962890625000e+02
3.877137756347656250e+02 2.384985198974609375e+02 3.709054870605468750e+02 2.424340515136718750e+02
4.986718444824218750e+02 4.222567443847656250e+02 4.857079772949218750e+02 4.223244934082031250e+02
5.241155395507812500e+02 1.186774063110351562e+02 5.019901123046875000e+02 1.268497314453125000e+02
1.431833190917968750e+02 2.235103302001953125e+02 1.759937286376953125e+02 2.146087951660156250e+02
4.964195556640625000e+02 1.824870758056640625e+02 4.972112426757812500e+02 2.193084869384765625e+02
1.142908096313476562e+02 3.016112365722656250e+02 1.088201522827148438e+02 2.633840026855468750e+02
3.686453857421875000e+02 2.797588500976562500e+02 3.709054870605468750e+02 2.424340515136718750e+02
4.349133605957031250e+02 1.145330734252929688e+02 4.361926574707031250e+02 1.222159194946289062e+02
2.177839508056640625e+02 2.007237548828125000e+02 2.320411376953125000e+02 1.927757720947265625e+02
2.561923522949218750e+02 9.265811157226562500e+01 2.465950317382812500e+02 8.705178070068359375e+01
9.727059936523437500e+01 1.705419616699218750e+02 2.568528652191162109e+00 2.198844451904296875e+02
9.284303283691406250e+01 2.089934844970703125e+02 9.671701049804687500e+01 2.417564697265625000e+02
5.656728515625000000e+02 1.678273620605468750e+02 5.731672363281250000e+02 1.435408630371093750e+02
3.864498291015625000e+02 9.629932403564453125e+01 3.420467529296875000e+02 8.023815917968750000e+01
2.212596893310546875e+02 3.771326904296875000e+02 2.073790588378906250e+02 3.888960571289062500e+02
1.829724884033203125e+02 2.382461547851562500e+02 1.659283142089843750e+02 2.386679992675781250e+02
3.213299865722656250e+02 1.809415893554687500e+02 3.181423645019531250e+02 4.134118957519531250e+02
1.829868316650390625e+02 3.884917907714843750e+02 1.836871032714843750e+02 4.139090270996093750e+02
2.269655456542968750e+02 3.126881408691406250e+02 2.382794342041015625e+02 3.131670227050781250e+02
5.641060791015625000e+02 1.369301910400390625e+02 5.731672363281250000e+02 1.435408630371093750e+02
4.718843994140625000e+02 2.160846557617187500e+02 4.723170166015625000e+02 3.024380187988281250e+02
3.384191894531250000e+02 2.265156402587890625e+02 2.337750396728515625e+02 2.426692810058593750e+02
5.979564819335937500e+02 2.729782714843750000e+02 5.828265991210937500e+02 2.708274536132812500e+02
6.392255859375000000e+02 4.552016296386718750e+02 2.278345642089843750e+02 4.185385742187500000e+02
4.025747680664062500e+02 7.661944580078125000e+01 4.033179321289062500e+02 9.282742309570312500e+01
5.781906738281250000e+02 3.737135009765625000e+02 5.867749023437500000e+02 3.734010620117187500e+02
9.300572204589843750e+01 3.242837829589843750e+02 2.268785858154296875e+02 3.126844482421875000e+02
1.879783477783203125e+02 2.895401000976562500e+02 1.829724884033203125e+02 2.382461547851562500e+02
2.320411376953125000e+02 1.927757720947265625e+02 1.935025634765625000e+02 1.868760833740234375e+02
3.209339599609375000e+02 2.038070678710937500e+02 4.623331909179687500e+02 2.374407501220703125e+02
2.561923522949218750e+02 9.265811157226562500e+01 3.217720031738281250e+02 6.527924346923828125e+01
5.818612060546875000e+02 1.740652160644531250e+02 5.656728515625000000e+02 1.678273620605468750e+02
6.391597290039062500e+02 1.247012176513671875e+02 5.970625000000000000e+02 1.365527191162109375e+02
6.410109996795654297e-01 4.660894165039062500e+02 6.392998046875000000e+02 4.147022705078125000e+02
5.278986816406250000e+02 1.941217041015625000e+02 5.174989013671875000e+02 1.884438934326171875e+02
3.732076416015625000e+02 6.456365966796875000e+01 3.420467529296875000e+02 8.023815917968750000e+01
2.269816741943359375e+02 3.140315551757812500e+02 2.270678405761718750e+02 3.140249633789062500e+02
1.970465698242187500e+02 1.292108001708984375e+02 9.925772857666015625e+01 1.748039703369140625e+02
5.656728515625000000e+02 1.678273620605468750e+02 5.641060791015625000e+02 1.369301910400390625e+02
4.633642272949218750e+02 1.731899261474609375e+02 4.623822326660156250e+02 4.036745300292968750e+02
3.976123352050781250e+02 3.918490295410156250e+02 4.177632446289062500e+02 3.885142211914062500e+02
4.972112426757812500e+02 2.193084869384765625e+02 4.632447814941406250e+02 2.075796966552734375e+02
6.015961303710937500e+02 2.085956268310546875e+02 3.216691589355468750e+02 1.113106689453125000e+02
6.371306228637695312e+01 2.669313659667968750e+02 3.404884815216064453e+00 2.826972045898437500e+02
1.659283142089843750e+02 2.386679992675781250e+02 6.356863403320312500e+01 2.663982543945312500e+02
5.973662109375000000e+02 1.222103958129882812e+02 6.181369628906250000e+02 3.917980957031250000e+02
1.875491027832031250e+02 3.273313598632812500e+02 1.825360260009765625e+02 3.759826049804687500e+02
6.036816406250000000e+02 1.697166442871093750e+02 5.818612060546875000e+02 1.740652160644531250e+02
2.177839508056640625e+02 2.007237548828125000e+02 2.368349609375000000e+02 2.014498901367187500e+02
4.723170166015625000e+02 3.024380187988281250e+02 6.078076171875000000e+02 3.171712341308593750e+02
5.174989013671875000e+02 1.884438934326171875e+02 5.563604736328125000e+02 1.783127593994140625e+02
8.274476623535156250e+01 2.407185211181640625e+02 7.298961162567138672e+00 2.307804870605468750e+02
3.432489318847656250e+02 3.054533081054687500e+02 4.109238281250000000e+02 3.122452697753906250e+02
5.543784179687500000e+02 3.348692016601562500e+02 5.464605102539062500e+02 3.759230346679687500e+02
5.781906738281250000e+02 3.737135009765625000e+02 5.858572998046875000e+02 3.362875366210937500e+02
1.180358047485351562e+02 3.960501403808593750e+02 1.181949920654296875e+02 4.065643310546875000e+02
4.109238281250000000e+02 3.122452697753906250e+02 4.177632446289062500e+02 3.885142211914062500e+02
4.059252319335937500e+02 1.072489242553710938e+02 4.305486755371093750e+02 1.152598571777343750e+02
5.905303955078125000e+02 3.046843566894531250e+02 5.910092163085937500e+02 3.067886962890625000e+02
2.465950317382812500e+02 8.705178070068359375e+01 2.439618682861328125e+02 1.939024810791015625e+02
6.427371978759765625e+00 2.687437133789062500e+02 1.564793701171875000e+02 2.296775054931640625e+02
5.246654052734375000e+02 1.510260467529296875e+02 5.341693725585937500e+02 1.547483520507812500e+02
4.088621520996093750e+02 1.958032531738281250e+02 4.615754089355468750e+02 2.127670898437500000e+02
6.427371978759765625e+00 2.687437133789062500e+02 2.568528652191162109e+00 2.198844451904296875e+02
3.369172973632812500e+02 1.771051025390625000e+02 4.157541503906250000e+02 1.527372131347656250e+02
6.544442749023437500e+01 2.709098510742187500e+02 6.551805877685546875e+01 2.708778076171875000e+02
4.025747680664062500e+02 7.661944580078125000e+01 3.867249145507812500e+02 8.474763488769531250e+01
4.623822326660156250e+02 4.036745300292968750e+02 3.181423645019531250e+02 4.134118957519531250e+02
5.970625000000000000e+02 1.365527191162109375e+02 5.586934204101562500e+02 1.104646224975585938e+02
2.370394287109375000e+02 4.072467346191406250e+02 3.181423645019531250e+02 4.134118957519531250e+02
1.831812286376953125e+02 2.895596008300781250e+02 1.835836944580078125e+02 3.884893493652343750e+02
3.227235412597656250e+02 2.831957092285156250e+02 1.731886982917785645e+00 3.198840942382812500e+02
5.818612060546875000e+02 1.740652160644531250e+02 5.731672363281250000e+02 1.435408630371093750e+02
2.337750396728515625e+02 2.426692810058593750e+02 2.140491943359375000e+02 2.388648681640625000e+02
3.872719116210937500e+02 1.893989257812500000e+02 3.209339599609375000e+02 2.038070678710937500e+02
5.936986694335937500e+02 2.144332733154296875e+02 5.867354736328125000e+02 2.426242980957031250e+02
6.393558349609375000e+02 1.718692626953125000e+02 4.632447814941406250e+02 2.075796966552734375e+02
4.093510437011718750e+02 2.337633056640625000e+02 3.877448425292968750e+02 2.386362152099609375e+02
3.210416259765625000e+02 1.809376220703125000e+02 4.731880187988281250e+02 2.232010040283203125e+02
6.274047851562500000e+01 2.720865783691406250e+02 5.322677612304687500e+01 3.888201293945312500e+02
5.883793334960937500e+02 1.475677642822265625e+02 5.731672363281250000e+02 1.435408630371093750e+02
2.201036682128906250e+02 2.073273162841796875e+02 1.564793701171875000e+02 2.296775054931640625e+02
2.992401733398437500e+02 5.462838363647460938e+01 3.221096496582031250e+02 5.123420333862304688e+01
1.542011413574218750e+02 1.865642852783203125e+02 1.631430206298828125e+02 2.190091552734375000e+02
2.080591430664062500e+02 4.147382202148437500e+02 1.836871032714843750e+02 4.139090270996093750e+02
2.320411376953125000e+02 1.927757720947265625e+02 2.439618682861328125e+02 1.939024810791015625e+02
2.533175964355468750e+02 1.937217559814453125e+02 2.439618682861328125e+02 1.939024810791015625e+02
1.756868591308593750e+02 1.835111236572265625e+02 1.935723571777343750e+02 1.864514923095703125e+02
1.582451782226562500e+02 3.290708618164062500e+02 1.474355316162109375e+02 3.732262573242187500e+02
2.318245086669921875e+02 1.927719421386718750e+02 2.278345642089843750e+02 4.185385742187500000e+02
5.464913940429687500e+02 3.752993164062500000e+02 5.364775390625000000e+02 3.748027954101562500e+02
2.160048961639404297e+00 2.687080078125000000e+02 1.731886982917785645e+00 3.198840942382812500e+02
3.372391357421875000e+02 2.188713378906250000e+02 3.432489318847656250e+02 3.054533081054687500e+02
3.182177124023437500e+02 4.121688842773437500e+02 4.857079772949218750e+02 4.223244934082031250e+02
4.625759277343750000e+02 2.100937805175781250e+02 4.623057556152343750e+02 2.100218963623046875e+02
4.986718444824218750e+02 4.222567443847656250e+02 4.984370727539062500e+02 4.029316406250000000e+02
3.432916564941406250e+02 2.859749145507812500e+02 4.723170166015625000e+02 3.024380187988281250e+02
9.293716430664062500e+01 3.234291076660156250e+02 2.843725395202636719e+01 3.286032409667968750e+02
3.705707397460937500e+02 3.771186828613281250e+02 3.571934509277343750e+02 3.770526428222656250e+02
9.727059936523437500e+01 1.705419616699218750e+02 9.697145080566406250e+01 2.090255737304687500e+02
3.976123352050781250e+02 3.918490295410156250e+02 2.379878997802734375e+02 3.914643249511718750e+02
4.972112426757812500e+02 2.193084869384765625e+02 6.075921020507812500e+02 2.221461639404296875e+02
5.365199584960937500e+02 3.739473876953125000e+02 5.464605102539062500e+02 3.759230346679687500e+02
3.432489318847656250e+02 3.054533081054687500e+02 2.382794342041015625e+02 3.131670227050781250e+02
5.585043334960937500e+02 1.098364181518554688e+02 5.245327758789062500e+02 1.200633697509765625e+02
4.930937194824218750e+02 2.412212524414062500e+02 4.623331909179687500e+02 2.374407501220703125e+02
5.741266479492187500e+02 3.050090942382812500e+02 5.828265991210937500e+02 2.708274536132812500e+02
1.829704742431640625e+02 2.387377166748046875e+02 2.140491943359375000e+02 2.388648681640625000e+02
6.329472732543945312e+01 2.654765014648437500e+02 6.330291366577148438e+01 2.654741516113281250e+02
