543.196 1.85056 552.289 13.7801
624.521 38.0964 617.308 77.057
130.006 325.141 160.99 323.765
323.659 224.005 324.889 316.001
520.579 58.0547 522.002 68.9998
326.58 217.987 328.347 294.992
548.621 17.048 551.146 36.9815
505.165 37.9568 508.547 50.8567
243 119 243 194
548.849 50.1407 570.096 72.91
59.6503 53.6129 135.17 96.7014
561.337 1.17103 554.865 13.9313
281.901 241 282.049 320
234 254 275 254
452.108 301.011 448.978 331.998
60.4614 1.98872 59.4553 50.0095
509.687 28.028 512.363 57.9676
420.591 312.969 418.519 339.963
284 68 284 127
425.876 31.6014 437.949 27.8377
161 122 161 242
440.784 26.6459 470.651 8.4284
617.836 12.082 613.429 57.042
327.847 298.008 329.339 325.982
449.177 163.852 476.962 197.031
141.986 87.5929 165.992 86.7625
242.783 11.1676 277.31 55.7602
482.117 68.9717 485.994 85.0014
86.6717 0.99236 83.7163 127.993
616.991 80.9973 609.88 105.966
174.763 120.422 221.997 147.005
605.865 26.8933 587.344 50.2725
172.795 62.2558 233.234 110.709
523.011 54.997 526.245 66.9338
492 186 492 198
411.119 318.002 410.798 341.011
507.256 52.0223 506.04 66.0035
558.412 92.2007 551.563 106.274
562.124 141.039 557.389 156.122
283.993 152 284.066 199
282.973 241.113 304.93 246.298
174.553 65.9964 173.757 164.998
237 231 249 231
230 234 276 234
163 359 163 417
162 253 162 300
153.069 121.001 151.646 295.997
411.114 35.3422 423.114 31.3435
375.855 256.003 376.347 277.015
277.245 0.850077 400.948 203.032
59.4238 51.0095 57.9396 116.999
243.973 119.034 276.998 145.003
448.026 170.919 466.991 177.028
443.024 336.002 441.418 359.029
614.267 45.0463 609.439 72.9028
240 255 240 331
412.911 23.7356 444.977 12.931
152.062 108.357 168.097 105.556
553.226 16.9615 557.146 39.9751
608.511 75.1273 604.524 91.1305
483.859 3.89267 465.657 27.7382
94.1106 1.85779 158.224 51.7117
310.093 247.586 334.006 252.973
325 318 325 348
243.195 34.9856 244.302 49.9777
494.994 3.0015 500.755 25.0641
398.346 16.3559 414.063 1.06515
450.99 55.0098 467.939 73.0576
169.111 214.538 230.907 229.388
283.038 62.971 383.366 194.721
360.782 266.009 362.3 300.987
382.904 301.014 384.965 315.005
357.552 354.935 352.31 390.899
309.387 247.995 310.271 313.996
167.849 88.0223 171.534 112.921
397 276 397 308
418.846 147.424 442.047 155.871
161.677 325.012 162.823 356.007
372.251 303.055 369.188 317.041
416.979 0.980323 401.121 18.1117
56.6021 188.996 54.6246 377.996
385.985 397.997 378.033 444.836
583.188 9.00078 583.101 30.0004
576.803 129.558 591.923 122.826
427.265 331.092 431.649 366.044
331 129 331 167
395.615 369.894 401.833 405.856
570.845 79.9437 557.62 116.226
402.085 41.3856 418.924 37.6581
255.118 131 254.945 199
417.934 201.708 457.959 205.44
137.747 90.0239 139.254 105.976
250 136 250 162
377.752 255.014 380.159 297.991
354.42 393.408 363.193 405.864
330.002 261.128 365.993 260.567
497.171 45.002 496.999 60
541.649 147.918 537.883 163.973
445.239 21.3577 466.915 6.87343
496.706 35.1619 491.229 59.0526
533.987 44.9967 528.565 66.8924
450.876 252.004 451.268 265.022
357 163 357 193
64.9637 72.005 72.536 127.064
371.125 19.7836 399.207 15.2928
370.04 21.5211 397.034 19.4436
168.967 220 169.067 347
58.9938 117.015 151.906 156.224
198.697 1.279 210.226 13.7922
479.265 117.841 491.987 139.008
389.337 346.242 394.751 361.091
311 102 311 148
285.769 152.297 400.028 240.964
217 100 217 183
59.081 188.664 149.874 210.523
516.996 37.0003 518.25 53.9815
324.895 7.36625 364.773 18.7936
67.1133 124.018 76.4241 66.0681
222 114 222 145
152.329 369.02 150.92 391.995
626.499 13.946 623.474 42.051
391.049 43.5737 417.03 41.3452
243.443 14.9804 244.24 32.9894
318.055 7.81425 365.762 21.8097
511.349 75.0705 507.733 92.9459
329.915 254 330.198 306.999
152 393 152 417
362.347 407.102 367.964 443.006
490.651 80.0801 497.279 108.936
59.7998 57.3519 136.88 101.212
426.125 17.2551 452.246 4.5037
284.939 321.753 304.945 316.779
399.215 19.1755 369.595 55.4856
539.808 80.0443 544.401 99.9073
448.812 286.027 450.974 301.004
397.964 311.923 399.401 329.968
356.707 210.014 358.183 241.992
464.301 72.8735 469.334 84.8597
386.528 352.211 394.208 369.355
244.901 164.185 276.843 181.293
430.773 300.926 425.167 318.055
251 224 277 224
504.019 305.999 506.559 350.025
256.343 63.0155 254.94 93.9973
547.475 229.197 541.298 244.123
264.134 332.482 322.103 316.371
1.09973 129.701 31.0941 139.718
367.001 261.994 403.956 268.257
421.018 204.717 441.001 205.992
310.882 182.004 312.371 225.987
395.065 190.818 408.174 195.515
462.983 231.896 478.061 229.362
331 189 331 208
439.371 319.915 442.141 331.968
256.239 36.0148 254.635 61.9775
576.652 130.76 568.923 141.947
407.022 209.813 425.991 212.073
514.218 371.85 567.915 450.058
218.105 1.00259 216.669 58.9918
429.727 223.395 442.782 217.515
245.162 55.8509 277.326 90.6989
249.874 40.0032 250.274 56.0182
569.734 74.1726 585.587 98.6191
543.983 228.99 537.228 240.138
557.027 183.009 551.665 199.894
304.92 248 304.738 294.999
416 326 416 340
243 55 243 84
211 107 211 139
455.793 187.6 469.848 192.442
234.708 338.98 235.134 353.996
435 350 435 366
561.01 99.1083 580.033 97.3631
438.004 272.124 451.022 271.732
503.856 164.006 505.43 201.024
195.515 1.44695 233.423 42.6104
325.794 82.9797 324.711 93.9716
175.779 124.392 233.154 156.727
58.9486 121.126 151.119 158.708
411.477 249.027 413.826 295.009
287.007 102.993 305.992 122.008
278.346 210.023 276.885 231.992
132.101 365.473 149.931 361.678
175.774 20.2378 229.084 70.9111
569.772 144.3 561.774 164.912
414 326 414 338
560.971 153.98 547.208 174.142
455.029 249.731 467.988 251.116
437 275 449 275
410.032 191.883 439.077 199.716
562.757 441.154 586.317 478.432
415.116 190.526 433.024 194.903
152.272 321.005 151.406 367.008
399 264 399 299
286.958 188.081 305.242 197.532
262.025 327.223 274.975 325.777
283.995 328.023 297.035 330.839
341.98 34.292 363.02 35.708
525.899 94.015 527.817 107.027
175 2 175 19
331.013 310.056 361.013 303.056
556.113 156.085 543.553 172.661
560.034 159.004 557.76 179.974
568.339 195.395 581.843 183.817
510.512 265.965 513.243 305.983
299.989 325.945 320.938 321.695
326.318 144.007 325.872 162.997
521.29 171.993 522.198 208.995
423.443 122.774 435.617 146.686
477.645 332.633 499.345 370.804
359.703 213.015 361.117 241.994
210.869 1.00457 211.286 13.0248
401.342 19.2239 394.205 30.1343
501.179 271.073 503.936 302.006
305.389 122.981 304.823 140.994
0.972736 385.882 22.0074 381.032
310.397 59.9749 311.852 83.0093
428.012 162.734 448.016 163.639
413.983 222.915 425.897 220.494
500.004 370.876 513.022 371.268
57.0746 378.291 114.869 363.488
330.897 331.611 360.917 323.687
152.712 306.019 153.806 323.013
171.045 349.173 187.012 345.047
313.673 131.282 324.806 144.168
175.074 165.821 229.847 188.371
297.013 338.273 317.016 337.345
31.87 94.9977 27.5129 342.991
1.0141 376.063 22.0824 371.37
0.979213 380.906 22.0589 376.268
539.855 270.019 544.208 302.973
299.744 90.0182 301.525 115.034
354.068 175.008 352.704 186.966
348.622 169.339 383.186 207.833
353.934 207 354.132 241.005
563.545 195.57 545.095 215.09
327.023 321.087 348.122 315.455
278 71 278 86
341.725 163.015 342.7 181.016
364 215 364 244
1.09017 378.419 21.9845 373.928
572.821 202.833 552.549 224.579
451.835 109.3 462.813 115.34
452.941 153.048 466.412 169.666
244.392 84.6016 273.13 112.868
296.203 88.9867 295.903 106.998
492.2 151.961 504.377 213.926
461.008 325.103 496.961 322.465
167.003 359.183 222.005 358.297
381 229 381 246
1.01424 371.069 21.9498 366.756
223 5 223 26
252.354 66.9856 251.84 89.9964
371 181 371 206
355.946 31.1276 370.817 37.4308
581.712 144.974 579.708 166.973
126.64 51.9911 125.727 88.9932
441.725 308.113 447.007 320.997
279.563 28.9751 278.766 42.9867
300 119 300 138
244.293 266.014 243.231 289.011
1.07088 373.356 21.0749 369.377
1.06157 383.279 21.9298 378.681
374 223 374 244
548.165 245.388 565.074 238.173
242.076 301.506 265.989 297.924
161 309 161 323
527.81 184.023 532.385 221.076
0.866207 422.556 48.7347 408.12
314.18 108.015 312.719 125.977
317 179 317 201
376.071 218.623 407.891 224.581
204.176 263.996 203.917 324
481.434 406.137 498.891 478.026
299.585 166.044 302.453 192.952
276.194 182.99 275.908 204.999
379.964 193.002 381.261 215.985
343.193 198.008 341.752 233.99
345.111 271.001 344.957 305
358.093 336.02 352.804 360.958
419.006 248.2 444.013 247.425
393.893 71.311 410.945 77.1607
0.99937 75.0014 33.1718 89.6219
34.2934 1.00823 31.966 83.999
213.474 27.9856 212.788 52.9942
231.159 45.9914 230.915 69.9991
335.75 139.011 337.221 171.99
451.04 200.785 468.975 204.133
364.04 171 363.757 199.998
358.818 170.011 360.213 193.988
300 197 300 216
305.812 197.989 304.69 216.982
0.914106 419.724 45.9065 405.7
263.554 11.6237 276.487 30.6696
528.107 132.013 525.841 150.981
392 267 392 288
283.921 17.0009 284.169 39.0094
365.966 175.001 367.302 225.992
1.05016 366.244 21.9858 361.931
316.902 110.997 317.041 154
462.905 301.885 495.953 305.441
351.833 354.926 341.681 377.859
214.013 332.776 230.018 333.678
230.505 160.986 229.778 186.994
519.712 292.013 521.115 322.995
421.105 99.9508 438.351 136.836
567.259 192.294 578.97 181.966
371.015 221 371.081 246
0.925076 368.623 20.9291 364.644
274.76 10.0135 275.664 26.019
340.814 110.01 341.458 122.029
550.806 161.897 542.848 176.919
339 140 339 176
296.17 166.99 295.917 188.999
538.685 222.974 536.516 248.96
528.804 246.02 530.785 265.022
271 296 271 324
84.1407 1.00343 82.6552 61.9916
372.997 266 373.08 294
76.3732 11.0041 75.8386 59.9982
356.438 133.971 357.241 145.984
252.146 169.993 251.928 195.999
198.737 278.991 197.722 309.991
173.974 168.064 232.992 192.02
242.014 299.106 265.979 295.848
175.16 25.8295 231.906 79.1002
160.38 0.973364 157.973 56.9988
419.059 77.7018 431.949 80.2585
563.078 159.008 559.574 192.061
623.19 190.106 609.225 215.126
390.143 175.011 388.816 191.986
245.118 194.712 273.801 206.485
225.228 358.042 302.05 341.23
286.005 123.995 302.993 141.007
297.213 115.985 296.898 132.998
423.221 137.708 436.945 148.072
372.819 184.011 374.233 207.986
496.782 280.967 499.696 349.971
346 201 346 237
198.731 246.018 199.729 261.018
213.428 147.972 211.852 179.993
585.14 183.017 578.69 234.961
607.375 132.817 617.758 154.118
313.699 180.011 315.195 221.993
305.628 49.9816 304.74 67.9872
535 195 535 212
589.021 245.144 605.943 242.619
290 169 290 185
530.974 265.983 521.927 279.953
58.1447 123.643 150.051 160.874
348.243 152.016 347.402 165.026
2.02156 78.9516 31.0528 91.8815
290.22 18.28 305.313 6.39759
616.89 121.056 629.673 146.167
298 196 298 215
316 69 316 84
258 147 258 166
347.126 307.704 366.943 316.134
365.523 147.912 368.226 163.962
1.05041 361.269 23.0282 357.151
341.001 18.999 352.999 31.001
148.889 50.9958 149.056 85.9997
241.999 317.992 264.007 314.038
345 116 345 130
302 293 302 316
595.652 115.039 598.81 143.021
168.023 356.304 186.992 354.889
597.774 69.7498 608.811 59.7909
242.852 89.1586 276.001 119.999
582.843 154.001 582.918 172
407.743 253.01 409.169 287.993
297 39 297 54
563.003 171.897 578.018 172.27
603.387 185.965 605.363 207.967
1.10842 409.385 45.9313 396.756
588.871 20.1098 597.161 29.8633
229 117 229 151
1.07578 353.465 27.0377 349.231
557.943 100.956 542.801 120.849
86.8003 89.3824 151.823 123.339
348.669 132.734 353.476 144.81
0.976241 363.885 23.0668 359.324
237 237 263 237
349 225 349 238
383 231 383 252
237 240 263 240
456.989 289.95 476.923 285.642
35.3003 86.2576 76.0973 102.759
227 119 227 150
533.064 129.013 526.762 159.951
174.133 170.67 232.89 194.274
460.856 332.816 476.723 406.845
277 236 277 253
621.454 223.257 602.271 257.154
314.252 64.9803 313.882 78.9969
381.718 267.021 383.76 295.017
420.157 2.12688 409.858 14.8854
316.962 86.0188 325.993 104.004
55.9328 393.751 87.7746 385.164
287.798 256.003 288.449 302.008
479.007 317.835 493.024 318.387
338.735 197.01 340.186 233.993
390 235 390 255
124.063 361.63 150.994 358.936
311.497 270.026 313.656 311.018
540.072 395.722 558.839 400.618
59.9449 111.134 74.0292 116.929
118.172 259.997 117.916 322
299.128 41.9912 300.582 63.0289
325.383 185.984 324.827 206.995
237 242 249 242
598.688 188.001 598.863 229.001
85.0144 238.859 118.967 242.326
543.059 257.257 555.11 254.479
227 7 227 31
230.086 235.998 231.309 283.992
55.054 399.174 91.0147 388.047
353.928 266 354.013 304
336.05 71.1774 355.881 65.5785
356 280 356 297
230 10 230 33
551.747 368.023 554.333 396.97
82 72 82 121
60.0214 97.9499 74.0229 103.946
15.1795 140.003 12.3613 334.991
393.006 32.1572 412.979 31.4225
361 348 381 348
284.571 42.2961 314.045 84.9689
1.01985 70.956 29.9908 84.0204
271.75 144.003 272.097 175.999
255 261 255 311
87.7719 20.3164 133.693 53.4255
352.289 64.4888 369.261 54.44
416.037 154.905 427.822 159.462
362 216 362 228
529.642 278.731 520.631 290.723
581.792 225.564 596.062 230.832
279 10 279 27
538.682 146.162 534.424 164.101
533.265 151.033 530.908 169.989
178.937 316.567 197.971 313.801
337.38 115.199 341.161 126.948
630.172 244.925 637.669 262.144
275.854 255.997 276.068 325
533.737 291.043 538.098 317.984
176.931 84.0984 208.67 106.468
304.357 95.9799 303.699 117.022
407.74 65.3305 424.875 58.6784
406.821 69.6958 418.793 62.6485
82 244 82 315
259.596 1.2782 273.126 20.9131
509.892 234.027 518.284 267.181
27.9388 352 28.1233 387.005
61.77 64.4461 76.8793 72.2342
85.9879 121.028 147.946 148.123
629.281 215.972 631.933 242.908
378 226 378 244
284.78 128.239 314.974 156.028
241.935 315.676 265.969 310.847
58.0378 333.259 90.9205 328.456
61.0843 84.8274 75.9561 92.09
274 151 274 177
244.062 198.843 275.834 211.419
472.014 247.253 491.012 246.229
472 326 493 326
89.4625 6.40697 146.866 51.1714
436.865 83.0159 439.223 102.974
304 172 304 194
323 192 323 205
0.99028 399.962 47.0679 388.268
1.01848 347.144 27.9583 343.676
238 251 260 251
109 261 109 291
357.414 194.5 370.792 210.178
86.8929 82.1988 138.109 109.798
606.662 454.685 623.905 463.193
410.911 149.247 432.937 157.174
370.631 395.984 368.982 433.999
625.153 163.666 638.171 169.626
173.077 335.388 203.09 329.453
1.12532 397.485 45.9748 385.902
291.258 20.3474 303.305 11.4106
60.0013 199.994 116.869 211.639
342 279 342 300
560.019 395.942 575.921 401.238
392 237 392 255
237.329 45.0077 235.865 107.997
237.002 247.041 270.987 245.68
13.218 1.65623 26.1069 9.83145
156.71 10.9916 155.698 45.9913
160 72 160 84
238 217 250 217
112.608 238.013 110.619 330.992
556.003 374.993 593.167 390.603
595.584 401.04 598.458 431.052
394.296 270.01 393.204 302.007
492.029 349.897 505.12 353.573
29.8366 92.9955 28.6736 134.991
178.253 73.6683 211.173 98.7738
114.885 114.236 130.965 122.071
370.586 267.988 371.19 296.996
63.0527 1.93088 74.9844 11.0204
227.991 249.187 270.997 248.705
357.843 147.078 362.822 157.088
286.169 215.582 306.143 223.646
87.7767 79.4035 144.205 110.629
385 267 385 290
261.122 287.002 260.67 322.996
87.8102 86.3597 142.022 114.959
82 132 82 189
18.5391 7.01044 17.8038 44.9962
404.632 244.98 405.112 259.996
111.505 333.986 110.778 359.994
568.315 107.025 566.405 131.032
234 285 234 333
59 275 81 275
1.21315 11.658 24.5127 26.1772
171.985 223.077 202.96 229.204
616.649 281.543 593.795 308.828
172.899 332.412 199.956 327.747
24.0428 145.001 21.401 341.992
404.955 269.003 406.382 287.971
1.03386 407.119 43.9663 394.882
399.49 110.985 400.189 133.994
341.335 142.976 340.869 155.995
601.032 257.021 591.308 272.197
362.25 2.92068 366.081 14.9743
295 297 295 315
58 387 74 387
1.00537 357.031 20.9312 353.6
398.84 128.057 406.734 150.095
99 273 116 273
610.212 450.706 627.758 463.337
59 272 78 272
366 351 380 351
351.734 191.294 375.891 213.121
318 293 318 310
592.251 390.977 596.32 435.971
602.969 340.081 621.01 346.973
373 365 386 365
30 70 30 82
580 389 580 405
174.235 28.0103 172.789 60.9908
380.12 55.9573 387.213 75.9243
237.286 110.005 235.74 199.996
79 135 79 190
172.952 343.731 193.997 339.986
173.968 329.832 196.914 325.54
152 63 152 84
163.343 0.995949 162.837 82.999
182.806 280.185 177.536 303.123
58.0601 384.229 121.86 367.468
214 66 214 91
258.156 134.805 268.763 143.296
26 261 26 342
179.023 119.263 207.974 116.706
58.02 353.108 108.932 343.637
235 11 235 40
282.591 41.9825 283.185 61.9945
231 81 231 105
397 242 397 255
529.645 220.141 534.781 233.087
192 298 192 312
286.819 25.1138 294.936 38.0403
97.1436 246.996 98.2949 286.992
137.8 323.001 137.994 358
277.8 150.992 278.094 178.999
117.274 244.02 115.293 271.021
601.668 260.786 590.7 277.807
204.357 229.973 203.846 241.993
280 94 280 143
231 196 231 221
353.027 0.98721 359.712 15.1359
26 358 26 384
27.1492 30.0024 26.68 59.011
28 148 28 177
597.222 309.056 594.168 321.043
233 197 233 222
240 13 240 96
282.286 124.008 280.757 176.993
621.839 292.128 637.749 312.199
31 12 31 40
240 117 240 215
320 190 320 203
351.512 338.153 343.544 364.864
58.9922 223.05 117.964 232.229
259.809 78.1792 272.872 92.1201
216 190 216 223
553.055 302.139 569.816 295.534
614.006 446.964 631.035 449.786
176.79 131.415 209.906 148.185
1.00531 412.019 44.892 399.618
233 94 233 106
373.085 117.796 406.2 131.516
66.3091 260.005 65.2421 330.004
36 144 36 171
149 218 149 234
188.417 1.5778 208.035 20.9645
275.267 31.9831 274.874 48.9971
259.041 175.926 273.906 184.169
259.208 40.8379 269.276 53.7851
497.993 406.233 533.999 405.887
27 194 27 238
38.006 242.934 52.9729 244.298
577.985 328.935 602.083 323.357
69.0097 384.845 89.9903 386.155
165 195 165 212
57.9957 335.971 108.928 328.506
330 60 330 80
253 102 253 121
172.079 239.495 201.97 244.19
573.815 296.661 585.229 290.42
172.099 338.468 194.927 333.653
35.928 89.1589 55.0754 97.8336
176.932 134.126 210.024 151.955
38.0278 245.705 52.9891 247.115
356 103 356 123
406 439 420 439
345 85 345 105
182 258 182 292
308 78 308 92
33 319 33 349
166 47 166 84
188.97 113.729 207.961 111.644
255 206 255 221
84.0538 319.526 107.018 317.174
169 30 169 72
167 1 167 29
39 6 39 27
379 146 379 159
100.011 211.876 115.975 213.288
280 188 280 223
301 224 301 237
229 275 229 312
173 175 173 211
311 228 311 243
298 223 298 241
300 146 300 158
227 47 227 64
376.01 104.991 387.917 118.076
365 120 365 137
373 135 373 150
255 104 255 123
561.208 55.8406 582.033 82.9748
164.94 132 165.12 168.004
90.0152 314.149 103.972 312.724
202.075 463.11 213.989 454.983
515.023 439.209 527.977 437.791
340 77 340 96
