0 76 190 117
195 367 253 367
294 351 320 351
428 170 459 156
381 212 402 216
557 314 620 317
507 375 541 376
296 356 329 353
387 355 413 354
107 367 189 371
209 290 221 290
378 360 412 357
26 393 64 390
250 296 276 296
375 254 392 237
45 368 63 367
394 226 441 231
229 163 258 171
373 299 384 297
522 129 534 122
133 292 154 292
628 311 639 313
417 370 460 371
547 237 598 243
60 348 86 343
76 380 170 389
251 142 264 153
627 66 639 60
33 145 53 143
82 153 112 158
566 192 590 189
47 354 68 355
530 230 547 231
272 354 307 353
369 376 399 376
290 190 305 193
417 101 430 100
574 325 607 334
468 265 506 227
428 168 538 190
414 200 430 192
516 221 579 223
593 341 613 344
485 355 520 350
387 350 409 322
281 386 292 386
243 293 291 288
20 179 147 196
395 181 422 176
629 266 639 267
556 226 585 102
549 249 631 269
22 150 211 180
563 426 609 432
318 369 349 369
24 362 46 362
235 306 270 305
17 399 108 392
139 367 156 368
308 301 350 300
118 228 142 234
211 222 255 225
609 284 610 238
248 251 335 208
154 372 240 376
516 360 536 300
588 164 615 137
431 165 478 174
385 183 421 168
471 251 492 220
535 214 561 215
607 49 610 38
395 385 419 361
566 362 593 362
299 291 318 291
7 117 23 120
312 379 333 379
219 162 244 174
192 391 240 351
274 170 287 174
489 336 534 372
207 359 223 360
355 211 376 200
487 263 540 281
591 315 591 299
231 281 287 282
614 16 614 41
457 290 505 287
628 140 628 122
554 153 586 155
603 226 614 226
562 286 572 242
262 224 313 216
248 253 259 251
630 180 632 37
186 448 208 446
506 195 543 148
619 397 639 423
114 366 180 363
515 88 551 84
49 144 89 151
526 281 605 310
493 470 516 394
284 119 294 119
599 423 637 430
226 218 259 217
268 174 303 192
279 349 293 349
234 358 256 360
191 377 209 378
584 113 633 37
590 265 628 279
438 219 454 223
114 363 128 362
137 381 161 383
208 273 223 280
590 175 617 166
28 52 190 90
322 451 339 434
565 310 621 332
138 361 181 361
230 299 255 300
618 197 629 196
624 459 624 476
598 129 633 113
586 202 629 200
557 229 609 232
565 304 614 326
288 360 312 365
269 388 280 388
581 143 617 144
361 374 386 365
322 155 343 145
582 344 638 350
300 293 314 288
608 97 616 67
223 243 254 229
570 150 584 139
344 340 364 340
132 134 149 132
344 393 357 378
469 137 484 138
467 250 483 266
172 169 184 172
297 205 311 205
542 414 555 416
359 387 380 362
226 159 240 165
211 361 223 362
535 210 631 222
375 403 391 404
11 361 38 350
532 271 548 277
359 135 396 119
580 255 629 251
586 339 622 337
586 307 606 314
376 256 411 222
82 137 100 139
395 233 422 242
223 220 249 241
611 99 634 89
620 303 638 301
553 166 584 91
515 210 547 178
173 157 184 161
346 250 362 258
235 383 262 384
498 336 520 338
204 204 253 233
522 156 564 123
200 221 232 213
562 290 623 305
271 274 283 274
399 263 442 257
53 372 162 381
518 173 539 168
563 284 591 280
247 216 313 213
82 139 133 153
355 214 419 197
484 285 491 271
116 354 172 355
260 143 307 190
315 372 326 373
438 100 491 124
419 242 435 226
608 420 636 425
437 163 461 166
364 348 387 382
250 236 298 241
626 150 637 309
27 306 51 311
342 253 361 265
549 192 557 173
236 121 292 168
450 210 460 199
163 122 198 121
534 242 549 238
560 337 583 339
561 116 594 116
477 249 494 275
566 247 586 167
222 232 244 244
446 346 461 356
369 367 392 369
612 412 636 412
572 82 639 15
306 278 332 286
572 316 584 320
504 368 532 368
312 284 347 295
515 132 536 99
318 337 349 301
343 413 362 417
579 18 587 0
214 279 277 236
525 109 541 92
259 112 283 110
430 402 453 414
327 290 344 273
613 62 625 52
263 309 273 310
307 280 331 287
210 372 234 375
338 390 372 355
394 233 408 220
79 339 92 338
223 295 252 299
364 276 416 332
207 223 264 206
263 209 299 197
516 479 518 469
621 351 638 353
539 308 564 333
12 344 16 264
512 428 520 394
461 420 474 421
515 194 540 169
497 138 497 123
528 169 543 150
286 376 317 385
474 239 485 217
332 415 368 411
546 409 570 412
121 155 133 159
288 359 309 358
231 141 241 139
149 353 167 353
565 346 583 345
478 230 492 234
293 439 345 439
512 155 535 156
67 371 107 374
375 255 408 222
307 365 319 367
542 331 597 330
552 255 586 164
477 143 495 143
172 160 184 164
559 350 582 361
130 293 140 294
387 372 415 356
126 375 144 377
438 433 469 457
522 256 589 279
10 111 24 114
251 118 298 113
285 212 311 225
333 148 358 149
264 229 292 246
587 74 619 70
455 139 460 151
83 295 93 294
564 134 608 135
236 114 251 112
267 201 304 212
342 385 356 365
288 117 298 115
591 233 606 236
268 173 292 180
489 327 502 322
472 442 505 444
597 51 611 36
378 315 396 313
405 371 416 371
589 130 630 130
222 200 243 199
141 128 166 126
517 399 540 396
287 370 318 370
378 238 388 243
193 170 206 175
497 334 548 316
335 136 358 138
18 277 44 277
219 161 242 170
346 393 364 372
389 341 406 322
525 170 553 121
450 265 466 264
51 132 70 130
401 233 423 241
167 130 185 144
40 109 70 116
382 225 419 237
377 267 402 240
596 381 612 382
535 211 543 186
443 439 470 443
28 243 53 250
373 101 381 111
557 130 586 119
238 59 238 23
359 349 373 346
176 294 196 296
379 444 405 411
222 122 238 125
228 187 255 204
415 221 431 227
565 115 639 77
597 50 637 25
26 85 168 115
602 267 615 271
403 117 413 112
357 440 371 439
253 456 277 442
494 182 514 179
22 356 42 359
272 412 291 405
402 320 413 337
486 93 539 75
605 149 639 149
292 410 306 410
558 344 604 343
101 133 113 137
258 142 299 127
278 437 325 436
232 359 272 368
219 277 272 292
331 416 351 416
348 381 371 372
560 390 619 385
117 267 188 272
441 172 503 142
250 151 291 134
280 197 321 208
521 350 537 350
587 124 636 84
221 266 254 266
24 328 39 328
330 394 345 375
582 171 590 153
207 109 241 133
274 212 310 229
273 172 323 187
465 254 486 249
450 424 468 425
193 173 206 178
255 295 275 303
302 179 328 187
154 337 165 336
373 296 386 293
538 270 628 252
115 332 127 332
289 191 300 194
502 262 524 269
602 202 607 251
445 129 476 129
496 323 546 347
550 117 593 98
482 298 500 296
602 297 639 300
135 346 160 340
224 276 236 280
474 352 498 352
491 152 516 139
118 234 134 237
46 369 149 374
304 421 314 422
502 413 512 414
236 174 284 184
507 262 547 260
561 197 590 193
521 302 550 299
219 233 246 231
505 293 530 293
484 286 549 284
491 223 518 231
573 416 583 420
374 282 380 292
43 146 53 145
41 197 54 202
571 436 589 436
274 169 292 171
624 272 639 276
441 191 475 240
185 368 203 369
14 284 24 285
419 365 476 368
611 262 638 258
169 118 197 118
544 365 568 366
276 233 309 215
240 422 255 424
84 298 102 298
167 455 182 447
617 129 631 72
547 168 603 161
565 211 597 216
430 261 442 260
299 325 329 323
238 237 255 239
572 253 608 246
352 399 368 400
22 261 35 264
96 151 133 146
380 309 394 309
533 323 550 340
60 345 89 341
312 356 354 356
379 282 401 303
271 125 285 139
243 364 253 366
15 292 29 296
19 292 31 288
582 308 632 327
418 389 434 370
237 301 261 305
544 322 586 338
257 372 279 378
455 216 490 221
605 259 638 242
635 113 636 161
317 343 336 321
14 281 26 282
419 433 459 433
535 367 551 369
310 309 328 306
553 187 584 179
557 455 571 473
464 209 474 211
380 310 404 326
396 362 423 362
249 33 254 7
624 421 625 395
327 292 346 296
599 282 621 306
214 256 254 256
310 311 322 313
577 89 627 82
324 390 335 395
219 203 253 226
351 334 364 336
92 343 113 335
188 129 204 129
610 218 639 215
573 292 596 289
383 326 402 329
353 135 448 96
300 292 323 275
282 203 303 201
526 227 536 243
328 408 343 409
509 347 546 349
207 309 217 312
560 349 600 367
54 378 69 369
25 321 39 324
294 360 307 361
422 348 478 358
427 340 438 350
528 173 573 180
166 356 193 355
393 419 422 420
245 177 266 185
522 304 551 300
171 148 185 150
0 213 23 219
485 384 491 368
503 279 533 275
537 356 548 357
354 183 375 187
266 226 322 223
418 453 447 459
575 270 599 270
351 57 354 99
507 395 549 428
562 459 600 463
548 235 601 239
566 198 582 197
599 237 619 241
327 298 342 299
441 443 444 432
587 94 590 84
587 79 622 75
614 56 638 53
303 319 328 324
237 99 265 127
520 297 639 345
605 30 627 1
413 364 441 392
322 273 345 271
580 418 595 424
112 124 124 125
567 348 591 351
440 353 454 356
420 450 441 451
466 246 490 204
271 363 312 363
593 175 613 177
190 371 201 372
450 148 451 172
596 43 633 1
534 150 538 129
564 349 602 367
499 401 520 413
556 293 587 304
347 325 363 328
606 329 639 342
321 447 365 444
578 72 603 67
480 427 513 429
349 226 367 230
576 211 630 219
85 131 85 106
517 370 551 375
21 313 39 317
483 290 524 331
484 167 531 161
252 410 276 409
392 93 406 88
513 217 526 220
174 376 187 377
506 139 555 89
275 278 285 275
21 340 38 345
499 291 574 322
580 65 593 60
451 471 457 442
79 231 80 202
536 215 588 273
316 223 327 220
373 107 389 105
461 353 477 354
319 390 352 349
175 454 192 451
457 120 472 116
486 151 538 87
568 245 583 243
379 102 447 70
240 229 253 227
145 341 195 326
331 196 342 195
73 361 145 331
267 236 292 233
175 378 191 379
622 466 638 467
251 258 279 265
18 292 28 288
84 340 85 299
312 325 324 329
466 423 481 423
299 393 310 382
82 141 100 154
572 220 599 225
508 395 545 419
542 155 576 156
576 433 590 433
611 169 631 166
522 420 535 420
455 130 479 123
585 216 639 227
603 146 625 147
605 183 625 187
575 177 638 156
322 448 360 401
610 252 639 240
513 176 565 183
597 22 618 1
176 124 194 122
188 215 208 207
274 78 279 91
223 453 240 452
306 183 334 215
103 225 121 218
478 139 500 117
531 270 549 275
277 415 289 417
27 269 45 272
601 19 609 4
24 126 38 128
448 355 478 385
383 327 407 331
503 353 534 367
578 87 639 79
501 314 582 318
529 132 562 54
576 333 613 350
363 202 379 206
532 173 535 163
607 474 621 477
239 212 239 240
173 155 184 160
503 281 538 281
570 204 626 190
250 170 274 178
586 127 610 127
516 216 530 202
354 384 410 381
330 147 342 144
76 267 87 270
541 242 573 250
444 319 487 346
599 151 634 151
278 68 284 81
420 162 421 186
344 432 361 433
2 254 12 256
468 122 479 122
273 449 306 417
484 342 527 361
440 367 461 373
482 351 483 341
298 196 327 221
484 266 487 243
159 347 191 345
200 180 238 196
363 298 368 285
438 48 516 76
336 403 375 407
148 124 168 125
0 357 11 353
563 185 589 189
347 235 366 243
401 174 439 196
474 173 501 146
469 220 490 222
17 280 38 272
235 197 265 195
344 366 358 366
242 275 266 284
325 427 367 455
380 320 416 323
468 358 482 361
281 127 295 120
555 275 582 283
231 301 245 305
475 421 499 422
255 151 267 154
469 372 495 380
404 268 414 267
620 125 637 125
510 192 535 148
606 276 618 280
512 297 519 279
163 356 176 359
124 361 144 363
315 432 326 434
396 373 411 348
440 372 467 379
121 469 166 450
454 211 465 200
112 129 124 129
590 75 605 74
594 228 621 233
272 133 298 127
454 409 465 407
372 301 384 300
336 393 349 394
499 309 534 332
515 333 534 333
333 339 364 338
554 150 600 114
251 173 266 191
483 300 493 298
560 300 571 301
513 231 540 223
322 360 332 360
571 175 620 158
22 144 40 143
553 270 633 261
33 149 36 88
414 348 426 350
352 90 436 49
74 357 102 351
208 225 244 230
225 455 232 401
441 411 474 413
507 119 517 109
126 371 140 372
515 193 538 197
230 260 240 262
54 210 81 202
414 237 429 235
580 67 638 42
61 200 78 207
4 55 27 75
576 471 595 477
196 303 207 306
510 181 547 183
605 345 625 346
480 291 503 293
376 261 388 266
608 94 623 90
364 361 403 355
485 287 549 285
629 233 639 233
365 280 396 314
25 214 37 221
476 345 488 357
197 135 208 136
486 205 523 204
60 307 76 312
395 180 405 175
500 274 513 276
261 215 284 207
504 353 523 356
230 421 254 422
227 131 250 130
599 460 633 464
443 456 453 478
16 373 37 369
331 146 346 138
244 290 272 294
262 214 291 231
147 129 166 130
416 418 446 419
240 84 243 22
520 404 546 411
292 435 303 421
498 325 552 366
236 166 267 177
623 163 631 248
582 313 592 313
483 345 518 367
38 129 54 128
454 130 454 103
357 355 365 345
460 359 479 367
68 114 79 117
245 308 256 308
558 84 574 79
549 245 588 256
517 295 548 291
250 349 288 375
277 186 319 229
446 185 447 208
446 345 458 351
248 127 270 145
120 163 121 130
562 114 607 105
168 353 178 353
315 313 325 315
626 416 639 415
378 429 392 476
513 167 521 147
268 83 279 114
566 430 590 432
182 356 210 355
341 388 384 386
373 302 384 303
275 379 305 377
569 282 587 309
237 32 237 0
250 314 251 333
113 165 133 160
234 378 255 357
516 321 570 333
228 126 255 94
234 319 237 336
335 300 346 290
237 98 265 113
619 49 625 33
273 244 291 246
330 149 344 152
534 237 549 239
188 259 188 212
384 198 402 212
249 191 307 175
221 160 239 153
29 226 39 227
510 422 520 423
352 245 368 246
322 281 345 274
617 80 631 75
246 369 269 383
408 334 419 337
443 261 444 314
329 335 364 337
569 246 604 245
626 69 636 66
438 463 441 452
459 447 479 454
386 263 437 256
570 368 590 367
466 171 478 159
363 268 409 263
440 352 475 367
334 418 383 421
343 333 357 315
469 138 483 135
450 268 451 315
48 147 58 146
116 373 144 379
481 467 497 469
352 230 369 222
587 106 601 105
352 95 364 110
320 283 363 310
266 443 279 444
191 346 191 325
509 121 548 135
380 305 390 310
587 73 603 68
242 276 258 264
552 158 635 158
211 265 222 257
241 165 263 157
196 214 217 209
366 351 385 358
499 334 519 337
266 249 299 236
28 413 28 399
318 270 346 286
564 15 584 3
261 382 264 350
601 20 639 6
20 352 55 354
260 389 281 366
219 192 239 183
531 268 548 272
224 239 238 228
271 373 293 374
34 350 34 339
549 204 572 207
228 268 242 267
254 184 255 174
219 163 239 157
453 157 467 158
504 168 520 146
28 374 31 306
223 203 243 214
269 231 287 230
539 130 608 129
534 116 547 98
222 204 243 204
542 307 545 332
141 126 153 129
186 119 198 119
19 294 62 293
528 412 555 415
593 305 627 304
21 373 61 358
279 132 292 133
592 296 592 282
440 117 477 110
278 136 288 137
605 432 631 435
240 259 253 269
269 83 270 73
593 253 594 220
453 338 464 348
189 197 210 213
335 139 354 138
277 174 289 178
516 225 579 224
639 141 639 116
513 468 529 471
254 451 272 449
305 290 324 275
270 219 313 215
609 418 631 427
515 199 536 201
474 85 509 98
251 147 298 131
498 340 506 381
190 208 205 219
530 207 541 207
540 411 563 434
588 120 615 78
510 129 518 117
24 83 38 94
339 255 362 255
581 282 618 281
568 466 583 467
240 336 250 343
592 161 622 150
498 288 508 288
217 352 230 352
44 268 56 268
247 379 270 357
607 152 628 153
353 238 362 262
382 236 403 243
260 304 273 304
100 332 123 335
471 226 493 212
445 457 469 459
242 295 278 295
456 449 469 451
46 89 181 117
618 212 639 216
609 411 612 422
85 268 85 241
266 258 278 266
449 324 453 337
229 213 251 228
510 130 554 67
280 196 312 178
159 366 194 366
241 272 241 282
83 132 104 138
548 127 574 126
547 453 579 474
505 276 549 293
483 377 497 382
308 377 318 376
550 201 576 205
436 93 448 90
181 385 212 386
590 150 617 145
241 390 284 352
550 206 582 210
559 397 634 442
472 257 487 260
593 24 609 18
29 409 29 395
557 230 621 244
313 314 348 320
420 453 441 453
566 377 576 378
344 451 358 451
473 134 492 115
471 233 499 239
399 236 404 261
370 178 384 182
554 151 589 153
198 98 201 115
564 229 579 227
451 163 477 159
529 227 556 269
579 89 609 73
612 136 638 131
196 301 206 303
539 129 550 123
474 342 486 342
108 299 119 302
93 147 133 157
399 360 404 371
290 439 307 417
324 367 340 372
572 231 600 238
627 381 639 383
96 149 116 147
363 203 401 215
249 13 260 22
29 227 41 232
385 95 395 94
605 275 617 279
309 211 321 207
367 442 381 442
568 205 582 207
251 41 271 21
494 173 505 156
516 203 529 190
148 118 159 118
458 326 474 330
586 285 618 307
187 343 187 296
449 77 459 73
228 4 256 34
266 413 292 411
348 322 364 334
361 420 386 416
583 187 595 181
582 347 596 358
468 339 490 332
515 354 550 345
273 276 289 283
290 112 298 124
496 196 502 179
571 115 584 112
566 195 586 191
518 164 542 165
322 449 353 447
517 271 540 278
591 240 605 243
477 445 491 445
299 222 309 216
318 311 345 288
509 468 517 479
530 253 534 268
344 400 372 406
231 252 257 235
378 237 400 218
501 316 533 319
327 426 359 426
626 386 627 404
272 78 289 66
534 329 570 327
329 193 345 198
594 103 613 70
621 327 639 328
174 455 211 448
535 466 545 467
339 157 358 146
497 172 521 206
507 273 539 283
22 374 43 372
516 188 549 187
172 162 184 165
565 341 590 341
126 358 167 360
491 434 505 436
21 309 48 304
63 225 73 221
282 209 293 213
350 384 364 364
554 91 620 114
601 421 611 420
250 168 266 161
453 164 481 169
608 131 635 131
383 428 393 427
280 166 306 191
209 237 235 235
193 168 204 166
409 172 419 187
452 332 464 333
511 76 530 73
577 19 622 0
550 463 561 464
292 169 322 205
447 331 458 327
581 145 618 143
374 265 403 261
577 264 588 265
373 120 389 113
419 368 434 367
355 222 370 226
530 338 543 356
427 166 440 168
588 413 602 411
380 323 394 327
245 292 247 259
45 130 66 130
507 193 523 156
440 112 453 108
469 374 486 379
313 442 336 442
320 153 340 152
628 51 629 75
320 154 331 158
505 148 520 147
308 226 325 226
231 415 243 417
535 150 538 192
606 237 617 240
589 359 606 355
523 309 537 323
413 412 483 416
257 249 289 234
172 164 184 167
377 312 400 328
323 428 333 428
466 361 482 367
199 146 211 148
591 281 605 286
67 291 77 291
415 288 415 314
609 227 624 231
15 104 34 108
613 407 633 411
322 452 339 454
225 248 249 249
502 338 503 348
609 360 619 367
558 259 570 262
523 289 555 289
188 128 203 125
579 368 599 368
47 152 114 162
229 441 283 441
594 290 605 291
623 99 636 97
401 184 405 171
316 200 336 200
17 239 39 252
144 195 169 198
394 369 404 369
588 102 638 100
199 147 215 152
22 149 52 150
557 257 574 253
181 364 242 364
250 157 291 198
129 355 146 353
114 373 131 377
430 383 441 381
303 320 325 325
576 298 592 298
29 233 43 229
253 118 270 101
558 278 591 288
580 64 605 53
205 276 215 269
403 364 448 378
364 291 379 296
605 97 625 91
233 142 258 118
327 394 338 380
443 224 455 233
493 338 507 338
15 81 26 84
6 64 27 71
251 116 272 112
497 305 530 308
149 294 161 297
582 21 615 9
589 68 606 58
84 278 97 277
637 146 637 136
560 246 579 242
276 350 299 355
426 472 434 441
593 327 605 329
402 199 425 194
267 350 268 364
248 419 267 422
344 260 362 257
468 346 484 347
367 105 385 96
371 359 389 367
611 28 639 13
291 197 324 185
211 394 225 393
525 85 529 123
376 260 393 256
195 169 208 170
522 428 532 432
482 170 497 171
549 354 556 332
232 368 265 370
74 289 76 248
572 271 589 273
18 317 39 313
402 229 424 236
595 38 609 33
270 269 288 280
65 217 87 203
379 232 403 242
564 201 603 195
356 454 370 453
529 137 544 138
601 273 617 277
231 2 239 12
309 325 322 329
297 206 316 211
591 342 613 315
269 110 273 84
571 28 583 24
223 195 246 183
576 18 617 0
253 283 265 286
488 144 504 149
301 182 314 186
322 431 335 430
445 219 455 221
555 307 575 320
378 183 390 180
247 177 273 187
567 77 591 71
620 377 631 385
342 412 364 409
355 241 361 251
390 347 410 353
424 209 448 206
50 353 69 353
607 476 627 479
613 52 628 35
225 247 241 239
380 324 401 296
531 204 577 250
462 215 473 201
492 344 494 357
606 436 620 440
246 16 255 31
487 282 515 284
348 372 367 371
466 212 496 220
591 332 603 320
403 237 404 286
626 421 638 422
349 453 381 448
534 376 558 369
252 7 264 27
574 14 601 1
529 134 556 134
275 286 290 293
502 359 515 358
400 115 427 104
413 283 431 284
407 87 447 68
280 193 300 193
556 147 612 155
63 243 75 238
444 223 455 229
531 295 545 293
319 196 326 222
413 232 418 242
171 132 210 107
23 370 33 355
365 347 384 349
545 453 562 455
266 127 287 128
626 256 637 265
225 230 242 242
119 114 119 102
592 429 612 427
242 390 254 390
515 89 550 85
566 435 583 435
247 223 253 198
511 417 521 419
563 123 578 120
282 204 301 209
560 14 586 0
229 457 231 444
132 131 149 136
259 222 295 244
9 413 32 414
442 231 455 235
448 128 476 128
214 386 226 386
373 176 394 197
261 131 275 137
437 240 455 218
379 317 402 315
98 335 109 334
171 389 197 392
77 230 88 225
226 197 245 195
272 233 274 201
7 400 25 391
494 289 529 290
485 468 512 474
604 48 612 23
179 353 196 353
199 208 209 208
617 471 629 478
110 278 120 280
396 184 429 166
459 145 470 145
368 133 378 128
588 283 607 293
353 229 366 218
318 276 329 282
572 141 638 141
467 399 491 396
544 192 585 189
505 144 517 143
159 363 170 363
380 369 392 374
83 299 116 302
43 273 56 267
133 164 146 167
50 146 91 154
256 263 258 238
201 147 215 151
344 318 358 329
518 418 555 417
316 331 362 342
330 273 344 281
245 27 259 31
117 272 117 254
183 383 226 385
302 206 320 224
492 229 494 206
530 204 558 212
264 182 278 177
378 204 403 194
420 102 424 88
278 198 288 196
257 414 267 410
591 66 604 64
495 371 506 375
440 354 458 366
235 19 237 88
440 114 450 111
529 229 540 227
593 21 627 7
502 169 519 191
16 272 41 276
51 136 73 134
509 395 523 401
385 246 405 248
503 260 524 267
350 149 359 160
89 140 113 140
595 308 614 308
418 333 462 349
467 252 477 255
568 263 596 269
231 200 242 200
359 111 362 133
575 149 589 149
422 192 438 196
322 432 342 434
357 100 380 123
639 298 639 258
207 293 220 289
273 275 284 275
513 413 533 412
430 446 488 438
336 306 363 300
428 380 447 377
173 154 184 157
504 181 519 198
633 145 633 135
279 116 293 127
24 124 37 125
454 174 500 129
504 419 517 419
279 129 298 130
484 301 484 321
468 360 492 368
272 446 298 416
497 396 512 405
503 301 515 313
401 117 448 99
443 256 455 253
27 244 46 249
306 301 325 309
197 452 217 452
295 177 314 184
467 448 490 452
288 118 293 129
579 275 582 258
290 231 296 243
596 340 639 347
3 357 18 357
312 219 322 212
493 123 516 138
58 155 68 154
388 289 401 298
601 96 619 66
620 387 620 373
249 180 250 205
242 274 260 281
385 198 402 206
504 94 516 93
28 241 66 216
618 469 633 475
380 290 401 288
433 106 445 115
617 33 637 24
418 458 449 464
337 367 349 361
512 341 552 340
142 343 157 340
371 454 386 452
611 186 621 187
534 397 552 395
468 359 481 361
406 181 419 182
556 407 578 413
447 128 465 116
616 300 628 303
453 365 454 330
550 184 562 168
371 361 385 367
361 210 361 234
235 382 246 372
560 342 588 342
499 343 519 347
602 190 628 200
552 259 566 256
563 176 577 178
248 225 259 238
61 334 82 335
223 327 238 328
580 209 590 203
187 201 215 218
242 69 244 53
416 350 432 350
620 22 639 4
313 199 336 198
558 268 582 288
358 114 373 108
289 16 291 1
470 117 491 117
251 149 280 154
518 195 537 199
185 115 213 111
21 311 39 310
422 223 433 226
604 184 606 222
11 367 22 361
148 341 159 339
385 320 391 332
369 357 376 382
552 160 576 162
301 293 318 293
539 70 539 83
440 359 469 371
493 276 495 293
71 373 85 366
161 123 181 125
239 31 239 3
333 149 359 151
29 258 39 254
458 132 472 132
622 119 633 116
82 158 118 152
621 405 639 408
237 95 269 136
321 299 332 300
83 309 85 275
21 317 39 318
551 225 564 228
543 221 555 219
614 48 637 43
226 455 227 444
226 443 257 443
467 85 479 80
237 377 254 377
172 163 187 172
262 222 264 203
298 174 319 180
537 93 553 90
514 203 519 192
338 138 361 129
567 313 569 302
29 254 43 251
243 286 260 289
276 211 297 211
452 126 486 126
569 14 601 0
257 179 275 185
258 169 260 156
362 196 376 201
62 247 76 242
301 409 316 410
466 81 471 114
240 216 261 209
176 130 186 132
284 15 285 3
199 303 250 340
493 165 503 128
267 312 268 294
554 468 571 470
234 268 246 269
518 330 553 327
212 255 249 242
212 262 240 260
264 379 278 376
366 131 376 127
563 417 573 420
70 211 96 203
448 454 469 458
465 244 488 251
436 95 448 93
437 455 457 476
554 138 583 121
364 286 385 282
388 310 401 295
535 239 567 231
235 301 256 305
553 216 564 218
523 357 534 358
492 180 513 152
280 371 296 355
524 313 556 320
216 191 239 192
22 146 24 107
550 306 574 310
77 351 124 334
577 333 595 332
388 318 402 316
538 261 553 266
507 227 521 227
149 377 164 377
558 277 597 304
466 228 475 215
440 364 451 365
238 365 251 354
597 137 611 136
537 255 569 269
367 414 380 420
229 290 244 278
525 303 547 294
275 284 288 284
383 323 401 302
319 205 334 199
616 219 626 221
417 389 433 388
265 5 271 20
334 436 352 440
634 231 634 214
441 437 462 438
29 251 60 245
113 384 114 355
344 345 363 353
570 310 574 285
338 450 357 450
611 268 625 263
17 287 36 291
503 308 540 315
541 411 562 412
524 191 534 183
351 232 366 237
244 165 257 169
610 112 612 100
509 124 524 119
225 224 241 219
585 139 627 139
554 173 565 175
512 328 549 347
457 294 458 330
406 325 416 328
603 346 613 352
445 333 452 323
633 91 633 65
87 117 113 123
174 152 185 148
237 101 247 110
595 307 610 315
202 353 214 360
570 185 590 187
564 357 580 361
23 373 35 375
328 351 342 332
275 91 276 67
158 454 188 441
285 118 296 118
59 378 76 379
242 279 267 286
338 368 348 335
499 272 524 268
305 299 329 277
536 117 547 104
186 122 196 123
568 271 587 277
7 396 22 397
373 355 407 348
544 290 545 318
517 294 547 298
360 108 371 102
470 140 501 140
272 129 280 140
554 141 568 135
222 454 236 453
13 366 37 354
245 128 284 121
242 240 254 250
173 173 192 178
217 231 232 231
396 415 403 404
584 138 597 136
17 410 35 410
559 379 581 381
599 133 625 114
549 169 563 172
626 67 638 63
287 389 333 385
341 140 367 131
254 9 262 19
564 225 588 230
559 395 559 413
19 194 20 178
454 157 470 148
636 109 637 77
385 193 403 208
382 205 392 224
496 158 496 174
37 107 37 96
309 382 331 381
593 204 613 208
405 238 421 243
469 216 485 245
600 197 602 228
304 366 314 367
613 156 623 156
551 116 570 107
491 89 502 85
580 420 593 437
519 262 536 268
238 358 241 328
551 428 563 432
435 460 456 461
281 247 292 239
277 0 281 15
564 210 578 212
482 371 495 376
195 304 212 296
575 256 595 264
593 225 621 222
594 31 638 15
486 344 498 345
193 201 204 199
524 165 530 146
373 429 392 430
276 90 282 60
548 465 570 475
17 241 34 251
193 174 207 169
614 415 635 420
350 21 351 45
536 463 564 474
507 201 521 201
352 91 364 90
605 260 613 277
592 0 593 14
252 283 272 300
360 109 373 106
379 233 391 221
258 176 259 192
485 280 506 302
449 247 460 254
458 334 482 341
619 108 638 104
558 159 569 160
416 381 432 387
482 260 493 259
25 260 35 262
571 294 590 292
634 129 634 91
277 114 299 112
327 194 337 197
587 99 607 93
413 383 418 368
551 200 568 202
20 194 38 199
478 224 486 204
370 431 385 440
504 191 515 192
347 440 370 455
391 217 410 222
268 140 283 159
54 220 54 204
351 228 369 219
605 180 609 214
224 244 240 236
77 219 77 202
392 459 394 438
363 188 374 182
448 210 458 199
526 343 535 354
513 125 533 108
312 209 323 202
588 337 603 337
277 172 322 222
277 112 299 109
620 322 637 319
614 423 627 424
492 237 505 235
553 142 604 142
395 221 411 226
586 154 605 155
477 146 493 146
427 471 431 457
626 59 636 49
447 451 456 474
373 183 375 161
594 250 618 245
512 404 529 407
510 272 524 270
629 385 635 397
71 364 89 356
605 179 619 180
200 97 217 115
327 367 346 355
604 355 619 366
228 183 245 175
258 382 276 366
465 452 475 454
381 459 398 472
529 220 566 259
231 140 241 138
293 203 303 198
376 402 388 402
25 322 39 320
570 398 586 418
570 319 574 296
361 100 363 110
435 408 449 407
448 400 458 400
103 350 113 348
569 28 605 13
51 363 61 361
103 223 121 225
239 209 266 222
566 159 576 144
472 415 490 424
394 385 401 367
481 111 482 127
193 214 211 229
387 120 398 116
417 225 435 219
627 383 630 398
548 236 581 234
381 210 397 209
230 171 264 159
230 186 245 178
231 354 256 359
236 189 250 184
563 171 605 175
599 365 613 366
352 332 364 333
101 136 116 148
195 166 208 164
79 340 89 339
474 448 500 452
437 243 448 242
617 329 620 342
95 378 129 382
344 377 367 383
467 83 479 78
322 157 335 151
485 444 505 443
309 286 319 272
320 466 331 464
548 273 561 271
385 252 413 221
445 336 452 325
563 125 574 121
584 356 599 354
486 259 488 241
266 4 280 17
538 113 546 102
534 351 547 353
459 136 478 133
263 154 274 154
302 327 323 309
28 57 31 0
344 253 356 251
445 191 448 162
406 93 419 87
288 15 289 0
589 90 600 90
271 121 287 107
273 414 292 414
80 149 113 142
225 244 239 252
167 170 177 160
587 418 603 426
196 201 206 201
616 246 634 250
37 135 39 109
585 268 606 275
563 349 580 366
78 269 78 249
116 352 136 352
595 171 605 169
487 455 503 455
423 448 427 459
41 355 56 358
595 309 638 338
53 375 63 369
309 294 328 304
216 158 239 162
234 137 236 118
450 144 461 140
607 341 639 335
471 225 501 235
471 228 492 225
457 363 468 365
21 308 36 309
40 308 61 310
406 94 424 92
251 136 268 137
278 186 289 181
423 406 434 405
571 86 608 73
363 200 376 192
29 235 53 226
610 29 629 22
618 118 639 197
4 54 18 62
322 285 335 295
222 190 233 197
502 323 522 328
295 194 306 207
354 175 362 189
257 118 259 135
540 196 566 187
310 319 321 319
272 204 288 192
503 137 505 127
591 418 605 426
499 168 514 169
25 395 35 396
369 372 382 385
123 186 124 164
258 364 273 350
500 396 529 415
280 83 282 73
343 257 361 268
552 316 567 344
550 163 573 165
605 190 607 212
310 433 324 436
614 216 614 188
206 213 222 226
416 219 438 226
592 314 613 322
242 21 246 31
345 431 358 438
19 57 19 75
450 143 472 130
225 249 251 273
635 464 635 440
271 380 299 387
272 224 289 235
42 275 55 278
373 350 386 353
417 337 427 339
280 449 288 430
269 12 297 12
621 324 639 324
537 170 544 154
507 432 516 446
266 25 281 3
364 345 379 348
456 346 467 348
544 125 556 111
17 242 29 238
611 249 615 280
510 88 529 81
564 133 577 127
486 242 499 240
245 300 261 303
613 214 636 218
157 125 168 123
552 367 569 370
244 22 248 33
586 240 603 252
116 360 138 367
499 361 529 367
365 222 368 200
572 147 587 147
26 363 37 360
310 315 320 298
560 146 580 127
252 254 263 247
437 96 448 95
234 377 236 391
400 375 458 374
211 352 268 384
577 286 605 287
150 456 164 456
512 152 522 148
567 330 586 329
296 416 297 433
611 21 623 16
572 85 588 83
550 202 561 204
436 91 446 87
587 413 602 413
593 25 608 19
6 213 23 217
491 450 492 469
20 262 35 268
256 408 267 407
486 266 534 262
603 258 638 256
267 16 279 0
392 206 401 196
387 241 397 245
550 397 552 385
430 190 440 192
508 202 547 210
395 331 415 335
332 273 349 261
452 376 460 388
116 333 117 349
618 399 629 405
348 423 359 429
524 265 529 253
380 280 386 291
493 396 505 410
130 348 147 344
455 117 466 116
71 345 73 326
352 406 354 418
99 153 116 151
550 240 562 243
253 165 265 167
506 193 506 169
470 255 480 258
124 153 138 166
469 134 473 167
33 311 45 311
225 220 235 227
518 111 531 104
267 235 280 244
351 429 361 434
614 123 626 123
614 111 632 96
140 156 151 167
591 188 603 188
389 349 404 353
501 337 514 340
301 285 318 290
21 195 31 198
493 90 503 86
433 454 444 456
196 134 208 135
306 300 318 296
473 158 495 147
385 229 407 222
453 237 466 241
250 158 262 155
199 179 206 168
215 238 225 240
72 369 75 356
411 381 423 386
27 369 50 355
467 162 479 163
215 448 220 422
561 298 571 300
16 50 16 71
310 426 323 427
199 216 209 221
601 49 618 44
250 15 258 25
123 144 124 126
264 263 274 266
251 262 261 265
575 182 585 182
101 132 113 141
375 182 385 184
163 381 182 362
322 374 341 381
191 49 191 85
633 333 636 349
196 32 234 0
33 359 47 358
531 347 543 347
365 202 377 197
587 170 610 163
24 197 38 201
525 275 545 272
526 322 539 322
218 320 232 326
461 354 475 357
77 229 95 222
195 176 225 195
561 165 570 151
504 264 519 263
463 239 517 229
494 179 532 186
321 446 336 444
231 348 233 370
342 321 357 324
514 175 528 176
200 137 210 138
252 234 252 250
501 315 516 332
602 57 623 45
264 300 266 285
471 367 481 375
101 135 111 137
626 80 639 74
470 261 491 268
25 319 36 319
326 275 337 309
206 276 231 270
560 203 560 168
355 418 355 408
431 228 441 238
360 400 374 404
192 369 205 359
443 124 463 124
582 180 592 181
399 192 407 202
121 235 121 209
344 133 355 130
476 446 504 445
516 214 526 224
597 48 623 32
447 197 485 204
307 7 348 20
618 395 634 397
576 14 591 7
464 241 478 239
375 241 386 239
460 327 470 331
269 225 296 216
605 213 624 215
617 138 627 138
546 88 571 81
376 101 388 99
299 288 315 277
134 140 146 145
621 392 633 398
592 128 603 123
252 357 273 366
613 111 633 107
469 373 480 373
229 207 242 203
318 340 346 364
229 226 250 218
8 415 30 401
517 78 530 74
504 470 523 471
476 440 490 439
274 176 288 170
304 368 326 376
118 237 132 232
427 81 445 72
310 415 327 424
502 277 537 290
357 425 359 436
116 369 129 359
502 396 512 403
233 325 237 298
518 182 530 184
390 471 400 471
274 287 288 285
87 219 87 204
563 219 577 222
556 339 561 316
470 200 487 204
472 385 507 381
244 341 255 329
480 290 528 292
582 19 598 13
259 351 262 386
529 133 530 143
140 148 151 146
478 147 488 147
505 138 515 133
222 410 233 340
583 65 598 62
474 249 488 253
534 418 555 420
217 117 230 131
601 358 617 362
556 234 569 233
448 234 450 266
227 238 242 226
318 331 343 335
555 466 568 468
191 99 208 117
544 220 560 223
470 361 488 364
34 234 35 249
514 298 527 297
359 182 359 152
616 74 626 70
597 49 607 46
357 186 357 173
328 303 347 301
207 297 230 292
452 349 462 350
505 311 517 312
348 224 361 239
418 459 429 462
611 426 623 432
122 164 137 166
311 418 327 409
490 132 495 119
441 461 455 464
273 249 289 239
518 213 552 247
182 443 205 445
625 41 631 11
228 457 245 457
581 424 602 424
572 321 602 319
197 107 209 106
412 366 424 366
537 215 552 218
334 274 346 280
369 449 384 451
516 226 539 237
480 150 497 148
503 145 519 145
23 215 38 212
93 295 114 301
253 14 264 19
196 117 212 115
257 407 258 419
382 302 394 311
316 337 335 315
123 234 134 229
345 293 348 304
436 92 448 87
242 426 256 411
612 272 626 277
594 117 623 74
613 26 632 15
21 168 21 156
623 425 637 440
586 14 601 2
537 217 547 219
525 167 561 172
551 464 561 465
523 91 536 88
243 70 244 56
290 292 301 283
543 87 549 73
376 374 381 363
501 475 511 479
615 1 616 21
324 310 345 308
588 350 599 351
219 252 241 243
87 250 87 268
27 320 39 316
521 121 534 121
74 380 87 372
258 362 272 350
437 251 451 256
503 280 513 280
416 287 427 286
21 344 38 341
553 77 554 66
625 273 636 276
356 250 364 269
345 415 359 413
605 321 611 304
217 213 229 220
611 183 622 183
328 161 342 150
282 78 287 53
73 380 84 373
503 188 516 190
510 95 519 129
514 430 527 428
263 178 274 180
626 56 636 55
421 102 424 91
508 95 522 86
426 79 451 75
575 216 603 222
418 112 419 161
383 215 385 228
545 125 558 125
86 157 86 134
620 104 637 99
557 274 573 278
412 339 422 339
458 375 467 385
278 190 279 178
636 277 636 263
70 380 88 369
577 410 596 410
221 276 232 279
374 351 386 354
246 180 261 187
380 319 390 319
533 306 544 314
605 54 627 51
145 363 155 363
372 439 384 441
522 449 545 455
544 333 563 333
38 335 39 322
230 229 240 225
588 95 622 87
461 440 474 438
546 228 546 242
503 157 519 158
467 152 477 153
270 84 272 69
438 97 465 108
32 368 51 366
410 260 413 276
318 329 330 319
467 249 479 253
614 424 627 426
638 231 638 218
178 200 189 199
488 131 500 131
252 8 264 15
526 316 536 318
418 383 432 389
167 119 177 119
314 373 324 376
569 248 590 246
568 163 582 164
285 77 287 57
334 422 346 425
579 299 606 300
340 253 361 250
270 312 270 294
327 294 339 297
286 115 297 115
527 172 556 169
461 125 490 114
460 159 470 154
279 232 289 227
604 208 636 214
452 368 472 370
515 272 529 275
529 469 540 469
591 200 602 198
590 196 595 177
173 149 184 156
583 308 600 310
450 407 463 410
148 119 158 119
372 430 395 439
82 322 82 336
263 148 276 142
482 116 495 116
373 297 396 307
277 292 292 296
536 229 546 262
118 235 133 229
562 175 573 171
488 458 501 460
267 255 279 246
534 142 547 129
616 29 626 25
502 421 503 435
638 298 638 281
32 334 32 323
7 53 20 60
574 118 592 118
251 137 263 147
612 87 627 85
285 434 295 434
203 103 209 113
597 55 608 54
508 350 519 352
314 302 325 302
592 140 595 155
447 349 461 366
147 114 159 125
402 318 411 330
84 378 94 372
117 283 117 273
377 282 384 293
612 92 623 89
554 430 568 432
522 79 538 74
605 148 639 148
510 277 522 276
221 207 225 193
609 229 621 232
574 106 589 104
212 287 226 294
377 437 388 439
356 411 370 418
531 253 544 259
544 308 566 306
501 167 512 153
561 188 584 181
357 300 357 323
616 469 632 476
350 402 366 399
597 111 618 107
233 337 250 342
239 97 239 85
178 328 189 326
250 131 250 146
455 262 455 203
476 452 489 454
364 292 365 278
467 261 482 266
510 268 524 272
310 217 324 217
581 360 601 350
521 99 535 93
621 406 621 388
11 360 35 336
53 88 53 104
497 447 504 458
250 372 260 371
321 390 332 395
501 474 511 478
251 10 251 20
593 64 607 56
387 75 404 88
459 144 476 139
433 108 447 101
513 159 519 146
589 381 602 382
290 172 300 173
455 414 461 425
587 78 597 76
52 110 65 114
72 363 83 358
230 419 247 416
11 366 23 368
533 114 545 109
271 18 288 0
265 217 277 210
469 426 479 426
345 140 358 141
595 225 599 246
298 327 322 306
65 391 85 393
372 268 381 247
204 222 214 228
456 331 470 333
273 3 276 15
248 294 267 294
553 154 572 155
470 223 484 223
400 416 411 417
319 281 343 263
331 152 341 153
604 411 615 409
93 158 112 161
25 296 26 278
551 193 563 193
236 106 253 105
411 173 422 175
522 202 531 181
517 111 532 103
33 288 44 288
602 107 613 105
621 11 633 6
565 422 576 420
365 101 373 112
202 232 218 224
428 457 433 473
506 395 519 394
390 320 404 327
567 284 581 288
282 247 297 237
251 141 269 134
106 225 117 220
262 20 272 4
627 76 639 70
511 273 526 278
224 380 228 356
513 173 536 175
266 225 293 212
253 413 266 410
537 209 554 212
49 310 65 312
207 369 220 356
478 65 479 87
526 282 542 282
571 402 582 409
472 439 484 449
577 214 602 218
465 367 484 362
356 256 366 248
376 103 388 101
268 145 281 146
565 259 583 263
225 279 235 274
610 478 620 479
53 137 55 92
437 275 437 232
413 185 425 187
510 324 520 324
70 200 81 206
546 216 556 217
258 214 273 209
536 132 549 132
6 317 18 318
610 314 620 316
597 301 610 311
509 410 523 410
576 146 587 146
578 117 592 117
563 233 578 236
116 310 116 297
623 133 624 110
253 257 273 243
387 226 387 238
580 115 596 111
604 145 607 134
237 110 251 108
496 193 496 180
270 248 271 235
475 363 486 365
495 284 505 284
293 428 300 417
281 368 293 367
236 173 255 163
120 292 134 294
593 23 612 14
611 258 629 260
385 202 397 211
267 446 281 443
630 99 630 129
591 459 601 463
478 229 490 233
474 415 491 424
352 84 352 99
40 250 52 244
481 161 493 162
629 155 639 153
565 277 576 280
252 197 263 192
469 127 480 123
490 218 501 225
346 324 364 326
236 187 246 182
620 72 630 71
325 429 335 429
126 372 141 376
420 110 435 105
564 135 580 128
6 51 27 64
562 189 573 186
567 12 579 9
531 323 541 323
274 366 288 372
563 12 575 0
614 110 617 92
483 170 500 162
387 96 388 77
353 443 363 443
356 408 376 417
622 128 636 128
459 208 472 208
90 351 103 348
163 368 184 368
197 111 203 101
491 264 508 269
432 472 444 477
601 309 615 311
569 8 585 0
326 297 336 298
608 252 621 249
534 200 544 193
639 94 639 71
587 420 598 421
234 120 243 110
560 220 572 222
519 291 530 291
334 432 334 421
447 441 458 452
473 133 492 122
254 319 273 306
377 248 389 252
246 456 256 456
607 9 626 0
604 330 622 336
551 223 562 226
188 260 188 280
513 319 526 314
84 145 102 146
509 88 522 80
551 168 551 156
580 326 594 328
584 321 600 322
76 373 87 366
420 445 422 475
608 195 624 193
277 113 300 110
379 97 391 96
316 222 327 217
275 214 285 223
441 474 459 476
620 30 624 17
424 421 438 422
522 91 536 91
567 76 580 72
239 250 251 243
462 106 475 103
281 385 292 396
190 110 207 108
204 299 219 291
558 187 568 194
582 330 595 330
632 276 632 263
324 326 334 328
434 455 447 455
270 373 271 383
567 276 570 289
465 222 476 218
239 143 239 156
589 125 603 124
545 338 559 339
592 7 608 0
254 131 264 131
569 190 584 185
384 427 390 417
504 322 504 345
116 367 116 355
628 18 638 13
443 438 455 437
396 201 396 176
328 443 330 432
222 199 234 197
631 338 631 325
605 293 615 294
577 196 603 194
360 446 371 446
546 335 570 335
596 81 609 78
244 337 256 329
554 261 566 265
236 112 251 111
449 467 454 478
539 254 553 257
470 348 480 351
332 147 343 144
473 250 489 255
298 286 313 303
24 367 43 371
128 370 128 351
215 236 238 227
574 210 592 212
68 116 68 127
348 131 363 130
348 364 363 370
545 250 560 254
612 266 631 258
189 344 189 328
501 141 516 142
284 127 301 120
559 384 559 370
126 370 126 351
441 454 454 460
448 166 460 167
588 96 607 92
541 261 551 264
249 22 262 27
514 308 526 311
229 209 239 206
69 158 81 160
30 248 31 229
623 98 636 85
23 239 37 234
460 446 466 456
557 338 568 336
134 131 134 110
629 45 629 58
623 194 623 209
381 436 391 438
615 268 630 272
350 233 366 240
588 88 607 84
328 199 336 211
544 188 555 184
310 421 328 424
29 253 39 255
269 117 280 125
564 212 577 215
253 35 265 20
591 159 603 147
262 152 280 147
287 382 298 392
620 192 620 179
28 141 42 154
328 469 329 456
576 250 584 230
119 316 119 298
121 470 143 462
576 231 599 236
301 287 311 290
230 185 240 193
517 288 540 288
21 346 38 344
436 219 450 219
17 247 18 209
578 18 588 13
400 417 402 407
235 243 251 231
200 380 213 380
531 318 550 320
267 222 282 212
267 212 280 220
572 275 582 279
77 292 77 279
607 45 623 40
522 173 532 163
521 469 534 470
108 374 118 376
36 216 36 203
128 235 141 234
519 205 533 190
86 377 100 379
438 436 448 444
384 323 401 323
586 94 600 87
191 455 203 455
543 82 554 74
572 328 589 328
567 290 580 289
579 91 608 75
576 254 586 257
628 316 638 320
554 259 564 263
88 249 88 226
140 164 150 167
220 421 221 411
579 159 604 159
581 168 591 167
376 117 389 117
382 226 395 220
585 314 596 323
518 156 531 157
118 240 118 221
557 360 573 369
333 331 344 333
547 167 558 157
582 245 596 243
610 43 631 30
501 127 513 121
194 116 211 113
52 246 52 232
529 160 540 160
247 374 265 386
477 238 483 227
198 328 198 343
193 33 233 0
533 83 544 80
486 224 501 234
38 214 38 197
566 216 589 220
39 145 56 153
225 214 236 220
562 344 572 344
621 269 631 271
347 448 362 447
617 27 634 22
605 178 624 179
563 114 574 113
427 171 437 171
445 200 453 210
250 353 269 355
248 286 265 297
183 362 212 362
600 126 610 126
600 339 630 340
480 141 491 141
625 409 635 411
599 301 616 309
457 80 458 59
581 185 600 187
15 353 25 353
30 216 31 196
355 210 355 228
539 304 553 301
570 272 582 278
179 384 197 371
287 392 318 390
615 471 631 478
605 103 621 98
574 153 584 157
238 366 250 345
509 398 525 403
22 292 34 293
80 378 91 370
13 62 27 70
154 375 165 375
395 249 396 232
288 427 295 416
263 262 274 265
460 105 471 108
349 248 356 261
160 327 160 309
530 276 549 281
611 198 627 200
454 476 457 460
265 377 279 366
299 204 313 203
51 358 61 357
409 134 414 118
533 241 551 237
475 220 487 208
594 336 610 337
605 240 621 243
482 296 492 296
422 227 432 225
352 246 369 228
335 385 346 384
272 134 286 134
354 341 364 341
