3.073610839843750000e+02 2.611049804687500000e+02 2.506861572265625000e+02 2.607546691894531250e+02
3.770190734863281250e+02 2.457956237792968750e+02 3.209205627441406250e+02 2.457732238769531250e+02
3.486363220214843750e+02 2.529582824707031250e+02 3.486149902343750000e+02 3.096727905273437500e+02
4.872097396850585938e+01 1.695697021484375000e+01 4.717050552368164062e+01 7.386459350585937500e+01
1.093034667968750000e+02 6.211937332153320312e+01 1.085115966796875000e+02 1.096395950317382812e+02
6.520168781280517578e+00 6.863468933105468750e+01 7.947755813598632812e+00 5.253267288208007812e-01
3.283226013183593750e+02 2.528319396972656250e+02 3.267254638671875000e+02 3.095893249511718750e+02
4.387632446289062500e+02 2.431066131591796875e+02 3.910300903320312500e+02 2.442041320800781250e+02
3.069970397949218750e+02 2.862218322753906250e+02 2.509033966064453125e+02 2.859164428710937500e+02
5.793952941894531250e+01 6.685170173645019531e+00 5.567624664306640625e+01 9.287173461914062500e+01
1.981893615722656250e+02 7.671356797218322754e-01 2.283013153076171875e+02 4.277491378784179688e+01
2.384457702636718750e+02 2.115899848937988281e+01 4.472457885742187500e+02 1.214402961730957031e+01
1.798596382141113281e+01 6.698457002639770508e-01 1.614703750610351562e+01 5.487366104125976562e+01
4.872097396850585938e+01 1.695697021484375000e+01 2.824660301208496094e+01 1.013938188552856445e+00
2.610849304199218750e+02 2.354727630615234375e+02 2.618625488281250000e+02 3.015983276367187500e+02
2.325068969726562500e+02 5.846583247184753418e-01 2.119104614257812500e+02 3.019548034667968750e+02
4.092397766113281250e+02 7.292335510253906250e+01 4.104890747070312500e+02 2.329565429687500000e+01
2.380482330322265625e+02 5.383522796630859375e+01 4.525556030273437500e+02 4.718737792968750000e+01
2.742704467773437500e+02 2.119299774169921875e+02 2.732455139160156250e+02 1.513427276611328125e+02
2.869163818359375000e+02 2.354181518554687500e+02 2.862326660156250000e+02 2.987597656250000000e+02
3.910121154785156250e+02 2.602237548828125000e+02 4.387533874511718750e+02 2.609214477539062500e+02
8.904994201660156250e+01 4.684028625488281250e+01 8.787887573242187500e+01 9.648195648193359375e+01
4.885039062500000000e+02 3.173729858398437500e+02 4.720121459960937500e+02 3.094504394531250000e+02
4.171079101562500000e+02 2.350959320068359375e+02 4.178515930175781250e+02 3.049766845703125000e+02
3.693963317871093750e+02 2.110401916503906250e+02 3.687468261718750000e+02 1.827328186035156250e+02
1.168882446289062500e+02 2.897184753417968750e+02 2.116495666503906250e+02 2.835402221679687500e+02
2.428872833251953125e+02 7.942434692382812500e+01 4.472546081542968750e+02 7.297824859619140625e+01
7.810319519042968750e+01 2.001191864013671875e+02 7.863020324707031250e+01 3.431358337402343750e+02
5.676536254882812500e+02 3.176151428222656250e+02 5.670577392578125000e+02 2.157839660644531250e+02
7.962468266487121582e-01 2.957927856445312500e+02 7.123703002929687500e+01 2.918690795898437500e+02
6.233260498046875000e+02 3.425332641601562500e+02 6.231453247070312500e+02 3.312739562988281250e+02
8.904994201660156250e+01 4.684028625488281250e+01 1.093034667968750000e+02 6.211937332153320312e+01
2.363871002197265625e+02 2.190821533203125000e+02 4.713901367187500000e+02 2.190193786621093750e+02
3.911064453125000000e+02 2.862363891601562500e+02 4.581309509277343750e+02 2.862226867675781250e+02
1.163605575561523438e+02 5.374643707275390625e+01 4.868558502197265625e+01 5.882385969161987305e-01
8.603138923645019531e-01 3.084678039550781250e+02 7.179608154296875000e+01 3.023001403808593750e+02
5.522623291015625000e+02 2.187387847900390625e+02 5.519379272460937500e+02 3.212856140136718750e+02
2.629426574707031250e+02 2.900247192382812500e+01 4.524056701660156250e+02 2.104934310913085938e+01
5.126339111328125000e+02 3.092093811035156250e+02 5.118518371582031250e+02 1.143368682861328125e+02
4.717050552368164062e+01 7.386459350585937500e+01 1.614703750610351562e+01 5.487366104125976562e+01
4.387503356933593750e+02 2.610905151367187500e+02 4.581400146484375000e+02 2.614425659179687500e+02
3.115169067382812500e+02 2.341626586914062500e+02 2.492035827636718750e+02 2.352981872558593750e+02
4.885039062500000000e+02 3.173729858398437500e+02 4.828311767578125000e+02 1.147508087158203125e+02
5.681339111328125000e+02 2.481303710937500000e+02 6.336196289062500000e+02 2.448734741210937500e+02
4.005374755859375000e+02 2.604006958007812500e+02 4.006454772949218750e+02 2.442534790039062500e+02
6.332813110351562500e+02 2.899399414062500000e+02 5.679169311523437500e+02 2.880317077636718750e+02
9.859039306640625000e+01 7.282911539077758789e-01 2.232732391357421875e+02 1.150262298583984375e+02
5.682800292968750000e+02 2.557753601074218750e+02 5.684931030273437500e+02 2.557653350830078125e+02
5.671722412109375000e+02 2.157834167480468750e+02 5.671365356445312500e+02 2.082366638183593750e+02
6.668415665626525879e-01 1.695281982421875000e+02 2.168531799316406250e+02 2.271503143310546875e+02
3.265022583007812500e+02 9.522728323936462402e-01 3.261398010253906250e+02 1.668989944458007812e+01
3.886531982421875000e+02 1.027287602424621582e+00 3.893231201171875000e+02 1.097070007324218750e+02
1.171647567749023438e+02 2.089309997558593750e+02 1.163481903076171875e+02 3.325129394531250000e+02
1.085115966796875000e+02 1.096395950317382812e+02 8.787887573242187500e+01 9.648195648193359375e+01
1.021148071289062500e+02 1.661016540527343750e+02 9.842007446289062500e+01 2.013893432617187500e+02
1.168727111816406250e+02 2.449997558593750000e+02 2.132605285644531250e+02 2.561864929199218750e+02
6.227339477539062500e+02 3.312956237792968750e+02 6.223615112304687500e+02 3.242280883789062500e+02
2.482506408691406250e+02 1.841988220214843750e+02 4.487663269042968750e+02 1.815355682373046875e+02
1.798596382141113281e+01 6.698457002639770508e-01 2.613934326171875000e+01 4.990492343902587891e+00
4.006099853515625000e+02 2.109573669433593750e+02 4.007524414062500000e+02 1.818337860107421875e+02
1.128251190185546875e+02 1.675470581054687500e+02 1.021148071289062500e+02 1.661016540527343750e+02
4.720121459960937500e+02 3.094504394531250000e+02 4.713021240234375000e+02 1.446829071044921875e+02
2.115957489013671875e+02 2.911246643066406250e+02 1.168128280639648438e+02 2.982229614257812500e+02
7.527980208396911621e-01 3.652738647460937500e+02 1.163481903076171875e+02 3.325129394531250000e+02
8.531403541564941406e-01 2.333049163818359375e+02 7.140363311767578125e+01 2.394251098632812500e+02
4.009070739746093750e+02 2.442594757080078125e+02 4.011193542480468750e+02 2.349877777099609375e+02
4.487706298828125000e+02 1.819118804931640625e+02 4.715143127441406250e+02 1.816524810791015625e+02
4.885039062500000000e+02 3.173729858398437500e+02 5.019409790039062500e+02 3.172704772949218750e+02
7.424790859222412109e-01 1.815482788085937500e+02 2.163002777099609375e+02 2.343784332275390625e+02
5.126339111328125000e+02 3.092093811035156250e+02 5.015730590820312500e+02 3.099464721679687500e+02
5.135643920898437500e+02 2.526297607421875000e+02 5.488547363281250000e+02 2.497004089355468750e+02
3.714579772949218750e+02 2.526742248535156250e+02 3.712155151367187500e+02 3.099980773925781250e+02
1.720970153808593750e+02 8.152806758880615234e-01 2.267697448730468750e+02 6.617320251464843750e+01
2.742704467773437500e+02 2.119299774169921875e+02 4.521979064941406250e+02 2.106874694824218750e+02
6.233260498046875000e+02 3.425332641601562500e+02 6.387550048828125000e+02 3.423461303710937500e+02
4.387632446289062500e+02 2.431066131591796875e+02 4.386508178710937500e+02 3.051183776855468750e+02
6.231453247070312500e+02 3.312739562988281250e+02 5.519379272460937500e+02 3.212856140136718750e+02
3.923050231933593750e+02 3.131359863281250000e+02 3.906668701171875000e+02 2.350545043945312500e+02
3.681125488281250000e+02 2.466192626953125000e+01 3.692608032226562500e+02 7.350949096679687500e+01
1.128251190185546875e+02 1.675470581054687500e+02 1.123995285034179688e+02 1.847605438232421875e+02
2.677622795104980469e+01 5.726999664306640625e+01 3.145479202270507812e+01 9.255069732666015625e+00
3.904902343750000000e+02 2.109554443359375000e+02 3.909097290039062500e+02 1.518821868896484375e+02
2.714416809082031250e+02 6.873732757568359375e+01 4.275906372070312500e+02 5.838963317871093750e+01
2.466951141357421875e+02 1.491725463867187500e+02 4.583419799804687500e+02 1.475828399658203125e+02
3.024171447753906250e+02 1.486145477294921875e+02 3.019509582519531250e+02 2.190680389404296875e+02
2.466942901611328125e+02 1.490531005859375000e+02 2.370037078857421875e+02 1.491204223632812500e+02
3.770190734863281250e+02 2.457956237792968750e+02 3.763572692871093750e+02 2.531170806884765625e+02
2.372537078857421875e+02 1.143632125854492188e+02 4.476802062988281250e+02 1.073992691040039062e+02
2.740377197265625000e+02 2.831641235351562500e+02 2.762189331054687500e+02 2.355139007568359375e+02
3.115197753906250000e+02 2.351110076904296875e+02 4.580477600097656250e+02 2.346708679199218750e+02
6.327840576171875000e+02 3.240291748046875000e+02 6.363897094726562500e+02 2.084645843505859375e+02
2.169504699707031250e+02 2.267828063964843750e+02 2.337763824462890625e+02 2.312369537353515625e+02
3.077211303710937500e+02 2.451679840087890625e+02 2.686726684570312500e+02 2.445025329589843750e+02
1.163605575561523438e+02 5.374643707275390625e+01 1.140704650878906250e+02 1.247200469970703125e+02
1.020662994384765625e+02 1.668046875000000000e+02 9.394714355468750000e+01 1.662444610595703125e+02
3.691588134765625000e+02 7.351168060302734375e+01 3.692922973632812500e+02 7.974390411376953125e+01
2.492035827636718750e+02 2.352981872558593750e+02 2.493424224853515625e+02 2.988496093750000000e+02
4.718526611328125000e+02 2.308538970947265625e+02 4.870809326171875000e+02 2.221773834228515625e+02
9.414672851562500000e+01 1.678126220703125000e+02 9.842007446289062500e+01 2.013893432617187500e+02
4.276805419921875000e+02 5.999688720703125000e+01 4.526564331054687500e+02 5.859966659545898438e+01
4.713581237792968750e+02 1.446826782226562500e+02 4.712980346679687500e+02 1.295415496826171875e+02
4.720121459960937500e+02 3.094504394531250000e+02 3.923050231933593750e+02 3.131359863281250000e+02
1.171168212890625000e+02 2.537995452880859375e+02 2.132605285644531250e+02 2.561864929199218750e+02
7.018139958381652832e-01 2.449331512451171875e+02 7.143923950195312500e+01 2.498880310058593750e+02
5.010243530273437500e+02 3.207098388671875000e+02 5.389370117187500000e+02 3.308140869140625000e+02
5.126967773437500000e+02 2.203102874755859375e+02 4.870809326171875000e+02 2.221773834228515625e+02
6.233260498046875000e+02 3.425332641601562500e+02 5.389370117187500000e+02 3.308140869140625000e+02
4.432568969726562500e+02 2.349394378662109375e+02 4.425954895019531250e+02 2.434060058593750000e+02
5.389017944335937500e+02 3.212089538574218750e+02 5.389370117187500000e+02 3.308140869140625000e+02
5.522623291015625000e+02 2.187387847900390625e+02 5.670577392578125000e+02 2.157839660644531250e+02
2.726072998046875000e+02 1.133739395141601562e+02 2.718227233886718750e+02 7.772219848632812500e+01
5.133588867187500000e+02 2.858916625976562500e+02 5.527738037109375000e+02 2.936963195800781250e+02
1.140704650878906250e+02 1.247200469970703125e+02 6.520168781280517578e+00 6.863468933105468750e+01
4.283484497070312500e+02 7.266707611083984375e+01 4.321527709960937500e+02 2.139606857299804688e+01
2.482418975830078125e+02 1.827248229980468750e+02 2.367302551269531250e+02 1.827931060791015625e+02
2.466945037841796875e+02 1.490649414062500000e+02 2.466943511962890625e+02 1.490649414062500000e+02
1.021148071289062500e+02 1.661016540527343750e+02 1.020540237426757812e+02 1.661027069091796875e+02
5.019409790039062500e+02 3.172704772949218750e+02 5.022429809570312500e+02 3.173810424804687500e+02
4.487698974609375000e+02 1.817629852294921875e+02 2.482419586181640625e+02 1.827371826171875000e+02
3.896041870117187500e+02 1.097045364379882812e+02 3.899733581542968750e+02 1.518903808593750000e+02
5.133588867187500000e+02 2.858916625976562500e+02 4.880014343261718750e+02 2.858256225585937500e+02
3.321275634765625000e+02 2.111631164550781250e+02 3.283502502441406250e+02 1.521524810791015625e+02
5.135643920898437500e+02 2.526297607421875000e+02 4.874259948730468750e+02 2.535044860839843750e+02
4.567610473632812500e+02 1.176496734619140625e+02 2.560065307617187500e+02 1.226510391235351562e+02
5.120513305664062500e+02 1.143362731933593750e+02 5.119501037597656250e+02 8.047060394287109375e+01
2.460979614257812500e+02 1.219395904541015625e+02 2.559879608154296875e+02 1.217381896972656250e+02
3.712155151367187500e+02 3.099980773925781250e+02 3.267254638671875000e+02 3.095893249511718750e+02
6.327840576171875000e+02 3.240291748046875000e+02 6.234019775390625000e+02 3.237107849121093750e+02
4.973413467407226562e+01 1.544879341125488281e+01 5.772663116455078125e+01 2.081797790527343750e+01
5.527738037109375000e+02 2.936963195800781250e+02 5.670894165039062500e+02 2.953214416503906250e+02
2.470021362304687500e+02 3.569391479492187500e+02 3.267799682617187500e+02 3.579721069335937500e+02
5.126967773437500000e+02 2.203102874755859375e+02 6.386041259765625000e+02 1.969473876953125000e+02
3.115169067382812500e+02 2.341626586914062500e+02 3.128739318847656250e+02 1.363138556480407715e+00
7.122721099853515625e+01 2.917000732421875000e+02 1.168493423461914062e+02 2.890490112304687500e+02
1.167871627807617188e+02 2.457938995361328125e+02 7.124604034423828125e+01 2.408879852294921875e+02
3.115169067382812500e+02 2.341626586914062500e+02 3.115230407714843750e+02 2.341626739501953125e+02
6.328959350585937500e+02 2.989318237304687500e+02 5.673595581054687500e+02 2.953521118164062500e+02
4.721307678222656250e+02 1.446835021972656250e+02 4.721522216796875000e+02 1.148782501220703125e+02
4.579770812988281250e+02 2.311308593750000000e+02 4.718526611328125000e+02 2.308538970947265625e+02
2.132605285644531250e+02 2.561864929199218750e+02 2.324213409423828125e+02 2.570789794921875000e+02
4.582892150878906250e+02 1.449430236816406250e+02 4.713021240234375000e+02 1.446829071044921875e+02
4.521979064941406250e+02 2.106874694824218750e+02 4.483635253906250000e+02 1.479104003906250000e+02
2.478260498046875000e+02 8.660763502120971680e-01 2.629426574707031250e+02 2.900247192382812500e+01
3.115169067382812500e+02 2.341626586914062500e+02 3.068079528808593750e+02 3.099562377929687500e+02
8.728305053710937500e+01 9.752612304687500000e+01 5.644567489624023438e+01 7.992964935302734375e+01
7.289880371093750000e+01 3.429269714355468750e+02 7.230731201171875000e+01 3.591574096679687500e+02
2.466951141357421875e+02 1.491725463867187500e+02 2.466936492919921875e+02 1.491725463867187500e+02
3.068079528808593750e+02 3.099562377929687500e+02 2.336662597656250000e+02 3.057587280273437500e+02
2.740587158203125000e+02 5.034157752990722656e+00 2.741304931640625000e+02 1.966696166992187500e+01
6.234114990234375000e+02 3.242080383300781250e+02 6.230106201171875000e+02 3.242156982421875000e+02
2.756852416992187500e+02 1.933844299316406250e+02 3.013151245117187500e+02 1.931730957031250000e+02
1.163574066162109375e+02 1.247201461791992188e+02 1.163536758422851562e+02 2.089309539794921875e+02
2.559849548339843750e+02 1.216393508911132812e+02 4.828311767578125000e+02 1.147508087158203125e+02
2.325068969726562500e+02 5.846583247184753418e-01 2.457662200927734375e+02 2.354922180175781250e+02
2.858068237304687500e+02 1.397049560546875000e+02 2.861877441406250000e+02 1.245008773803710938e+02
3.415756835937500000e+02 9.276819825172424316e-01 3.489395141601562500e+02 6.173194122314453125e+01
5.118518371582031250e+02 1.143368682861328125e+02 4.828430786132812500e+02 1.151667556762695312e+02
6.231226806640625000e+02 3.230777282714843750e+02 5.676536254882812500e+02 3.176151428222656250e+02
4.583419799804687500e+02 1.475828399658203125e+02 4.521979064941406250e+02 2.106874694824218750e+02
3.899512939453125000e+02 1.518905639648437500e+02 3.906668701171875000e+02 2.350545043945312500e+02
2.336662597656250000e+02 3.057587280273437500e+02 2.223761138916015625e+02 3.059011840820312500e+02
5.679270019531250000e+02 2.877337341308593750e+02 5.673461914062500000e+02 2.877141418457031250e+02
5.019122924804687500e+02 3.166994018554687500e+02 5.015730590820312500e+02 3.099464721679687500e+02
4.472457885742187500e+02 1.214402961730957031e+01 4.468922119140625000e+02 8.711280822753906250e-01
5.126339111328125000e+02 3.092093811035156250e+02 6.231797485351562500e+02 3.228445129394531250e+02
1.197425308227539062e+02 5.401775360107421875e+01 1.221171188354492188e+02 2.441857910156250000e+01
4.726018981933593750e+02 2.570979309082031250e+02 4.874259948730468750e+02 2.535044860839843750e+02
2.716763916015625000e+02 7.772602081298828125e+01 2.714416809082031250e+02 6.873732757568359375e+01
2.222997283935546875e+02 1.160703582763671875e+02 2.573885803222656250e+02 1.487859039306640625e+02
4.582889404296875000e+02 1.449293670654296875e+02 2.466920928955078125e+02 1.489369201660156250e+02
2.581387023925781250e+02 3.837443237304687500e+02 2.582364196777343750e+02 3.738428649902343750e+02
2.627282409667968750e+02 8.663772344589233398e-01 2.617179565429687500e+02 5.366575241088867188e+01
4.582264709472656250e+02 2.106985015869140625e+02 4.580732421875000000e+02 2.944398498535156250e+02
2.119104614257812500e+02 3.019548034667968750e+02 1.820670471191406250e+02 3.052835083007812500e+02
6.380731201171875000e+02 2.085416870117187500e+02 6.386041259765625000e+02 1.969473876953125000e+02
2.493424224853515625e+02 2.988496093750000000e+02 2.614826660156250000e+02 2.939692382812500000e+02
6.387323608398437500e+02 1.482368164062500000e+02 5.127545776367187500e+02 1.852258148193359375e+02
9.394714355468750000e+01 1.662444610595703125e+02 9.379896545410156250e+01 1.677790374755859375e+02
5.647988281250000000e+02 2.891980895996093750e+02 5.650258178710937500e+02 2.891131896972656250e+02
4.580780029296875000e+02 2.843466796875000000e+02 4.724703369140625000e+02 2.839405517578125000e+02
9.043838500976562500e+00 5.367533874511718750e+01 6.520168781280517578e+00 6.863468933105468750e+01
2.119104614257812500e+02 3.019548034667968750e+02 2.227351989746093750e+02 3.038474731445312500e+02
8.409172058105468750e+01 9.610076904296875000e+01 8.292262268066406250e+01 1.077158966064453125e+02
2.559846038818359375e+02 1.216307525634765625e+02 2.559846801757812500e+02 1.216307525634765625e+02
4.837939758300781250e+02 1.553684387207031250e+02 4.716525268554687500e+02 1.633476562500000000e+02
1.168467559814453125e+02 2.452134704589843750e+02 2.133697204589843750e+02 2.551230468750000000e+02
3.896422424316406250e+02 1.097040939331054688e+02 3.900261840820312500e+02 1.518898773193359375e+02
4.579766845703125000e+02 2.308762207031250000e+02 2.337763824462890625e+02 2.312369537353515625e+02
2.466918487548828125e+02 1.489296112060546875e+02 4.839364318847656250e+02 1.442569427490234375e+02
5.675930786132812500e+02 2.930048522949218750e+02 5.669826660156250000e+02 2.930333557128906250e+02
5.389017944335937500e+02 3.212089538574218750e+02 5.115072021484375000e+02 3.129436950683593750e+02
4.472546081542968750e+02 7.297824859619140625e+01 4.469488525390625000e+02 1.214552211761474609e+01
4.713535461425781250e+02 2.219832000732421875e+02 4.870809326171875000e+02 2.221773834228515625e+02
2.115369720458984375e+02 2.911238098144531250e+02 2.115957489013671875e+02 2.911246643066406250e+02
4.476224670410156250e+02 1.059549255371093750e+02 6.392293701171875000e+02 9.829653930664062500e+01
2.824660301208496094e+01 1.013938188552856445e+00 2.803354072570800781e+01 9.165647506713867188e+00
4.474255676269531250e+02 7.297698974609375000e+01 4.476802062988281250e+02 1.073992691040039062e+02
8.950828552246093750e+01 4.626790618896484375e+01 5.772663116455078125e+01 2.081797790527343750e+01
8.302243804931640625e+01 9.609158325195312500e+01 8.360783386230468750e+01 2.792148017883300781e+01
5.118518371582031250e+02 1.143368682861328125e+02 4.712980346679687500e+02 1.295415496826171875e+02
5.109439392089843750e+02 3.182298278808593750e+02 5.022512512207031250e+02 3.173035278320312500e+02
4.348699035644531250e+02 2.174403381347656250e+01 4.375639038085937500e+02 7.076806426048278809e-01
4.472625122070312500e+02 7.294171142578125000e+01 4.627837829589843750e+02 1.188936471939086914e+00
2.478260498046875000e+02 8.660763502120971680e-01 2.336662597656250000e+02 3.057587280273437500e+02
4.475595703125000000e+02 1.047580413818359375e+02 4.475678100585937500e+02 1.047576675415039062e+02
2.581387023925781250e+02 3.837443237304687500e+02 4.578836669921875000e+02 4.217502441406250000e+02
3.912544250488281250e+02 2.893753662109375000e+02 3.775488891601562500e+02 2.900214538574218750e+02
5.481766357421875000e+02 2.562263793945312500e+02 5.514956054687500000e+02 2.565712585449218750e+02
5.681697387695312500e+02 2.487375183105468750e+02 5.135250244140625000e+02 2.519636383056640625e+02
5.730701065063476562e+01 6.563681793212890625e+01 8.193292236328125000e+01 8.038648986816406250e+01
5.116397705078125000e+02 1.250971984863281250e+02 4.839364318847656250e+02 1.442569427490234375e+02
5.681965332031250000e+02 2.491001892089843750e+02 5.681931762695312500e+02 2.491004028320312500e+02
2.673212585449218750e+02 5.317374038696289062e+01 2.694947509765625000e+02 7.792661285400390625e+01
3.283226013183593750e+02 2.528319396972656250e+02 3.266159667968750000e+02 1.668645668029785156e+01
