136.626 165.923 96.2094 193.309
541.048 286.877 603.041 283.772
500.015 288.389 427.01 291.263
573.666 269.426 523.013 274.207
606.091 308.655 581.154 312.112
504.009 274 410 274
558.009 292.282 530.005 293.166
577.999 256 579.24 207.031
370 259.884 343 259.973
369.055 312.003 370.099 294.064
448.376 213.014 447.15 246.08
602.022 260.27 591.015 261.182
582.001 288.233 557.002 288.355
611.944 317.4 585.052 313.632
248.004 128.932 27.0291 116.483
355.096 477.893 330.311 455.653
507.005 300.43 471.009 300.815
461.702 369.201 414.483 350.763
356 256 322.003 256
573.985 270.222 549.994 270.683
313.188 441.004 312.915 382
490.896 363.728 466.816 360.283
356.095 79.9138 25.0808 51.0725
471.992 183.864 546.993 176.931
99.0129 185.486 33.0043 183.828
354.995 198.175 308.004 196.867
542.947 249 543.151 208.001
231.942 137.176 33.0293 127.403
418 259 404 259
413.025 55.7618 20.9683 14.2997
368 272 324.999 272
256.526 321.873 186.831 289.362
396.99 378.997 405.194 355.067
474.871 464.027 476.981 396.999
302.028 102.602 28.0694 83.0286
445.034 144.18 393.764 153.734
259.009 173.041 186.161 189.704
600.044 182.657 471.073 191.035
511.185 251.005 512.303 209.008
419.855 258.972 361.018 254.762
250.003 125.95 32.9659 113.599
600.99 171.94 523.014 179.148
372.901 235.998 373.33 216.007
382.986 241.001 383.014 213
284.086 111.695 21.9771 94.3465
265.044 119.264 48.049 106.187
128.999 169.035 28.0005 165.983
600.168 254.873 605.238 184.015
492.991 268.721 461.991 269.717
137.522 478.006 137.952 443.012
262.016 122.725 31.9839 109.276
466.788 247.972 467.673 210.016
545.44 253.018 547.3 207.971
576.997 296.862 553.986 297.344
132.336 476.993 131.181 421.975
327.757 470.019 328.084 457.002
322.989 92.1424 29.0187 68.7642
442.992 249.118 426.93 248.031
367.851 278.659 326.008 274.91
312.774 441.703 143.932 458.304
430.051 46.5576 103.04 8.65429
123.991 171.334 29.0029 168.887
483.899 247.004 484.049 210
581.643 252.988 583.123 207.971
258.9 264.522 192.068 251.649
436.635 249.02 437.851 211.027
416.812 241.994 417.875 211.03
367.198 317.982 364.823 292.108
454.018 325.515 435.006 326.167
263.561 472.04 264.572 457.969
305.02 172.683 262.001 169.984
94.0053 192.686 37.0045 191.732
544.001 276.115 526.003 276.306
257.863 293.418 187.266 270.192
296.961 453.646 156.003 469.001
511.068 10.1447 403.499 64.0201
303.974 82.3282 27.9903 60.1203
319.04 97.463 28.0084 75.8861
446.81 184.412 409.023 189.193
79.6329 476.965 75.1826 395.99
241.988 173.267 185.968 170.696
255.156 204.005 255.041 182.994
595 268.862 579 268.905
307.15 478.006 308.309 449.012
13.3952 50.0753 9.41122 18.0733
270.917 115.282 130.922 106.201
225.019 139.611 33.9862 130.282
577.949 208 524.98 208
303.021 354 304.323 294.007
588.182 359.994 586.714 316.01
397.979 371.702 315.962 377.463
299.255 476.982 297.666 453.954
398.899 232.997 399.609 212.021
534.967 270.637 517.927 272.201
474.969 300.184 428.116 292.312
574.993 294.757 556.979 295.273
388.966 322.734 332.948 320.113
361.006 64.9433 301.042 58.6012
297.981 107.282 29.0062 88.9093
238.977 175.601 189.012 173.692
355.461 230.011 357.042 163.025
137.678 298.387 96.1354 263.837
43.3057 295.068 40.6678 306.926
64.7236 379.024 65.0885 368.003
454.005 467.04 390.944 475.586
25.0662 32.2548 297.089 57.0218
198.995 150.131 29.9938 143.15
513.636 253.979 516.177 208.954
638.009 91.0437 269.064 170.296
207.004 145.905 35.0259 138.406
206.996 148.084 31.0156 140.632
350.949 164.542 296.078 170.697
306.853 176.023 304.763 253.994
260.005 206.066 186.063 211.814
256.071 232.004 257.385 210.962
257.014 235.764 187.027 231.557
215.998 144.049 52.0261 136.437
181.992 166.284 136.002 164.936
384.893 235.941 386.013 215.001
363.656 242.017 364.632 204.99
61.4151 306.934 58.5604 288.911
452.029 322.845 422.156 317.176
458.976 36.2946 439.028 34.6581
391.23 63.4766 317.489 99.0148
353.736 197.01 352.575 165.978
302.036 357.963 257.024 359.638
447.971 191.866 380.015 198.148
240.214 265.016 238.786 283.984
426.467 350.044 424.907 331.008
137.878 449.027 133.385 429.139
478.031 23.7747 307.156 -0.115566
364.154 58.4447 21.9358 24.6499
379.133 192.974 419.977 187.807
356.992 192.285 309.004 190.865
260.935 360.017 264.487 163.991
510.992 208.815 495.977 209.436
370.155 248.007 369.866 214.001
256.276 351.184 186.527 307.796
319.539 467.044 317.611 447.037
512.807 14.7065 434.665 51.2958
362.97 87.9246 462.999 45.996
297.007 187.14 271.001 186.934
134.005 204.022 94.0198 213.088
251.258 286.021 250.885 273.003
113.799 319.159 94.378 294.49
33.793 318.071 37.0909 281.097
635.039 314.672 599.046 316.782
447.941 355.443 429.99 353.074
217.011 141.758 32.9933 133.143
175.006 183.131 148 182.945
223.463 192.048 221.917 207.094
485.87 252.951 487.777 209.034
439.671 247.99 440.841 210.995
398.552 63.1421 320.029 101.06
27.2788 106.042 26.3491 89.9798
563.021 123.268 544.974 124.656
31.0466 181.981 25.2553 167.895
297.783 200.995 298.109 188.003
419.73 240.989 420.916 212.996
401.821 233.994 402.501 211.985
462.789 241.994 463.55 212.988
427.004 276.41 406.005 276.589
259.813 360.284 186.373 311.953
444.084 40.1674 410.492 56.983
176.07 188.002 175.771 198.023
296.981 202.043 271.989 201.59
402.336 297.047 405.98 270.997
591.998 273.967 574.022 275.295
310.483 99.7933 278.54 119.244
21.9989 174.993 22.0007 362.002
134.927 234.618 92.9198 229.682
455.101 253.008 457.994 215
330.195 318.021 329.461 289.988
524.018 129.079 510.042 132.189
69.9931 267.199 48.9837 266.467
238.624 231.975 239.948 211.997
133.668 264.686 92.6033 244.82
28.2694 275.098 25.8569 257.154
512.594 278.608 498.358 293.346
25.744 45.6962 17.8568 1.02528
8.0001 209 7.9999 189
199.833 193.007 200.732 213.012
27.2559 201.975 24.9501 271.998
37.1797 261.996 35.9979 207.022
134.331 325.714 96.2114 281.683
147 478 147 466
229.086 205.999 228.814 186.988
468 256.958 433.003 257.277
513.045 276.758 485.024 278.41
330.036 289.604 307.026 289.007
114.932 299.193 97.7482 279.352
14.9995 42 12.6631 17.0315
23.9451 108.1 21.6619 84.0321
247.239 203.999 247.108 181.999
172.956 199.114 147.995 198.118
183.107 264 182.956 188
85.5483 225.009 85.9015 203.014
251.094 232.998 250.813 217.003
236.67 232.05 236.037 215.036
245.902 283.998 246.216 267.985
381.101 295.018 385.092 273.017
343.931 301.066 321.959 299.635
441.018 329.892 428.041 327.75
13.0176 140.994 0.771227 105.078
543.999 123.523 523.001 123.478
469.923 180.71 443.956 182.253
28.0683 190.15 10.0242 188.699
256.017 299.771 241.002 300.103
604.983 323.058 588.916 318.281
544.171 126.582 512.272 135.927
574.047 123.23 545.997 128.985
304.674 203.048 300.765 327.996
217 251 217 234
602.837 284.009 603.065 263.001
470 278.903 440 279.043
128.383 287.559 94.2058 257.916
632.01 311.918 610.082 309.31
26.3551 362.918 29.5238 338.067
186.819 365.005 187.192 306.001
63.0128 362.996 2.00996 362.219
245.11 55.7984 97.9746 42.2767
138.097 270 138.064 169
243 237.988 243 285.021
242.273 256.021 241.727 236.979
4.96687 110.011 0.992338 98.0025
250.91 203.999 251.195 185.987
236.495 328.02 237.009 315.04
543.766 2.5882 527.8 11.6476
428.076 32.3988 178.163 0.71726
534.917 37.7748 301.219 123.597
225.221 212.938 227.306 186.944
135.057 264 134.862 237.001
390.379 264.723 367.775 276.57
209.823 294.993 210.414 278.978
128.001 287.774 130.62 310.93
471.873 303.702 431.912 296.487
146.158 452.944 131.885 413.041
576.016 1.04129 544.275 13.6911
17.0556 76.001 17.3148 60.9882
244.079 184.001 243.83 205.01
292.988 193.238 272.99 192.195
292 219 292 204
226.549 211.125 222.066 230.787
57 309 43 309
471.198 318.459 458.183 352.453
629.17 377.97 631.246 321.009
309.758 439.278 263.748 399.142
262.627 139.006 212.334 157.891
20 159 1 159
134.679 203.009 135.035 176.014
275.512 219.026 276.378 201.968
134.057 241.141 130.785 288.953
231.771 253.017 232.103 238.002
195.285 286.94 189.223 258.164
236.287 283.104 233.503 264.073
208.191 296.628 187.489 285.994
25.0001 195 24.9999 175
151.889 218 151.889 201
60.9995 205.937 37.9925 206.136
254.095 287.004 254.689 271.988
63.6351 259.006 62.8669 210.002
77.4394 260.128 73.7828 244.049
525.932 313.987 530.397 289.888
30.6334 324.055 32.8012 298.983
136.115 364.997 135.742 351.979
348.002 477.028 333.024 478.283
366.125 54.7229 23.0024 20.9774
454.525 225.019 456.021 183.001
169.902 216.998 170.216 200.985
245.241 225.974 243.628 210.933
1.79099 35.0069 2.08906 1.00078
518.899 23.7519 483.474 38.1658
74.9944 103.092 31.0365 100.403
459.047 151.284 402.937 160.619
360 189 360 166
294.986 195.894 273.991 195.56
64.0025 201.939 38.0483 200.85
193 205 193 193
347.174 296.906 332.078 294.509
629.004 320.028 608.059 323.368
518.12 325.291 501.099 322.412
522.943 360.062 501.006 358.883
184.977 364.594 137.957 367.236
303.756 438.272 263.601 402.328
603.871 167.597 478.107 179.161
248 256 248 238
218.572 302.019 217.781 284.01
629.872 383.96 598.889 379.833
253 231 253 214
75.2428 238.004 75.1382 217.999
526.808 329.949 502.974 325.127
561.105 365.074 532.025 361.777
467.891 392.712 353.946 402.366
637.001 94.0058 605.95 100.768
490.772 135.361 476.203 140.569
351 189 313 189
120 207.994 120 256
58.9967 242.841 32.9872 243.373
527.83 28.9944 528.393 11.9799
603.909 109.471 540.088 120.506
599.083 115.471 577.066 119.372
519.493 122.635 377.008 153.04
18.9374 161.988 2.00545 160.914
170.989 192.37 148.979 191.716
77 197 56 197
594.759 236.992 595.571 211.986
500.95 235.001 501.155 246.98
420.011 324.69 394.002 325.099
544.974 327.667 517.976 326.632
37.0099 363.119 2.00088 366.011
66.975 392.567 4.01192 396.206
94.9755 102.327 75.0127 100.831
102.873 10.3955 21.9946 3.05978
519.693 14.2874 483.878 29.7167
93.9994 189.026 31.9862 187.599
352.559 233.993 353.087 202.001
597.894 224.995 598.599 211.03
58.014 240.795 41.0016 241.094
426.994 270.099 411 270.017
588.002 375.39 557.002 375.515
60.9777 380.601 1.99451 383.902
67.945 438.368 2.00872 444.1
283.025 1.6458 257.026 2.66586
538.132 98.9896 537.432 23.0052
22.2062 49.9805 20.8874 36.0106
112.986 125.289 34.9731 121.564
102.205 227.018 101.931 215.002
417 263 403 263
468.006 285.825 448 285.962
524.153 346.295 504.764 342.086
501.994 372.78 466.993 373.729
72.992 422.892 2.01247 428.168
366.912 83.7899 323.936 101.847
450 318 450 303
345.981 324.709 326 326.005
263.967 402.559 134.094 412.254
614.073 399.553 569.066 405.502
290.385 -0.666462 449.99 23.0554
8.4959 105.901 1.11729 68.9766
334.004 162.02 304.065 167.364
99.0194 183.32 83.0039 182.863
296.991 182.727 271.985 183.561
115.389 202.957 113.722 187.92
129.088 342.999 128.81 320.99
131.642 342.965 133.31 325.932
108.992 362.658 68.9907 363.612
536.077 371.857 504.066 374.731
193.95 377.54 173.97 379.723
180.002 390.035 121.997 392.94
582.952 419.161 532.011 401.966
631.989 441.915 600.142 446.085
636.961 444.695 605.1 448.781
278.952 8.78374 263.012 7.80227
486.009 174.077 439.06 179.518
384.123 183.133 605.108 158.984
72.9878 272.853 57.0145 274.175
70.9991 330.974 32.0082 332.251
391.102 338.503 354.225 330.905
346.968 340.323 322.012 337.874
241.005 351.965 215.105 348.262
555.003 375.02 518.14 380.028
536.808 410.634 492.265 397.127
586.82 400.876 566.842 396.769
446.978 396.769 356.937 405.34
554.811 434.453 522.948 421.125
536.853 430.375 519.212 423.459
533.881 457.304 501.957 462.745
359.01 69.8979 279.025 61.7579
536.807 98.2104 383.665 135.63
398.981 186.778 377.964 188.577
259.098 258.998 258.784 242.985
337.086 291.998 336.742 279.979
574.372 333.765 578.969 301.995
77.9717 313.847 34.0228 314.928
347.935 330.946 319.044 332.722
225 352.996 190.993 353.577
106.013 353.668 91.9988 353.938
106.05 353.505 47.036 359.362
477 368 464.012 368.398
152.043 383.264 123.964 381.61
65.9805 395.664 6.00899 399.155
619.687 460.759 591.028 448.932
118.019 458.173 82.0054 462.05
293.994 463.946 267.997 466.972
138.848 361 138.928 284.001
634.964 314.06 638.113 191.002
555.275 352.093 553.727 340.035
222.931 356.412 200.998 358.979
312.056 375.467 289.881 373.135
57.9832 383.732 2.01496 387.239
634.077 404.661 611.123 399.459
295.087 447.866 148.905 462.04
623.705 118.003 624.159 0.000610352
493.038 4.7429 472.055 1.63023
79.0169 5.80767 31.0347 1.604
593.744 0.345923 538.047 22.1211
542.199 99.8266 421.005 129.022
79.9978 280.759 40.0012 281.126
386.996 328.113 361.03 327.179
111.013 365.238 70.0221 367.417
285.915 367.638 213.012 372.194
495.019 377.486 474.012 378.301
568.962 379.655 544.985 378.247
127.939 455.216 86.0379 458.486
637.07 457.474 617.067 460.45
89.9937 44.0699 49.055 40.3882
405.95 336.424 394.984 335.14
106.792 347.761 74.045 353.268
546.01 352.944 510.859 346.81
559.99 398.383 530.997 398.839
72.9928 425.909 3.036 431.454
561.872 435.774 528.03 439.292
534.86 456.309 496.127 438.721
3.02529 448.237 61.8996 441.984
588.931 163.374 510.995 171.953
184.176 354.998 183.514 296.994
608.203 377 608.183 325
252.1 360.188 203.112 364.325
586.939 380.568 564.979 378.198
523.001 387.482 504.001 387.526
606.953 393.554 576.971 396.73
224.98 402.745 142.01 409.129
498.003 436.015 479.061 439.346
116.085 373.234 88.0108 375.158
349.065 408.907 318.933 411.052
