3.192500000000000000e+02 1.215000000000000000e+02 4.447500000000000000e+02 1.515000000000000000e+02
3.192500000000000000e+02 1.222500000000000000e+02 1.257500000000000000e+02 1.497500000000000000e+02
3.197500000000000000e+02 1.222500000000000000e+02 3.185000000000000000e+02 1.522500000000000000e+02
1.255000000000000000e+02 1.497500000000000000e+02 9.675000000000000000e+01 1.545000000000000000e+02
3.187500000000000000e+02 1.512500000000000000e+02 3.162500000000000000e+02 2.305000000000000000e+02
4.442500000000000000e+02 1.515000000000000000e+02 4.602500000000000000e+02 1.557500000000000000e+02
3.172500000000000000e+02 1.527500000000000000e+02 3.657500000000000000e+02 1.617500000000000000e+02
3.187500000000000000e+02 1.527500000000000000e+02 1.257500000000000000e+02 1.717500000000000000e+02
9.675000000000000000e+01 1.545000000000000000e+02 8.325000000000000000e+01 1.565000000000000000e+02
8.425000000000000000e+01 1.557500000000000000e+02 8.375000000000000000e+01 1.707500000000000000e+02
4.607500000000000000e+02 1.557500000000000000e+02 5.007500000000000000e+02 1.652500000000000000e+02
3.652500000000000000e+02 1.607500000000000000e+02 4.462500000000000000e+02 1.755000000000000000e+02
5.002500000000000000e+02 1.652500000000000000e+02 5.425000000000000000e+02 1.767500000000000000e+02
9.550000000000000000e+01 1.692500000000000000e+02 9.350000000000000000e+01 1.987500000000000000e+02
9.575000000000000000e+01 1.695000000000000000e+02 1.257500000000000000e+02 1.715000000000000000e+02
8.225000000000000000e+01 1.697500000000000000e+02 9.575000000000000000e+01 1.697500000000000000e+02
8.225000000000000000e+01 1.702500000000000000e+02 6.525000000000000000e+01 1.715000000000000000e+02
6.625000000000000000e+01 1.712500000000000000e+02 6.625000000000000000e+01 1.947500000000000000e+02
1.242500000000000000e+02 1.712500000000000000e+02 1.242500000000000000e+02 1.922500000000000000e+02
4.462500000000000000e+02 1.757500000000000000e+02 4.752500000000000000e+02 1.812500000000000000e+02
5.417500000000000000e+02 1.762500000000000000e+02 5.767500000000000000e+02 1.852500000000000000e+02
3.650000000000000000e+02 1.830000000000000000e+02 3.647500000000000000e+02 1.915000000000000000e+02
3.642500000000000000e+02 1.902500000000000000e+02 3.642500000000000000e+02 2.077500000000000000e+02
3.632500000000000000e+02 1.907500000000000000e+02 4.745000000000000000e+02 2.057500000000000000e+02
1.242500000000000000e+02 1.912500000000000000e+02 1.242500000000000000e+02 2.002500000000000000e+02
6.625000000000000000e+01 1.932500000000000000e+02 6.625000000000000000e+01 2.052500000000000000e+02
6.650000000000000000e+01 1.945000000000000000e+02 3.350000000000000000e+01 1.972500000000000000e+02
3.325000000000000000e+01 1.972500000000000000e+02 1.225000000000000000e+01 1.985000000000000000e+02
1.275000000000000000e+01 1.982500000000000000e+02 1.175000000000000000e+01 2.107500000000000000e+02
9.375000000000000000e+01 1.987500000000000000e+02 9.375000000000000000e+01 2.227500000000000000e+02
1.242500000000000000e+02 2.002500000000000000e+02 1.237500000000000000e+02 2.202500000000000000e+02
6.625000000000000000e+01 2.052500000000000000e+02 6.625000000000000000e+01 2.202500000000000000e+02
3.642500000000000000e+02 2.062500000000000000e+02 3.622500000000000000e+02 2.327500000000000000e+02
1.125000000000000000e+01 2.102500000000000000e+02 3.375000000000000000e+01 2.112500000000000000e+02
3.325000000000000000e+01 2.112500000000000000e+02 3.325000000000000000e+01 2.212500000000000000e+02
1.232500000000000000e+02 2.192500000000000000e+02 1.227500000000000000e+02 2.547500000000000000e+02
6.625000000000000000e+01 2.202500000000000000e+02 6.625000000000000000e+01 2.362500000000000000e+02
6.675000000000000000e+01 2.207500000000000000e+02 3.325000000000000000e+01 2.222500000000000000e+02
3.325000000000000000e+01 2.212500000000000000e+02 3.325000000000000000e+01 2.317500000000000000e+02
9.325000000000000000e+01 2.212500000000000000e+02 9.325000000000000000e+01 2.577500000000000000e+02
3.325000000000000000e+01 2.302500000000000000e+02 3.375000000000000000e+01 2.502500000000000000e+02
3.162500000000000000e+02 2.312500000000000000e+02 3.152500000000000000e+02 2.597500000000000000e+02
3.622500000000000000e+02 2.317500000000000000e+02 3.777500000000000000e+02 2.342500000000000000e+02
3.622500000000000000e+02 2.317500000000000000e+02 3.617500000000000000e+02 2.497500000000000000e+02
6.625000000000000000e+01 2.362500000000000000e+02 6.625000000000000000e+01 2.507500000000000000e+02
4.112500000000000000e+02 2.362500000000000000e+02 4.252500000000000000e+02 2.362500000000000000e+02
4.252500000000000000e+02 2.367500000000000000e+02 4.372500000000000000e+02 2.372500000000000000e+02
4.372500000000000000e+02 2.372500000000000000e+02 4.642500000000000000e+02 2.385000000000000000e+02
7.750000000000000000e+00 2.472500000000000000e+02 9.250000000000000000e+00 2.607500000000000000e+02
3.612500000000000000e+02 2.492500000000000000e+02 3.607500000000000000e+02 2.607500000000000000e+02
6.625000000000000000e+01 2.495000000000000000e+02 6.625000000000000000e+01 2.597500000000000000e+02
3.767500000000000000e+02 2.497500000000000000e+02 3.772500000000000000e+02 2.617500000000000000e+02
3.375000000000000000e+01 2.502500000000000000e+02 3.525000000000000000e+01 2.607500000000000000e+02
1.232500000000000000e+02 2.532500000000000000e+02 1.217500000000000000e+02 2.665000000000000000e+02
1.222500000000000000e+02 2.537500000000000000e+02 1.387500000000000000e+02 2.542500000000000000e+02
1.237500000000000000e+02 2.537500000000000000e+02 9.225000000000000000e+01 2.567500000000000000e+02
1.372500000000000000e+02 2.542500000000000000e+02 1.532500000000000000e+02 2.547500000000000000e+02
1.377500000000000000e+02 2.542500000000000000e+02 1.382500000000000000e+02 2.677500000000000000e+02
1.542500000000000000e+02 2.542500000000000000e+02 1.537500000000000000e+02 2.687500000000000000e+02
1.532500000000000000e+02 2.547500000000000000e+02 1.707500000000000000e+02 2.552500000000000000e+02
1.697500000000000000e+02 2.557500000000000000e+02 1.867500000000000000e+02 2.562500000000000000e+02
9.275000000000000000e+01 2.562500000000000000e+02 9.325000000000000000e+01 2.897500000000000000e+02
1.852500000000000000e+02 2.562500000000000000e+02 2.077500000000000000e+02 2.572500000000000000e+02
9.375000000000000000e+01 2.567500000000000000e+02 6.525000000000000000e+01 2.587500000000000000e+02
2.072500000000000000e+02 2.567500000000000000e+02 2.237500000000000000e+02 2.572500000000000000e+02
2.222500000000000000e+02 2.567500000000000000e+02 2.442500000000000000e+02 2.572500000000000000e+02
2.442500000000000000e+02 2.577500000000000000e+02 2.687500000000000000e+02 2.582500000000000000e+02
6.625000000000000000e+01 2.582500000000000000e+02 6.575000000000000000e+01 2.877500000000000000e+02
2.677500000000000000e+02 2.582500000000000000e+02 2.677500000000000000e+02 2.757500000000000000e+02
2.912500000000000000e+02 2.582500000000000000e+02 2.907500000000000000e+02 2.767500000000000000e+02
3.157500000000000000e+02 2.582500000000000000e+02 3.157500000000000000e+02 2.777500000000000000e+02
6.625000000000000000e+01 2.587500000000000000e+02 5.325000000000000000e+01 2.602500000000000000e+02
2.672500000000000000e+02 2.587500000000000000e+02 2.917500000000000000e+02 2.587500000000000000e+02
2.902500000000000000e+02 2.587500000000000000e+02 3.167500000000000000e+02 2.592500000000000000e+02
3.152500000000000000e+02 2.587500000000000000e+02 3.417500000000000000e+02 2.597500000000000000e+02
8.750000000000000000e+00 2.592500000000000000e+02 8.750000000000000000e+00 2.807500000000000000e+02
9.750000000000000000e+00 2.592500000000000000e+02 7.500000000000000000e-01 2.602500000000000000e+02
3.402500000000000000e+02 2.597500000000000000e+02 3.617500000000000000e+02 2.602500000000000000e+02
3.602500000000000000e+02 2.597500000000000000e+02 3.777500000000000000e+02 2.602500000000000000e+02
3.475000000000000000e+01 2.602500000000000000e+02 3.625000000000000000e+01 2.845000000000000000e+02
3.767500000000000000e+02 2.602500000000000000e+02 3.777500000000000000e+02 2.777500000000000000e+02
3.777500000000000000e+02 2.602500000000000000e+02 4.117500000000000000e+02 2.612500000000000000e+02
3.602500000000000000e+02 2.607500000000000000e+02 3.597500000000000000e+02 2.777500000000000000e+02
1.222500000000000000e+02 2.652500000000000000e+02 1.212500000000000000e+02 2.917500000000000000e+02
1.212500000000000000e+02 2.662500000000000000e+02 1.387500000000000000e+02 2.672500000000000000e+02
1.382500000000000000e+02 2.662500000000000000e+02 1.377500000000000000e+02 2.917500000000000000e+02
1.372500000000000000e+02 2.667500000000000000e+02 1.547500000000000000e+02 2.677500000000000000e+02
1.542500000000000000e+02 2.672500000000000000e+02 1.527500000000000000e+02 2.917500000000000000e+02
1.532500000000000000e+02 2.677500000000000000e+02 1.707500000000000000e+02 2.682500000000000000e+02
1.702500000000000000e+02 2.682500000000000000e+02 1.697500000000000000e+02 2.927500000000000000e+02
1.692500000000000000e+02 2.687500000000000000e+02 1.877500000000000000e+02 2.692500000000000000e+02
1.872500000000000000e+02 2.692500000000000000e+02 1.867500000000000000e+02 2.927500000000000000e+02
1.862500000000000000e+02 2.697500000000000000e+02 2.057500000000000000e+02 2.712500000000000000e+02
4.652500000000000000e+02 2.697500000000000000e+02 4.647500000000000000e+02 2.867500000000000000e+02
4.642500000000000000e+02 2.702500000000000000e+02 4.832500000000000000e+02 2.702500000000000000e+02
4.485000000000000000e+02 2.707500000000000000e+02 4.242500000000000000e+02 2.742500000000000000e+02
4.487500000000000000e+02 2.707500000000000000e+02 4.657500000000000000e+02 2.707500000000000000e+02
4.832500000000000000e+02 2.707500000000000000e+02 5.012500000000000000e+02 2.712500000000000000e+02
2.042500000000000000e+02 2.712500000000000000e+02 2.167500000000000000e+02 2.722500000000000000e+02
2.052500000000000000e+02 2.712500000000000000e+02 2.047500000000000000e+02 2.927500000000000000e+02
5.012500000000000000e+02 2.715000000000000000e+02 5.407500000000000000e+02 2.727500000000000000e+02
2.152500000000000000e+02 2.722500000000000000e+02 2.252500000000000000e+02 2.727500000000000000e+02
2.162500000000000000e+02 2.722500000000000000e+02 2.152500000000000000e+02 2.935000000000000000e+02
2.242500000000000000e+02 2.722500000000000000e+02 2.240000000000000000e+02 2.920000000000000000e+02
2.242500000000000000e+02 2.727500000000000000e+02 2.457500000000000000e+02 2.732500000000000000e+02
2.452500000000000000e+02 2.732500000000000000e+02 2.447500000000000000e+02 2.927500000000000000e+02
2.442500000000000000e+02 2.737500000000000000e+02 2.677500000000000000e+02 2.752500000000000000e+02
2.672500000000000000e+02 2.742500000000000000e+02 2.672500000000000000e+02 2.922500000000000000e+02
4.242500000000000000e+02 2.742500000000000000e+02 4.107500000000000000e+02 2.752500000000000000e+02
2.662500000000000000e+02 2.747500000000000000e+02 2.777500000000000000e+02 2.752500000000000000e+02
2.762500000000000000e+02 2.752500000000000000e+02 2.907500000000000000e+02 2.752500000000000000e+02
2.892500000000000000e+02 2.752500000000000000e+02 3.167500000000000000e+02 2.762500000000000000e+02
4.107500000000000000e+02 2.752500000000000000e+02 3.957500000000000000e+02 2.762500000000000000e+02
3.957500000000000000e+02 2.757500000000000000e+02 3.762500000000000000e+02 2.762500000000000000e+02
3.152500000000000000e+02 2.762500000000000000e+02 3.402500000000000000e+02 2.772500000000000000e+02
3.152500000000000000e+02 2.762500000000000000e+02 3.147500000000000000e+02 3.057500000000000000e+02
3.592500000000000000e+02 2.762500000000000000e+02 3.777500000000000000e+02 2.762500000000000000e+02
3.597500000000000000e+02 2.762500000000000000e+02 3.587500000000000000e+02 3.047500000000000000e+02
3.607500000000000000e+02 2.762500000000000000e+02 3.392500000000000000e+02 2.772500000000000000e+02
2.902500000000000000e+02 2.767500000000000000e+02 2.892500000000000000e+02 3.047500000000000000e+02
3.402500000000000000e+02 2.772500000000000000e+02 3.387500000000000000e+02 3.057500000000000000e+02
3.777500000000000000e+02 2.777500000000000000e+02 3.782500000000000000e+02 3.007500000000000000e+02
8.750000000000000000e+00 2.802500000000000000e+02 9.250000000000000000e+00 2.917500000000000000e+02
5.977500000000000000e+02 2.822500000000000000e+02 5.987500000000000000e+02 2.912500000000000000e+02
3.550000000000000000e+01 2.847500000000000000e+02 5.375000000000000000e+01 2.867500000000000000e+02
4.652500000000000000e+02 2.852500000000000000e+02 4.637500000000000000e+02 3.107500000000000000e+02
6.625000000000000000e+01 2.862500000000000000e+02 6.575000000000000000e+01 2.967500000000000000e+02
5.225000000000000000e+01 2.867500000000000000e+02 6.675000000000000000e+01 2.877500000000000000e+02
6.525000000000000000e+01 2.877500000000000000e+02 9.375000000000000000e+01 2.897500000000000000e+02
9.325000000000000000e+01 2.882500000000000000e+02 9.275000000000000000e+01 2.997500000000000000e+02
9.225000000000000000e+01 2.897500000000000000e+02 1.217500000000000000e+02 2.902500000000000000e+02
1.207500000000000000e+02 2.902500000000000000e+02 1.197500000000000000e+02 3.007500000000000000e+02
1.382500000000000000e+02 2.902500000000000000e+02 1.372500000000000000e+02 3.017500000000000000e+02
5.982500000000000000e+02 2.902500000000000000e+02 5.982500000000000000e+02 3.137500000000000000e+02
1.202500000000000000e+02 2.907500000000000000e+02 1.387500000000000000e+02 2.912500000000000000e+02
1.372500000000000000e+02 2.907500000000000000e+02 1.537500000000000000e+02 2.912500000000000000e+02
1.522500000000000000e+02 2.907500000000000000e+02 1.697500000000000000e+02 2.922500000000000000e+02
1.692500000000000000e+02 2.912500000000000000e+02 1.687500000000000000e+02 3.057500000000000000e+02
1.872500000000000000e+02 2.912500000000000000e+02 1.867500000000000000e+02 3.062500000000000000e+02
2.447500000000000000e+02 2.912500000000000000e+02 2.447500000000000000e+02 3.037500000000000000e+02
2.052500000000000000e+02 2.915000000000000000e+02 2.082500000000000000e+02 3.075000000000000000e+02
9.750000000000000000e+00 2.917500000000000000e+02 1.125000000000000000e+01 3.077500000000000000e+02
1.682500000000000000e+02 2.917500000000000000e+02 1.877500000000000000e+02 2.922500000000000000e+02
1.862500000000000000e+02 2.917500000000000000e+02 2.057500000000000000e+02 2.922500000000000000e+02
2.452500000000000000e+02 2.917500000000000000e+02 2.232500000000000000e+02 2.922500000000000000e+02
2.042500000000000000e+02 2.922500000000000000e+02 2.157500000000000000e+02 2.922500000000000000e+02
2.142500000000000000e+02 2.922500000000000000e+02 2.237500000000000000e+02 2.922500000000000000e+02
2.157500000000000000e+02 2.922500000000000000e+02 2.102500000000000000e+02 3.247500000000000000e+02
2.672500000000000000e+02 2.922500000000000000e+02 2.667500000000000000e+02 3.037500000000000000e+02
4.107500000000000000e+02 2.927500000000000000e+02 3.945000000000000000e+02 2.962500000000000000e+02
6.575000000000000000e+01 2.952500000000000000e+02 6.475000000000000000e+01 3.072500000000000000e+02
5.742500000000000000e+02 2.955000000000000000e+02 5.552500000000000000e+02 2.987500000000000000e+02
3.957500000000000000e+02 2.957500000000000000e+02 3.772500000000000000e+02 3.002500000000000000e+02
9.225000000000000000e+01 2.987500000000000000e+02 1.207500000000000000e+02 3.002500000000000000e+02
5.557500000000000000e+02 2.987500000000000000e+02 5.387500000000000000e+02 3.017500000000000000e+02
3.787500000000000000e+02 2.992500000000000000e+02 3.792500000000000000e+02 3.117500000000000000e+02
1.192500000000000000e+02 2.997500000000000000e+02 1.377500000000000000e+02 3.002500000000000000e+02
1.367500000000000000e+02 3.002500000000000000e+02 1.537500000000000000e+02 3.032500000000000000e+02
3.787500000000000000e+02 3.007500000000000000e+02 3.582500000000000000e+02 3.037500000000000000e+02
5.387500000000000000e+02 3.012500000000000000e+02 5.415000000000000000e+02 3.167500000000000000e+02
5.397500000000000000e+02 3.017500000000000000e+02 4.992500000000000000e+02 3.082500000000000000e+02
2.677500000000000000e+02 3.027500000000000000e+02 2.457500000000000000e+02 3.032500000000000000e+02
1.537500000000000000e+02 3.032500000000000000e+02 1.697500000000000000e+02 3.047500000000000000e+02
2.662500000000000000e+02 3.032500000000000000e+02 2.767500000000000000e+02 3.032500000000000000e+02
3.587500000000000000e+02 3.032500000000000000e+02 3.592500000000000000e+02 3.132500000000000000e+02
2.457500000000000000e+02 3.037500000000000000e+02 2.232500000000000000e+02 3.042500000000000000e+02
2.757500000000000000e+02 3.037500000000000000e+02 2.897500000000000000e+02 3.042500000000000000e+02
2.232500000000000000e+02 3.042500000000000000e+02 2.082500000000000000e+02 3.062500000000000000e+02
3.142500000000000000e+02 3.042500000000000000e+02 3.137500000000000000e+02 3.237500000000000000e+02
3.387500000000000000e+02 3.042500000000000000e+02 3.392500000000000000e+02 3.135000000000000000e+02
3.392500000000000000e+02 3.042500000000000000e+02 3.797500000000000000e+02 3.117500000000000000e+02
1.682500000000000000e+02 3.047500000000000000e+02 1.867500000000000000e+02 3.052500000000000000e+02
2.882500000000000000e+02 3.047500000000000000e+02 3.157500000000000000e+02 3.052500000000000000e+02
3.397500000000000000e+02 3.047500000000000000e+02 3.142500000000000000e+02 3.052500000000000000e+02
3.592500000000000000e+02 3.047500000000000000e+02 3.382500000000000000e+02 3.052500000000000000e+02
1.852500000000000000e+02 3.052500000000000000e+02 1.967500000000000000e+02 3.062500000000000000e+02
1.955000000000000000e+02 3.062500000000000000e+02 2.085000000000000000e+02 3.062500000000000000e+02
1.125000000000000000e+01 3.067500000000000000e+02 3.625000000000000000e+01 3.070000000000000000e+02
3.625000000000000000e+01 3.067500000000000000e+02 6.575000000000000000e+01 3.072500000000000000e+02
1.125000000000000000e+01 3.072500000000000000e+02 1.225000000000000000e+01 3.187500000000000000e+02
4.992500000000000000e+02 3.082500000000000000e+02 4.632500000000000000e+02 3.092500000000000000e+02
4.642500000000000000e+02 3.092500000000000000e+02 4.637500000000000000e+02 3.202500000000000000e+02
4.387500000000000000e+02 3.097500000000000000e+02 4.637500000000000000e+02 3.097500000000000000e+02
4.397500000000000000e+02 3.097500000000000000e+02 3.787500000000000000e+02 3.112500000000000000e+02
3.797500000000000000e+02 3.117500000000000000e+02 3.582500000000000000e+02 3.122500000000000000e+02
5.987500000000000000e+02 3.122500000000000000e+02 5.987500000000000000e+02 3.262500000000000000e+02
3.597500000000000000e+02 3.127500000000000000e+02 3.387500000000000000e+02 3.132500000000000000e+02
6.575000000000000000e+01 3.157500000000000000e+02 1.225000000000000000e+01 3.182500000000000000e+02
1.225000000000000000e+01 3.172500000000000000e+02 1.225000000000000000e+01 3.332500000000000000e+02
4.637500000000000000e+02 3.202500000000000000e+02 4.642500000000000000e+02 3.317500000000000000e+02
2.112500000000000000e+02 3.232500000000000000e+02 2.102500000000000000e+02 3.447500000000000000e+02
2.585000000000000000e+02 3.232500000000000000e+02 2.747500000000000000e+02 3.232500000000000000e+02
2.595000000000000000e+02 3.232500000000000000e+02 2.102500000000000000e+02 3.242500000000000000e+02
3.127500000000000000e+02 3.232500000000000000e+02 3.387500000000000000e+02 3.242500000000000000e+02
2.117500000000000000e+02 3.237500000000000000e+02 1.947500000000000000e+02 3.242500000000000000e+02
2.732500000000000000e+02 3.237500000000000000e+02 2.902500000000000000e+02 3.237500000000000000e+02
2.892500000000000000e+02 3.237500000000000000e+02 3.122500000000000000e+02 3.240000000000000000e+02
3.372500000000000000e+02 3.237500000000000000e+02 3.675000000000000000e+02 3.252500000000000000e+02
3.687500000000000000e+02 3.252500000000000000e+02 3.867500000000000000e+02 3.252500000000000000e+02
3.867500000000000000e+02 3.252500000000000000e+02 4.632500000000000000e+02 3.317500000000000000e+02
5.990000000000000000e+02 3.280000000000000000e+02 5.987500000000000000e+02 3.432500000000000000e+02
1.275000000000000000e+01 3.332500000000000000e+02 1.325000000000000000e+01 3.422500000000000000e+02
5.042500000000000000e+02 3.402500000000000000e+02 5.192500000000000000e+02 3.402500000000000000e+02
5.055000000000000000e+02 3.402500000000000000e+02 4.632500000000000000e+02 3.445000000000000000e+02
5.202500000000000000e+02 3.412500000000000000e+02 5.382500000000000000e+02 3.437500000000000000e+02
5.987500000000000000e+02 3.427500000000000000e+02 5.482500000000000000e+02 3.437500000000000000e+02
5.382500000000000000e+02 3.432500000000000000e+02 5.482500000000000000e+02 3.432500000000000000e+02
5.397500000000000000e+02 3.435000000000000000e+02 2.085000000000000000e+02 3.845000000000000000e+02
4.647500000000000000e+02 3.442500000000000000e+02 2.095000000000000000e+02 3.667500000000000000e+02
2.102500000000000000e+02 3.447500000000000000e+02 2.102500000000000000e+02 3.577500000000000000e+02
2.102500000000000000e+02 3.562500000000000000e+02 2.102500000000000000e+02 3.667500000000000000e+02
2.107500000000000000e+02 3.667500000000000000e+02 1.907500000000000000e+02 3.677500000000000000e+02
1.902500000000000000e+02 3.677500000000000000e+02 2.500000000000000000e-01 3.797500000000000000e+02
2.092500000000000000e+02 3.847500000000000000e+02 7.500000000000000000e-01 4.052500000000000000e+02
