1.904016876220703125e+02 1.609149017333984375e+02 2.619395751953125000e+02 1.638101196289062500e+02
2.533259735107421875e+02 3.308132934570312500e+02 1.888547363281250000e+02 3.321308593750000000e+02
1.925833892822265625e+02 1.606715240478515625e+02 1.857566528320312500e+02 3.753948059082031250e+02
3.940692443847656250e+02 4.660743713378906250e+02 1.407312927246093750e+02 4.800000000000000000e+02
3.998238525390625000e+02 3.390757446289062500e+02 4.379027709960937500e+02 3.551265869140625000e+02
3.185779418945312500e+02 3.950614929199218750e+02 4.165673217773437500e+02 4.787001342773437500e+02
1.791145629882812500e+02 7.264643859863281250e+01 1.767925262451171875e+02 1.417343902587890625e+02
3.330475463867187500e+02 3.877690734863281250e+02 3.715361022949218750e+02 4.202610778808593750e+02
2.580103759765625000e+02 3.736201477050781250e+02 1.889456329345703125e+02 3.754045104980468750e+02
2.775054626464843750e+02 1.527349700927734375e+02 2.766283874511718750e+02 1.938389892578125000e+02
6.400000000000000000e+02 9.492926025390625000e+01 5.270930175781250000e+02 1.252007980346679688e+02
3.218995666503906250e+02 3.907102966308593750e+02 3.721875610351562500e+02 4.364449462890625000e+02
6.400000000000000000e+02 7.982155609130859375e+01 5.286314697265625000e+02 1.110780258178710938e+02
2.582850646972656250e+02 2.799108886718750000e+02 1.880062103271484375e+02 2.812271423339843750e+02
2.959523010253906250e+02 8.037117767333984375e+01 3.203546752929687500e+02 8.232026672363281250e+01
1.545366821289062500e+02 7.154428100585937500e+01 1.516143341064453125e+02 1.419020690917968750e+02
2.736403808593750000e+02 1.065791702270507812e+02 2.733414001464843750e+02 1.453994750976562500e+02
4.153832702636718750e+02 0.000000000000000000e+00 3.274333496093750000e+02 7.857088470458984375e+01
3.932895507812500000e+02 4.330767517089843750e+02 3.702810668945312500e+02 4.343549499511718750e+02
2.532580566406250000e+02 5.486881637573242188e+01 2.531145935058593750e+02 7.673620605468750000e+01
5.306371459960937500e+02 1.791912317276000977e+00 5.272725219726562500e+02 1.129312286376953125e+02
4.443663940429687500e+02 1.495324401855468750e+02 2.779724426269531250e+02 1.939115142822265625e+02
3.200878906250000000e+02 8.523661041259765625e+01 2.780605773925781250e+02 1.213505325317382812e+02
1.748023986816406250e+02 1.448636627197265625e+02 1.716165466308593750e+02 3.928162841796875000e+02
2.743670959472656250e+02 3.469962463378906250e+02 3.169934387207031250e+02 3.841806335449218750e+02
2.742089843750000000e+02 3.420473937988281250e+02 2.722614135742187500e+02 3.913036804199218750e+02
1.727606353759765625e+02 3.909826965332031250e+02 1.505606689453125000e+02 3.919734191894531250e+02
2.290506896972656250e+02 1.238240280151367188e+02 2.289686431884765625e+02 1.421303100585937500e+02
4.393060302734375000e+02 1.404248962402343750e+02 3.288187255859375000e+02 1.758929138183593750e+02
2.270174560546875000e+02 2.652440185546875000e+02 1.902880706787109375e+02 2.660213623046875000e+02
3.726122741699218750e+02 4.391224975585937500e+02 1.428665771484375000e+02 4.517642822265625000e+02
4.412287902832031250e+02 0.000000000000000000e+00 2.740764160156250000e+02 1.399984436035156250e+02
3.771469116210937500e+02 3.862645721435546875e+01 3.756142578125000000e+02 1.602397003173828125e+02
2.624092712402343750e+02 1.653936920166015625e+02 2.596222229003906250e+02 2.799036254882812500e+02
1.463267822265625000e+02 4.486590576171875000e+02 1.376560974121093750e+02 4.793450317382812500e+02
2.354508209228515625e+02 1.819122009277343750e+02 2.561611633300781250e+02 1.830868072509765625e+02
3.172590637207031250e+02 3.871874694824218750e+02 2.754227294921875000e+02 3.884093627929687500e+02
1.912468872070312500e+02 1.782654571533203125e+02 2.307445678710937500e+02 1.795089721679687500e+02
3.868440246582031250e+02 4.364765930175781250e+02 4.357349243164062500e+02 4.768721923828125000e+02
1.509292602539062500e+02 6.908625793457031250e+01 2.546007080078125000e+02 7.827140045166015625e+01
3.377029418945312500e+02 3.866900634765625000e+02 3.204776611328125000e+02 3.881914062500000000e+02
2.590271606445312500e+02 1.244449462890625000e+02 2.588658752441406250e+02 1.440567932128906250e+02
3.769617309570312500e+02 3.722308731079101562e+01 3.943544921875000000e+02 3.922046279907226562e+01
2.952203063964843750e+02 1.542586517333984375e+02 2.936420898437500000e+02 1.868075866699218750e+02
2.267677917480468750e+02 2.821166381835937500e+02 2.288581695556640625e+02 3.303644104003906250e+02
3.262493591308593750e+02 8.139781188964843750e+01 3.253006286621093750e+02 1.772221527099609375e+02
2.887996826171875000e+02 3.943744812011718750e+02 3.627444458007812500e+02 4.800000000000000000e+02
4.315179443359375000e+02 3.587421875000000000e+02 4.066490173339843750e+02 3.797526245117187500e+02
4.134735107421875000e+02 0.000000000000000000e+00 2.812698059082031250e+02 1.221768951416015625e+02
1.908593139648437500e+02 1.895410461425781250e+02 2.233664855957031250e+02 1.906740875244140625e+02
3.191305541992187500e+02 1.539293823242187500e+02 3.186642150878906250e+02 1.795644989013671875e+02
4.680087280273437500e+02 1.335482597351074219e+00 4.440143432617187500e+02 1.692952919006347656e+01
1.159483947753906250e+02 1.134422206878662109e+01 1.372073669433593750e+02 1.511117172241210938e+01
2.934155883789062500e+02 1.835575866699218750e+01 2.529117431640625000e+02 7.597521972656250000e+01
1.519068145751953125e+02 1.413462524414062500e+02 1.760651855468750000e+02 1.428300933837890625e+02
2.268659820556640625e+02 3.946104125976562500e+02 2.711387939453125000e+02 4.797040100097656250e+02
2.341385040283203125e+02 1.917107849121093750e+02 2.578572998046875000e+02 1.927037506103515625e+02
3.252330017089843750e+02 3.910365600585937500e+02 1.408128356933593750e+02 3.943768615722656250e+02
4.411562805175781250e+02 1.560377197265625000e+02 3.937518615722656250e+02 1.677895660400390625e+02
3.205210876464843750e+02 1.787296295166015625e+02 2.766075134277343750e+02 1.917629394531250000e+02
3.457186279296875000e+02 3.293782043457031250e+02 3.725576782226562500e+02 3.324034729003906250e+02
3.473688049316406250e+02 4.219193725585937500e+02 1.466443634033203125e+02 4.268143615722656250e+02
2.987067260742187500e+02 8.034331512451171875e+01 2.758089599609375000e+02 1.025826644897460938e+02
2.768491516113281250e+02 1.066959686279296875e+02 2.761929931640625000e+02 1.889139251708984375e+02
1.526638488769531250e+02 1.483170166015625000e+02 1.755610656738281250e+02 1.489700775146484375e+02
1.541852722167968750e+02 1.452483367919921875e+02 1.485979766845703125e+02 3.922054443359375000e+02
2.322265777587890625e+02 2.409188537597656250e+02 2.558840026855468750e+02 2.420468902587890625e+02
2.531288452148437500e+02 3.244562377929687500e+02 2.530215148925781250e+02 3.322304382324218750e+02
