4.822400207519531250e+02 2.532710876464843750e+02 4.836960144042968750e+02 1.924256134033203125e+02
5.924265136718750000e+02 4.480428161621093750e+02 6.181438598632812500e+02 4.703733215332031250e+02
4.836960144042968750e+02 1.924256134033203125e+02 5.676187744140625000e+02 1.959049530029296875e+02
5.788524169921875000e+02 2.675618286132812500e+02 6.190947875976562500e+02 2.752661743164062500e+02
3.485115966796875000e+02 2.418462829589843750e+02 2.161613769531250000e+02 2.427442932128906250e+02
4.822400207519531250e+02 2.532710876464843750e+02 5.679020996093750000e+02 2.528277893066406250e+02
4.028649902343750000e+02 1.822450103759765625e+02 4.687023925781250000e+02 1.820569458007812500e+02
1.428623657226562500e+02 1.246301498413085938e+02 1.732975158691406250e+02 1.394431457519531250e+02
1.114649810791015625e+02 3.433020629882812500e+02 1.070066680908203125e+02 7.023677062988281250e+01
5.342193603515625000e+02 2.952599792480468750e+02 5.343054809570312500e+02 2.535979919433593750e+02
7.231561279296875000e+01 3.496766052246093750e+02 1.372264404296875000e+02 3.397919616699218750e+02
5.924265136718750000e+02 4.480428161621093750e+02 5.941381835937500000e+02 3.542634582519531250e+02
5.019670104980468750e+02 2.953283996582031250e+02 5.018509521484375000e+02 2.535943298339843750e+02
4.680568847656250000e+02 2.954754028320312500e+02 4.688986816406250000e+02 1.221478576660156250e+02
5.023023071289062500e+02 1.900991210937500000e+02 5.023746948242187500e+02 1.263469085693359375e+02
2.805302619934082031e+00 1.334790802001953125e+02 1.370117340087890625e+02 1.436139984130859375e+02
4.028567199707031250e+02 1.220290679931640625e+02 4.020413513183593750e+02 2.955824890136718750e+02
5.365428466796875000e+02 1.221966476440429688e+02 5.356295166015625000e+02 1.934056701660156250e+02
1.978247833251953125e+02 1.224554901123046875e+02 1.319847869873046875e+02 7.345428466796875000e+01
4.674202880859375000e+02 1.221532821655273438e+02 4.673928527832031250e+02 1.146786575317382812e+02
4.988305664062500000e+02 2.004971313476562500e+02 4.980014038085937500e+02 2.460407714843750000e+02
6.393833618164062500e+02 2.083955230712890625e+02 5.787889404296875000e+02 2.093113861083984375e+02
5.787889404296875000e+02 2.093113861083984375e+02 5.764434204101562500e+02 3.310980834960937500e+02
2.509461402893066406e+00 5.413728713989257812e+01 1.319847869873046875e+02 7.345428466796875000e+01
5.568743896484375000e+02 1.965118255615234375e+02 5.566209106445312500e+02 2.487642822265625000e+02
1.732975158691406250e+02 1.394431457519531250e+02 1.730329589843750000e+02 1.567364196777343750e+02
4.368442382812500000e+02 1.219735183715820312e+02 4.362273864746093750e+02 1.810844726562500000e+02
6.028732910156250000e+02 1.223496856689453125e+02 6.018474121093750000e+02 2.005694885253906250e+02
5.775626220703125000e+02 2.982651672363281250e+02 6.189704589843750000e+02 3.137727355957031250e+02
5.310615844726562500e+02 2.732939720153808594e+01 5.415085449218750000e+02 1.604591178894042969e+01
5.931068115234375000e+02 2.753993034362792969e+01 6.085122070312500000e+02 1.689462852478027344e+01
5.923656005859375000e+02 3.317798156738281250e+02 5.929094238281250000e+02 3.087519531250000000e+02
3.628201599121093750e+02 1.737371520996093750e+02 1.982507476806640625e+02 1.738479919433593750e+02
1.978247833251953125e+02 1.224554901123046875e+02 6.393862915039062500e+02 1.218872299194335938e+02
5.790445556640625000e+02 2.296206817626953125e+02 6.212048950195312500e+02 2.316586303710937500e+02
7.133904266357421875e+01 2.824756774902343750e+02 7.231561279296875000e+01 3.496766052246093750e+02
5.775626220703125000e+02 2.982651672363281250e+02 3.577443237304687500e+02 2.973768615722656250e+02
6.395509643554687500e+02 2.732773590087890625e+01 5.931068115234375000e+02 2.753993034362792969e+01
6.017655639648437500e+02 2.005683288574218750e+02 6.016621093750000000e+02 2.078754882812500000e+02
6.028833618164062500e+02 3.388472900390625000e+02 6.039425659179687500e+02 3.098826599121093750e+02
6.188408813476562500e+02 2.415000305175781250e+02 5.818155517578125000e+02 2.384295654296875000e+02
6.392910156250000000e+02 3.692291259765625000e+02 6.216055297851562500e+02 3.664370727539062500e+02
3.331709289550781250e+02 1.222342605590820312e+02 3.331491394042968750e+02 1.737982482910156250e+02
6.221024780273437500e+02 2.112005767822265625e+02 6.216055297851562500e+02 3.664370727539062500e+02
5.814909667968750000e+02 2.466056671142578125e+02 6.190311279296875000e+02 2.521080474853515625e+02
4.238731079101562500e+02 4.790773315429687500e+02 3.631118774414062500e+02 3.241021423339843750e+02
5.756238937377929688e+01 6.273227691650390625e+01 6.110070037841796875e+01 2.826524963378906250e+02
2.281150512695312500e+02 1.227352066040039062e+02 2.280481262207031250e+02 1.738376159667968750e+02
3.223069458007812500e+02 6.482155609130859375e+01 3.662498474121093750e+02 6.218161773681640625e+01
4.683175659179687500e+02 2.314519195556640625e+02 4.359820251464843750e+02 2.316769561767578125e+02
3.637125244140625000e+02 1.219057998657226562e+02 3.577443237304687500e+02 2.973768615722656250e+02
5.941381835937500000e+02 3.542634582519531250e+02 6.216055297851562500e+02 3.664370727539062500e+02
5.764434204101562500e+02 3.310980834960937500e+02 6.216918334960937500e+02 3.505753173828125000e+02
1.982279663085937500e+02 1.676305084228515625e+02 3.630402221679687500e+02 1.672702636718750000e+02
1.931588439941406250e+02 2.713719482421875000e+02 1.684230041503906250e+02 2.827121582031250000e+02
6.181438598632812500e+02 4.703733215332031250e+02 6.387249755859375000e+02 4.774760131835937500e+02
6.393483886718750000e+02 4.781702423095703125e+01 1.766655578613281250e+02 4.718454360961914062e+01
1.372264404296875000e+02 3.397919616699218750e+02 1.319847869873046875e+02 7.345428466796875000e+01
1.422588653564453125e+02 3.395976867675781250e+02 1.425569610595703125e+02 3.473195495605468750e+02
3.223069458007812500e+02 6.482155609130859375e+01 3.230868225097656250e+02 1.327952117919921875e+02
1.978247833251953125e+02 1.224554901123046875e+02 1.982507476806640625e+02 1.738479919433593750e+02
2.821282348632812500e+02 4.789778137207031250e+02 3.016044921875000000e+02 3.389075927734375000e+02
1.370117340087890625e+02 1.436139984130859375e+02 1.982279663085937500e+02 1.676305084228515625e+02
3.083751831054687500e+02 1.811078948974609375e+02 3.057854003906250000e+02 2.275047302246093750e+02
2.627062683105468750e+02 1.737045593261718750e+02 2.625648193359375000e+02 1.256179733276367188e+02
4.032318115234375000e+02 1.965770111083984375e+02 4.680190734863281250e+02 2.002638702392578125e+02
1.157776641845703125e+01 4.361319274902343750e+02 4.313682556152343750e+01 4.375353393554687500e+02
6.197318115234375000e+02 3.664084472656250000e+02 6.181438598632812500e+02 4.703733215332031250e+02
2.981055297851562500e+02 1.253269500732421875e+02 2.979393920898437500e+02 1.738044433593750000e+02
3.073438415527343750e+02 1.705628776550292969e+01 1.628677062988281250e+02 1.742341041564941406e+01
2.509461402893066406e+00 5.413728713989257812e+01 1.157776641845703125e+01 4.361319274902343750e+02
6.391318359375000000e+02 1.665833587646484375e+02 3.630401611328125000e+02 1.672390747070312500e+02
5.764434204101562500e+02 3.310980834960937500e+02 5.941381835937500000e+02 3.542634582519531250e+02
3.640895080566406250e+02 1.219194335937500000e+02 3.662498474121093750e+02 6.218161773681640625e+01
4.562289428710937500e+02 1.824321899414062500e+02 4.563479309082031250e+02 1.938896179199218750e+02
6.395763549804687500e+02 1.752392196655273438e+01 5.415085449218750000e+02 1.604591178894042969e+01
5.925342407226562500e+02 4.062482604980468750e+02 1.352512836456298828e+01 4.034934692382812500e+02
3.717773132324218750e+02 2.970568847656250000e+02 3.714141845703125000e+02 1.899457244873046875e+02
3.629776000976562500e+02 1.815976867675781250e+02 1.388384094238281250e+02 1.812481994628906250e+02
5.918588867187500000e+02 4.362646179199218750e+02 8.001962304115295410e-01 4.407750854492187500e+02
7.133904266357421875e+01 2.824756774902343750e+02 6.110070037841796875e+01 2.826524963378906250e+02
3.474450988769531250e+02 2.826702270507812500e+02 3.577443237304687500e+02 2.973768615722656250e+02
2.958207702636718750e+02 1.737043762207031250e+02 2.932964477539062500e+02 2.271540832519531250e+02
1.924400177001953125e+02 3.083855590820312500e+02 1.913053588867187500e+02 1.852967224121093750e+02
5.687427368164062500e+02 1.222122573852539062e+02 5.667813110351562500e+02 2.951854858398437500e+02
6.216044311523437500e+02 3.664708251953125000e+02 6.216055297851562500e+02 3.664370727539062500e+02
2.287799835205078125e+01 3.098993835449218750e+02 2.811962127685546875e+01 4.183662414550781250e+02
3.617879638671875000e+02 3.058281555175781250e+02 3.651555175781250000e+02 1.219389495849609375e+02
3.073438415527343750e+02 1.705628776550292969e+01 3.077301330566406250e+02 2.706023788452148438e+01
6.216918334960937500e+02 3.505753173828125000e+02 6.392337646484375000e+02 3.509879455566406250e+02
3.630402526855468750e+02 1.672702636718750000e+02 3.630402221679687500e+02 1.672702636718750000e+02
3.474450988769531250e+02 2.826702270507812500e+02 3.482293090820312500e+02 1.855980072021484375e+02
6.303079605102539062e+01 2.865695190429687500e+02 8.040276527404785156e+00 3.136658020019531250e+02
3.474450988769531250e+02 2.826702270507812500e+02 2.789884643554687500e+02 2.896387023925781250e+02
1.628677062988281250e+02 1.742341041564941406e+01 1.730650177001953125e+02 2.900968551635742188e+01
3.624610900878906250e+02 7.693238067626953125e+01 3.232976684570312500e+02 7.254026031494140625e+01
3.077301330566406250e+02 2.706023788452148438e+01 1.730650177001953125e+02 2.900968551635742188e+01
4.980014038085937500e+02 2.460407714843750000e+02 5.563347167968750000e+02 2.425880737304687500e+02
3.084104003906250000e+02 1.742094421386718750e+02 3.080713500976562500e+02 1.810929260253906250e+02
4.613647460937500000e+01 2.979233093261718750e+02 4.613986206054687500e+01 3.729856262207031250e+02
6.392910156250000000e+02 3.692291259765625000e+02 6.216918334960937500e+02 3.505753173828125000e+02
3.537697448730468750e+02 2.989234924316406250e+02 3.635075988769531250e+02 3.239481506347656250e+02
5.667813110351562500e+02 2.951854858398437500e+02 5.773223876953125000e+02 2.989396972656250000e+02
1.955202484130859375e+02 3.082799682617187500e+02 1.964490661621093750e+02 3.353814392089843750e+02
2.476809387207031250e+02 1.814798278808593750e+02 2.524152526855468750e+02 2.273317871093750000e+02
4.359841308593750000e+02 2.312799682617187500e+02 4.025177001953125000e+02 2.311019744873046875e+02
5.925342407226562500e+02 4.062482604980468750e+02 4.514426879882812500e+02 3.055858764648437500e+02
3.478250427246093750e+02 2.303397064208984375e+02 2.173976745605468750e+02 2.271306915283203125e+02
1.924400177001953125e+02 3.083855590820312500e+02 1.813496398925781250e+02 3.132191162109375000e+02
5.614105224609375000e+02 4.791152038574218750e+02 4.262292175292968750e+02 3.282975463867187500e+02
1.683815917968750000e+02 3.172022399902343750e+02 1.682153625488281250e+02 2.899933776855468750e+02
1.372264404296875000e+02 3.397919616699218750e+02 1.819834594726562500e+02 3.143334045410156250e+02
3.617879638671875000e+02 3.058281555175781250e+02 4.126645202636718750e+02 3.048738708496093750e+02
6.652310490608215332e-01 4.141477050781250000e+02 1.104101657867431641e+01 4.177032470703125000e+02
3.717773132324218750e+02 2.970568847656250000e+02 3.615195312500000000e+02 2.909918823242187500e+02
5.326919555664062500e+02 6.934938812255859375e+01 5.420110473632812500e+02 6.272322845458984375e+01
6.083283996582031250e+01 2.828090515136718750e+02 6.110070037841796875e+01 2.826524963378906250e+02
4.218469848632812500e+02 3.324681091308593750e+02 4.136732482910156250e+02 3.238794860839843750e+02
3.223069458007812500e+02 6.482155609130859375e+01 3.253489685058593750e+02 6.573905181884765625e+01
6.029147949218750000e+02 3.235161132812500000e+02 5.924682006835937500e+02 3.196145935058593750e+02
4.501002197265625000e+02 3.075226745605468750e+02 4.328456420898437500e+02 2.955629882812500000e+02
3.677380981445312500e+02 3.224321289062500000e+02 3.677419738769531250e+02 3.224429016113281250e+02
2.789884643554687500e+02 2.896387023925781250e+02 2.787494201660156250e+02 2.561959838867187500e+02
1.963379974365234375e+02 1.737926025390625000e+02 1.960008850097656250e+02 1.854327087402343750e+02
1.813496398925781250e+02 3.132191162109375000e+02 1.810725555419921875e+02 2.873170776367187500e+02
6.393516845703125000e+02 6.478224945068359375e+01 5.420110473632812500e+02 6.272322845458984375e+01
1.417892913818359375e+02 2.262072906494140625e+02 1.783094940185546875e+02 2.235921630859375000e+02
3.577443237304687500e+02 2.973768615722656250e+02 3.669609985351562500e+02 3.227012939453125000e+02
2.161613769531250000e+02 2.427442932128906250e+02 2.189181213378906250e+02 2.037732086181640625e+02
2.161613769531250000e+02 2.427442932128906250e+02 2.133007049560546875e+02 2.795582275390625000e+02
1.931588439941406250e+02 2.713719482421875000e+02 2.129952239990234375e+02 2.685236206054687500e+02
4.668241500854492188e+01 3.729816894531250000e+02 4.679463195800781250e+01 3.884097900390625000e+02
1.810725555419921875e+02 2.873170776367187500e+02 1.682153625488281250e+02 2.899933776855468750e+02
4.328456420898437500e+02 2.955629882812500000e+02 4.359820251464843750e+02 2.316769561767578125e+02
2.019586791992187500e+02 6.562371826171875000e+01 3.087212524414062500e+02 6.489002227783203125e+01
6.782904052734375000e+01 3.622109069824218750e+02 1.629851531982421875e+02 3.495852355957031250e+02
3.222801208496093750e+02 6.425167846679687500e+01 3.087212524414062500e+02 6.489002227783203125e+01
6.403594970703125000e+01 2.827148132324218750e+02 6.671276855468750000e+01 3.736774597167968750e+02
1.931588439941406250e+02 2.713719482421875000e+02 1.810725555419921875e+02 2.873170776367187500e+02
2.683487319946289062e+01 4.031435852050781250e+02 1.104101657867431641e+01 4.177032470703125000e+02
1.677176818847656250e+02 2.808110961914062500e+02 1.418940277099609375e+02 2.903921813964843750e+02
1.814329376220703125e+02 2.873182373046875000e+02 1.817489929199218750e+02 1.890443878173828125e+02
4.126667480468750000e+02 3.056906433105468750e+02 4.514426879882812500e+02 3.055858764648437500e+02
2.683487319946289062e+01 4.031435852050781250e+02 4.613986206054687500e+01 3.729856262207031250e+02
1.805033922195434570e+00 5.415531158447265625e+01 8.582586050033569336e-01 1.714968872070312500e+01
8.819308876991271973e-01 4.743148498535156250e+02 1.629851531982421875e+02 3.495852355957031250e+02
1.684142608642578125e+02 2.899936218261718750e+02 1.684230041503906250e+02 2.827121582031250000e+02
2.790121765136718750e+02 2.561961669921875000e+02 2.790220031738281250e+02 2.423521270751953125e+02
6.394112548828125000e+02 3.861653137207031250e+01 5.678666381835937500e+02 3.824426269531250000e+01
2.811962127685546875e+01 4.183662414550781250e+02 1.414813232421875000e+01 4.246317749023437500e+02
