1.618257293701171875e+02 3.983818664550781250e+02 1.850104675292968750e+02 3.984221801757812500e+02
8.374896240234375000e+01 3.725955810546875000e+02 6.521627044677734375e+01 3.740512695312500000e+02
5.100353698730468750e+02 2.791179809570312500e+02 5.416713256835937500e+02 2.803002624511718750e+02
2.873690032958984375e+01 3.769866027832031250e+02 2.874967575073242188e+01 3.590615844726562500e+02
2.873690032958984375e+01 3.769866027832031250e+02 3.000000381469726562e+01 4.012530822753906250e+02
1.132104110717773438e+02 1.669158477783203125e+02 1.650006866455078125e+02 1.725143432617187500e+02
1.837473449707031250e+02 2.794284057617187500e+02 2.200014038085937500e+02 2.850000915527343750e+02
1.500065002441406250e+02 4.170445861816406250e+02 1.385348205566406250e+02 4.275000610351562500e+02
1.850000305175781250e+02 2.371481018066406250e+02 2.064818572998046875e+02 2.390699768066406250e+02
2.873661231994628906e+01 3.460093383789062500e+02 2.874967575073242188e+01 3.590615844726562500e+02
8.374896240234375000e+01 3.725955810546875000e+02 7.226957702636718750e+01 3.553092651367187500e+02
5.750009155273437500e+02 2.817704162597656250e+02 5.416713256835937500e+02 2.803002624511718750e+02
2.568134460449218750e+02 3.579973754882812500e+02 2.337613830566406250e+02 3.600000610351562500e+02
5.097120666503906250e+01 3.268274841308593750e+02 7.652426910400390625e+01 3.177964477539062500e+02
7.652426910400390625e+01 3.177964477539062500e+02 1.128122558593750000e+02 3.075001220703125000e+02
3.217964477539062500e+02 1.753105316162109375e+02 3.050000305175781250e+02 1.753294372558593750e+02
5.809854125976562500e+02 4.327284545898437500e+02 5.800000000000000000e+02 4.442747802734375000e+02
5.668960571289062500e+01 3.569837036132812500e+02 7.226957702636718750e+01 3.553092651367187500e+02
5.668960571289062500e+01 3.569837036132812500e+02 2.874967575073242188e+01 3.590615844726562500e+02
1.618762207031250000e+02 3.657153930664062500e+02 1.450067291259765625e+02 3.675000305175781250e+02
2.873690032958984375e+01 3.769866027832031250e+02 6.521627044677734375e+01 3.740512695312500000e+02
2.451156311035156250e+02 4.060271301269531250e+02 2.287421569824218750e+02 3.940287475585937500e+02
4.111922607421875000e+02 1.585300636291503906e+01 4.463122253417968750e+02 1.327091503143310547e+01
1.250088882446289062e+02 4.387556762695312500e+02 1.385348205566406250e+02 4.275000610351562500e+02
5.921771240234375000e+02 4.109399108886718750e+02 6.187691650390625000e+02 4.142069702148437500e+02
5.811090087890625000e+02 4.212293701171875000e+02 5.814931640625000000e+02 4.105115356445312500e+02
2.568134460449218750e+02 3.579973754882812500e+02 2.878160400390625000e+02 3.552997741699218750e+02
8.374896240234375000e+01 3.725955810546875000e+02 9.162959289550781250e+01 3.890560302734375000e+02
1.131304550170898438e+02 1.265504150390625000e+02 8.507325744628906250e+01 1.211559143066406250e+02
4.735213623046875000e+02 1.612513275146484375e+02 4.750000305175781250e+02 1.762516632080078125e+02
4.111922607421875000e+02 1.585300636291503906e+01 3.550005493164062500e+02 1.953530120849609375e+01
5.100353698730468750e+02 2.791179809570312500e+02 4.750000610351562500e+02 2.755040283203125000e+02
1.837473449707031250e+02 2.794284057617187500e+02 1.850000305175781250e+02 2.371481018066406250e+02
1.626367187500000000e+02 3.487504272460937500e+02 1.450008239746093750e+02 3.498666687011718750e+02
2.363397979736328125e+02 2.437500610351562500e+02 2.370538635253906250e+02 2.250010070800781250e+02
1.614847106933593750e+02 1.896120262145996094e+01 1.810894012451171875e+02 1.780482864379882812e+01
1.600092315673828125e+02 2.942610778808593750e+02 1.128122558593750000e+02 3.075001220703125000e+02
1.976600341796875000e+02 3.461007385253906250e+02 1.626367187500000000e+02 3.487504272460937500e+02
3.612495117187500000e+02 1.333675842285156250e+02 4.587509460449218750e+02 1.331369323730468750e+02
3.001058959960937500e+01 4.320601501464843750e+02 3.128104400634765625e+01 4.640716247558593750e+02
5.626885375976562500e+02 3.234572753906250000e+02 5.600001220703125000e+02 3.054717712402343750e+02
6.187691650390625000e+02 4.142069702148437500e+02 6.200001220703125000e+02 3.937536621093750000e+02
3.001058959960937500e+01 4.320601501464843750e+02 3.000000381469726562e+01 4.012530822753906250e+02
1.664992065429687500e+02 1.565423583984375000e+02 1.650006866455078125e+02 1.725143432617187500e+02
5.668960571289062500e+01 3.569837036132812500e+02 6.521627044677734375e+01 3.740512695312500000e+02
5.811090087890625000e+02 4.212293701171875000e+02 5.809854125976562500e+02 4.327284545898437500e+02
1.623807525634765625e+02 4.331048278808593750e+02 1.500065002441406250e+02 4.170445861816406250e+02
2.873661231994628906e+01 3.460093383789062500e+02 2.872792816162109375e+01 3.262521667480468750e+02
2.832972335815429688e+01 1.108996200561523438e+02 2.874788093566894531e+01 1.621174926757812500e+02
7.226957702636718750e+01 3.553092651367187500e+02 1.300023040771484375e+02 3.515384216308593750e+02
6.137462768554687500e+02 3.122159423828125000e+02 5.821627807617187500e+02 3.102932739257812500e+02
3.050000305175781250e+02 1.753294372558593750e+02 2.785711364746093750e+02 1.762500457763671875e+02
2.600005493164062500e+02 1.752968444824218750e+02 2.785711364746093750e+02 1.762500457763671875e+02
1.614847106933593750e+02 1.896120262145996094e+01 1.626265106201171875e+02 4.605688154697418213e-03
2.350377197265625000e+02 1.743344879150390625e+02 2.600005493164062500e+02 1.752968444824218750e+02
3.860857849121093750e+02 3.075019531250000000e+02 4.050053405761718750e+02 2.962500915527343750e+02
8.374896240234375000e+01 3.725955810546875000e+02 1.450067291259765625e+02 3.675000305175781250e+02
1.300023040771484375e+02 3.515384216308593750e+02 1.450008239746093750e+02 3.498666687011718750e+02
5.000041580200195312e+01 1.134172744750976562e+02 8.507325744628906250e+01 1.211559143066406250e+02
6.387825927734375000e+02 4.167588500976562500e+02 6.187691650390625000e+02 4.142069702148437500e+02
3.885741577148437500e+02 4.594204101562500000e+02 3.887399902343750000e+02 4.394747924804687500e+02
5.664440307617187500e+02 3.759252929687500000e+02 5.200000610351562500e+02 3.725951538085937500e+02
2.435361633300781250e+02 2.887500305175781250e+02 2.200014038085937500e+02 2.850000915527343750e+02
2.116890563964843750e+02 3.450025939941406250e+02 1.976600341796875000e+02 3.461007385253906250e+02
4.725746154785156250e+02 2.587610168457031250e+02 4.357395935058593750e+02 2.578176574707031250e+02
5.800058593750000000e+02 1.810790710449218750e+02 5.150001220703125000e+02 1.800452728271484375e+02
5.961487426757812500e+02 4.462510681152343750e+02 5.800000000000000000e+02 4.442747802734375000e+02
3.050214538574218750e+02 8.305361747741699219e+00 3.250142211914062500e+02 6.564984798431396484e+00
3.017944335937500000e+02 2.970601501464843750e+02 3.013603210449218750e+02 2.690455322265625000e+02
1.618762207031250000e+02 3.657153930664062500e+02 2.187604370117187500e+02 3.611468505859375000e+02
5.800058593750000000e+02 1.810790710449218750e+02 6.211004028320312500e+02 1.790462799072265625e+02
1.810894012451171875e+02 1.780482864379882812e+01 2.219600524902343750e+02 1.500018405914306641e+01
5.097120666503906250e+01 3.268274841308593750e+02 5.072439193725585938e+01 2.727719116210937500e+02
5.537420043945312500e+02 4.612575683593750000e+02 5.100195617675781250e+02 4.547063598632812500e+02
4.675101013183593750e+02 2.867883605957031250e+02 4.750000610351562500e+02 2.755040283203125000e+02
2.800014038085937500e+02 2.126635437011718750e+02 2.600000915527343750e+02 2.111267395019531250e+02
3.037518615722656250e+02 2.150133056640625000e+02 3.050000305175781250e+02 1.753294372558593750e+02
5.626885375976562500e+02 3.234572753906250000e+02 5.365354614257812500e+02 3.207172241210937500e+02
2.116890563964843750e+02 3.450025939941406250e+02 2.587713317871093750e+02 3.412500610351562500e+02
2.878160400390625000e+02 3.552997741699218750e+02 3.500595703125000000e+02 3.498283996582031250e+02
2.487527465820312500e+02 4.406682739257812500e+02 2.518111877441406250e+02 4.612500305175781250e+02
3.711984252929687500e+02 3.178196411132812500e+02 3.860857849121093750e+02 3.075019531250000000e+02
5.980057373046875000e+02 4.658878173828125000e+02 6.176766357421875000e+02 4.687558593750000000e+02
2.337613830566406250e+02 3.600000610351562500e+02 2.187604370117187500e+02 3.611468505859375000e+02
1.614847106933593750e+02 1.896120262145996094e+01 1.311773223876953125e+02 2.250018119812011719e+01
3.400118713378906250e+02 1.774010314941406250e+02 3.217964477539062500e+02 1.753105316162109375e+02
2.587395629882812500e+02 2.250182647705078125e+02 2.600000915527343750e+02 2.111267395019531250e+02
2.363397979736328125e+02 2.437500610351562500e+02 2.064818572998046875e+02 2.390699768066406250e+02
3.711984252929687500e+02 3.178196411132812500e+02 4.187525634765625000e+02 3.225000000000000000e+02
7.274373626708984375e+01 3.919328002929687500e+02 6.521627044677734375e+01 3.740512695312500000e+02
2.873661231994628906e+01 3.460093383789062500e+02 5.004721069335937500e+01 3.412503967285156250e+02
1.618762207031250000e+02 3.657153930664062500e+02 1.637531433105468750e+02 3.776490783691406250e+02
2.811741333007812500e+02 1.029793834686279297e+01 2.219600524902343750e+02 1.500018405914306641e+01
5.961487426757812500e+02 4.462510681152343750e+02 6.187514648437500000e+02 4.486970520019531250e+02
4.300010375976562500e+02 1.960961151123046875e+02 4.702848815917968750e+02 1.950089721679687500e+02
2.587395629882812500e+02 2.250182647705078125e+02 2.587628784179687500e+02 2.464605407714843750e+02
2.811741333007812500e+02 1.029793834686279297e+01 3.050214538574218750e+02 8.305361747741699219e+00
6.387480468750000000e+02 4.511650390625000000e+02 6.187514648437500000e+02 4.486970520019531250e+02
5.865342407226562500e+02 3.262500000000000000e+02 6.267344970703125000e+02 3.290584716796875000e+02
2.850002441406250000e+02 2.434079360961914062e+01 3.361882019042968750e+02 2.155060386657714844e+01
5.814931640625000000e+02 4.105115356445312500e+02 5.921771240234375000e+02 4.109399108886718750e+02
2.350377197265625000e+02 1.743344879150390625e+02 1.787503356933593750e+02 1.744297180175781250e+02
2.832972335815429688e+01 1.108996200561523438e+02 5.000041580200195312e+01 1.134172744750976562e+02
2.210125427246093750e+02 2.414766235351562500e+02 2.363397979736328125e+02 2.437500610351562500e+02
4.725746154785156250e+02 2.587610168457031250e+02 4.750000610351562500e+02 2.755040283203125000e+02
3.201833343505859375e+01 4.739365844726562500e+02 3.128104400634765625e+01 4.640716247558593750e+02
2.210125427246093750e+02 2.414766235351562500e+02 2.064818572998046875e+02 2.390699768066406250e+02
3.702578735351562500e+01 4.310400390625000000e+01 4.000046539306640625e+01 9.108640289306640625e+01
1.614847106933593750e+02 1.896120262145996094e+01 1.236848754882812500e+02 2.250372695922851562e+01
5.100195617675781250e+02 4.547063598632812500e+02 4.700353698730468750e+02 4.500000610351562500e+02
1.500065002441406250e+02 4.170445861816406250e+02 1.270540161132812500e+02 4.108716735839843750e+02
5.811090087890625000e+02 4.212293701171875000e+02 6.187519531250000000e+02 4.257149658203125000e+02
3.053842773437500000e+02 1.621529998779296875e+02 3.050000305175781250e+02 1.753294372558593750e+02
3.500595703125000000e+02 3.498283996582031250e+02 3.004248962402343750e+02 3.543450927734375000e+02
1.850104675292968750e+02 3.984221801757812500e+02 1.637531433105468750e+02 3.776490783691406250e+02
2.811741333007812500e+02 1.029793834686279297e+01 2.308738861083984375e+02 1.403800678253173828e+01
2.451156311035156250e+02 4.060271301269531250e+02 2.703679809570312500e+02 4.111218566894531250e+02
4.750000305175781250e+02 1.762516632080078125e+02 5.150001220703125000e+02 1.800452728271484375e+02
5.000041580200195312e+01 1.134172744750976562e+02 5.040160751342773438e+01 1.620023193359375000e+02
3.683317565917968750e+02 3.675024719238281250e+02 3.324126586914062500e+02 3.702989807128906250e+02
1.731763458251953125e+02 3.093036842346191406e+01 2.172097167968750000e+02 2.897682762145996094e+01
2.350377197265625000e+02 1.743344879150390625e+02 2.000363769531250000e+02 1.749292144775390625e+02
9.133563995361328125e+01 4.575407104492187500e+02 3.128104400634765625e+01 4.640716247558593750e+02
6.387695312500000000e+02 4.283362426757812500e+02 6.187519531250000000e+02 4.257149658203125000e+02
1.161754760742187500e+02 3.381076660156250000e+02 1.309559478759765625e+02 3.365625610351562500e+02
4.111922607421875000e+02 1.585300636291503906e+01 4.082651367187500000e+02 1.617148518562316895e-04
6.187519531250000000e+02 4.257149658203125000e+02 6.187691650390625000e+02 4.142069702148437500e+02
3.885741577148437500e+02 4.594204101562500000e+02 3.682701110839843750e+02 4.631095275878906250e+02
1.132104110717773438e+02 1.669158477783203125e+02 6.788490295410156250e+01 1.626796875000000000e+02
5.750009155273437500e+02 2.817704162597656250e+02 5.800058593750000000e+02 1.810790710449218750e+02
6.187519531250000000e+02 4.257149658203125000e+02 5.937378540039062500e+02 4.227551879882812500e+02
5.040160751342773438e+01 1.620023193359375000e+02 5.001771926879882812e+01 1.989295501708984375e+02
1.850104675292968750e+02 3.984221801757812500e+02 2.028977813720703125e+02 3.921122131347656250e+02
2.159688568115234375e+02 4.265632324218750000e+02 2.264431152343750000e+02 4.378030090332031250e+02
5.537420043945312500e+02 4.612575683593750000e+02 5.518515625000000000e+02 4.790403442382812500e+02
5.000292968750000000e+01 2.805143594741821289e-04 4.638433837890625000e+01 9.823353767395019531e+00
1.622918090820312500e+02 2.868480834960937500e+02 1.637321472167968750e+02 2.673426513671875000e+02
1.650006866455078125e+02 1.725143432617187500e+02 1.787503356933593750e+02 1.744297180175781250e+02
5.664440307617187500e+02 3.759252929687500000e+02 5.650000610351562500e+02 4.113389282226562500e+02
5.056027832031250000e+02 3.703092041015625000e+02 5.200000610351562500e+02 3.725951538085937500e+02
1.787503356933593750e+02 1.744297180175781250e+02 2.000363769531250000e+02 1.749292144775390625e+02
2.811741333007812500e+02 1.029793834686279297e+01 2.850002441406250000e+02 2.434079360961914062e+01
5.980057373046875000e+02 4.658878173828125000e+02 5.974799804687500000e+02 4.790643310546875000e+02
6.137462768554687500e+02 3.122159423828125000e+02 5.934438476562500000e+02 3.112516479492187500e+02
1.309559478759765625e+02 3.365625610351562500e+02 1.650033264160156250e+02 3.346871032714843750e+02
6.387785644531250000e+02 4.395547485351562500e+02 6.200001220703125000e+02 4.369134216308593750e+02
4.500433349609375000e+02 3.008907165527343750e+02 4.387451477050781250e+02 3.136163024902343750e+02
1.650006866455078125e+02 1.725143432617187500e+02 1.635263977050781250e+02 2.184214019775390625e+02
5.000041580200195312e+01 1.134172744750976562e+02 6.720947265625000000e+01 1.175950241088867188e+02
3.711984252929687500e+02 3.178196411132812500e+02 4.050053405761718750e+02 2.962500915527343750e+02
2.350377197265625000e+02 1.743344879150390625e+02 2.370538635253906250e+02 2.250010070800781250e+02
1.119385910034179688e+02 3.235347900390625000e+02 1.128122558593750000e+02 3.075001220703125000e+02
1.810894012451171875e+02 1.780482864379882812e+01 2.308738861083984375e+02 1.403800678253173828e+01
4.124660034179687500e+02 4.425219726562500000e+02 3.887399902343750000e+02 4.394747924804687500e+02
3.050000305175781250e+02 1.753294372558593750e+02 3.087457275390625000e+02 1.439854125976562500e+02
1.300023040771484375e+02 3.515384216308593750e+02 1.450067291259765625e+02 3.675000305175781250e+02
2.350377197265625000e+02 1.743344879150390625e+02 2.360569000244140625e+02 2.004066925048828125e+02
2.287421569824218750e+02 3.940287475585937500e+02 2.578866577148437500e+02 3.750007324218750000e+02
2.850002441406250000e+02 2.434079360961914062e+01 2.587608032226562500e+02 2.531307601928710938e+01
3.682701110839843750e+02 4.631095275878906250e+02 3.866738281250000000e+02 4.715539855957031250e+02
2.600005493164062500e+02 1.752968444824218750e+02 3.050000305175781250e+02 1.753294372558593750e+02
3.250142211914062500e+02 6.564984798431396484e+00 3.387514038085937500e+02 5.854227066040039062e+00
4.000046539306640625e+01 9.108640289306640625e+01 2.896785736083984375e-04 8.153262329101562500e+01
5.000041580200195312e+01 1.134172744750976562e+02 5.088694000244140625e+01 1.414336547851562500e+02
1.600092315673828125e+02 2.942610778808593750e+02 1.637321472167968750e+02 2.673426513671875000e+02
3.518442077636718750e+02 4.672146320343017578e+00 3.250142211914062500e+02 6.564984798431396484e+00
6.187519531250000000e+02 4.257149658203125000e+02 6.200001220703125000e+02 4.369134216308593750e+02
1.650006866455078125e+02 1.725143432617187500e+02 1.632759094238281250e+02 2.383437347412109375e+02
4.463122253417968750e+02 1.327091503143310547e+01 4.669758300781250000e+02 1.282235527038574219e+01
3.050214538574218750e+02 8.305361747741699219e+00 3.061608581542968750e+02 4.577636718750000000e-04
1.823001861572265625e+02 3.337524414062500000e+02 1.650033264160156250e+02 3.346871032714843750e+02
7.226957702636718750e+01 3.553092651367187500e+02 6.352923583984375000e+01 3.400729675292968750e+02
2.363397979736328125e+02 2.437500610351562500e+02 2.356924285888671875e+02 2.540637054443359375e+02
5.811090087890625000e+02 4.212293701171875000e+02 5.937378540039062500e+02 4.227551879882812500e+02
3.053842773437500000e+02 1.621529998779296875e+02 3.087457275390625000e+02 1.439854125976562500e+02
5.416713256835937500e+02 2.803002624511718750e+02 5.462213745117187500e+02 1.940384216308593750e+02
5.950487060546875000e+02 4.340845336914062500e+02 6.200001220703125000e+02 4.369134216308593750e+02
4.750000305175781250e+02 1.762516632080078125e+02 4.702848815917968750e+02 1.950089721679687500e+02
5.035506896972656250e+02 1.019216251373291016e+01 5.965221557617187500e+02 4.854535102844238281e+00
1.731763458251953125e+02 3.093036842346191406e+01 1.301118011474609375e+02 3.446366119384765625e+01
4.372317810058593750e+02 2.370681762695312500e+02 4.357395935058593750e+02 2.578176574707031250e+02
3.711984252929687500e+02 3.178196411132812500e+02 3.687567749023437500e+02 3.393604736328125000e+02
2.874788093566894531e+01 1.621174926757812500e+02 2.873451232910156250e+01 2.327085266113281250e+02
4.463122253417968750e+02 1.327091503143310547e+01 4.465528869628906250e+02 3.051012754440307617e-04
5.778791503906250000e+02 4.790756530761718750e+02 5.800000000000000000e+02 4.442747802734375000e+02
5.750009155273437500e+02 2.817704162597656250e+02 5.760520019531250000e+02 2.686885681152343750e+02
5.040160751342773438e+01 1.620023193359375000e+02 5.088694000244140625e+01 1.414336547851562500e+02
3.518442077636718750e+02 4.672146320343017578e+00 3.880675659179687500e+02 1.769915461540222168e+00
2.850002441406250000e+02 2.434079360961914062e+01 2.317880401611328125e+02 2.813484001159667969e+01
5.537420043945312500e+02 4.612575683593750000e+02 5.273415527343750000e+02 4.575527038574218750e+02
5.800000000000000000e+02 4.442747802734375000e+02 6.187514648437500000e+02 4.486970520019531250e+02
1.133973083496093750e+02 4.698845520019531250e+02 1.169290924072265625e+02 4.790503845214843750e+02
4.050053405761718750e+02 2.962500915527343750e+02 4.337512817382812500e+02 2.728031005859375000e+02
5.865342407226562500e+02 3.262500000000000000e+02 5.852939453125000000e+02 3.412630310058593750e+02
5.668960571289062500e+01 3.569837036132812500e+02 5.004721069335937500e+01 3.412503967285156250e+02
2.587713317871093750e+02 3.412500610351562500e+02 2.337229919433593750e+02 3.436416015625000000e+02
2.832972335815429688e+01 1.108996200561523438e+02 2.876546669006347656e+01 1.002343750000000000e+02
5.809854125976562500e+02 4.327284545898437500e+02 6.200001220703125000e+02 4.369134216308593750e+02
2.874788093566894531e+01 1.621174926757812500e+02 2.876546669006347656e+01 1.002343750000000000e+02
3.200086059570312500e+02 3.725745544433593750e+02 3.324126586914062500e+02 3.702989807128906250e+02
2.116890563964843750e+02 3.450025939941406250e+02 2.337229919433593750e+02 3.436416015625000000e+02
5.200000610351562500e+02 3.725951538085937500e+02 5.400041503906250000e+02 4.139505615234375000e+02
5.097120666503906250e+01 3.268274841308593750e+02 6.692668151855468750e+01 3.215351867675781250e+02
5.809854125976562500e+02 4.327284545898437500e+02 5.950487060546875000e+02 4.340845336914062500e+02
3.200086059570312500e+02 3.725745544433593750e+02 2.752761535644531250e+02 3.776455993652343750e+02
1.632759094238281250e+02 2.383437347412109375e+02 1.637321472167968750e+02 2.673426513671875000e+02
6.267344970703125000e+02 3.290584716796875000e+02 6.260558471679687500e+02 3.610880737304687500e+02
6.315495605468750000e+02 4.699548034667968750e+02 6.176766357421875000e+02 4.687558593750000000e+02
7.226957702636718750e+01 3.553092651367187500e+02 1.450008239746093750e+02 3.498666687011718750e+02
1.500065002441406250e+02 4.170445861816406250e+02 1.784842681884765625e+02 4.138388366699218750e+02
3.881812744140625000e+02 4.790071105957031250e+02 3.866738281250000000e+02 4.715539855957031250e+02
1.132104110717773438e+02 1.669158477783203125e+02 8.023149108886718750e+01 1.640641326904296875e+02
5.664440307617187500e+02 3.759252929687500000e+02 5.677983398437500000e+02 3.535474548339843750e+02
3.659957580566406250e+02 4.351811218261718750e+02 3.261260681152343750e+02 4.303113708496093750e+02
4.357395935058593750e+02 2.578176574707031250e+02 4.337512817382812500e+02 2.728031005859375000e+02
3.201833343505859375e+01 4.739365844726562500e+02 3.001058959960937500e+01 4.320601501464843750e+02
2.568134460449218750e+02 3.579973754882812500e+02 3.004248962402343750e+02 3.543450927734375000e+02
2.451156311035156250e+02 4.060271301269531250e+02 2.513377990722656250e+02 3.975007019042968750e+02
6.273101196289062500e+02 3.132572021484375000e+02 6.300487060546875000e+02 2.850329895019531250e+02
3.000029563903808594e+01 3.880065002441406250e+02 3.000000381469726562e+01 4.012530822753906250e+02
4.387451477050781250e+02 3.136163024902343750e+02 4.805394897460937500e+02 3.162593688964843750e+02
6.137462768554687500e+02 3.122159423828125000e+02 6.160062866210937500e+02 2.709786071777343750e+02
5.965221557617187500e+02 4.854535102844238281e+00 4.876580200195312500e+02 1.129107666015625000e+01
4.187525634765625000e+02 3.225000000000000000e+02 3.837319641113281250e+02 3.191600952148437500e+02
1.635263977050781250e+02 2.184214019775390625e+02 1.632759094238281250e+02 2.383437347412109375e+02
4.750000305175781250e+02 1.762516632080078125e+02 4.717136230468750000e+02 1.519902648925781250e+02
1.132104110717773438e+02 1.669158477783203125e+02 1.787503356933593750e+02 1.744297180175781250e+02
3.659957580566406250e+02 4.351811218261718750e+02 3.887399902343750000e+02 4.394747924804687500e+02
4.000046539306640625e+01 9.108640289306640625e+01 2.876546669006347656e+01 1.002343750000000000e+02
5.668960571289062500e+01 3.569837036132812500e+02 1.300023040771484375e+02 3.515384216308593750e+02
5.200000610351562500e+02 3.725951538085937500e+02 5.315535888671875000e+02 3.951413269042968750e+02
4.500433349609375000e+02 3.008907165527343750e+02 4.050053405761718750e+02 2.962500915527343750e+02
4.374082641601562500e+02 2.259412841796875000e+02 4.357395935058593750e+02 2.578176574707031250e+02
1.976600341796875000e+02 3.461007385253906250e+02 1.823378143310546875e+02 3.473064270019531250e+02
3.885741577148437500e+02 4.594204101562500000e+02 3.866738281250000000e+02 4.715539855957031250e+02
5.100353698730468750e+02 2.791179809570312500e+02 5.129859008789062500e+02 2.382374420166015625e+02
1.626367187500000000e+02 3.487504272460937500e+02 1.823378143310546875e+02 3.473064270019531250e+02
2.363397979736328125e+02 2.437500610351562500e+02 2.361725616455078125e+02 2.162399902343750000e+02
5.800058593750000000e+02 1.810790710449218750e+02 5.780598144531250000e+02 1.958508605957031250e+02
1.128122558593750000e+02 3.075001220703125000e+02 8.814981079101562500e+01 3.140336303710937500e+02
5.865342407226562500e+02 3.262500000000000000e+02 6.059765014648437500e+02 3.272686767578125000e+02
1.161754760742187500e+02 3.381076660156250000e+02 6.352923583984375000e+01 3.400729675292968750e+02
2.350377197265625000e+02 1.743344879150390625e+02 2.361725616455078125e+02 2.162399902343750000e+02
5.100353698730468750e+02 2.791179809570312500e+02 5.134493408203125000e+02 2.298079986572265625e+02
1.450008239746093750e+02 3.498666687011718750e+02 1.309559478759765625e+02 3.365625610351562500e+02
6.059765014648437500e+02 3.272686767578125000e+02 6.267344970703125000e+02 3.290584716796875000e+02
3.711984252929687500e+02 3.178196411132812500e+02 3.687518920898437500e+02 3.307763977050781250e+02
6.137462768554687500e+02 3.122159423828125000e+02 6.273101196289062500e+02 3.132572021484375000e+02
1.618257293701171875e+02 3.983818664550781250e+02 1.637531433105468750e+02 3.776490783691406250e+02
5.150001220703125000e+02 1.800452728271484375e+02 5.134493408203125000e+02 2.298079986572265625e+02
1.618257293701171875e+02 3.983818664550781250e+02 1.400753631591796875e+02 4.030661010742187500e+02
4.700353698730468750e+02 4.500000610351562500e+02 4.351774902343750000e+02 4.453123474121093750e+02
5.934438476562500000e+02 3.112516479492187500e+02 5.821627807617187500e+02 3.102932739257812500e+02
2.360569000244140625e+02 2.004066925048828125e+02 2.370538635253906250e+02 2.250010070800781250e+02
5.200000610351562500e+02 3.725951538085937500e+02 5.353595581054687500e+02 3.730167846679687500e+02
1.450067291259765625e+02 3.675000305175781250e+02 1.170718231201171875e+02 3.695189514160156250e+02
5.097120666503906250e+01 3.268274841308593750e+02 2.872792816162109375e+01 3.262521667480468750e+02
5.800058593750000000e+02 1.810790710449218750e+02 5.475591430664062500e+02 1.800799713134765625e+02
2.159688568115234375e+02 4.265632324218750000e+02 2.518111877441406250e+02 4.612500305175781250e+02
5.600001220703125000e+02 3.054717712402343750e+02 5.821627807617187500e+02 3.102932739257812500e+02
6.200001220703125000e+02 3.937536621093750000e+02 6.301234130859375000e+02 3.948647766113281250e+02
1.731763458251953125e+02 3.093036842346191406e+01 2.317880401611328125e+02 2.813484001159667969e+01
2.360569000244140625e+02 2.004066925048828125e+02 2.361725616455078125e+02 2.162399902343750000e+02
2.873690032958984375e+01 3.769866027832031250e+02 3.000029563903808594e+01 3.880065002441406250e+02
3.004248962402343750e+02 3.543450927734375000e+02 3.265801391601562500e+02 3.515568237304687500e+02
3.500595703125000000e+02 3.498283996582031250e+02 3.265801391601562500e+02 3.515568237304687500e+02
1.250088882446289062e+02 4.387556762695312500e+02 1.111410369873046875e+02 4.511685180664062500e+02
1.637531433105468750e+02 3.776490783691406250e+02 1.960349731445312500e+02 3.740865783691406250e+02
5.100195617675781250e+02 4.547063598632812500e+02 5.615093383789062500e+02 4.613202209472656250e+02
5.664440307617187500e+02 3.759252929687500000e+02 5.353595581054687500e+02 3.730167846679687500e+02
3.570130615234375000e+02 1.174335479736328125e+02 4.775022888183593750e+02 1.168327560424804688e+02
2.872792816162109375e+01 3.262521667480468750e+02 2.873451232910156250e+01 2.327085266113281250e+02
6.211004028320312500e+02 1.790462799072265625e+02 6.337600097656250000e+02 1.743497924804687500e+02
4.374082641601562500e+02 2.259412841796875000e+02 4.372317810058593750e+02 2.370681762695312500e+02
1.132104110717773438e+02 1.669158477783203125e+02 1.137402648925781250e+02 1.515348358154296875e+02
9.162959289550781250e+01 3.890560302734375000e+02 1.121662750244140625e+02 3.835437316894531250e+02
1.500065002441406250e+02 4.170445861816406250e+02 1.400753631591796875e+02 4.030661010742187500e+02
1.600092315673828125e+02 2.942610778808593750e+02 1.624087524414062500e+02 3.097901611328125000e+02
6.200001220703125000e+02 3.937536621093750000e+02 5.985875244140625000e+02 3.910576782226562500e+02
6.720947265625000000e+01 1.175950241088867188e+02 8.507325744628906250e+01 1.211559143066406250e+02
2.878160400390625000e+02 3.552997741699218750e+02 3.004248962402343750e+02 3.543450927734375000e+02
8.374896240234375000e+01 3.725955810546875000e+02 1.170718231201171875e+02 3.695189514160156250e+02
3.682701110839843750e+02 4.631095275878906250e+02 2.830403747558593750e+02 4.788635253906250000e+02
4.675101013183593750e+02 2.867883605957031250e+02 4.500433349609375000e+02 3.008907165527343750e+02
5.800058593750000000e+02 1.810790710449218750e+02 6.337600097656250000e+02 1.743497924804687500e+02
2.752761535644531250e+02 3.776455993652343750e+02 3.324126586914062500e+02 3.702989807128906250e+02
4.111922607421875000e+02 1.585300636291503906e+01 3.361882019042968750e+02 2.155060386657714844e+01
5.200000610351562500e+02 3.725951538085937500e+02 5.262118530273437500e+02 3.872479858398437500e+02
3.013603210449218750e+02 2.690455322265625000e+02 3.034419555664062500e+02 2.524794616699218750e+02
5.365354614257812500e+02 3.207172241210937500e+02 4.805394897460937500e+02 3.162593688964843750e+02
1.500065002441406250e+02 4.170445861816406250e+02 1.250088882446289062e+02 4.387556762695312500e+02
5.129859008789062500e+02 2.382374420166015625e+02 5.150001220703125000e+02 1.800452728271484375e+02
5.150001220703125000e+02 1.800452728271484375e+02 5.475591430664062500e+02 1.800799713134765625e+02
3.760199279785156250e+02 4.372066955566406250e+02 3.887399902343750000e+02 4.394747924804687500e+02
2.874967575073242188e+01 3.590615844726562500e+02 2.872792816162109375e+01 3.262521667480468750e+02
2.850002441406250000e+02 2.434079360961914062e+01 3.550005493164062500e+02 1.953530120849609375e+01
2.435361633300781250e+02 2.887500305175781250e+02 2.587291870117187500e+02 2.912813415527343750e+02
3.683317565917968750e+02 3.675024719238281250e+02 3.670870666503906250e+02 3.886594238281250000e+02
3.518442077636718750e+02 4.672146320343017578e+00 3.387514038085937500e+02 5.854227066040039062e+00
7.274373626708984375e+01 3.919328002929687500e+02 9.162959289550781250e+01 3.890560302734375000e+02
6.187514648437500000e+02 4.486970520019531250e+02 6.200001220703125000e+02 4.369134216308593750e+02
3.013603210449218750e+02 2.690455322265625000e+02 3.037518615722656250e+02 2.150133056640625000e+02
2.518111877441406250e+02 4.612500305175781250e+02 2.264431152343750000e+02 4.378030090332031250e+02
1.119385910034179688e+02 3.235347900390625000e+02 5.004721069335937500e+01 3.412503967285156250e+02
3.612495117187500000e+02 1.333675842285156250e+02 3.314927978515625000e+02 1.340403442382812500e+02
4.869547729492187500e+02 2.045897483825683594e+01 4.676891784667968750e+02 2.154597282409667969e+01
2.467294616699218750e+02 4.285287170410156250e+02 2.787298278808593750e+02 4.312520141601562500e+02
1.600092315673828125e+02 2.942610778808593750e+02 1.632759094238281250e+02 2.383437347412109375e+02
5.100195617675781250e+02 4.547063598632812500e+02 5.273415527343750000e+02 4.575527038574218750e+02
3.887399902343750000e+02 4.394747924804687500e+02 4.351774902343750000e+02 4.453123474121093750e+02
6.170283203125000000e+02 1.145957031250000000e+02 4.775022888183593750e+02 1.168327560424804688e+02
1.131304550170898438e+02 1.265504150390625000e+02 1.122684783935546875e+02 4.404143905639648438e+01
5.615093383789062500e+02 4.613202209472656250e+02 5.273415527343750000e+02 4.575527038574218750e+02
3.050214538574218750e+02 8.305361747741699219e+00 3.387514038085937500e+02 5.854227066040039062e+00
5.001771926879882812e+01 1.989295501708984375e+02 5.167095947265625000e+01 2.196348571777343750e+02
3.702578735351562500e+01 4.310400390625000000e+01 2.017170190811157227e-03 3.171407508850097656e+01
3.400118713378906250e+02 1.774010314941406250e+02 3.569971313476562500e+02 1.810089874267578125e+02
5.537420043945312500e+02 4.612575683593750000e+02 5.615093383789062500e+02 4.613202209472656250e+02
1.270540161132812500e+02 4.108716735839843750e+02 1.050221862792968750e+02 4.052855834960937500e+02
5.035506896972656250e+02 1.019216251373291016e+01 4.876580200195312500e+02 1.129107666015625000e+01
8.374896240234375000e+01 3.725955810546875000e+02 2.873690032958984375e+01 3.769866027832031250e+02
4.638433837890625000e+01 9.823353767395019531e+00 3.616824722290039062e+01 2.425571823120117188e+01
1.632759094238281250e+02 2.383437347412109375e+02 1.850000305175781250e+02 2.371481018066406250e+02
3.261260681152343750e+02 4.303113708496093750e+02 2.622066040039062500e+02 4.200072326660156250e+02
1.119385910034179688e+02 3.235347900390625000e+02 6.352923583984375000e+01 3.400729675292968750e+02
3.711984252929687500e+02 3.178196411132812500e+02 3.837319641113281250e+02 3.191600952148437500e+02
4.124660034179687500e+02 4.425219726562500000e+02 4.700353698730468750e+02 4.500000610351562500e+02
4.387451477050781250e+02 3.136163024902343750e+02 4.536341857910156250e+02 3.140670776367187500e+02
5.600001220703125000e+02 3.054717712402343750e+02 5.735986328125000000e+02 3.090402832031250000e+02
5.668960571289062500e+01 3.569837036132812500e+02 1.450008239746093750e+02 3.498666687011718750e+02
1.132104110717773438e+02 1.669158477783203125e+02 1.131304550170898438e+02 1.265504150390625000e+02
4.050053405761718750e+02 2.962500915527343750e+02 4.151071472167968750e+02 2.887536926269531250e+02
4.735213623046875000e+02 1.612513275146484375e+02 4.717136230468750000e+02 1.519902648925781250e+02
5.315535888671875000e+02 3.951413269042968750e+02 5.400041503906250000e+02 4.139505615234375000e+02
4.374082641601562500e+02 2.259412841796875000e+02 4.351379089355468750e+02 2.146453094482421875e+02
2.159688568115234375e+02 4.265632324218750000e+02 2.467294616699218750e+02 4.285287170410156250e+02
1.622918090820312500e+02 2.868480834960937500e+02 1.632759094238281250e+02 2.383437347412109375e+02
5.200000610351562500e+02 3.725951538085937500e+02 4.579112548828125000e+02 3.665471191406250000e+02
3.570130615234375000e+02 1.174335479736328125e+02 2.462506256103515625e+02 1.205918045043945312e+02
1.618762207031250000e+02 3.657153930664062500e+02 8.374896240234375000e+01 3.725955810546875000e+02
2.878160400390625000e+02 3.552997741699218750e+02 3.200086059570312500e+02 3.725745544433593750e+02
1.650006866455078125e+02 1.725143432617187500e+02 2.000363769531250000e+02 1.749292144775390625e+02
2.200014038085937500e+02 2.850000915527343750e+02 2.587291870117187500e+02 2.912813415527343750e+02
2.210125427246093750e+02 2.414766235351562500e+02 1.850000305175781250e+02 2.371481018066406250e+02
1.600092315673828125e+02 2.942610778808593750e+02 1.622918090820312500e+02 2.868480834960937500e+02
3.682701110839843750e+02 4.631095275878906250e+02 3.261260681152343750e+02 4.303113708496093750e+02
7.274373626708984375e+01 3.919328002929687500e+02 4.280685424804687500e+01 3.890482788085937500e+02
7.652426910400390625e+01 3.177964477539062500e+02 6.692668151855468750e+01 3.215351867675781250e+02
2.172097167968750000e+02 2.897682762145996094e+01 2.850002441406250000e+02 2.434079360961914062e+01
4.124660034179687500e+02 4.425219726562500000e+02 4.351774902343750000e+02 4.453123474121093750e+02
4.357395935058593750e+02 2.578176574707031250e+02 4.087373046875000000e+02 2.597742919921875000e+02
4.675101013183593750e+02 2.867883605957031250e+02 4.587272949218750000e+02 2.942368469238281250e+02
3.324126586914062500e+02 3.702989807128906250e+02 3.670870666503906250e+02 3.886594238281250000e+02
4.735213623046875000e+02 1.612513275146484375e+02 4.587509460449218750e+02 1.331369323730468750e+02
1.131304550170898438e+02 1.265504150390625000e+02 1.137402648925781250e+02 1.515348358154296875e+02
4.717136230468750000e+02 1.519902648925781250e+02 4.587509460449218750e+02 1.331369323730468750e+02
4.579112548828125000e+02 3.665471191406250000e+02 4.270139160156250000e+02 3.796705627441406250e+02
7.226957702636718750e+01 3.553092651367187500e+02 2.874967575073242188e+01 3.590615844726562500e+02
2.878160400390625000e+02 3.552997741699218750e+02 3.265801391601562500e+02 3.515568237304687500e+02
4.587509460449218750e+02 1.331369323730468750e+02 3.314927978515625000e+02 1.340403442382812500e+02
5.750009155273437500e+02 2.817704162597656250e+02 5.780598144531250000e+02 1.958508605957031250e+02
3.683317565917968750e+02 3.675024719238281250e+02 3.687294921875000000e+02 3.570382385253906250e+02
5.626885375976562500e+02 3.234572753906250000e+02 4.805394897460937500e+02 3.162593688964843750e+02
3.760199279785156250e+02 4.372066955566406250e+02 3.261260681152343750e+02 4.303113708496093750e+02
2.361725616455078125e+02 2.162399902343750000e+02 2.370538635253906250e+02 2.250010070800781250e+02
5.980057373046875000e+02 4.658878173828125000e+02 5.961487426757812500e+02 4.462510681152343750e+02
4.805394897460937500e+02 3.162593688964843750e+02 4.536341857910156250e+02 3.140670776367187500e+02
5.056027832031250000e+02 3.703092041015625000e+02 4.579112548828125000e+02 3.665471191406250000e+02
3.037518615722656250e+02 2.150133056640625000e+02 3.034419555664062500e+02 2.524794616699218750e+02
2.028977813720703125e+02 3.921122131347656250e+02 2.317634277343750000e+02 3.815454101562500000e+02
5.800058593750000000e+02 1.810790710449218750e+02 5.760520019531250000e+02 2.686885681152343750e+02
2.317880401611328125e+02 2.813484001159667969e+01 2.587608032226562500e+02 2.531307601928710938e+01
1.637531433105468750e+02 3.776490783691406250e+02 1.924243164062500000e+02 3.868021240234375000e+02
7.652426910400390625e+01 3.177964477539062500e+02 8.814981079101562500e+01 3.140336303710937500e+02
1.128122558593750000e+02 3.075001220703125000e+02 6.692668151855468750e+01 3.215351867675781250e+02
2.873661231994628906e+01 3.460093383789062500e+02 2.873451232910156250e+01 2.327085266113281250e+02
2.350377197265625000e+02 1.743344879150390625e+02 2.785711364746093750e+02 1.762500457763671875e+02
5.040160751342773438e+01 1.620023193359375000e+02 5.167095947265625000e+01 2.196348571777343750e+02
5.750009155273437500e+02 2.817704162597656250e+02 5.760975952148437500e+02 2.443404235839843750e+02
4.337512817382812500e+02 2.728031005859375000e+02 4.151071472167968750e+02 2.887536926269531250e+02
1.622918090820312500e+02 2.868480834960937500e+02 1.624087524414062500e+02 3.097901611328125000e+02
1.664992065429687500e+02 1.565423583984375000e+02 1.632759094238281250e+02 2.383437347412109375e+02
3.687567749023437500e+02 3.393604736328125000e+02 3.687294921875000000e+02 3.570382385253906250e+02
1.309559478759765625e+02 3.365625610351562500e+02 1.119385910034179688e+02 3.235347900390625000e+02
5.072439193725585938e+01 2.727719116210937500e+02 5.167095947265625000e+01 2.196348571777343750e+02
1.637531433105468750e+02 3.776490783691406250e+02 1.450067291259765625e+02 3.675000305175781250e+02
6.211004028320312500e+02 1.790462799072265625e+02 6.160062866210937500e+02 2.709786071777343750e+02
5.800058593750000000e+02 1.810790710449218750e+02 5.760975952148437500e+02 2.443404235839843750e+02
2.873661231994628906e+01 3.460093383789062500e+02 2.873690032958984375e+01 3.769866027832031250e+02
3.885741577148437500e+02 4.594204101562500000e+02 2.830403747558593750e+02 4.788635253906250000e+02
2.703679809570312500e+02 4.111218566894531250e+02 3.256863403320312500e+02 3.949115600585937500e+02
3.400118713378906250e+02 1.774010314941406250e+02 3.050000305175781250e+02 1.753294372558593750e+02
5.821627807617187500e+02 3.102932739257812500e+02 5.735986328125000000e+02 3.090402832031250000e+02
5.097120666503906250e+01 3.268274841308593750e+02 5.004721069335937500e+01 3.412503967285156250e+02
3.687567749023437500e+02 3.393604736328125000e+02 3.687518920898437500e+02 3.307763977050781250e+02
2.219600524902343750e+02 1.500018405914306641e+01 2.308738861083984375e+02 1.403800678253173828e+01
4.387451477050781250e+02 3.136163024902343750e+02 4.673019714355468750e+02 3.159429626464843750e+02
1.161754760742187500e+02 3.381076660156250000e+02 5.004721069335937500e+01 3.412503967285156250e+02
2.363397979736328125e+02 2.437500610351562500e+02 2.587628784179687500e+02 2.464605407714843750e+02
5.934438476562500000e+02 3.112516479492187500e+02 5.735986328125000000e+02 3.090402832031250000e+02
2.028977813720703125e+02 3.921122131347656250e+02 1.924243164062500000e+02 3.868021240234375000e+02
4.082651367187500000e+02 1.617148518562316895e-04 3.880675659179687500e+02 1.769915461540222168e+00
1.132104110717773438e+02 1.669158477783203125e+02 5.040160751342773438e+01 1.620023193359375000e+02
4.669758300781250000e+02 1.282235527038574219e+01 5.965221557617187500e+02 4.854535102844238281e+00
2.800014038085937500e+02 2.126635437011718750e+02 2.785711364746093750e+02 1.762500457763671875e+02
2.451156311035156250e+02 4.060271301269531250e+02 2.622066040039062500e+02 4.200072326660156250e+02
5.273415527343750000e+02 4.575527038574218750e+02 4.700353698730468750e+02 4.500000610351562500e+02
4.500433349609375000e+02 3.008907165527343750e+02 4.587272949218750000e+02 2.942368469238281250e+02
1.161754760742187500e+02 3.381076660156250000e+02 1.300023040771484375e+02 3.515384216308593750e+02
3.201833343505859375e+01 4.739365844726562500e+02 8.774372863769531250e+01 4.733803710937500000e+02
1.309559478759765625e+02 3.365625610351562500e+02 6.352923583984375000e+01 3.400729675292968750e+02
2.587628784179687500e+02 2.464605407714843750e+02 2.582951049804687500e+02 2.550347290039062500e+02
5.400041503906250000e+02 4.139505615234375000e+02 5.262118530273437500e+02 3.872479858398437500e+02
4.463122253417968750e+02 1.327091503143310547e+01 5.965221557617187500e+02 4.854535102844238281e+00
3.037518615722656250e+02 2.150133056640625000e+02 2.800014038085937500e+02 2.126635437011718750e+02
1.161754760742187500e+02 3.381076660156250000e+02 1.650033264160156250e+02 3.346871032714843750e+02
2.600005493164062500e+02 1.752968444824218750e+02 2.600000915527343750e+02 2.111267395019531250e+02
3.261260681152343750e+02 4.303113708496093750e+02 3.887399902343750000e+02 4.394747924804687500e+02
5.004721069335937500e+01 3.412503967285156250e+02 6.352923583984375000e+01 3.400729675292968750e+02
3.659957580566406250e+02 4.351811218261718750e+02 3.760199279785156250e+02 4.372066955566406250e+02
1.976600341796875000e+02 3.461007385253906250e+02 1.823001861572265625e+02 3.337524414062500000e+02
2.568134460449218750e+02 3.579973754882812500e+02 2.587713317871093750e+02 3.412500610351562500e+02
2.587713317871093750e+02 3.412500610351562500e+02 2.878160400390625000e+02 3.552997741699218750e+02
4.675101013183593750e+02 2.867883605957031250e+02 4.387451477050781250e+02 3.136163024902343750e+02
4.536341857910156250e+02 3.140670776367187500e+02 4.673019714355468750e+02 3.159429626464843750e+02
6.720947265625000000e+01 1.175950241088867188e+02 1.131304550170898438e+02 1.265504150390625000e+02
2.337613830566406250e+02 3.600000610351562500e+02 2.578866577148437500e+02 3.750007324218750000e+02
2.159688568115234375e+02 4.265632324218750000e+02 2.622066040039062500e+02 4.200072326660156250e+02
4.805394897460937500e+02 3.162593688964843750e+02 4.673019714355468750e+02 3.159429626464843750e+02
4.750000610351562500e+02 2.755040283203125000e+02 4.337512817382812500e+02 2.728031005859375000e+02
3.261260681152343750e+02 4.303113708496093750e+02 2.787298278808593750e+02 4.312520141601562500e+02
5.365354614257812500e+02 3.207172241210937500e+02 4.673019714355468750e+02 3.159429626464843750e+02
5.072439193725585938e+01 2.727719116210937500e+02 5.004721069335937500e+01 3.412503967285156250e+02
1.664992065429687500e+02 1.565423583984375000e+02 1.137402648925781250e+02 1.515348358154296875e+02
1.309559478759765625e+02 3.365625610351562500e+02 5.004721069335937500e+01 3.412503967285156250e+02
2.210125427246093750e+02 2.414766235351562500e+02 2.200014038085937500e+02 2.850000915527343750e+02
4.735213623046875000e+02 1.612513275146484375e+02 4.702848815917968750e+02 1.950089721679687500e+02
5.780598144531250000e+02 1.958508605957031250e+02 5.760975952148437500e+02 2.443404235839843750e+02
6.788490295410156250e+01 1.626796875000000000e+02 8.023149108886718750e+01 1.640641326904296875e+02
4.876580200195312500e+02 1.129107666015625000e+01 4.869547729492187500e+02 2.045897483825683594e+01
3.860857849121093750e+02 3.075019531250000000e+02 4.151071472167968750e+02 2.887536926269531250e+02
1.622918090820312500e+02 2.868480834960937500e+02 1.128122558593750000e+02 3.075001220703125000e+02
1.787503356933593750e+02 1.744297180175781250e+02 2.600005493164062500e+02 1.752968444824218750e+02
5.780598144531250000e+02 1.958508605957031250e+02 5.760520019531250000e+02 2.686885681152343750e+02
2.356924285888671875e+02 2.540637054443359375e+02 2.582951049804687500e+02 2.550347290039062500e+02
5.072439193725585938e+01 2.727719116210937500e+02 5.001771926879882812e+01 1.989295501708984375e+02
6.301234130859375000e+02 3.948647766113281250e+02 5.985875244140625000e+02 3.910576782226562500e+02
2.337613830566406250e+02 3.600000610351562500e+02 3.004248962402343750e+02 3.543450927734375000e+02
5.760520019531250000e+02 2.686885681152343750e+02 5.760975952148437500e+02 2.443404235839843750e+02
5.518515625000000000e+02 4.790403442382812500e+02 5.615093383789062500e+02 4.613202209472656250e+02
5.040160751342773438e+01 1.620023193359375000e+02 6.788490295410156250e+01 1.626796875000000000e+02
