0 378 31 376
278 274 313 276
13 380 81 375
363 302 373 302
95 378 281 362
452 260 478 260
554 290 575 289
318 358 329 352
430 417 457 415
57 259 72 263
512 393 528 395
471 375 559 386
336 412 350 411
411 300 437 274
580 209 614 191
232 297 313 333
180 272 208 273
593 163 615 126
488 334 508 337
603 189 618 183
357 283 411 279
426 298 479 269
513 357 539 356
547 240 558 227
574 256 639 253
26 308 63 308
245 332 320 301
401 372 472 402
123 472 160 450
464 275 483 274
480 248 499 248
275 307 297 313
52 281 73 286
201 444 231 445
446 215 567 148
178 273 234 295
214 362 332 352
54 331 171 325
5 281 19 281
571 355 639 349
175 307 207 305
543 436 556 441
555 368 569 371
111 370 225 362
594 257 634 256
373 285 396 285
449 280 500 240
52 278 74 283
452 262 474 249
446 280 461 265
98 288 131 290
627 131 638 117
322 122 462 156
426 348 509 341
182 290 211 302
598 138 639 101
494 289 523 287
211 365 275 359
96 317 114 316
300 378 313 376
605 448 627 457
584 205 598 194
168 301 197 312
92 290 106 293
603 144 615 109
221 349 258 333
122 411 162 406
244 301 304 327
361 251 412 240
152 287 176 296
578 399 599 398
246 435 279 416
429 322 466 238
476 398 502 410
304 388 326 385
251 314 313 332
340 351 352 355
480 423 507 432
598 392 623 393
375 307 404 310
469 190 494 176
491 450 526 452
434 369 445 356
453 355 479 352
404 382 425 390
412 383 431 378
322 373 349 381
611 249 631 246
561 182 616 167
385 314 411 317
208 437 220 438
579 235 603 231
524 404 555 403
1 278 12 277
64 212 85 212
503 286 515 281
611 278 633 278
442 413 465 412
34 220 67 233
276 297 324 305
444 374 470 368
399 297 430 302
490 400 527 412
270 424 281 422
469 156 509 133
589 459 608 462
346 309 393 298
147 443 193 437
281 276 292 276
173 318 208 314
613 240 635 236
366 429 395 432
404 369 446 388
541 196 586 185
466 233 477 232
558 212 582 188
542 383 621 379
430 400 468 391
464 236 498 231
292 259 341 259
395 411 469 404
504 456 536 459
314 412 338 415
254 300 282 312
366 386 404 378
41 221 67 230
531 283 545 283
452 432 504 438
444 403 460 401
243 277 272 277
128 170 322 150
570 254 578 240
515 229 552 226
580 424 604 453
257 319 274 311
124 474 168 452
397 307 417 309
605 240 630 215
436 391 444 364
374 423 385 424
188 296 205 296
583 292 626 291
350 279 415 278
430 216 474 210
524 170 602 142
270 268 303 268
294 410 335 368
130 149 321 122
379 347 390 352
448 281 473 281
551 244 638 178
452 248 495 241
606 181 638 155
579 210 602 207
531 214 616 193
607 113 637 102
323 256 351 239
274 260 287 260
505 400 515 404
564 262 617 260
11 218 21 221
174 268 274 304
262 355 277 362
476 436 494 444
319 407 411 381
555 371 566 369
591 361 638 352
475 184 497 180
165 449 179 450
555 234 626 222
550 201 588 145
153 429 195 427
303 304 321 307
182 289 206 292
235 287 268 298
112 471 167 445
533 288 546 287
154 430 167 431
559 214 613 218
452 276 468 272
376 318 402 301
506 440 521 469
443 212 459 203
357 379 385 407
443 278 484 279
522 256 623 126
410 401 422 400
591 244 605 242
542 178 558 173
599 177 627 170
604 349 614 350
255 273 277 273
276 287 321 310
376 273 427 274
485 388 527 385
466 404 491 411
436 330 467 333
467 360 495 364
423 426 440 427
423 289 440 277
599 286 620 287
443 381 466 390
524 245 535 243
612 384 626 382
208 384 281 375
274 441 287 441
401 396 424 392
213 429 223 428
352 260 438 260
179 269 208 269
530 208 540 240
482 394 518 411
399 361 427 369
408 453 426 455
586 439 597 440
184 318 201 321
178 427 200 423
253 432 294 430
355 433 376 435
547 427 549 444
454 382 517 401
174 448 189 449
64 207 85 210
564 452 603 456
539 430 560 430
557 409 569 408
612 252 631 249
117 398 132 397
516 232 541 194
557 256 595 245
586 461 602 466
354 315 386 320
515 341 528 356
530 172 549 138
36 322 49 319
363 196 479 208
503 350 537 345
549 261 552 284
248 311 297 312
483 277 503 260
618 276 634 277
371 238 382 237
205 445 228 445
621 280 632 280
110 447 136 446
420 243 470 220
576 202 619 138
126 407 162 403
499 356 514 352
179 316 194 323
485 439 509 443
362 370 398 374
454 341 478 308
182 325 210 332
472 179 520 166
440 374 516 353
289 321 313 314
413 429 440 428
577 395 603 393
2 307 25 307
460 321 488 293
458 381 475 379
456 406 481 413
478 470 500 474
128 442 139 443
529 394 632 385
361 318 375 320
459 430 476 430
430 458 451 461
327 402 341 403
149 427 159 427
566 188 586 161
183 446 222 449
446 404 460 404
450 212 483 192
516 225 529 217
44 286 55 282
62 284 77 279
128 255 163 254
495 186 524 180
610 346 630 349
599 285 629 284
3 265 27 266
459 343 481 338
474 262 512 261
514 394 555 402
391 445 407 449
285 269 302 260
566 448 610 451
23 274 44 282
124 450 194 439
34 256 51 256
559 377 597 375
168 286 196 275
168 278 225 295
214 308 224 309
299 357 313 354
89 181 115 186
285 428 297 428
51 314 79 313
615 268 628 269
557 249 630 214
501 428 519 431
141 410 156 411
272 302 313 312
17 436 39 433
400 461 411 444
415 436 439 439
535 174 569 168
617 146 639 99
52 265 73 271
590 265 604 265
606 155 638 133
507 439 530 449
467 198 479 191
563 198 584 191
439 332 451 309
406 373 437 385
537 427 576 428
254 325 282 329
538 272 554 272
544 142 558 138
587 435 593 462
320 250 332 250
274 269 310 269
168 285 200 283
559 407 569 407
393 417 410 417
274 278 296 279
168 273 183 273
477 240 522 204
290 399 306 397
114 401 142 400
295 335 314 339
413 384 436 379
280 384 293 379
487 385 550 373
26 258 47 258
354 385 365 384
385 310 396 303
259 319 278 326
296 386 312 377
541 395 602 390
504 458 523 460
610 137 635 112
396 435 412 433
136 411 176 420
410 182 427 176
546 293 556 293
357 462 382 428
266 396 280 389
219 251 233 247
268 334 280 330
623 152 638 149
571 164 638 163
489 226 505 224
13 199 65 194
269 442 299 412
618 325 637 327
449 408 492 408
64 373 82 373
458 218 470 217
441 243 488 241
4 306 17 306
463 290 474 285
67 410 84 412
602 177 638 171
186 270 202 270
540 407 575 402
570 411 588 410
396 419 408 419
612 470 629 476
376 376 397 361
172 435 193 435
592 122 615 104
447 268 565 274
480 293 495 293
3 273 16 273
375 293 395 295
545 221 576 218
255 441 291 431
22 333 35 333
150 373 161 367
90 254 101 262
320 416 335 414
515 227 559 223
432 240 496 236
463 301 497 296
292 277 303 270
398 252 411 252
324 253 347 249
146 303 187 303
438 376 482 371
434 194 450 190
168 434 181 432
295 274 307 267
250 328 264 334
576 251 603 251
485 162 532 137
491 280 498 269
622 93 632 87
325 404 342 405
326 398 366 389
311 394 327 380
567 357 630 353
503 440 523 441
94 274 110 272
3 264 38 264
384 399 413 392
166 255 176 255
462 145 493 140
510 410 534 407
185 362 204 360
334 400 372 389
204 294 226 286
534 203 559 199
373 246 416 251
376 289 386 288
239 417 254 409
66 219 85 223
502 299 517 281
475 202 537 209
508 168 536 155
60 294 74 290
441 178 451 175
376 297 401 301
407 292 440 299
429 200 445 187
478 459 492 460
125 451 156 448
401 415 411 400
109 300 148 299
488 208 498 200
493 360 532 353
356 434 392 437
484 303 502 298
63 274 73 274
553 429 587 430
236 408 249 410
196 298 208 302
190 330 210 345
284 317 305 315
238 400 251 398
550 169 583 160
607 315 627 311
386 190 429 181
580 239 606 240
242 292 254 292
360 230 379 225
593 199 620 195
478 445 497 447
386 421 408 421
102 272 152 267
551 222 594 217
79 178 102 176
281 297 305 295
565 243 601 241
515 232 553 230
30 433 40 432
497 388 521 393
268 329 313 315
527 277 538 276
432 237 451 238
438 392 487 383
112 265 138 266
468 155 508 139
452 203 561 215
243 322 281 324
251 307 264 299
425 209 447 196
481 352 492 351
279 287 304 289
458 217 476 213
194 277 226 279
607 271 622 270
599 293 611 293
176 328 195 317
509 448 526 451
369 409 409 398
400 428 420 428
112 438 124 437
421 174 431 171
369 234 388 234
82 375 98 374
553 245 590 220
401 427 429 423
528 280 541 255
380 396 392 396
38 382 49 382
549 264 559 265
190 342 209 350
484 151 567 147
295 405 328 374
346 315 369 298
619 147 639 141
115 471 134 468
338 386 378 381
503 420 528 416
296 306 310 306
0 309 19 308
322 391 343 367
567 427 585 431
460 256 499 249
484 420 498 420
162 295 200 284
535 168 639 136
49 227 67 240
452 380 503 369
602 126 619 111
39 375 52 374
357 355 369 349
588 286 626 290
411 212 435 205
557 372 568 370
565 240 601 218
180 329 213 340
401 416 415 416
402 391 455 378
365 199 405 195
55 291 73 287
621 326 637 323
509 439 523 439
209 354 240 348
180 311 194 312
529 403 558 410
372 349 405 351
486 272 489 256
79 307 101 308
462 321 475 308
483 289 519 286
454 387 466 384
614 129 636 127
181 313 201 325
415 307 471 309
215 252 230 247
80 313 126 310
0 324 10 323
596 171 627 169
252 437 263 438
623 182 639 178
443 401 530 390
497 181 511 151
363 470 380 449
398 457 426 457
506 265 532 263
486 468 508 473
418 434 439 437
460 432 485 434
60 253 71 255
257 425 298 426
551 291 578 225
612 338 630 337
45 221 71 219
372 210 415 203
536 445 572 441
262 408 277 408
494 149 534 134
111 286 124 288
388 380 398 378
68 414 84 414
489 367 530 382
595 463 621 466
511 223 535 220
500 216 536 221
261 413 272 413
257 426 278 429
412 182 428 181
212 256 229 255
469 157 532 134
377 441 396 442
503 292 524 289
323 381 341 378
43 227 56 229
483 302 502 297
495 339 519 341
379 428 427 422
371 209 413 195
503 455 534 455
472 291 494 292
609 324 634 321
225 164 250 161
128 421 157 417
507 420 522 419
541 174 558 172
521 254 535 252
434 400 453 396
61 287 71 286
491 175 508 174
487 379 522 374
335 152 424 170
532 241 547 236
335 275 396 275
373 393 413 388
488 174 506 163
620 344 630 345
264 300 297 311
180 308 207 306
568 200 592 197
305 389 344 398
469 158 526 141
625 135 639 128
173 169 188 167
376 314 387 316
417 410 442 408
268 265 289 262
381 230 395 227
0 371 16 372
599 350 612 352
97 461 135 458
584 238 636 234
457 321 470 317
265 396 287 389
624 187 638 185
472 191 489 182
483 206 510 175
491 312 509 305
219 336 250 339
493 362 513 358
618 219 638 217
5 257 33 260
84 207 95 208
371 181 386 180
433 192 445 186
306 415 324 412
188 439 214 441
252 294 268 285
404 432 415 431
350 459 371 459
77 294 105 295
605 128 611 115
257 412 269 411
370 406 416 404
415 292 434 275
377 305 419 295
554 287 577 276
164 425 176 421
430 292 446 291
569 412 600 412
259 304 272 304
133 456 166 455
357 439 388 440
479 244 498 242
213 280 226 280
299 421 311 421
147 421 157 420
626 124 639 120
490 363 506 362
387 206 399 198
452 361 467 365
361 187 395 186
629 285 639 285
400 429 412 430
120 307 137 309
239 257 259 257
406 248 443 254
163 434 194 429
578 205 596 206
588 169 610 164
568 446 587 446
184 256 195 255
536 291 556 277
202 457 217 454
235 396 259 390
428 201 450 189
276 291 291 290
368 175 398 176
565 222 596 219
394 434 421 432
442 234 473 226
485 372 522 368
373 243 397 246
283 267 306 265
78 379 88 379
131 447 143 436
63 307 77 303
496 285 531 260
519 250 526 240
540 416 556 412
67 420 81 417
428 388 449 396
484 206 503 203
52 264 63 263
122 254 122 226
98 299 108 299
23 275 38 274
118 370 129 372
408 465 421 460
599 126 612 114
503 308 542 299
517 178 544 153
511 175 537 161
178 287 206 287
411 205 473 213
554 283 564 283
26 216 41 216
481 418 503 416
465 320 479 320
617 136 632 123
196 357 215 356
389 208 418 195
576 227 627 211
141 426 154 418
128 441 150 442
418 291 432 277
443 298 449 285
433 419 449 417
405 210 417 204
368 229 381 229
0 326 35 322
530 371 543 373
384 379 409 374
584 168 616 121
388 366 400 366
191 425 203 423
370 354 386 352
555 367 570 365
376 374 404 370
316 370 352 366
544 216 561 193
400 414 415 414
108 297 137 298
511 460 522 461
118 393 128 393
132 415 144 417
166 447 180 448
501 383 540 392
589 437 599 438
290 419 304 419
311 409 322 406
514 160 541 149
575 438 608 450
127 419 138 421
177 330 210 333
605 445 621 444
164 426 180 426
60 265 72 264
531 178 558 139
490 184 509 182
90 253 105 262
201 303 234 287
384 318 399 319
12 272 38 269
428 366 456 369
455 385 483 395
526 409 539 413
395 372 428 367
464 210 491 199
128 270 139 272
292 278 311 280
534 442 553 441
559 422 580 422
265 405 279 407
276 384 326 383
239 413 250 414
267 442 289 442
153 292 176 295
421 248 444 251
612 467 624 467
394 381 411 379
96 188 96 168
210 446 226 447
52 279 72 275
513 175 560 164
493 164 526 150
276 289 305 292
276 286 291 287
367 475 394 466
611 267 625 267
325 233 337 235
213 450 235 449
309 417 326 418
118 448 143 434
587 176 638 145
52 280 77 278
586 249 604 250
596 124 607 118
257 321 275 319
542 439 556 440
333 165 361 169
456 364 488 362
373 241 404 235
319 248 341 249
200 289 213 294
54 257 71 254
255 303 304 324
394 209 416 195
562 218 566 202
605 470 623 471
252 443 272 426
5 212 71 209
439 178 467 178
562 188 578 167
226 352 238 351
280 447 293 446
168 292 185 292
223 274 237 276
361 437 371 439
578 407 591 403
496 375 531 370
25 383 37 383
127 473 153 462
505 267 518 263
62 205 95 209
353 458 363 455
600 334 616 336
596 437 609 439
502 166 565 141
582 407 623 394
496 311 527 307
141 424 154 425
551 384 597 389
24 373 52 371
276 436 294 439
428 208 445 204
288 285 302 288
485 239 499 230
481 245 491 245
519 358 539 358
597 218 616 222
297 262 308 260
428 193 448 183
164 416 178 416
496 401 520 400
538 390 559 387
611 356 621 355
331 314 383 301
533 282 556 282
109 298 124 299
593 207 619 197
392 462 407 458
481 277 506 257
550 261 562 261
481 246 497 246
571 248 591 240
491 320 521 317
180 313 202 316
548 240 560 227
398 448 422 444
399 298 421 298
552 204 566 198
471 263 483 273
572 389 588 387
515 243 555 193
395 210 420 197
603 165 606 154
432 346 456 343
353 353 367 349
258 314 289 316
368 365 419 384
444 454 459 456
395 444 409 444
218 164 228 165
213 281 226 281
310 415 323 415
505 130 508 149
288 406 300 395
143 415 159 413
348 324 359 324
455 429 504 424
365 204 377 199
595 233 634 232
486 296 503 294
278 304 292 299
604 432 622 446
546 352 563 352
474 199 486 199
197 320 210 322
376 249 376 235
420 440 457 452
24 279 38 276
400 210 427 196
312 282 341 283
18 432 29 429
587 240 599 234
384 250 406 242
547 421 560 426
105 394 121 394
266 432 292 437
379 407 405 406
410 300 426 284
613 162 639 156
62 406 74 405
597 378 620 377
629 125 639 123
108 408 134 405
605 130 636 92
328 420 360 386
584 277 598 273
371 177 391 177
205 299 248 301
576 403 592 402
576 277 596 276
580 390 589 403
487 423 515 420
420 453 461 457
269 159 316 154
249 333 259 330
571 223 587 221
358 463 393 466
594 380 611 383
222 254 235 254
133 290 145 292
589 438 599 442
325 414 342 396
63 272 73 273
380 239 412 244
374 434 388 432
233 407 253 408
598 176 639 147
574 191 637 177
93 459 129 458
399 385 414 382
285 270 324 276
417 385 429 384
330 163 347 164
201 324 225 324
551 241 572 222
501 378 520 375
385 184 403 185
504 269 539 270
531 277 574 276
535 396 580 405
539 405 557 404
358 440 385 437
384 247 397 248
475 180 504 177
463 299 474 299
137 302 159 301
562 350 574 352
17 289 27 289
363 223 383 222
461 286 472 272
387 362 420 358
354 325 386 325
569 445 587 445
231 271 247 274
584 352 598 363
378 300 395 302
483 431 498 432
373 245 401 240
291 294 304 297
407 179 419 177
546 229 565 221
573 198 603 186
5 263 30 263
434 239 471 221
260 258 285 258
609 137 624 119
621 281 633 281
549 395 568 400
252 333 263 333
310 356 324 353
64 211 83 210
623 276 639 275
622 92 627 82
188 333 224 359
242 307 258 308
372 412 382 410
52 252 71 252
361 189 371 190
507 383 555 376
509 324 524 326
499 410 509 410
592 345 612 347
68 297 87 297
150 437 172 439
4 321 47 320
377 462 389 467
436 456 463 463
362 233 363 252
141 172 157 172
5 318 30 315
475 441 503 445
423 429 433 434
354 355 369 354
478 440 503 443
531 179 541 183
507 458 541 461
406 365 420 363
479 375 523 370
415 328 431 331
608 212 627 210
596 174 625 171
519 164 540 159
598 210 623 209
577 207 589 200
331 444 346 443
233 355 252 354
175 441 193 434
463 307 486 309
337 382 359 379
127 418 145 418
191 342 222 337
175 451 192 440
506 467 517 473
378 449 392 428
377 193 394 194
563 415 582 411
427 285 437 275
111 284 124 287
156 267 171 270
600 180 612 178
209 311 235 312
94 289 119 292
587 442 616 446
590 262 617 249
297 337 313 323
330 408 343 409
607 316 617 317
312 284 325 283
539 154 579 153
82 169 103 168
437 381 453 373
426 442 439 436
51 231 67 234
414 449 424 450
363 189 378 185
479 263 490 253
636 188 636 174
595 224 606 218
197 279 222 279
439 239 450 241
486 165 548 138
551 168 566 151
490 224 501 243
623 311 636 308
439 177 456 176
406 348 418 349
114 400 125 399
586 281 600 279
198 441 220 439
620 149 637 141
222 289 233 291
594 458 616 462
462 331 485 334
173 368 210 366
414 374 427 373
341 391 353 397
387 304 402 300
600 331 616 333
514 416 528 414
337 170 351 172
116 464 147 464
593 169 613 151
583 453 593 453
411 373 436 368
276 295 298 299
259 327 291 317
472 381 486 379
116 462 151 460
499 393 522 387
277 375 301 373
367 320 386 322
611 279 632 279
489 177 500 178
388 383 406 396
537 185 560 165
458 317 473 313
554 357 568 361
432 468 442 468
53 400 79 398
542 171 566 148
169 429 194 432
52 282 75 279
400 373 449 365
300 379 334 375
599 361 620 362
424 346 434 348
514 243 525 234
464 248 490 254
93 271 105 271
572 181 587 180
569 202 590 193
603 200 615 176
548 379 561 378
133 280 143 284
15 272 38 273
188 297 201 300
593 123 613 114
294 385 315 384
300 360 340 356
16 269 29 269
106 470 126 457
577 394 593 393
531 326 537 311
59 264 72 265
599 296 611 296
509 177 522 177
317 155 350 162
77 318 93 317
606 142 620 129
124 449 149 445
538 280 556 275
124 475 147 475
419 359 441 357
392 416 415 415
442 299 465 291
275 301 302 304
336 371 352 369
317 263 332 253
613 121 631 103
429 284 440 284
474 356 485 355
534 384 555 392
12 213 36 213
563 372 577 376
624 241 633 231
528 286 539 285
481 242 493 235
140 449 163 445
432 290 464 285
565 241 584 235
409 281 430 273
380 245 390 246
534 197 573 194
567 233 570 250
459 148 469 145
609 142 639 135
73 418 84 415
392 409 407 408
498 467 519 469
600 337 611 338
452 249 491 250
514 359 530 360
270 418 281 418
522 294 546 288
603 229 636 230
423 169 433 183
493 161 505 155
392 204 405 198
65 223 65 258
213 301 231 303
507 447 524 448
168 284 194 274
513 354 533 351
365 307 387 310
531 372 566 380
168 287 189 281
480 385 519 399
212 343 237 339
468 268 486 262
476 394 488 401
574 378 584 379
295 326 313 320
499 138 518 132
77 293 92 291
574 253 586 226
292 267 306 267
476 443 493 428
297 334 313 336
442 208 457 203
245 433 266 436
417 447 433 449
400 251 412 246
552 213 576 209
551 229 559 257
505 396 522 396
469 236 479 233
109 456 119 456
251 430 278 428
502 134 518 129
604 119 611 103
410 210 430 205
567 213 591 210
575 431 581 451
599 379 621 391
129 411 158 413
11 220 22 225
34 223 48 224
32 438 42 438
538 200 538 217
485 202 496 200
355 330 369 332
130 392 154 395
407 472 437 478
627 96 638 93
626 384 637 388
572 432 592 434
594 232 625 223
198 455 217 456
146 289 158 290
454 392 478 388
543 276 558 273
471 159 493 156
238 162 248 161
152 456 163 457
585 257 601 252
139 426 154 426
478 160 511 146
103 469 133 449
332 316 346 311
411 189 448 194
502 132 518 128
554 442 566 394
608 219 619 221
409 184 421 184
62 276 72 276
266 328 282 326
321 280 337 280
435 453 445 457
598 249 609 246
430 459 458 468
480 352 501 349
371 415 388 395
261 421 281 421
477 308 493 303
607 109 615 96
447 207 457 205
154 302 164 302
470 153 480 149
512 266 530 267
470 148 516 136
580 360 596 363
515 244 535 222
371 175 382 172
415 297 426 297
3 266 29 268
563 185 603 148
600 317 613 318
54 221 67 231
536 337 545 325
18 438 39 436
202 274 217 277
559 180 585 161
444 453 454 453
568 214 589 213
553 401 564 400
538 401 568 398
625 104 636 100
531 228 558 228
305 314 318 310
550 429 560 433
578 406 620 394
225 343 239 339
289 358 301 355
124 466 147 457
617 286 628 286
559 170 572 170
369 381 398 386
31 285 44 284
500 188 516 189
168 277 188 275
427 410 451 412
407 445 417 446
537 233 550 233
389 235 405 232
514 366 525 365
526 144 539 137
394 184 406 181
73 409 83 407
539 304 558 291
503 159 517 152
477 341 491 340
501 154 533 139
507 215 519 203
65 185 65 204
481 371 498 368
592 154 609 152
380 248 390 249
66 401 78 397
451 261 462 261
534 346 550 343
497 308 521 303
289 324 311 323
273 454 293 432
594 152 605 136
352 306 386 295
628 219 638 218
593 249 605 244
534 148 557 138
590 204 612 197
577 247 587 246
103 466 147 467
366 415 380 416
602 362 624 365
424 198 426 213
539 388 553 387
480 356 493 355
558 343 571 345
562 349 582 352
143 420 156 415
195 425 208 425
520 249 534 244
529 289 540 284
519 156 536 152
605 227 610 204
444 399 475 396
220 307 233 299
568 224 581 224
522 229 538 229
425 254 443 255
477 241 487 234
133 275 143 276
563 186 589 181
463 252 477 252
458 152 483 140
147 419 158 421
160 451 178 450
67 295 77 296
213 292 226 289
426 423 442 431
415 304 435 300
362 307 374 310
153 390 164 390
197 334 220 341
606 166 626 162
459 257 482 259
377 166 423 175
592 454 605 455
583 155 593 152
466 140 482 137
358 308 370 310
235 304 251 303
0 258 10 260
3 319 13 319
332 403 351 386
484 271 498 271
452 317 470 301
563 218 590 215
512 365 527 364
292 405 329 369
68 302 78 302
151 405 161 405
380 238 399 240
373 382 383 374
617 162 636 158
582 227 592 227
121 255 133 253
144 450 156 449
370 318 386 305
251 439 273 441
413 372 426 376
378 295 388 295
233 406 245 406
599 431 617 438
354 396 366 387
213 296 232 299
203 439 220 440
376 283 396 283
563 199 614 190
370 214 380 212
289 270 327 276
611 324 625 324
372 173 380 187
501 398 515 402
575 405 590 400
369 470 382 449
152 268 173 268
362 463 378 463
510 415 520 418
553 397 566 400
496 413 517 422
489 471 500 473
464 340 475 339
484 208 496 197
295 333 313 335
459 296 482 266
239 411 252 413
536 215 548 197
177 319 190 321
586 162 601 158
366 397 389 392
563 269 566 285
439 238 471 212
574 431 609 443
544 208 568 199
539 443 556 444
568 157 580 148
190 332 205 333
393 456 403 454
499 380 506 369
110 434 138 419
532 178 594 158
215 424 225 424
193 325 205 319
501 444 516 446
623 270 624 258
99 178 117 179
234 405 246 405
464 401 483 399
621 166 633 164
276 294 287 294
556 343 568 345
598 209 618 210
514 351 539 355
609 365 622 365
449 317 462 314
490 169 528 136
23 265 38 268
536 232 547 231
558 164 568 155
213 284 226 285
455 283 471 283
604 401 626 396
466 381 477 382
17 262 30 262
529 287 546 280
94 296 94 230
389 184 409 175
540 200 561 197
447 471 461 471
358 338 378 319
532 179 551 159
547 209 560 206
276 293 297 281
103 306 120 308
25 272 38 272
359 224 376 224
491 214 503 208
506 211 516 204
465 143 481 140
434 183 435 220
618 253 631 250
454 321 464 322
1 272 12 276
363 195 381 194
501 372 514 377
454 253 493 257
635 167 635 188
429 422 439 422
510 184 523 183
289 319 311 313
136 413 157 413
464 209 480 197
483 162 518 130
68 301 78 301
582 409 592 409
552 381 576 380
96 458 111 458
553 158 565 146
472 424 485 430
68 298 78 299
599 284 611 281
579 427 581 413
452 247 456 236
639 401 639 387
144 411 156 403
519 449 529 449
607 239 638 221
446 414 457 414
375 447 387 430
195 336 206 334
34 227 58 237
208 355 227 353
582 391 585 379
563 368 574 366
435 183 447 179
616 139 633 128
339 432 350 435
587 262 610 262
531 173 565 143
367 204 389 202
115 406 126 405
10 216 31 215
240 294 254 294
526 145 542 140
425 189 445 189
365 413 382 415
565 454 577 456
449 242 463 253
307 416 324 420
264 319 280 312
392 408 404 407
410 458 421 459
71 422 86 417
365 206 389 204
204 342 219 335
472 198 482 192
571 168 581 151
397 430 410 432
100 374 118 372
462 276 482 255
585 158 592 145
182 288 219 290
427 344 444 347
471 416 481 415
455 413 466 413
417 299 430 299
12 215 22 221
279 437 292 439
351 303 361 305
149 428 164 429
557 421 567 421
567 415 580 415
426 463 436 465
403 204 419 197
473 380 501 375
518 304 534 300
593 183 607 183
638 98 638 86
377 468 388 476
371 411 381 410
34 225 71 225
163 171 174 170
190 445 210 447
366 316 378 314
204 349 221 346
369 284 393 284
367 314 377 315
433 365 463 362
610 392 622 391
154 464 166 454
627 255 638 254
300 402 322 390
6 326 6 310
392 209 405 207
190 355 202 361
490 468 520 470
373 370 387 369
482 475 495 475
503 299 516 299
208 340 218 335
27 265 38 266
566 452 585 452
436 277 466 271
459 230 469 228
491 223 503 221
376 444 385 420
492 210 509 207
507 187 522 175
287 382 303 380
288 281 298 281
233 396 248 383
443 417 457 416
168 276 180 274
194 290 217 290
307 392 325 375
491 253 501 255
494 274 505 274
596 249 607 244
513 230 541 230
274 356 284 361
374 250 387 251
377 351 392 347
170 301 180 302
379 317 393 303
192 339 204 347
570 387 582 383
547 419 565 419
623 160 639 160
620 120 631 118
438 475 449 475
394 228 411 229
443 206 448 196
514 453 526 453
173 325 188 334
84 156 195 140
19 282 31 284
428 204 445 201
387 385 402 383
586 379 602 379
177 286 188 286
576 365 587 368
234 272 247 273
39 260 66 260
0 376 14 374
530 215 550 210
573 169 598 140
574 255 605 243
341 387 360 397
268 427 281 425
378 204 394 197
576 282 598 277
540 237 554 237
412 447 427 438
221 350 232 346
479 417 494 419
308 271 318 273
339 153 339 169
583 411 595 411
271 432 283 434
39 322 60 321
537 235 547 235
622 142 637 140
122 425 141 425
525 356 536 354
570 376 582 386
238 479 249 479
147 411 160 408
369 182 382 182
435 190 447 184
350 391 361 390
609 141 620 121
134 474 149 466
367 183 385 199
550 216 564 216
575 383 606 386
300 383 311 380
305 311 315 309
462 226 474 226
562 237 579 236
135 470 147 469
428 330 453 314
628 190 628 178
509 260 513 272
363 392 374 397
598 179 609 177
552 179 571 175
174 444 200 444
447 384 448 394
409 277 426 277
403 210 417 203
464 264 483 264
120 463 157 461
482 366 497 364
248 328 262 335
449 229 460 228
10 217 25 217
200 457 213 449
508 167 523 157
363 194 374 191
455 295 465 296
451 372 470 377
557 437 573 443
136 412 156 408
447 457 467 459
459 276 483 278
548 223 559 222
483 438 495 436
458 224 468 220
460 380 485 375
600 112 615 107
616 126 631 120
513 151 528 146
110 446 121 443
558 396 569 396
362 393 373 398
618 316 631 313
568 201 580 201
553 167 564 157
565 437 581 444
182 285 194 281
360 389 370 388
41 231 53 237
485 156 507 147
31 402 44 402
73 403 84 402
340 308 341 284
320 149 348 155
435 233 445 231
398 395 416 403
456 244 471 244
377 466 388 466
621 216 636 216
364 385 383 395
628 355 639 356
632 247 633 235
253 296 268 299
7 244 7 223
511 456 535 458
395 401 413 393
586 258 610 258
608 401 626 397
425 456 439 458
308 270 318 272
116 170 127 171
427 221 437 219
513 155 536 145
450 204 460 201
495 220 510 218
297 315 309 307
573 233 596 229
567 229 580 228
323 245 345 244
133 278 143 278
365 183 375 199
494 403 504 406
118 318 128 317
568 423 588 429
294 416 313 412
417 476 430 479
353 162 381 166
515 224 523 214
447 314 459 314
537 391 558 388
439 387 449 387
267 326 280 327
539 205 561 201
507 375 525 372
549 153 562 140
359 338 371 337
499 427 514 427
469 272 483 272
163 367 175 372
535 159 546 152
86 177 92 193
257 336 267 334
331 316 341 308
567 247 577 243
373 286 384 290
453 395 467 393
623 151 638 142
68 299 78 300
266 310 282 310
606 441 621 442
35 332 51 332
487 145 501 141
399 390 411 392
594 123 611 111
148 452 167 452
382 212 394 204
501 392 515 383
589 244 606 236
473 205 491 191
334 308 345 309
353 388 363 386
519 248 526 236
358 462 370 460
597 289 613 289
527 407 542 412
450 245 472 233
608 402 627 398
387 286 400 286
597 225 612 217
600 318 612 319
606 147 622 145
495 407 508 409
593 188 606 186
165 438 177 436
466 138 469 152
449 367 467 364
0 325 14 326
275 266 285 266
429 431 442 429
545 150 556 141
506 263 533 266
590 201 601 199
190 278 204 278
461 407 491 407
530 243 536 260
555 435 565 436
594 446 615 454
613 364 623 363
389 201 407 196
499 438 511 443
633 162 639 152
483 430 504 429
524 268 540 261
621 323 631 323
40 224 56 222
615 169 627 168
109 457 137 457
604 152 617 144
541 180 560 175
558 376 577 375
638 401 638 387
388 209 401 206
23 276 38 277
269 391 284 389
543 198 557 194
595 176 612 173
363 185 363 198
103 263 114 269
298 263 315 270
365 470 375 479
529 168 551 153
437 461 452 459
334 378 344 383
452 263 466 263
518 171 522 159
486 196 507 183
618 158 636 151
428 213 439 211
501 402 511 405
399 388 411 387
628 245 628 229
361 252 375 252
464 247 479 231
587 392 594 404
536 203 537 224
450 436 461 434
104 296 114 296
337 315 351 310
367 323 386 324
365 205 365 191
619 236 631 236
608 375 619 378
384 381 394 388
127 409 138 410
603 228 614 225
613 161 635 156
382 242 399 244
188 346 203 342
480 440 500 439
592 382 610 389
563 210 577 208
431 466 461 470
565 252 576 253
371 184 384 183
83 372 102 371
208 441 220 436
118 427 128 427
586 383 596 382
409 386 427 386
472 290 487 291
400 232 417 230
339 244 350 238
327 161 338 168
339 315 353 315
496 424 509 428
495 291 507 291
306 305 320 296
197 285 217 285
630 241 630 252
370 427 386 430
448 455 458 440
636 102 639 91
427 475 437 479
402 361 426 358
500 148 534 135
17 435 30 431
603 363 617 361
584 167 600 160
137 440 147 440
93 268 108 269
229 384 241 394
462 253 472 243
596 164 611 160
597 295 611 295
480 392 491 396
526 376 539 379
627 97 627 75
537 382 579 378
577 169 584 158
261 355 274 362
195 282 207 282
333 170 355 169
383 397 387 386
264 325 279 325
636 227 637 215
25 274 38 275
149 448 159 446
496 158 506 157
126 326 137 327
552 201 572 203
583 245 589 235
517 246 526 234
209 298 222 298
125 472 153 472
433 218 433 195
601 453 619 453
410 403 421 395
563 416 575 416
631 241 631 259
262 308 274 307
529 392 543 392
122 212 124 223
514 168 527 160
603 161 613 156
368 472 390 472
361 369 379 367
479 360 493 357
378 175 388 172
570 219 581 218
442 191 454 179
518 384 530 384
520 250 534 252
622 110 635 97
522 397 535 397
376 277 396 277
506 308 516 306
621 90 625 79
443 326 454 329
609 143 636 133
66 275 67 257
555 180 568 179
39 221 54 222
616 111 630 98
582 156 593 156
617 226 627 224
588 259 603 260
342 172 358 170
619 180 630 178
3 372 15 373
536 164 547 153
432 379 446 377
439 213 452 211
460 269 471 266
625 239 626 214
318 378 328 369
459 149 467 138
324 416 334 416
542 216 556 215
250 362 260 355
536 240 549 240
301 330 319 316
480 387 490 391
531 463 542 464
452 286 462 274
95 237 95 211
240 276 250 276
545 271 557 263
515 149 530 141
617 116 631 114
467 396 477 399
367 194 394 195
367 460 368 470
555 157 567 149
518 454 528 454
367 200 377 197
481 201 495 190
594 234 613 233
492 197 502 187
563 184 576 179
434 445 444 448
433 381 444 385
486 263 497 262
429 180 439 173
454 153 476 139
600 108 611 101
620 151 635 143
395 454 405 456
483 428 493 429
419 234 421 245
617 118 634 103
454 230 470 222
554 178 565 175
612 150 622 143
557 367 567 368
478 460 496 462
583 438 593 441
