3.919785156250000000e+02 2.233261718750000000e+02 3.909165039062500000e+02 6.253815460205078125e+01
6.116341552734375000e+02 6.214561080932617188e+01 5.857368164062500000e+02 4.349548339843750000e+01
1.104784011840820312e+00 1.169190673828125000e+02 3.584185028076171875e+01 1.218787078857421875e+02
1.929679870605468750e+02 1.070083022117614746e+00 1.893488769531250000e+02 1.449038848876953125e+02
1.578331146240234375e+02 1.297479271888732910e+00 1.922704925537109375e+02 1.612909507751464844e+01
2.319677429199218750e+02 1.523539428710937500e+02 2.342007751464843750e+02 6.631835699081420898e-01
3.817359008789062500e+02 2.237439270019531250e+02 3.808980712890625000e+02 6.579729461669921875e+01
7.395952939987182617e-01 1.303139038085937500e+02 2.715343093872070312e+01 1.358324127197265625e+02
4.037234191894531250e+02 2.222688751220703125e+02 4.018911437988281250e+02 6.123437500000000000e+01
2.395156669616699219e+01 1.962436370849609375e+02 5.403047800064086914e-01 1.939623870849609375e+02
6.897512078285217285e-01 4.669282913208007812e+01 9.236453247070312500e+01 6.978813171386718750e+01
5.288163452148437500e+02 2.724682922363281250e+02 5.287911376953125000e+02 3.088000183105468750e+02
4.963008117675781250e+02 6.735018730163574219e+00 5.239798583984375000e+02 2.483879661560058594e+01
2.395156669616699219e+01 1.962436370849609375e+02 2.715343093872070312e+01 1.358324127197265625e+02
1.577033386230468750e+02 3.469146728515625000e+01 1.915417785644531250e+02 4.447783660888671875e+01
4.038753051757812500e+02 2.448775024414062500e+02 3.913933105468750000e+02 2.456181640625000000e+02
6.178590655326843262e-01 2.046254425048828125e+02 3.296013641357421875e+01 2.078834533691406250e+02
1.292676239013671875e+02 1.481744079589843750e+02 1.541633758544921875e+02 1.398254699707031250e+02
4.288484497070312500e+02 2.200756988525390625e+02 4.265135192871093750e+02 5.384283447265625000e+01
3.439533691406250000e+02 2.484923706054687500e+02 3.593381958007812500e+02 2.482386627197265625e+02
5.673419799804687500e+02 4.781598281860351562e+01 5.519991455078125000e+02 3.835050582885742188e+01
5.318901977539062500e+02 7.036624145507812500e+01 5.141397705078125000e+02 5.932876205444335938e+01
3.708273925781250000e+02 9.633517456054687500e+01 3.804719848632812500e+02 9.431599426269531250e+01
4.276286010742187500e+02 2.413339843750000000e+02 4.279224243164062500e+02 2.594418945312500000e+02
5.439025268554687500e+02 2.716033325195312500e+02 5.485722045898437500e+02 3.089361267089843750e+02
4.860699157714843750e+02 2.746382751464843750e+02 4.865393066406250000e+02 3.087492980957031250e+02
4.534033203125000000e+02 2.165087127685546875e+02 4.406800842285156250e+02 2.186606140136718750e+02
4.534033203125000000e+02 2.165087127685546875e+02 4.492672119140625000e+02 4.633818817138671875e+01
3.711790771484375000e+02 2.242283020019531250e+02 3.706088562011718750e+02 6.909799957275390625e+01
4.409575805664062500e+02 2.578328552246093750e+02 4.405500793457031250e+02 2.407420959472656250e+02
3.360380249023437500e+02 6.942919921875000000e+01 4.961771850585937500e+02 2.373143005371093750e+01
3.361403274536132812e+01 7.101453542709350586e-01 3.240984725952148438e+01 3.470373535156250000e+01
4.166791992187500000e+02 1.144771881103515625e+02 4.271238403320312500e+02 1.118166351318359375e+02
4.276286010742187500e+02 2.413339843750000000e+02 4.405500793457031250e+02 2.407420959472656250e+02
5.673419799804687500e+02 4.781598281860351562e+01 5.857368164062500000e+02 4.349548339843750000e+01
3.593381958007812500e+02 2.482386627197265625e+02 3.593409423828125000e+02 3.087258300781250000e+02
1.565551910400390625e+02 6.589658355712890625e+01 1.910270385742187500e+02 7.610411834716796875e+01
4.017228393554687500e+02 1.173555831909179688e+02 3.917239074707031250e+02 1.194859085083007812e+02
1.577980194091796875e+02 1.796836090087890625e+01 1.922545471191406250e+02 3.088256835937500000e+01
7.411149144172668457e-01 3.529202270507812500e+01 3.923430252075195312e+01 4.585143661499023438e+01
4.523689575195312500e+02 1.995485229492187500e+02 4.408364257812500000e+02 2.000288696289062500e+02
5.161787719726562500e+02 9.247379302978515625e+01 5.324259033203125000e+02 1.018249816894531250e+02
6.229009399414062500e+02 1.413860473632812500e+02 6.393730468750000000e+02 1.395228271484375000e+02
5.524300537109375000e+02 4.599434280395507812e+01 5.371975708007812500e+02 4.989297103881835938e+01
3.919785156250000000e+02 2.233261718750000000e+02 4.037234191894531250e+02 2.222688751220703125e+02
1.845158338546752930e+00 2.500742912292480469e+01 3.240984725952148438e+01 3.470373535156250000e+01
4.166417846679687500e+02 2.759567871093750000e+02 4.180964965820312500e+02 3.091536560058593750e+02
4.161201171875000000e+02 8.501377868652343750e+01 4.270205078125000000e+02 8.183563232421875000e+01
4.371979370117187500e+02 5.019858169555664062e+01 4.406800842285156250e+02 2.186606140136718750e+02
1.889362945556640625e+02 1.371054687500000000e+02 1.542774658203125000e+02 1.293424835205078125e+02
4.409575805664062500e+02 2.578328552246093750e+02 4.279224243164062500e+02 2.594418945312500000e+02
4.991345214843750000e+02 1.620299987792968750e+02 5.164724121093750000e+02 1.681453857421875000e+02
3.439533691406250000e+02 2.484923706054687500e+02 3.435162048339843750e+02 3.089517822265625000e+02
4.977008666992187500e+02 6.500153350830078125e+01 5.141397705078125000e+02 5.932876205444335938e+01
4.174096374511718750e+02 2.222081146240234375e+02 4.144992065429687500e+02 5.721744918823242188e+01
1.889074096679687500e+02 1.211019210815429688e+02 1.557666931152343750e+02 1.146147994995117188e+02
5.503606567382812500e+02 3.882335662841796875e+01 5.519991455078125000e+02 3.835050582885742188e+01
4.038753051757812500e+02 2.448775024414062500e+02 4.034445190429687500e+02 3.090550842285156250e+02
5.371918945312500000e+02 4.262360382080078125e+01 5.423210449218750000e+02 2.374089355468750000e+02
5.165197753906250000e+02 1.254473876953125000e+02 5.323851928710937500e+02 1.326468658447265625e+02
6.237221069335937500e+02 2.689594726562500000e+02 5.439025268554687500e+02 2.716033325195312500e+02
3.817359008789062500e+02 2.237439270019531250e+02 3.711790771484375000e+02 2.242283020019531250e+02
4.987678833007812500e+02 1.285634002685546875e+02 5.165197753906250000e+02 1.254473876953125000e+02
5.371918945312500000e+02 4.262360382080078125e+01 5.219666748046875000e+02 3.252170944213867188e+01
3.818777160644531250e+02 2.460495758056640625e+02 3.694851989746093750e+02 2.464445190429687500e+02
4.288484497070312500e+02 2.200756988525390625e+02 4.174096374511718750e+02 2.222081146240234375e+02
3.360380249023437500e+02 6.942919921875000000e+01 3.361005249023437500e+02 2.375193939208984375e+02
4.507373657226562500e+02 1.065759963989257812e+02 4.386007385253906250e+02 1.093553695678710938e+02
5.161787719726562500e+02 9.247379302978515625e+01 4.983313293457031250e+02 9.660924530029296875e+01
1.773944396972656250e+02 2.233634490966796875e+02 1.572322387695312500e+02 2.204823760986328125e+02
1.949033508300781250e+02 2.398612976074218750e+01 2.334947052001953125e+02 3.880842208862304688e+01
3.907312316894531250e+02 4.303923416137695312e+01 4.963008117675781250e+02 6.735018730163574219e+00
1.890196533203125000e+02 1.068141021728515625e+02 1.558889465332031250e+02 9.644979858398437500e+01
1.470179901123046875e+02 2.226266174316406250e+02 1.487485961914062500e+02 1.512941894531250000e+02
5.173184814453125000e+02 1.921612548828125000e+02 5.011556701660156250e+02 1.940175476074218750e+02
2.832116889953613281e+01 2.693019714355468750e+02 2.781125640869140625e+01 2.862776489257812500e+02
4.517733764648437500e+02 1.677899322509765625e+02 4.394215087890625000e+02 1.696777801513671875e+02
5.173439331054687500e+02 1.586061401367187500e+02 4.991345214843750000e+02 1.620299987792968750e+02
3.918507385253906250e+02 1.489108581542968750e+02 4.020396423339843750e+02 1.472091369628906250e+02
5.173184814453125000e+02 1.921612548828125000e+02 5.330981445312500000e+02 1.961157379150390625e+02
5.173439331054687500e+02 1.586061401367187500e+02 5.330623168945312500e+02 1.639946289062500000e+02
9.745410919189453125e+01 2.240166473388671875e+02 1.310214233398437500e+02 2.263995819091796875e+02
3.918169555664062500e+02 9.133904266357421875e+01 4.016438293457031250e+02 8.875550842285156250e+01
5.857368164062500000e+02 4.349548339843750000e+01 5.921088867187500000e+02 2.493513946533203125e+02
3.462057495117187500e+02 2.724779968261718750e+02 3.587421264648437500e+02 2.719265747070312500e+02
4.279752807617187500e+02 2.017754669189453125e+02 4.172912597656250000e+02 2.032609710693359375e+02
4.987678833007812500e+02 1.285634002685546875e+02 5.161731567382812500e+02 1.372303924560546875e+02
1.578331146240234375e+02 1.297479271888732910e+00 1.541633758544921875e+02 1.398254699707031250e+02
5.131817016601562500e+02 3.509417343139648438e+01 4.961771850585937500e+02 2.373143005371093750e+01
3.818777160644531250e+02 2.460495758056640625e+02 3.824023742675781250e+02 3.089436340332031250e+02
1.773944396972656250e+02 2.233634490966796875e+02 1.766831817626953125e+02 2.839804077148437500e+02
2.832116889953613281e+01 2.693019714355468750e+02 7.746793031692504883e-01 2.691675415039062500e+02
5.583091430664062500e+02 2.309545898437500000e+02 5.520128784179687500e+02 3.876922607421875000e+01
2.433860168457031250e+02 9.865524291992187500e+01 2.332852783203125000e+02 1.022716064453125000e+02
4.033765869140625000e+02 2.710395202636718750e+02 3.937165832519531250e+02 2.707823486328125000e+02
4.166417846679687500e+02 2.759567871093750000e+02 4.707182006835937500e+02 2.748655395507812500e+02
2.616961669921875000e+02 3.811463317871093750e+02 2.635619506835937500e+02 2.840914611816406250e+02
4.491506958007812500e+02 7.680529022216796875e+01 4.380880126953125000e+02 7.936466217041015625e+01
4.665438232421875000e+02 3.399607543945312500e+02 4.707182006835937500e+02 2.748655395507812500e+02
5.566641845703125000e+02 1.107045059204101562e+02 5.736192626953125000e+02 1.066751174926757812e+02
5.110217285156250000e+02 2.536112670898437500e+02 5.118220825195312500e+02 2.391866760253906250e+02
3.907312316894531250e+02 4.303923416137695312e+01 3.891055297851562500e+02 5.419229125976562500e+01
3.364849853515625000e+02 7.699128723144531250e+01 3.380577697753906250e+02 7.654484558105468750e+01
1.569139709472656250e+02 4.991907119750976562e+01 1.912190246582031250e+02 6.289385986328125000e+01
3.810555419921875000e+02 2.076780242919921875e+02 3.712258911132812500e+02 2.089112701416015625e+02
5.423210449218750000e+02 2.374089355468750000e+02 5.787401733398437500e+02 2.369459075927734375e+02
5.330623168945312500e+02 1.639946289062500000e+02 5.164724121093750000e+02 1.681453857421875000e+02
3.913933105468750000e+02 2.456181640625000000e+02 3.933555908203125000e+02 3.088084411621093750e+02
4.027312011718750000e+02 2.053367767333984375e+02 3.921668701171875000e+02 2.058023986816406250e+02
6.116341552734375000e+02 6.214561080932617188e+01 6.132693481445312500e+02 2.342746887207031250e+02
3.720622558593750000e+02 2.712688903808593750e+02 3.819075927734375000e+02 2.711125183105468750e+02
5.867058105468750000e+02 1.414735717773437500e+02 5.724827270507812500e+02 1.335245208740234375e+02
6.222750244140625000e+02 2.495961303710937500e+02 5.110217285156250000e+02 2.536112670898437500e+02
3.296013641357421875e+01 2.078834533691406250e+02 3.347066116333007812e+01 1.962617492675781250e+02
4.021460266113281250e+02 1.756109924316406250e+02 3.920355834960937500e+02 1.771856384277343750e+02
5.673419799804687500e+02 4.781598281860351562e+01 5.672961425781250000e+02 7.040825653076171875e+01
1.845158338546752930e+00 2.500742912292480469e+01 6.259091377258300781e+00 6.985746622085571289e-01
4.872740173339843750e+02 3.664034423828125000e+02 6.030455932617187500e+02 3.804489135742187500e+02
2.764346923828125000e+02 2.829703063964843750e+02 2.765123291015625000e+02 1.555036621093750000e+02
5.173184814453125000e+02 1.921612548828125000e+02 5.164724121093750000e+02 1.681453857421875000e+02
5.093739013671875000e+02 4.059356689453125000e+01 5.134702148437500000e+02 4.342987442016601562e+01
2.425908660888671875e+02 4.790689086914062500e+02 4.379491577148437500e+02 4.212807922363281250e+02
1.310214233398437500e+02 2.263995819091796875e+02 1.292676239013671875e+02 1.481744079589843750e+02
3.361005249023437500e+02 2.375193939208984375e+02 3.240421142578125000e+02 2.385398864746093750e+02
5.631261596679687500e+02 5.368178176879882812e+01 5.837706298828125000e+02 6.851918029785156250e+01
4.533410644531250000e+02 2.759528503417968750e+02 4.544132690429687500e+02 3.403732910156250000e+02
6.225494995117187500e+02 1.324845123291015625e+02 5.927326660156250000e+02 1.152729644775390625e+02
5.371975708007812500e+02 4.989297103881835938e+01 5.338792724609375000e+02 4.774783325195312500e+01
6.166247558593750000e+02 3.359490966796875000e+02 5.278471679687500000e+02 3.289942626953125000e+02
4.274667358398437500e+02 1.717194671630859375e+02 4.172690429687500000e+02 1.732675781250000000e+02
3.810794372558593750e+02 1.784683074951171875e+02 3.711688842773437500e+02 1.804730224609375000e+02
1.310214233398437500e+02 2.263995819091796875e+02 1.572322387695312500e+02 2.204823760986328125e+02
5.612336425781250000e+02 3.171072998046875000e+02 5.610329589843750000e+02 2.727882995605468750e+02
4.872963256835937500e+02 2.974197998046875000e+02 5.281880493164062500e+02 2.970816955566406250e+02
5.919377441406250000e+02 5.875033187866210938e+01 6.077252807617187500e+02 6.907955932617187500e+01
5.872922973632812500e+02 1.713362579345703125e+02 5.713693847656250000e+02 1.639659576416015625e+02
5.569922485351562500e+02 1.410617675781250000e+02 5.724827270507812500e+02 1.335245208740234375e+02
5.098977661132812500e+02 2.393382110595703125e+02 5.089522705078125000e+02 2.273315734863281250e+02
6.582671403884887695e-01 2.865867004394531250e+02 2.781125640869140625e+01 2.862776489257812500e+02
2.433860168457031250e+02 9.865524291992187500e+01 2.432188110351562500e+02 8.522206115722656250e+01
5.979146728515625000e+02 3.094804992675781250e+02 5.991372070312500000e+02 2.718467407226562500e+02
3.233415222167968750e+02 1.751748657226562500e+02 3.240421142578125000e+02 2.385398864746093750e+02
3.233415222167968750e+02 1.751748657226562500e+02 1.541633758544921875e+02 1.398254699707031250e+02
6.216502685546875000e+02 1.063319168090820312e+02 6.126621704101562500e+02 9.910308837890625000e+01
3.908661499023437500e+02 6.253850555419921875e+01 3.908083190917968750e+02 5.418051147460937500e+01
5.118220825195312500e+02 2.391866760253906250e+02 5.423463745117187500e+02 2.381645507812500000e+02
6.120307617187500000e+02 1.000736389160156250e+02 5.931882934570312500e+02 8.781512451171875000e+01
5.134702148437500000e+02 4.342987442016601562e+01 5.141397705078125000e+02 5.932876205444335938e+01
5.784783935546875000e+02 2.494021453857421875e+02 5.787401733398437500e+02 2.369459075927734375e+02
4.512248535156250000e+02 1.373731994628906250e+02 4.019875488281250000e+02 1.469410552978515625e+02
5.165197753906250000e+02 1.254473876953125000e+02 5.161787719726562500e+02 9.247379302978515625e+01
5.629805908203125000e+02 5.374950027465820312e+01 5.630427856445312500e+02 5.379523086547851562e+01
1.062510757446289062e+02 8.228583335876464844e-01 9.268299865722656250e+01 4.029591979980468750e+02
5.141166992187500000e+02 2.745716247558593750e+02 5.135628662109375000e+02 3.396085205078125000e+02
5.785595703125000000e+02 2.303962402343750000e+02 5.886293945312500000e+02 2.301185913085937500e+02
5.219666748046875000e+02 3.252170944213867188e+01 5.131817016601562500e+02 3.509417343139648438e+01
5.485722045898437500e+02 3.089361267089843750e+02 5.979146728515625000e+02 3.094804992675781250e+02
5.173439331054687500e+02 1.586061401367187500e+02 5.161731567382812500e+02 1.372303924560546875e+02
5.672961425781250000e+02 7.040825653076171875e+01 5.931882934570312500e+02 8.781512451171875000e+01
5.700526733398437500e+02 5.650978088378906250e+01 5.862830810546875000e+02 5.144927597045898438e+01
5.288163452148437500e+02 2.724682922363281250e+02 4.860699157714843750e+02 2.746382751464843750e+02
3.694851989746093750e+02 2.464445190429687500e+02 3.720622558593750000e+02 2.712688903808593750e+02
4.963008117675781250e+02 6.735018730163574219e+00 4.961771850585937500e+02 2.373143005371093750e+01
5.921203002929687500e+02 1.164339065551757812e+02 5.736192626953125000e+02 1.066751174926757812e+02
1.310214233398437500e+02 2.263995819091796875e+02 1.321947021484375000e+02 2.652041015625000000e+02
3.892477722167968750e+02 6.256650161743164062e+01 3.891055297851562500e+02 5.419229125976562500e+01
5.330981445312500000e+02 1.961157379150390625e+02 5.174910888671875000e+02 2.007274322509765625e+02
1.574533233642578125e+02 1.398344879150390625e+02 1.572322387695312500e+02 2.204823760986328125e+02
5.014349060058593750e+02 1.449704132080078125e+02 5.164289550781250000e+02 1.433254699707031250e+02
5.970781250000000000e+02 2.345637207031250000e+02 6.132693481445312500e+02 2.342746887207031250e+02
5.143327636718750000e+02 1.994301300048828125e+02 5.174910888671875000e+02 2.007274322509765625e+02
7.710409545898437500e+01 2.873618774414062500e+02 2.781125640869140625e+01 2.862776489257812500e+02
3.909165039062500000e+02 6.253815460205078125e+01 4.018911437988281250e+02 6.123437500000000000e+01
1.910270385742187500e+02 7.610411834716796875e+01 2.329324340820312500e+02 9.217851257324218750e+01
3.249521789550781250e+02 1.751980133056640625e+02 3.260840454101562500e+02 9.641376495361328125e+01
6.063354492187500000e+02 2.342163391113281250e+02 6.062047119140625000e+02 2.497529754638671875e+02
4.265393371582031250e+02 7.026332092285156250e+01 4.162481079101562500e+02 7.315193176269531250e+01
4.675357360839843750e+02 2.974384460449218750e+02 4.206327514648437500e+02 2.981524963378906250e+02
1.542774658203125000e+02 1.293424835205078125e+02 1.111008300781250000e+02 1.144378814697265625e+02
6.126106567382812500e+02 9.907321929931640625e+01 6.126621704101562500e+02 9.910308837890625000e+01
5.346919555664062500e+02 4.703527069091796875e+01 5.335916137695312500e+02 4.578026962280273438e+01
7.840418815612792969e-01 4.148692016601562500e+02 5.135628662109375000e+02 3.396085205078125000e+02
5.736192626953125000e+02 1.066751174926757812e+02 5.724827270507812500e+02 1.335245208740234375e+02
4.371979370117187500e+02 5.019858169555664062e+01 4.492672119140625000e+02 4.633818817138671875e+01
5.215810546875000000e+02 3.979754257202148438e+01 5.193444824218750000e+02 4.566794204711914062e+01
5.423210449218750000e+02 2.374089355468750000e+02 5.423023681640625000e+02 2.374100189208984375e+02
1.487485961914062500e+02 1.512941894531250000e+02 1.572322387695312500e+02 2.204823760986328125e+02
5.132791748046875000e+02 1.406927032470703125e+02 5.164289550781250000e+02 1.433254699707031250e+02
3.709465026855468750e+02 2.713344116210937500e+02 3.762499694824218750e+02 3.616661682128906250e+02
2.429932861328125000e+02 1.251990509033203125e+02 2.432202453613281250e+02 1.117881393432617188e+02
2.399649238586425781e+01 1.956002197265625000e+02 3.347066116333007812e+01 1.962617492675781250e+02
5.281935424804687500e+02 3.087897644042968750e+02 5.278471679687500000e+02 3.289942626953125000e+02
5.089522705078125000e+02 2.273315734863281250e+02 5.333428344726562500e+02 2.265320434570312500e+02
3.928216171264648438e+01 4.567376327514648438e+01 8.811849975585937500e+01 5.882872772216796875e+01
5.672961425781250000e+02 7.040825653076171875e+01 5.542028198242187500e+02 8.042284393310546875e+01
4.385747680664062500e+02 1.092367095947265625e+02 4.017109069824218750e+02 1.173011245727539062e+02
4.492868347167968750e+02 4.640066146850585938e+01 4.963889160156250000e+02 3.160275268554687500e+01
5.323851928710937500e+02 1.326468658447265625e+02 5.161731567382812500e+02 1.372303924560546875e+02
4.265135192871093750e+02 5.384283447265625000e+01 4.144992065429687500e+02 5.721744918823242188e+01
5.926577148437500000e+02 1.152392349243164062e+02 5.927326660156250000e+02 1.152729644775390625e+02
4.394299316406250000e+02 1.697313385009765625e+02 4.021436462402343750e+02 1.755958251953125000e+02
3.776338195800781250e+01 3.403720092773437500e+01 3.923430252075195312e+01 4.585143661499023438e+01
1.565551910400390625e+02 6.589658355712890625e+01 1.137223815917968750e+02 4.707555770874023438e+01
3.818752441406250000e+02 2.237430572509765625e+02 3.820132446289062500e+02 2.460487365722656250e+02
5.719340820312500000e+02 1.519031219482421875e+02 5.713693847656250000e+02 1.639659576416015625e+02
4.492672119140625000e+02 4.633818817138671875e+01 4.492672729492187500e+02 4.633816146850585938e+01
2.421965789794921875e+02 1.514752044677734375e+02 2.420622100830078125e+02 1.399243774414062500e+02
9.732792663574218750e+01 6.912376880645751953e-01 7.710409545898437500e+01 2.873618774414062500e+02
3.380343322753906250e+02 7.647455596923828125e+01 3.383523864746093750e+02 7.636848449707031250e+01
3.584185028076171875e+01 1.218787078857421875e+02 2.715343093872070312e+01 1.358324127197265625e+02
5.872304077148437500e+02 1.403380737304687500e+02 6.225183715820312500e+02 1.566413269042968750e+02
1.890196533203125000e+02 1.068141021728515625e+02 2.323629913330078125e+02 1.189593048095703125e+02
4.016658630371093750e+02 8.884240722656250000e+01 4.381463317871093750e+02 7.959482574462890625e+01
1.922704925537109375e+02 1.612909507751464844e+01 1.976098480224609375e+02 1.906652259826660156e+01
3.808980712890625000e+02 6.579729461669921875e+01 3.706088562011718750e+02 6.909799957275390625e+01
5.131817016601562500e+02 3.509417343139648438e+01 5.135111694335937500e+02 4.342825698852539062e+01
6.166247558593750000e+02 3.359490966796875000e+02 6.030455932617187500e+02 3.804489135742187500e+02
6.229009399414062500e+02 1.413860473632812500e+02 6.229625854492187500e+02 3.164107666015625000e+02
1.890069274902343750e+02 1.367754211425781250e+02 2.765123291015625000e+02 1.555036621093750000e+02
2.315501098632812500e+02 1.214221725463867188e+02 2.429932861328125000e+02 1.251990509033203125e+02
1.915417785644531250e+02 4.447783660888671875e+01 2.332089538574218750e+02 6.535015869140625000e+01
4.523689575195312500e+02 1.995485229492187500e+02 5.011556701660156250e+02 1.940175476074218750e+02
5.330623168945312500e+02 1.639946289062500000e+02 5.330981445312500000e+02 1.961157379150390625e+02
4.633543701171875000e+02 2.303992614746093750e+02 4.646539611816406250e+02 2.750420837402343750e+02
2.328336181640625000e+02 1.192355499267578125e+02 2.323629913330078125e+02 1.189593048095703125e+02
3.925089111328125000e+02 2.233209228515625000e+02 3.927296142578125000e+02 2.456049346923828125e+02
4.394300537109375000e+02 1.697321472167968750e+02 3.811478271484375000e+02 1.789028472900390625e+02
4.172736816406250000e+02 2.031211090087890625e+02 3.810551757812500000e+02 2.076753082275390625e+02
4.380598449707031250e+02 7.926470184326171875e+01 4.973661499023437500e+02 6.372410583496093750e+01
6.126621704101562500e+02 9.910308837890625000e+01 6.207740478515625000e+02 9.311620330810546875e+01
5.629353637695312500e+02 5.148506546020507812e+01 5.640673828125000000e+02 5.284460830688476562e+01
5.971521606445312500e+02 2.355215301513671875e+02 5.787401733398437500e+02 2.369459075927734375e+02
1.047821760177612305e+00 4.592342834472656250e+02 4.872740173339843750e+02 3.664034423828125000e+02
4.517733764648437500e+02 1.677899322509765625e+02 4.991345214843750000e+02 1.620299987792968750e+02
2.361796569824218750e+02 9.555145263671875000e+01 2.322151336669921875e+02 9.384392547607421875e+01
5.612336425781250000e+02 3.171072998046875000e+02 6.394561157226562500e+02 3.207771606445312500e+02
6.225494995117187500e+02 1.324845123291015625e+02 6.225695190429687500e+02 1.413867950439453125e+02
5.219666748046875000e+02 3.252170944213867188e+01 5.239798583984375000e+02 2.483879661560058594e+01
5.423355712890625000e+02 2.377092285156250000e+02 5.786918945312500000e+02 2.359488983154296875e+02
3.191875648498535156e+01 1.949617462158203125e+02 2.715343093872070312e+01 1.358324127197265625e+02
5.145653076171875000e+02 9.256970214843750000e+01 5.136605834960937500e+02 7.735055541992187500e+01
5.574997558593750000e+02 1.712724151611328125e+02 5.713693847656250000e+02 1.639659576416015625e+02
2.433860168457031250e+02 9.865524291992187500e+01 2.329324340820312500e+02 9.217851257324218750e+01
3.383942871093750000e+02 7.654964447021484375e+01 3.706088562011718750e+02 6.909799957275390625e+01
3.937291564941406250e+02 2.712822570800781250e+02 3.587480773925781250e+02 2.721624145507812500e+02
4.706933593750000000e+02 2.741303710937500000e+02 5.439043579101562500e+02 2.716565551757812500e+02
1.889362945556640625e+02 1.371054687500000000e+02 1.889375305175781250e+02 1.371057281494140625e+02
3.290682373046875000e+02 3.093212280273437500e+02 3.291995849609375000e+02 2.829314270019531250e+02
6.226077880859375000e+02 1.413865356445312500e+02 6.226077880859375000e+02 1.413879699707031250e+02
3.735990905761718750e+02 2.241816406250000000e+02 3.745069274902343750e+02 2.712657470703125000e+02
2.325636291503906250e+02 1.188267822265625000e+02 2.432202453613281250e+02 1.117881393432617188e+02
5.330981445312500000e+02 1.961157379150390625e+02 5.333428344726562500e+02 2.265320434570312500e+02
3.811506347656250000e+02 1.789210052490234375e+02 3.811498413085937500e+02 1.789211273193359375e+02
4.015534973144531250e+02 8.840690612792968750e+01 3.803584289550781250e+02 9.387587738037109375e+01
5.327471923828125000e+02 4.715061187744140625e+01 5.184000244140625000e+02 3.830977249145507812e+01
5.278471679687500000e+02 3.289942626953125000e+02 4.872740173339843750e+02 3.664034423828125000e+02
1.510714111328125000e+02 1.396743927001953125e+02 1.504994354248046875e+02 1.513797302246093750e+02
5.136605834960937500e+02 7.735055541992187500e+01 5.318901977539062500e+02 7.036624145507812500e+01
