3.305889892578125000e+02 2.034190063476562500e+02 3.358179931640625000e+02 2.040659942626953125e+02
4.922010040283203125e+01 2.006250000000000000e+02 4.919459915161132812e+01 2.168750000000000000e+02
3.288999938964843750e+02 1.955890045166015625e+02 3.292479858398437500e+02 2.031309967041015625e+02
3.654679870605468750e+02 2.002819976806640625e+02 3.667590026855468750e+02 1.949869995117187500e+02
3.163280029296875000e+02 1.986210021972656250e+02 3.208269958496093750e+02 2.028190002441406250e+02
5.177379989624023438e+01 2.180850067138671875e+02 5.942929840087890625e+01 2.187259979248046875e+02
7.513099670410156250e+01 2.216049957275390625e+02 8.025440216064453125e+01 2.122389984130859375e+02
3.255320129394531250e+02 1.986920013427734375e+02 3.227399902343750000e+02 2.041790008544921875e+02
8.029129791259765625e+01 2.126519927978515625e+02 7.512409973144531250e+01 2.021210021972656250e+02
6.170510101318359375e+01 2.168860015869140625e+02 6.186000061035156250e+01 2.018619995117187500e+02
3.372030029296875000e+02 2.043650054931640625e+02 3.372439880371093750e+02 1.956210021972656250e+02
7.508689880371093750e+01 2.151410064697265625e+02 7.042430114746093750e+01 2.203200073242187500e+02
3.406520080566406250e+02 1.990500030517578125e+02 3.631879882812500000e+02 1.994320068359375000e+02
3.256300048828125000e+02 2.739010009765625000e+02 3.156300048828125000e+02 2.739649963378906250e+02
3.656199951171875000e+02 1.936829986572265625e+02 3.506090087890625000e+02 1.935359954833984375e+02
4.156210021972656250e+02 2.759620056152343750e+02 4.443819885253906250e+02 2.763309936523437500e+02
3.206700134277343750e+02 1.925549926757812500e+02 3.180710144042968750e+02 1.975030059814453125e+02
4.914419860839843750e+02 2.439120025634765625e+02 4.804240112304687500e+02 2.415700073242187500e+02
4.294079895019531250e+02 2.182879943847656250e+02 3.878479919433593750e+02 2.267680053710937500e+02
1.518890075683593750e+02 1.944320068359375000e+02 1.381139984130859375e+02 1.945789947509765625e+02
5.945600128173828125e+01 1.996499938964843750e+02 5.180110168457031250e+01 1.990140075683593750e+02
3.226010131835937500e+02 1.920959930419921875e+02 3.249580078125000000e+02 1.976840057373046875e+02
6.674859619140625000e+01 2.141009979248046875e+02 7.440329742431640625e+01 2.134660034179687500e+02
1.566739959716796875e+02 1.301380004882812500e+02 1.968470001220703125e+02 1.407319946289062500e+02
3.232509994506835938e+01 -2.837670147418975830e-01 1.881230010986328125e+02 7.687999725341796875e+01
5.268489990234375000e+02 2.790459899902343750e+02 6.381530151367187500e+02 2.821300048828125000e+02
4.655979919433593750e+02 1.722429962158203125e+02 4.755880126953125000e+02 1.719320068359375000e+02
4.907539978027343750e+02 2.356990051269531250e+02 4.855429992675781250e+02 2.263690032958984375e+02
4.713760070800781250e+02 2.447350006103515625e+02 4.665360107421875000e+02 2.548130035400390625e+02
4.431050109863281250e+02 1.307070007324218750e+02 4.556400146484375000e+02 1.308930053710937500e+02
1.402319946289062500e+02 3.642570114135742188e+01 6.544539642333984375e+01 -3.045099973678588867e-01
4.591159973144531250e+02 1.699450073242187500e+02 4.661799926757812500e+02 1.731529998779296875e+02
3.718699951171875000e+02 2.819590148925781250e+02 4.044049987792968750e+02 2.838510131835937500e+02
2.850350036621093750e+02 1.244860000610351562e+02 3.306709899902343750e+02 1.442680053710937500e+02
4.680260009765625000e+02 2.586969909667968750e+02 4.759060058593750000e+02 2.575419921875000000e+02
5.805479736328125000e+02 1.281049957275390625e+02 5.969650268554687500e+02 1.271060028076171875e+02
5.156060180664062500e+02 2.574209899902343750e+02 5.443640136718750000e+02 2.584450073242187500e+02
1.776300048828125000e+02 1.932879943847656250e+02 1.794839935302734375e+02 1.989279937744140625e+02
2.354040069580078125e+02 2.829639892578125000e+02 2.528659973144531250e+02 2.802239990234375000e+02
4.970820007324218750e+02 2.513670043945312500e+02 4.906789855957031250e+02 2.423650054931640625e+02
4.794119873046875000e+02 2.279869995117187500e+02 4.786650085449218750e+02 2.345780029296875000e+02
4.764379882812500000e+02 2.632590026855468750e+02 4.812749938964843750e+02 2.722000122070312500e+02
1.156100006103515625e+02 3.919029998779296875e+01 1.392980041503906250e+02 3.720619964599609375e+01
6.381519775390625000e+02 1.088030014038085938e+02 5.126720070838928223e-01 1.340359954833984375e+02
4.481650085449218750e+02 2.530980072021484375e+02 4.231109924316406250e+02 2.523209991455078125e+02
4.806130065917968750e+02 2.369479980468750000e+02 4.883160095214843750e+02 2.381759948730468750e+02
4.493689880371093750e+02 2.186470031738281250e+02 4.356199951171875000e+02 2.187619934082031250e+02
5.709180068969726562e+01 2.147899932861328125e+02 5.297050094604492188e+01 2.137200012207031250e+02
4.990589904785156250e+02 2.631929931640625000e+02 4.965260009765625000e+02 2.514129943847656250e+02
3.204580078125000000e+02 1.334490051269531250e+02 3.020530090332031250e+02 1.239520034790039062e+02
5.894780273437500000e+02 1.394570007324218750e+02 6.104489746093750000e+02 1.129850006103515625e+02
1.956840057373046875e+02 2.674899902343750000e+02 5.659000277519226074e-01 2.862609863281250000e+02
4.891400146484375000e+02 2.957529907226562500e+02 4.861740112304687500e+02 3.192869873046875000e+02
5.902290039062500000e+02 1.137539978027343750e+02 5.709489746093750000e+02 1.399429931640625000e+02
4.231709899902343750e+02 2.555050048828125000e+02 4.481430053710937500e+02 2.563439941406250000e+02
4.811789855957031250e+02 3.193370056152343750e+02 4.804150085449218750e+02 3.080549926757812500e+02
1.655970001220703125e+02 1.956219940185546875e+02 1.648780059814453125e+02 2.020700073242187500e+02
1.357749938964843750e+02 2.006849975585937500e+02 1.605379943847656250e+02 2.038110046386718750e+02
4.281199951171875000e+02 2.164259948730468750e+02 4.339840087890625000e+02 2.200140075683593750e+02
4.656839904785156250e+02 2.948680114746093750e+02 4.070950012207031250e+02 2.903020019531250000e+02
6.381740112304687500e+02 2.968039855957031250e+02 4.893770141601562500e+02 2.953710021972656250e+02
4.643269958496093750e+02 1.424779968261718750e+02 4.513640136718750000e+02 1.184000015258789062e+02
1.919230041503906250e+02 2.029839935302734375e+02 1.806430053710937500e+02 2.025950012207031250e+02
4.909379882812500000e+02 2.846040039062500000e+02 5.053479919433593750e+02 2.890270080566406250e+02
4.656069946289062500e+02 2.747260131835937500e+02 4.632340087890625000e+02 2.661530151367187500e+02
6.049420166015625000e+02 2.544349975585937500e+02 6.017420043945312500e+02 2.181369934082031250e+02
3.823850097656250000e+02 2.396300048828125000e+02 4.295440063476562500e+02 2.223370056152343750e+02
4.328880004882812500e+02 1.182630004882812500e+02 4.466839904785156250e+02 1.419859924316406250e+02
4.805859985351562500e+02 2.666849975585937500e+02 4.919129943847656250e+02 2.671029968261718750e+02
4.218729858398437500e+02 2.619970092773437500e+02 4.481369934082031250e+02 2.625230102539062500e+02
5.066479873657226562e+01 2.235789947509765625e+02 5.945539855957031250e+01 2.240200042724609375e+02
2.549259948730468750e+02 2.905750122070312500e+02 2.533529968261718750e+02 2.731040039062500000e+02
3.692909851074218750e+02 1.834939956665039062e+01 3.992929992675781250e+02 1.588230037689208984e+01
1.992180023193359375e+02 2.006710052490234375e+02 1.985590057373046875e+02 1.806109924316406250e+02
1.543659973144531250e+02 1.764850006103515625e+02 4.581250000000000000e+02 1.693939971923828125e+02
1.658780059814453125e+02 2.027899932861328125e+02 1.930839996337890625e+02 2.071309967041015625e+02
4.799750061035156250e+02 2.455390014648437500e+02 4.774530029296875000e+02 2.646170043945312500e+02
2.111759948730468750e+02 2.877980041503906250e+02 2.220729980468750000e+02 3.038399963378906250e+02
2.555789947509765625e+02 1.930939941406250000e+02 3.931250000000000000e+02 1.881329956054687500e+02
5.568820190429687500e+02 2.551300048828125000e+02 5.156220092773437500e+02 2.545650024414062500e+02
1.406250000000000000e+02 1.981130065917968750e+02 1.543809967041015625e+02 1.980420074462890625e+02
4.967910051345825195e-01 2.892449951171875000e+02 9.324160003662109375e+01 2.806310119628906250e+02
5.242109985351562500e+02 2.750660095214843750e+02 5.269429931640625000e+02 2.681520080566406250e+02
5.113630065917968750e+02 2.805570068359375000e+02 5.108779907226562500e+02 2.931350097656250000e+02
5.130999755859375000e+02 2.926910095214843750e+02 5.243140258789062500e+02 2.920549926757812500e+02
5.040809936523437500e+02 2.708720092773437500e+02 5.080960083007812500e+02 2.756489868164062500e+02
3.449890136718750000e+02 2.794760131835937500e+02 3.435690002441406250e+02 2.705539855957031250e+02
1.948899993896484375e+02 1.793459930419921875e+02 1.938439941406250000e+02 2.056040039062500000e+02
4.815339965820312500e+02 3.068949890136718750e+02 4.817560119628906250e+02 2.968450012207031250e+02
5.261229858398437500e+02 2.942569885253906250e+02 5.225079956054687500e+02 2.789309997558593750e+02
3.118229980468750000e+02 2.656380004882812500e+02 3.144030151367187500e+02 2.759309997558593750e+02
4.569660034179687500e+02 2.748840026855468750e+02 4.645060119628906250e+02 2.758120117187500000e+02
9.568740081787109375e+01 2.799840087890625000e+02 2.081589965820312500e+02 2.684599914550781250e+02
5.681270141601562500e+02 2.630090026855468750e+02 5.418629760742187500e+02 2.625610046386718750e+02
4.481369934082031250e+02 2.604330139160156250e+02 4.305490112304687500e+02 2.592919921875000000e+02
4.773900146484375000e+02 2.967120056152343750e+02 4.756929931640625000e+02 3.043900146484375000e+02
4.054689941406250000e+02 2.552230072021484375e+02 4.156149902343750000e+02 2.542669982910156250e+02
5.243690185546875000e+02 2.646789855957031250e+02 6.381480102539062500e+02 2.669830017089843750e+02
6.043570041656494141e-01 1.401289978027343750e+02 1.569080047607421875e+02 1.395420074462890625e+02
4.657070007324218750e+02 2.965830078125000000e+02 2.381929931640625000e+02 2.951189880371093750e+02
4.491770019531250000e+02 2.671510009765625000e+02 4.456470031738281250e+02 2.806310119628906250e+02
4.731329956054687500e+02 1.683309936523437500e+02 4.643959960937500000e+02 1.686710052490234375e+02
3.906210021972656250e+02 2.732550048828125000e+02 4.005729980468750000e+02 2.735629882812500000e+02
4.681279907226562500e+02 2.607630004882812500e+02 4.531090087890625000e+02 2.610660095214843750e+02
6.068850097656250000e+02 2.780360107421875000e+02 5.818770141601562500e+02 2.778559875488281250e+02
3.534500122070312500e+02 -1.900390028953552246e+00 3.948290100097656250e+02 6.486840057373046875e+01
5.089200134277343750e+02 2.883120117187500000e+02 5.041459960937500000e+02 2.766799926757812500e+02
5.456220092773437500e+02 2.584490051269531250e+02 5.631320190429687500e+02 2.586000061035156250e+02
1.652409973144531250e+02 1.793639984130859375e+02 1.651399993896484375e+02 1.943800048828125000e+02
5.757210083007812500e+02 2.181170043945312500e+02 5.754379882812500000e+02 2.606319885253906250e+02
5.393950195312500000e+02 2.623229980468750000e+02 5.006069946289062500e+02 2.613800048828125000e+02
6.356480102539062500e+02 2.644110107421875000e+02 5.706240234375000000e+02 2.631730041503906250e+02
4.887189941406250000e+02 5.930910110473632812e+01 4.821839904785156250e+02 4.519410133361816406e-01
4.222059936523437500e+02 2.056430053710937500e+02 4.216019897460937500e+02 2.168600006103515625e+02
4.021709899902343750e+02 2.638269958496093750e+02 3.867529907226562500e+02 2.703359985351562500e+02
4.262850036621093750e+02 6.154219818115234375e+01 3.948099975585937500e+02 -8.554180264472961426e-01
4.902170104980468750e+02 5.589380264282226562e-01 4.948370056152343750e+02 5.943679809570312500e+01
4.761369934082031250e+02 6.053039932250976562e+01 4.650499877929687500e+02 5.003049969673156738e-01
4.568919982910156250e+02 2.678859863281250000e+02 4.494270019531250000e+02 2.673689880371093750e+02
2.204689941406250000e+02 1.768730010986328125e+02 2.200429992675781250e+02 2.043849945068359375e+02
1.350310058593750000e+02 1.693739929199218750e+02 1.349940032958984375e+02 1.993769989013671875e+02
5.763740234375000000e+02 4.818879961967468262e-01 5.606209716796875000e+02 5.562379837036132812e+01
4.043930053710937500e+02 2.809960021972656250e+02 3.856250000000000000e+02 2.806199951171875000e+02
6.381229858398437500e+02 2.570180053710937500e+02 6.255839843750000000e+02 2.568039855957031250e+02
4.653630065917968750e+02 2.793680114746093750e+02 4.650400085449218750e+02 2.918919982910156250e+02
5.456229858398437500e+02 1.901320037841796875e+02 6.381320190429687500e+02 1.897579956054687500e+02
4.169240112304687500e+02 2.697780151367187500e+02 4.055679931640625000e+02 2.691270141601562500e+02
4.729580078125000000e+02 4.603390097618103027e-01 4.819429931640625000e+02 5.955469894409179688e+01
4.368630065917968750e+02 2.233630065917968750e+02 4.506220092773437500e+02 2.234709930419921875e+02
4.900629882812500000e+02 2.681929931640625000e+02 4.920320129394531250e+02 2.843559875488281250e+02
4.793339920043945312e+01 1.926739959716796875e+02 8.928939819335937500e+01 1.965410003662109375e+02
4.382000122070312500e+02 6.134780120849609375e+01 4.139110107421875000e+02 3.122279942035675049e-01
5.016919860839843750e+02 5.808359909057617188e+01 4.994609985351562500e+02 5.731739997863769531e-01
5.779810180664062500e+02 2.568479919433593750e+02 6.032189941406250000e+02 2.598299865722656250e+02
4.510109863281250000e+02 6.174800109863281250e+01 4.307470092773437500e+02 1.736049950122833252e-01
6.031430053710937500e+02 2.561560058593750000e+02 5.931190185546875000e+02 2.562539978027343750e+02
3.185029983520507812e+01 2.690020141601562500e+02 4.895029962062835693e-01 2.710799865722656250e+02
4.632630004882812500e+02 6.026819992065429688e+01 4.478699951171875000e+02 3.693839907646179199e-01
2.931329956054687500e+02 2.582049865722656250e+02 1.994380035400390625e+02 2.675100097656250000e+02
4.619779968261718750e+01 2.256300048828125000e+02 4.646400070190429688e+01 1.931320037841796875e+02
5.418850097656250000e+02 4.599969983100891113e-01 5.343800048828125000e+02 5.687559890747070312e+01
5.150520019531250000e+02 5.814519882202148438e+01 5.167680053710937500e+02 5.845500230789184570e-01
5.245989990234375000e+02 5.579749941825866699e-01 5.208419799804687500e+02 5.805749893188476562e+01
4.153320007324218750e+02 2.881019897460937500e+02 4.161180114746093750e+02 2.780660095214843750e+02
1.431130065917968750e+02 1.676260070800781250e+02 1.543800048828125000e+02 1.678070068359375000e+02
3.459249877929687500e+02 2.655759887695312500e+02 3.477770080566406250e+02 2.769320068359375000e+02
4.387279968261718750e+02 4.473080039024353027e-01 4.565020141601562500e+02 6.073509979248046875e+01
2.239060058593750000e+02 2.031320037841796875e+02 2.235359954833984375e+02 1.781190032958984375e+02
2.944429931640625000e+02 2.568760070800781250e+02 2.952500000000000000e+02 2.081390075683593750e+02
5.591409912109375000e+02 3.125030100345611572e-01 5.472680053710937500e+02 5.669459915161132812e+01
4.556950073242187500e+02 3.279399871826171875e-01 4.690050048828125000e+02 5.945840072631835938e+01
1.794140014648437500e+02 1.290720062255859375e+02 2.630239868164062500e+02 1.256559982299804688e+02
4.445809936523437500e+02 2.807720031738281250e+02 4.403670043945312500e+02 2.866910095214843750e+02
2.501210021972656250e+02 -1.937649995088577271e-01 3.253959960937500000e+02 6.837660217285156250e+01
4.506459960937500000e+02 2.745620117187500000e+02 4.581910095214843750e+02 2.737139892578125000e+02
3.956239929199218750e+02 1.901369934082031250e+02 5.431259765625000000e+02 1.899080047607421875e+02
3.057369995117187500e+02 2.832130126953125000e+02 3.063099975585937500e+02 2.743389892578125000e+02
8.689759826660156250e+01 2.283930053710937500e+02 4.688999938964843750e+01 2.274720001220703125e+02
5.167940063476562500e+02 3.323340148925781250e+02 4.239349961280822754e-01 3.361889953613281250e+02
4.631759948730468750e+02 2.660520019531250000e+02 4.734769897460937500e+02 2.648240051269531250e+02
5.278560180664062500e+02 5.822880172729492188e+01 5.339669799804687500e+02 4.496169984340667725e-01
2.335789947509765625e+02 9.547690302133560181e-02 3.151239929199218750e+02 6.996009826660156250e+01
5.553569946289062500e+02 2.781390075683593750e+02 5.280250244140625000e+02 2.723469848632812500e+02
3.902680053710937500e+02 6.501190185546875000e+01 3.455220031738281250e+02 -1.623580008745193481e-01
3.812359924316406250e+02 1.975259971618652344e+01 4.077449951171875000e+02 6.459980010986328125e+01
1.005230026245117188e+02 1.979960021972656250e+02 1.318540039062500000e+02 2.008529968261718750e+02
5.045539855957031250e+02 1.406179962158203125e+02 5.037179870605468750e+02 1.193519973754882812e+02
2.531849975585937500e+02 2.717489929199218750e+02 2.445959930419921875e+02 2.676600036621093750e+02
2.170500030517578125e+02 4.073919951915740967e-01 3.029849853515625000e+02 6.954869842529296875e+01
4.715469970703125000e+02 2.573229980468750000e+02 4.766730041503906250e+02 2.467769927978515625e+02
4.047149963378906250e+02 4.771420061588287354e-01 4.314570007324218750e+02 6.205640029907226562e+01
2.841059875488281250e+02 -3.108420073986053467e-01 3.481709899902343750e+02 6.683090209960937500e+01
3.349079895019531250e+02 -6.886439919471740723e-01 3.829379882812500000e+02 6.451280212402343750e+01
4.712330017089843750e+02 3.060960083007812500e+02 4.681640014648437500e+02 2.856189880371093750e+02
4.443970031738281250e+02 2.738299865722656250e+02 4.281229858398437500e+02 2.731770019531250000e+02
3.225390014648437500e+02 1.207750015258789062e+02 3.627250061035156250e+02 1.450379943847656250e+02
4.203380126953125000e+02 -7.019780278205871582e-01 4.443229980468750000e+02 6.189479827880859375e+01
3.179819946289062500e+02 -2.743119895458221436e-01 3.710570068359375000e+02 6.503980255126953125e+01
3.200830078125000000e+02 6.858950042724609375e+01 2.438070068359375000e+02 -1.314640045166015625e-01
3.007399902343750000e+02 -5.824800133705139160e-01 3.593479919433593750e+02 6.564869689941406250e+01
5.075050048828125000e+02 6.190279722213745117e-01 5.080499877929687500e+02 5.812570190429687500e+01
1.833529968261718750e+02 3.100869953632354736e-01 2.813770141601562500e+02 7.131300354003906250e+01
1.661089935302734375e+02 -7.761760056018829346e-02 2.705710144042968750e+02 7.195320129394531250e+01
4.017699890136718750e+02 6.367070007324218750e+01 3.750400085449218750e+02 2.021590042114257812e+01
4.137210083007812500e+02 6.280279922485351562e+01 3.900440063476562500e+02 1.901320075988769531e+01
4.056310119628906250e+02 1.201200027465820312e+02 4.193800048828125000e+02 1.200179977416992188e+02
1.281719970703125000e+02 2.625260009765625000e+02 9.690460205078125000e+01 2.647850036621093750e+02
4.908099975585937500e+02 1.418419952392578125e+02 4.869890136718750000e+02 1.203820037841796875e+02
3.964349975585937500e+02 1.835040092468261719e+01 4.188840026855468750e+02 6.212699890136718750e+01
4.529880065917968750e+02 2.518990020751953125e+02 4.535719909667968750e+02 2.243840026855468750e+02
2.675190124511718750e+02 -3.633379936218261719e-02 3.365409851074218750e+02 6.721730041503906250e+01
4.467040002346038818e-01 3.207720031738281250e+02 2.020839996337890625e+02 2.881650085449218750e+02
5.918449707031250000e+02 2.092910003662109375e+02 5.769630126953125000e+02 2.146210021972656250e+02
3.294490051269531250e+02 2.848519897460937500e+02 3.381820068359375000e+02 2.834930114746093750e+02
1.307500000000000000e+02 1.969499969482421875e+02 1.005599975585937500e+02 1.937319946289062500e+02
4.741409912109375000e+02 1.203209991455078125e+02 4.806010131835937500e+02 1.418820037841796875e+02
1.387030029296875000e+02 2.956560058593750000e+02 1.393099975585937500e+02 2.843720092773437500e+02
9.847550201416015625e+01 1.968000030517578125e+02 9.794319915771484375e+01 2.032140045166015625e+02
4.208179931640625000e+02 2.405359954833984375e+02 4.193280029296875000e+02 2.582260131835937500e+02
1.781340026855468750e+02 2.476190032958984375e+02 1.681199951171875000e+02 2.477460021972656250e+02
1.231220016479492188e+02 2.570169982910156250e+02 1.143489990234375000e+02 2.568309936523437500e+02
5.547249755859375000e+02 5.481869888305664062e+01 5.699899902343750000e+02 -2.440779954195022583e-01
8.648179626464843750e+01 1.981230010986328125e+02 8.632669830322265625e+01 2.268789978027343750e+02
9.687989807128906250e+01 2.694370117187500000e+02 1.282310028076171875e+02 2.669649963378906250e+02
4.055480041503906250e+02 2.368739929199218750e+02 4.052300109863281250e+02 2.543910064697265625e+02
3.343680114746093750e+02 1.229420013427734375e+02 3.656679992675781250e+02 1.216940002441406250e+02
3.524150085449218750e+02 2.531210021972656250e+02 3.526770019531250000e+02 2.856289978027343750e+02
5.937340087890625000e+02 3.945769965648651123e-01 5.739310302734375000e+02 5.546540069580078125e+01
6.056129760742187500e+02 2.018750000000000000e+02 6.056539916992187500e+02 2.356250000000000000e+02
4.993970031738281250e+02 1.193730010986328125e+02 5.009559936523437500e+02 1.419380035400390625e+02
4.604230041503906250e+02 2.918479919433593750e+02 4.622869873046875000e+02 2.780119934082031250e+02
4.944140014648437500e+02 2.106929931640625000e+02 4.842139892578125000e+02 2.165970001220703125e+02
4.839020080566406250e+02 1.416840057373046875e+02 4.786849975585937500e+02 1.204869995117187500e+02
2.507010040283203125e+02 2.918599853515625000e+02 2.489429931640625000e+02 2.829630126953125000e+02
3.068739929199218750e+02 1.236480026245117188e+02 3.206270141601562500e+02 1.236620025634765625e+02
8.685919952392578125e+01 2.653519897460937500e+02 4.684859848022460938e+01 2.676690063476562500e+02
5.338790283203125000e+02 1.180139999389648438e+02 5.285989990234375000e+02 1.417019958496093750e+02
1.281540069580078125e+02 2.294669952392578125e+02 9.939040374755859375e+01 2.287539978027343750e+02
4.555929870605468750e+02 2.234279937744140625e+02 4.732909851074218750e+02 2.253240051269531250e+02
5.629630126953125000e+02 1.518829956054687500e+02 5.623289794921875000e+02 1.393520050048828125e+02
3.756669921875000000e+02 1.205790023803710938e+02 4.000109863281250000e+02 1.425549926757812500e+02
1.394290008544921875e+02 2.662269897460937500e+02 1.594920043945312500e+02 2.644249877929687500e+02
3.666180114746093750e+02 6.604789733886718750e+01 3.115050048828125000e+02 -1.081480011343955994e-01
6.251909790039062500e+02 2.573680114746093750e+02 6.089459838867187500e+02 2.398630065917968750e+02
6.285499877929687500e+02 2.076449990272521973e-01 6.012969970703125000e+02 5.408259963989257812e+01
1.998999938964843750e+02 -6.263609975576400757e-02 2.928649902343750000e+02 7.096530151367187500e+01
4.907900085449218750e+02 1.193499984741210938e+02 4.941950073242187500e+02 1.419019927978515625e+02
2.765369873046875000e+02 7.185299682617187500e+01 1.761569976806640625e+02 -1.176500022411346436e-01
5.415230102539062500e+02 5.702719879150390625e+01 5.511010131835937500e+02 4.939090013504028320e-01
3.665280151367187500e+01 3.102409973144531250e+02 2.264840006828308105e-01 3.151950073242187500e+02
4.702600097656250000e+02 1.415350036621093750e+02 4.621889953613281250e+02 1.205039978027343750e+02
6.110960083007812500e+02 2.888059914112091064e-01 5.878129882812500000e+02 5.424029922485351562e+01
3.933290100097656250e+02 1.906260070800781250e+02 3.932210083007812500e+02 2.056260070800781250e+02
3.778340148925781250e+02 6.489920043945312500e+01 3.288129882812500000e+02 1.046790033578872681e-01
4.704259932041168213e-01 2.764769897460937500e+02 3.698540115356445312e+01 2.730520019531250000e+02
5.991939697265625000e+02 2.331450042724609375e+02 6.003049926757812500e+02 2.431600036621093750e+02
5.679609985351562500e+02 5.475460052490234375e+01 5.872940063476562500e+02 -5.396310091018676758e-01
3.091570129394531250e+02 6.940100097656250000e+01 2.264389953613281250e+02 -3.405809998512268066e-01
5.093750000000000000e+02 1.168789978027343750e+02 5.418870239257812500e+02 1.161149978637695312e+02
5.320640258789062500e+02 1.419250030517578125e+02 5.383439941406250000e+02 1.181829986572265625e+02
2.631220092773437500e+02 1.251190032958984375e+02 2.856359863281250000e+02 1.252030029296875000e+02
4.496749877929687500e+02 2.256130065917968750e+02 4.493389892578125000e+02 2.518750000000000000e+02
5.816539916992187500e+02 1.404510040283203125e+02 5.904790039062500000e+02 1.292590026855468750e+02
6.095310058593750000e+02 2.393849945068359375e+02 6.098070068359375000e+02 2.018780059814453125e+02
5.530969848632812500e+02 1.158769989013671875e+02 5.856409912109375000e+02 1.149550018310546875e+02
5.885399780273437500e+02 2.371770019531250000e+02 5.806010131835937500e+02 2.481080017089843750e+02
2.456309967041015625e+02 1.882409973144531250e+02 2.543549957275390625e+02 1.877649993896484375e+02
4.007290039062500000e+02 1.217770004272460938e+02 4.207569885253906250e+02 1.430000000000000000e+02
1.496860046386718750e+02 1.525180041790008545e-01 2.605939941406250000e+02 7.317179870605468750e+01
3.547000122070312500e+02 6.658190155029296875e+01 2.942720031738281250e+02 -4.094029963016510010e-01
4.483129882812500000e+02 1.330189971923828125e+02 4.532730102539062500e+02 1.417910003662109375e+02
4.576709899902343750e+02 1.202839965820312500e+02 4.669150085449218750e+02 1.418580017089843750e+02
5.112460021972656250e+02 1.419060058593750000e+02 5.123709716796875000e+02 1.193369979858398438e+02
4.732070007324218750e+02 2.225429992675781250e+02 4.544769897460937500e+02 2.199019927978515625e+02
4.824240112304687500e+02 1.195299987792968750e+02 4.873970031738281250e+02 1.420359954833984375e+02
5.462199707031250000e+02 1.408719940185546875e+02 5.560949707031250000e+02 1.170699996948242188e+02
4.856220092773437500e+02 1.176979980468750000e+02 4.981310119628906250e+02 1.175989990234375000e+02
3.778200149536132812e+01 2.881239929199218750e+02 3.771189880371093750e+01 3.106239929199218750e+02
3.693330001831054688e+01 2.278860015869140625e+02 5.433570146560668945e-01 2.264620056152343750e+02
4.556130065917968750e+02 1.331320037841796875e+02 4.608299865722656250e+02 1.430169982910156250e+02
5.184370117187500000e+02 1.406620025634765625e+02 5.209929809570312500e+02 1.192699966430664062e+02
1.332720031738281250e+02 3.903209865093231201e-01 2.492920074462890625e+02 7.325700378417968750e+01
4.437569885253906250e+02 1.426990051269531250e+02 4.296109924316406250e+02 1.217160034179687500e+02
4.632459878921508789e-01 1.279499969482421875e+02 6.068170166015625000e+02 1.029609985351562500e+02
4.569490051269531250e+01 2.728200073242187500e+02 8.441809844970703125e+01 2.699590148925781250e+02
5.644550170898437500e+02 1.531130065917968750e+02 5.643759765625000000e+02 1.606250000000000000e+02
4.771390075683593750e+02 1.417910003662109375e+02 4.703049926757812500e+02 1.203290023803710938e+02
4.659909973144531250e+02 1.204909973144531250e+02 4.739030151367187500e+02 1.420480041503906250e+02
6.384050292968750000e+02 1.328759956359863281e+01 6.153720092773437500e+02 5.297829818725585938e+01
5.813309936523437500e+02 5.467409896850585938e+01 6.048099975585937500e+02 -7.784780263900756836e-01
2.121679992675781250e+02 7.508950042724609375e+01 1.425229949951171875e+02 3.694240188598632812e+01
2.984249877929687500e+02 7.024759674072265625e+01 2.091300048828125000e+02 -6.411550045013427734e-01
4.250729980468750000e+02 1.213710021972656250e+02 4.407340087890625000e+02 1.430460052490234375e+02
2.895119934082031250e+02 2.130350036621093750e+02 2.880310058593750000e+02 2.518710021972656250e+02
3.912359924316406250e+02 1.200039978027343750e+02 4.141900024414062500e+02 1.433070068359375000e+02
5.918970108032226562e-01 1.884510040283203125e+02 3.189979934692382812e+01 1.916309967041015625e+02
1.593750000000000000e+02 2.606300048828125000e+02 1.405429992675781250e+02 2.617569885253906250e+02
6.107470092773437500e+02 1.006880035400390625e+02 6.116719970703125000e+02 8.061560058593750000e+01
5.394160156250000000e+02 1.406390075683593750e+02 5.472050170898437500e+02 1.178109970092773438e+02
3.429240112304687500e+02 6.710759735107421875e+01 2.776709899902343750e+02 -1.474079936742782593e-01
5.253660278320312500e+02 1.408150024414062500e+02 5.297009887695312500e+02 1.181869964599609375e+02
5.511259765625000000e+02 1.178529968261718750e+02 5.424910278320312500e+02 1.416450042724609375e+02
5.078519897460937500e+02 1.193750000000000000e+02 5.078510131835937500e+02 1.418750000000000000e+02
9.109629821777343750e+01 2.831109924316406250e+02 9.166439819335937500e+01 3.018810119628906250e+02
3.274810028076171875e+01 1.931239929199218750e+02 3.263079833984375000e+01 2.268730010986328125e+02
5.731190185546875000e+02 1.689149932861328125e+02 6.131270141601562500e+02 1.687630004882812500e+02
4.166700134277343750e+02 1.207839965820312500e+02 4.341220092773437500e+02 1.433209991455078125e+02
5.609110107421875000e+02 1.395370025634765625e+02 5.739160156250000000e+02 1.166149978637695312e+02
5.743070068359375000e+02 1.405740051269531250e+02 5.823820190429687500e+02 1.297530059814453125e+02
5.953239746093750000e+02 5.359930038452148438e+01 6.223049926757812500e+02 -4.093109965324401855e-01
1.400180053710937500e+02 2.606019897460937500e+02 1.390919952392578125e+02 2.343410034179687500e+02
2.556549987792968750e+02 2.795589904785156250e+02 2.941979980468750000e+02 2.732860107421875000e+02
2.601600036621093750e+02 2.756099853515625000e+02 2.599639892578125000e+02 2.656130065917968750e+02
1.617599945068359375e+02 2.910899963378906250e+02 1.404190063476562500e+02 2.942239990234375000e+02
5.533369750976562500e+02 1.407270050048828125e+02 5.647340087890625000e+02 1.170479965209960938e+02
5.423950195312500000e+02 1.179140014648437500e+02 5.355759887695312500e+02 1.414989929199218750e+02
5.249400024414062500e+02 1.192750015258789062e+02 5.216589965820312500e+02 1.418439941406250000e+02
2.331959991455078125e+02 9.582790374755859375e+01 2.931549987792968750e+02 9.425769805908203125e+01
4.513429870605468750e+02 1.439250030517578125e+02 4.445239868164062500e+02 1.330319976806640625e+02
5.164790039062500000e+02 1.193440017700195312e+02 5.148229980468750000e+02 1.406600036621093750e+02
4.976310119628906250e+02 1.417960052490234375e+02 4.952709960937500000e+02 1.192809982299804688e+02
3.312879943847656250e+02 6.743409729003906250e+01 2.604979858398437500e+02 -5.440840125083923340e-01
4.574719848632812500e+02 1.427830047607421875e+02 4.519240112304687500e+02 1.330970001220703125e+02
1.396170043945312500e+02 2.293959960937500000e+02 1.399620056152343750e+02 2.043659973144531250e+02
5.018750000000000000e+02 2.106239929199218750e+02 4.943290100097656250e+02 2.114510040283203125e+02
8.960189819335937500e+01 1.922729949951171875e+02 4.692449951171875000e+01 1.876660003662109375e+02
5.898510131835937500e+02 2.556880035400390625e+02 5.886270141601562500e+02 2.406860046386718750e+02
2.228780059814453125e+02 2.631270141601562500e+02 2.223410034179687500e+02 2.056439971923828125e+02
2.019700012207031250e+02 3.023330078125000000e+02 3.528439998626708984e-01 3.443179931640625000e+02
9.262159729003906250e+01 1.955169982910156250e+02 9.176760101318359375e+01 2.093679962158203125e+02
5.682830200195312500e+02 1.394730072021484375e+02 5.825910034179687500e+02 1.165419998168945312e+02
2.659389953613281250e+02 7.266439819335937500e+01 1.588480072021484375e+02 -4.335289895534515381e-01
6.110419921875000000e+02 1.398119964599609375e+02 6.385360107421875000e+02 1.135559997558593750e+02
1.905709991455078125e+02 2.865020141601562500e+02 1.704510040283203125e+02 2.894280090332031250e+02
4.507070159912109375e+01 3.094140014648437500e+02 4.590599822998046875e+01 2.943210144042968750e+02
2.875109863281250000e+02 7.103299713134765625e+01 1.927689971923828125e+02 -5.577419996261596680e-01
1.706360015869140625e+02 2.346170043945312500e+02 1.856060028076171875e+02 2.339510040283203125e+02
1.159759979248046875e+02 4.119269922375679016e-02 2.379530029296875000e+02 7.341149902343750000e+01
4.643739929199218750e+02 2.533099975585937500e+02 4.543739929199218750e+02 2.532310028076171875e+02
6.187890172004699707e-01 2.326670074462890625e+02 3.812879943847656250e+01 2.321580047607421875e+02
1.406109924316406250e+02 2.342590026855468750e+02 1.543890075683593750e+02 2.344239959716796875e+02
9.668289947509765625e+01 3.019349975585937500e+02 9.753679656982421875e+01 2.868420104980468750e+02
1.319389953613281250e+02 2.961289978027343750e+02 9.933070373535156250e+01 3.002770080566406250e+02
5.598010253906250000e+02 1.177679977416992188e+02 5.495529785156250000e+02 1.414109954833984375e+02
6.239340209960937500e+02 5.114149856567382812e+01 6.390529785156250000e+02 2.746759986877441406e+01
2.545980072021484375e+02 7.278199768066406250e+01 1.423860015869140625e+02 -1.605489999055862427e-01
3.763179931640625000e+02 2.311820068359375000e+02 3.648380126953125000e+02 2.355829925537109375e+02
4.086950073242187500e+02 1.213809967041015625e+02 4.277770080566406250e+02 1.434259948730468750e+02
4.244909973144531250e+02 2.493849945068359375e+02 4.243349914550781250e+02 2.318750000000000000e+02
6.088549804687500000e+02 5.353760147094726562e+01 6.386160278320312500e+02 9.023699760437011719e-01
1.405390014648437500e+02 1.581349945068359375e+02 1.414259948730468750e+02 1.658209991455078125e+02
3.909849929809570312e+01 1.393630065917968750e+02 3.864649963378906250e+01 1.493979949951171875e+02
1.982140045166015625e+02 2.593760070800781250e+02 1.982389984130859375e+02 2.081260070800781250e+02
4.562839889526367188e+01 2.328719940185546875e+02 9.187359619140625000e+01 2.327120056152343750e+02
5.104540100097656250e+02 2.280879974365234375e+02 5.098070068359375000e+02 2.531360015869140625e+02
2.437539978027343750e+02 7.336350250244140625e+01 1.259339981079101562e+02 1.272979974746704102e-01
2.662120056152343750e+02 2.030429992675781250e+02 2.637860107421875000e+02 2.593500061035156250e+02
3.704580078125000000e+02 1.233259963989257812e+02 3.943489990234375000e+02 1.431560058593750000e+02
9.957369995117187500e+01 2.799899876117706299e-01 2.257359924316406250e+02 7.293219757080078125e+01
5.684249877929687500e+02 1.176449966430664062e+02 5.568369750976562500e+02 1.406060028076171875e+02
6.043140258789062500e+02 1.393139953613281250e+02 6.280300292968750000e+02 1.155299987792968750e+02
4.171489868164062500e+02 1.428609924316406250e+02 3.975379943847656250e+02 1.224869995117187500e+02
5.986240234375000000e+02 2.301139984130859375e+02 5.853430175781250000e+02 2.171340026855468750e+02
2.356779937744140625e+02 2.106250000000000000e+02 2.354989929199218750e+02 2.568789978027343750e+02
8.227610015869140625e+01 -9.828040003776550293e-02 2.168020019531250000e+02 7.450720214843750000e+01
2.056439971923828125e+02 3.093750000000000000e+02 2.059589996337890625e+02 2.868800048828125000e+02
2.263450012207031250e+02 2.793349914550781250e+02 2.270489959716796875e+02 2.918649902343750000e+02
8.942230224609375000e+01 3.022080078125000000e+02 4.794400024414062500e+01 3.081010131835937500e+02
5.773060302734375000e+02 1.176460037231445312e+02 5.645380249023437500e+02 1.394700012207031250e+02
5.443629760742187500e+02 2.456430053710937500e+02 5.575759887695312500e+02 2.539940032958984375e+02
3.857929992675781250e+02 1.229430007934570312e+02 4.079179992675781250e+02 1.433489990234375000e+02
3.320629882812500000e+01 1.861390075683593750e+02 5.525069832801818848e-01 1.825310058593750000e+02
1.978849945068359375e+02 2.655870056152343750e+02 1.976569976806640625e+02 2.594389953613281250e+02
1.290650024414062500e+02 2.781220092773437500e+02 1.289270019531250000e+02 2.943819885253906250e+02
6.389069824218750000e+02 3.736460113525390625e+01 6.291329956054687500e+02 5.297380065917968750e+01
6.131209716796875000e+02 1.688930053710937500e+02 6.381300048828125000e+02 1.686750030517578125e+02
5.918549804687500000e+02 4.458389892578125000e+02 3.534530103206634521e-01 3.897380065917968750e+02
2.357480010986328125e+02 3.074219970703125000e+02 2.280740051269531250e+02 3.091480102539062500e+02
3.628169860839843750e+02 1.235169982910156250e+02 3.879899902343750000e+02 1.432969970703125000e+02
4.313380126953125000e+02 1.437910003662109375e+02 4.138959960937500000e+02 1.224929962158203125e+02
4.113900146484375000e+02 2.456309967041015625e+02 4.114769897460937500e+02 2.343719940185546875e+02
2.333719940185546875e+02 7.395890045166015625e+01 1.085690002441406250e+02 -1.226370036602020264e-01
4.372569885253906250e+02 1.428390045166015625e+02 4.212130126953125000e+02 1.214339981079101562e+02
6.183170166015625000e+02 1.395939941406250000e+02 6.382969970703125000e+02 1.220709991455078125e+02
6.379260253906250000e+02 2.031230010986328125e+02 6.373750000000000000e+02 2.556170043945312500e+02
4.237120056152343750e+02 1.426000061035156250e+02 4.059949951171875000e+02 1.227939987182617188e+02
4.113980102539062500e+02 1.435720062255859375e+02 3.897449951171875000e+02 1.227399978637695312e+02
4.742539978027343750e+02 2.763110046386718750e+02 4.668269958496093750e+02 2.779010009765625000e+02
2.945409851074218750e+02 2.718770141601562500e+02 2.947189941406250000e+02 2.593800048828125000e+02
1.643249969482421875e+02 2.743750000000000000e+02 1.644739990234375000e+02 2.918739929199218750e+02
1.680899963378906250e+02 2.497579956054687500e+02 1.781199951171875000e+02 2.506759948730468750e+02
2.783139953613281250e+02 2.117769927978515625e+02 2.774049987792968750e+02 2.331479949951171875e+02
9.937370300292968750e+01 2.337180023193359375e+02 1.281260070800781250e+02 2.337810058593750000e+02
1.684360046386718750e+02 2.906390075683593750e+02 1.691600036621093750e+02 2.743099975585937500e+02
1.604459991455078125e+02 2.081239929199218750e+02 1.602819976806640625e+02 2.293719940185546875e+02
2.932909851074218750e+02 2.826109924316406250e+02 2.554579925537109375e+02 2.911340026855468750e+02
5.154609985351562500e+02 2.296699981689453125e+02 5.247940063476562500e+02 2.348730010986328125e+02
4.897319946289062500e+02 5.775400161743164062e+01 4.942049865722656250e+02 6.205239868164062500e+01
4.394530057907104492e-01 3.666520080566406250e+02 6.380850219726562500e+02 4.186130065917968750e+02
5.937719726562500000e+02 1.301230010986328125e+02 5.852789916992187500e+02 1.403379974365234375e+02
5.968850097656250000e+02 1.393840026855468750e+02 6.185469970703125000e+02 1.161039962768554688e+02
6.319260253906250000e+02 1.156770019531250000e+02 6.073270263671875000e+02 1.398110046386718750e+02
5.853900146484375000e+02 1.304600067138671875e+02 5.786199951171875000e+02 1.400950012207031250e+02
2.005630035400390625e+02 2.339770050048828125e+02 2.106909942626953125e+02 2.347160034179687500e+02
5.068739929199218750e+02 2.429450073242187500e+02 4.943680114746093750e+02 2.430119934082031250e+02
5.292700195312500000e+02 2.370509948730468750e+02 5.403350219726562500e+02 2.436130065917968750e+02
8.601779937744140625e+01 2.831239929199218750e+02 8.599870300292968750e+01 3.006250000000000000e+02
5.133369750976562500e+02 2.506300048828125000e+02 5.136550292968750000e+02 2.381069946289062500e+02
2.431710052490234375e+02 2.649360046386718750e+02 2.806229858398437500e+02 2.618489990234375000e+02
2.388419952392578125e+02 9.812049865722656250e+01 2.387359924316406250e+02 1.106200027465820312e+02
2.728340148925781250e+02 2.743909912109375000e+02 2.724320068359375000e+02 2.668450012207031250e+02
1.696349945068359375e+02 1.918760070800781250e+02 1.696889953613281250e+02 1.806269989013671875e+02
4.615739822387695312e+01 2.656260070800781250e+02 4.622880172729492188e+01 2.343739929199218750e+02
1.394230041503906250e+02 3.928559875488281250e+01 2.079250030517578125e+02 7.599839782714843750e+01
2.220610046386718750e+02 7.404850006103515625e+01 9.117659759521484375e+01 -3.454909920692443848e-01
2.839769897460937500e+02 2.568720092773437500e+02 2.844330139160156250e+02 1.968659973144531250e+02
4.857839965820312500e+02 2.227579956054687500e+02 5.083819885253906250e+02 2.325310058593750000e+02
9.773650360107421875e+01 2.293919982910156250e+02 9.824780273437500000e+01 2.031029968261718750e+02
3.240269851684570312e+01 2.881229858398437500e+02 3.246450042724609375e+01 3.093770141601562500e+02
1.818430023193359375e+02 2.304420013427734375e+02 1.706029968261718750e+02 2.301060028076171875e+02
6.155599975585937500e+02 7.442410278320312500e+01 6.163900146484375000e+02 5.440670013427734375e+01
4.054509887695312500e+02 1.444519958496093750e+02 3.820270080566406250e+02 1.229599990844726562e+02
1.295870056152343750e+02 2.356130065917968750e+02 1.292879943847656250e+02 2.618739929199218750e+02
6.382390136718750000e+02 4.478240051269531250e+02 5.968460083007812500e+02 4.447739868164062500e+02
6.154180297851562500e+02 7.672309875488281250e+01 6.133150024414062500e+02 9.689479827880859375e+01
2.106260070800781250e+02 2.569060058593750000e+02 2.005919952392578125e+02 2.573200073242187500e+02
1.291029968261718750e+02 4.115039825439453125e+01 1.966479949951171875e+02 7.606430053710937500e+01
6.381749877929687500e+02 1.256829986572265625e+02 6.227509765625000000e+02 1.389389953613281250e+02
2.716430053710937500e+02 2.581189880371093750e+02 2.731690063476562500e+02 1.968450012207031250e+02
3.528009951114654541e-01 3.380870056152343750e+01 1.181009979248046875e+02 8.068579864501953125e+01
6.381560058593750000e+02 1.181589965820312500e+02 6.140079956054687500e+02 1.402239990234375000e+02
3.256909942626953125e+01 2.331230010986328125e+02 3.246620178222656250e+01 2.681229858398437500e+02
3.307460021972656250e+01 1.447369995117187500e+02 1.066040039062500000e+01 1.416199951171875000e+02
3.985010070800781250e+02 1.439369964599609375e+02 3.749450073242187500e+02 1.237109985351562500e+02
6.224959716796875000e+02 1.162750015258789062e+02 5.999130249023437500e+02 1.399459991455078125e+02
9.126969909667968750e+01 2.131029968261718750e+02 9.177210235595703125e+01 2.281280059814453125e+02
6.191920166015625000e+02 5.557550048828125000e+01 6.186710205078125000e+02 7.064389801025390625e+01
2.303370056152343750e+02 7.680339813232421875e+01 2.297510070800781250e+02 8.939250183105468750e+01
2.358549957275390625e+02 1.093759994506835938e+02 2.358639984130859375e+02 9.687519836425781250e+01
3.490039978027343750e+02 1.531419982910156250e+02 3.486480102539062500e+02 1.455420074462890625e+02
3.116619873046875000e+02 2.068719940185546875e+02 3.118829956054687500e+02 1.918569946289062500e+02
4.770419921875000000e+02 5.800230026245117188e+01 4.811879882812500000e+02 6.363090133666992188e+01
4.024670104980468750e+02 6.265670013427734375e+01 4.085870056152343750e+02 6.781060028076171875e+01
3.898469848632812500e+02 6.259609985351562500e+01 3.958500061035156250e+02 6.907469940185546875e+01
3.505419921875000000e+02 1.536230010986328125e+02 1.442830047607421875e+02 1.621380004882812500e+02
3.646239929199218750e+02 2.547630004882812500e+02 3.760039978027343750e+02 2.474669952392578125e+02
4.929750061035156250e+02 2.197140045166015625e+02 5.103959960937500000e+02 2.273930053710937500e+02
4.856659851074218750e+02 2.184459991455078125e+02 4.930429992675781250e+02 2.174929962158203125e+02
3.472820129394531250e+02 1.238040008544921875e+02 3.758120117187500000e+02 1.441130065917968750e+02
5.192410278320312500e+02 5.677799987792968750e+01 5.161660156250000000e+02 6.101729965209960938e+01
2.271660003662109375e+02 8.938559722900390625e+01 2.276230010986328125e+02 7.685669708251953125e+01
1.844140014648437500e+02 3.186180114746093750e+02 6.381329956054687500e+02 3.417099914550781250e+02
2.523439941406250000e+02 2.131459960937500000e+02 2.505279998779296875e+02 2.531770019531250000e+02
1.864909973144531250e+02 2.081300048828125000e+02 1.867769927978515625e+02 2.293760070800781250e+02
4.514519958496093750e+02 6.013700103759765625e+01 4.593049926757812500e+02 6.450140380859375000e+01
2.424909973144531250e+02 2.606119995117187500e+02 2.438609924316406250e+02 1.943639984130859375e+02
6.381859741210937500e+02 3.505549926757812500e+02 5.180960083007812500e+02 3.450069885253906250e+02
1.543780059814453125e+02 2.299889984130859375e+02 1.406219940185546875e+02 2.300619964599609375e+02
4.581380004882812500e+02 2.878150024414062500e+02 4.493510131835937500e+02 2.874330139160156250e+02
6.256799926757812500e+02 1.394420013427734375e+02 6.386779785156250000e+02 1.288000030517578125e+02
5.712310180664062500e+02 2.692439880371093750e+02 5.728889770507812500e+02 2.769259948730468750e+02
1.478639984130859375e+01 -2.333910018205642700e-01 1.781569976806640625e+02 7.805719757080078125e+01
3.921340026855468750e+02 1.440559997558593750e+02 3.672850036621093750e+02 1.238710021972656250e+02
6.137130126953125000e+02 1.162900009155273438e+02 5.926220092773437500e+02 1.401809997558593750e+02
2.122449951171875000e+02 2.106130065917968750e+02 2.129839935302734375e+02 2.332109985351562500e+02
2.776289978027343750e+02 2.331119995117187500e+02 2.769960021972656250e+02 2.581279907226562500e+02
1.337460021972656250e+02 2.780939941406250000e+02 1.346190032958984375e+02 2.956749877929687500e+02
5.269749755859375000e+02 2.331829986572265625e+02 5.398649902343750000e+02 2.109080047607421875e+02
3.661600036621093750e+02 2.636740112304687500e+02 3.788139953613281250e+02 2.513320007324218750e+02
6.131309814453125000e+02 7.325479888916015625e+01 2.318959960937500000e+02 9.107790374755859375e+01
3.549179992675781250e+02 1.236449966430664062e+02 3.816019897460937500e+02 1.434920043945312500e+02
5.383930053710937500e+02 2.182769927978515625e+02 5.289890136718750000e+02 2.348650054931640625e+02
2.294199981689453125e+02 9.137180328369140625e+01 5.175369977951049805e-01 1.050810012817382812e+02
6.081099853515625000e+02 9.777660369873046875e+01 4.846599996089935303e-01 1.235690002441406250e+02
8.885739898681640625e+01 2.268919982910156250e+02 8.954350280761718750e+01 1.981289978027343750e+02
1.299579925537109375e+02 2.031210021972656250e+02 1.298059997558593750e+02 2.281280059814453125e+02
2.586099853515625000e+02 2.593850097656250000e+02 2.599440002441406250e+02 1.968600006103515625e+02
6.381660156250000000e+02 3.158049926757812500e+02 4.905960083007812500e+02 3.101250000000000000e+02
3.207070007324218750e+02 1.267379989624023438e+02 3.505260009765625000e+02 1.445410003662109375e+02
2.005460052490234375e+02 2.611570129394531250e+02 2.119329986572265625e+02 2.599070129394531250e+02
3.560759887695312500e+02 2.782489929199218750e+02 3.539249877929687500e+02 2.644450073242187500e+02
1.692530059814453125e+02 2.293789978027343750e+02 1.693309936523437500e+02 2.068750000000000000e+02
5.330100097656250000e+02 5.753630065917968750e+01 5.277230224609375000e+02 5.857279968261718750e+01
1.935350036621093750e+02 7.732060241699218750e+01 1.233209991455078125e+02 4.149000167846679688e+01
2.731830139160156250e+02 2.967260131835937500e+02 4.656650085449218750e+02 3.046539916992187500e+02
3.511859893798828125e+01 2.268840026855468750e+02 3.551169967651367188e+01 1.931239929199218750e+02
4.659419860839843750e+02 3.085140075683593750e+02 4.757210083007812500e+02 3.099849853515625000e+02
3.526969909667968750e+02 7.058650207519531250e+01 3.426289978027343750e+02 6.702890014648437500e+01
9.273519897460937500e+01 1.618659973144531250e+02 9.206430053710937500e+01 1.906289978027343750e+02
5.606329956054687500e+02 1.510529937744140625e+02 3.531319885253906250e+02 1.547819976806640625e+02
3.850770187377929688e+01 1.906300048828125000e+02 3.807419967651367188e+01 2.256239929199218750e+02
3.418450012207031250e+02 2.588900146484375000e+02 3.368150024414062500e+02 2.721539916992187500e+02
1.400440063476562500e+02 1.906369934082031250e+02 1.403390045166015625e+02 1.743699951171875000e+02
5.243189697265625000e+02 2.407250061035156250e+02 5.413530273437500000e+02 2.503029937744140625e+02
1.602310028076171875e+02 2.343719940185546875e+02 1.600169982910156250e+02 2.593699951171875000e+02
4.677379989624023438e+01 1.856300048828125000e+02 4.665250015258789062e+01 1.543760070800781250e+02
6.381270141601562500e+02 1.787879943847656250e+02 5.456240234375000000e+02 1.790220031738281250e+02
9.853410339355468750e+01 1.918760070800781250e+02 9.861679840087890625e+01 1.631260070800781250e+02
9.758789825439453125e+01 2.506410064697265625e+02 9.794779968261718750e+01 2.343990020751953125e+02
2.106439971923828125e+02 2.308719940185546875e+02 2.006000061035156250e+02 2.306829986572265625e+02
2.844710083007812500e+02 2.718739929199218750e+02 2.843919982910156250e+02 2.631130065917968750e+02
8.625550079345703125e+01 2.343730010986328125e+02 8.616940307617187500e+01 2.643729858398437500e+02
2.028339996337890625e+02 7.631860351562500000e+01 1.346459960937500000e+02 4.011370086669921875e+01
3.799559936523437500e+02 1.448350067138671875e+02 3.519570007324218750e+02 1.242639999389648438e+02
4.650399982929229736e-01 9.710379838943481445e-01 1.679920043945312500e+02 7.841220092773437500e+01
2.170169982910156250e+02 2.104969940185546875e+02 2.161239929199218750e+02 2.269019927978515625e+02
3.862290039062500000e+02 1.448549957275390625e+02 3.596650085449218750e+02 1.240059967041015625e+02
3.708120117187500000e+02 1.428560028076171875e+02 3.443009948730468750e+02 1.244820022583007812e+02
4.077000045776367188e+01 2.956229858398437500e+02 4.100519943237304688e+01 3.118699951171875000e+02
1.907469940185546875e+02 2.081260070800781250e+02 1.906060028076171875e+02 2.293750000000000000e+02
2.037949981689453125e+02 2.893680114746093750e+02 2.035449981689453125e+02 3.093800048828125000e+02
4.906189880371093750e+02 3.058190002441406250e+02 6.381630249023437500e+02 3.107359924316406250e+02
1.599369964599609375e+02 2.756229858398437500e+02 1.598959960937500000e+02 2.893770141601562500e+02
3.531260070800781250e+02 1.657079925537109375e+02 2.518809967041015625e+02 1.672799987792968750e+02
3.748949890136718750e+02 2.359049987792968750e+02 3.587109985351562500e+02 2.480809936523437500e+02
2.968770141601562500e+02 2.093849945068359375e+02 3.106040039062500000e+02 2.067669982910156250e+02
3.322049865722656250e+02 2.647680053710937500e+02 3.546520080566406250e+02 2.459559936523437500e+02
5.643809814453125000e+02 2.679890136718750000e+02 5.506030273437500000e+02 2.673720092773437500e+02
5.560869750976562500e+02 5.550920104980468750e+01 5.627849731445312500e+02 5.989390182495117188e+01
7.186599731445312500e+01 2.470269927978515625e+02 8.190480041503906250e+01 2.476230010986328125e+02
1.690299987792968750e+02 2.456439971923828125e+02 1.692449951171875000e+02 2.356219940185546875e+02
4.710229873657226562e+01 1.481950073242187500e+02 4.658509826660156250e+01 1.406450042724609375e+02
5.725590209960937500e+02 5.365689849853515625e+01 5.687239990234375000e+02 5.859030151367187500e+01
3.410520019531250000e+02 1.249929962158203125e+02 3.694760131835937500e+02 1.442259979248046875e+02
1.705429992675781250e+02 2.635740051269531250e+02 1.856410064697265625e+02 2.620339965820312500e+02
3.331820068359375000e+02 2.688120117187500000e+02 3.193200073242187500e+02 2.699639892578125000e+02
1.906250000000000000e+02 2.356250000000000000e+02 1.906250000000000000e+02 2.568750000000000000e+02
2.715809941291809082e-01 1.518789958953857422e+01 1.491419982910156250e+02 7.991179656982421875e+01
6.383159790039062500e+02 1.321000061035156250e+02 6.289149780273437500e+02 1.400839996337890625e+02
5.410139770507812500e+02 2.119380035400390625e+02 5.424910278320312500e+02 2.320140075683593750e+02
4.656459987163543701e-01 8.481320381164550781e+00 1.567610015869140625e+02 7.838009643554687500e+01
5.883150024414062500e+02 5.525199890136718750e+01 5.821500244140625000e+02 5.452849960327148438e+01
5.398729858398437500e+02 2.667630004882812500e+02 5.410629882812500000e+02 2.720570068359375000e+02
1.160550003051757812e+02 8.203199768066406250e+01 7.224829792976379395e-01 3.662739944458007812e+01
4.908190002441406250e+02 2.933089904785156250e+02 4.898619995117187500e+02 2.878219909667968750e+02
6.381350097656250000e+02 1.499579925537109375e+02 5.668629760742187500e+02 1.511719970703125000e+02
3.980859985351562500e+02 1.792279968261718750e+02 2.480639953613281250e+02 1.834349975585937500e+02
4.795360107421875000e+02 3.213659973144531250e+02 4.644330139160156250e+02 3.199859924316406250e+02
4.554790039062500000e+02 2.123529968261718750e+02 4.717420043945312500e+02 2.173099975585937500e+02
1.833179931640625000e+02 7.772989654541015625e+01 2.560519981384277344e+01 6.654409766197204590e-01
1.530209960937500000e+02 2.820570068359375000e+02 1.406380004882812500e+02 2.832609863281250000e+02
5.069339904785156250e+02 2.342100067138671875e+02 4.916440124511718750e+02 2.287740020751953125e+02
6.419640183448791504e-01 2.183489990234375000e+01 1.394299926757812500e+02 8.049479675292968750e+01
5.418779907226562500e+02 1.784660034179687500e+02 4.018670043945312500e+02 1.797389984130859375e+02
5.722130126953125000e+02 2.618810119628906250e+02 5.729630126953125000e+02 2.206219940185546875e+02
1.855859985351562500e+02 2.588200073242187500e+02 1.705729980468750000e+02 2.598880004882812500e+02
1.940359954833984375e+02 2.831180114746093750e+02 1.939450073242187500e+02 2.718580017089843750e+02
3.469169921875000000e+02 1.443029937744140625e+02 3.144979858398437500e+02 1.254140014648437500e+02
6.440579891204833984e-01 2.807850074768066406e+01 1.292839965820312500e+02 8.084770202636718750e+01
6.470549702644348145e-01 3.931840133666992188e+01 1.105230026245117188e+02 8.213710021972656250e+01
1.633739929199218750e+02 7.882969665527343750e+01 5.999270081520080566e-01 4.429860115051269531e+00
3.170060119628906250e+02 2.670199890136718750e+02 3.248489990234375000e+02 2.598959960937500000e+02
3.673049926757812500e+02 1.449790039062500000e+02 3.372879943847656250e+02 1.250039978027343750e+02
3.633550109863281250e+02 2.484629974365234375e+02 3.759689941406250000e+02 2.398800048828125000e+02
6.097479858398437500e+02 5.503400039672851562e+01 6.146069946289062500e+02 5.228570175170898438e+01
3.093850097656250000e+02 2.522720031738281250e+02 2.968619995117187500e+02 2.525820007324218750e+02
5.084179992675781250e+02 2.150870056152343750e+02 5.020199890136718750e+02 2.116089935302734375e+02
3.755459899902343750e+02 2.430220031738281250e+02 3.664049987792968750e+02 2.500110015869140625e+02
3.705220031738281250e+02 2.745249938964843750e+02 3.780729980468750000e+02 2.738200073242187500e+02
1.730619964599609375e+02 7.825879669189453125e+01 8.276729583740234375e+00 3.042649924755096436e-01
1.863589935302734375e+02 2.356230010986328125e+02 1.862599945068359375e+02 2.568779907226562500e+02
3.898519897460937500e+01 1.518690032958984375e+02 3.836880111694335938e+01 1.893789978027343750e+02
3.581159973144531250e+02 1.431399993896484375e+02 3.296650085449218750e+02 1.251660003662109375e+02
3.819139862060546875e+01 2.343760070800781250e+02 3.789550018310546875e+01 2.668729858398437500e+02
3.524030151367187500e+02 2.425130004882812500e+02 3.320620117187500000e+02 2.593399963378906250e+02
2.124969940185546875e+02 2.356230010986328125e+02 2.124400024414062500e+02 2.543769989013671875e+02
4.678810119628906250e+01 1.523630065917968750e+02 8.806459808349609375e+01 1.597140045166015625e+02
5.446240234375000000e+02 2.331719970703125000e+02 5.410650024414062500e+02 2.519579925537109375e+02
6.941139984130859375e+01 7.052929687500000000e+01 1.004459991455078125e+02 8.234570312500000000e+01
1.901750030517578125e+02 2.718739929199218750e+02 1.901529998779296875e+02 2.856239929199218750e+02
8.812500000000000000e+01 3.006250000000000000e+02 8.812500000000000000e+01 2.831250000000000000e+02
5.101950073242187500e+02 2.081199951171875000e+02 5.100570068359375000e+02 2.206190032958984375e+02
2.541950073242187500e+02 2.343600006103515625e+02 2.544589996337890625e+02 2.531239929199218750e+02
3.501100158691406250e+01 2.681239929199218750e+02 3.508060073852539062e+01 2.343739929199218750e+02
3.114030151367187500e+02 2.806539916992187500e+02 3.100969848632812500e+02 2.594849853515625000e+02
3.495299911499023438e+01 3.081260070800781250e+02 3.493799972534179688e+01 2.881250000000000000e+02
1.561329956054687500e+02 2.356179962158203125e+02 1.560440063476562500e+02 2.456289978027343750e+02
4.667279968261718750e+02 3.020599975585937500e+02 4.743720092773437500e+02 3.081289978027343750e+02
1.046579971313476562e+02 3.293930053710937500e+02 5.556179809570312500e+01 3.403410034179687500e+02
2.193670043945312500e+02 2.057420043945312500e+02 2.018650054931640625e+02 2.045220031738281250e+02
3.494060058593750000e+02 1.418240051269531250e+02 3.220820007324218750e+02 1.252839965820312500e+02
8.705120086669921875e+01 1.546840057373046875e+02 4.901259994506835938e+01 1.475599975585937500e+02
1.745619964599609375e+02 2.831369934082031250e+02 1.751289978027343750e+02 2.743429870605468750e+02
4.255520019531250000e+02 2.046620025634765625e+02 4.481849975585937500e+02 2.103869934082031250e+02
5.368870239257812500e+02 2.518549957275390625e+02 5.153920288085937500e+02 2.384989929199218750e+02
9.932029724121093750e+01 1.621660003662109375e+02 1.294309997558593750e+02 1.678289947509765625e+02
3.204299926757812500e+02 1.309640045166015625e+02 3.418099975585937500e+02 1.432369995117187500e+02
1.562760009765625000e+02 2.056230010986328125e+02 1.561880035400390625e+02 2.281269989013671875e+02
3.320989990234375000e+01 1.518760070800781250e+02 3.291740036010742188e+01 1.843730010986328125e+02
1.404570007324218750e+02 7.851540374755859375e+01 5.064679980278015137e-01 1.840099906921386719e+01
3.954450073242187500e+02 2.006040039062500000e+02 4.195929870605468750e+02 2.041329956054687500e+02
3.931260070800781250e+02 2.079080047607421875e+02 3.393770141601562500e+02 2.076719970703125000e+02
1.506560058593750000e+02 7.805429840087890625e+01 6.673319935798645020e-01 1.177919960021972656e+01
5.781199951171875000e+02 1.996450042724609375e+02 6.043839721679687500e+02 2.001100006103515625e+02
1.251220016479492188e+02 2.031239929199218750e+02 1.251429977416992188e+02 2.268750000000000000e+02
6.106149902343750000e+02 2.002500000000000000e+02 6.381259765625000000e+02 2.005590057373046875e+02
2.468370056152343750e+02 1.663780059814453125e+02 1.580330047607421875e+02 1.731679992675781250e+02
6.683539748191833496e-01 5.800360107421875000e+01 7.439109802246093750e+01 8.432990264892578125e+01
8.858879852294921875e+01 2.631270141601562500e+02 8.870330047607421875e+01 2.343769989013671875e+02
8.687500000000000000e+01 1.618750000000000000e+02 8.687500000000000000e+01 1.893750000000000000e+02
1.243600006103515625e+02 2.824440002441406250e+02 1.056230010986328125e+02 2.819419860839843750e+02
2.005899963378906250e+02 2.072200012207031250e+02 2.181609954833984375e+02 2.090220031738281250e+02
1.307070007324218750e+02 1.693769989013671875e+02 1.300740051269531250e+02 1.956119995117187500e+02
1.205719985961914062e+02 7.950540161132812500e+01 5.020560026168823242e-01 3.092889976501464844e+01
1.306999969482421875e+02 1.639889984130859375e+02 9.941439819335937500e+01 1.579219970703125000e+02
5.725059814453125000e+02 2.049389953613281250e+02 5.595070190429687500e+02 1.929819946289062500e+02
4.628710021972656250e+02 3.176149902343750000e+02 4.743850097656250000e+02 3.118959960937500000e+02
1.862640075683593750e+02 2.731270141601562500e+02 1.863029937744140625e+02 2.831270141601562500e+02
4.507340087890625000e+02 2.856409912109375000e+02 4.508399963378906250e+02 2.768779907226562500e+02
9.432689666748046875e+01 8.200340270996093750e+01 6.110789775848388672e-01 4.691220092773437500e+01
1.318119964599609375e+02 7.952580261230468750e+01 4.846430122852325439e-01 2.471129989624023438e+01
7.443509674072265625e+01 7.671080017089843750e+01 9.298909759521484375e+01 8.349649810791015625e+01
2.161999969482421875e+02 2.356219940185546875e+02 2.161109924316406250e+02 2.543769989013671875e+02
5.593889770507812500e+02 1.628910064697265625e+02 3.543760070800781250e+02 1.656770019531250000e+02
4.871430053710937500e+02 2.800270080566406250e+02 4.837959899902343750e+02 2.942390136718750000e+02
6.559980010986328125e+01 6.694020080566406250e+01 6.395630240440368652e-01 4.183729934692382812e+01
1.606250000000000000e+02 1.793750000000000000e+02 1.606250000000000000e+02 1.981250000000000000e+02
1.318750000000000000e+02 2.606250000000000000e+02 1.318750000000000000e+02 2.356250000000000000e+02
6.104699707031250000e+02 2.232949981689453125e+02 6.157210083007812500e+02 2.225420074462890625e+02
1.250500030517578125e+02 2.356219940185546875e+02 1.250879974365234375e+02 2.443769989013671875e+02
5.537269897460937500e+02 1.935160064697265625e+02 5.467299804687500000e+02 2.042810058593750000e+02
6.292139887809753418e-01 4.436399841308593750e+01 6.306679916381835938e+01 6.827690124511718750e+01
9.559010314941406250e+01 7.822029876708984375e+01 7.924179840087890625e+01 7.223919677734375000e+01
3.140860080718994141e+00 2.820459899902343750e+02 3.063599967956542969e+01 2.794930114746093750e+02
2.168020019531250000e+02 1.893730010986328125e+02 2.164609985351562500e+02 2.043659973144531250e+02
2.181759948730468750e+02 1.802779998779296875e+02 2.006909942626953125e+02 1.776829986572265625e+02
5.118309936523437500e+02 2.081380004882812500e+02 5.147739868164062500e+02 2.183699951171875000e+02
3.356250000000000000e+02 2.082920074462890625e+02 3.168750000000000000e+02 2.082910003662109375e+02
4.631910095214843750e+02 2.268760070800781250e+02 4.628810119628906250e+02 2.431199951171875000e+02
6.118670043945312500e+02 1.038509979248046875e+02 6.381300048828125000e+02 1.034390029907226562e+02
1.554730072021484375e+02 1.650119934082031250e+02 3.092829895019531250e+02 1.574929962158203125e+02
2.765230102539062500e+02 2.073079986572265625e+02 2.806159973144531250e+02 2.106360015869140625e+02
6.381320190429687500e+02 7.244609832763671875e+01 6.206190185546875000e+02 7.265370178222656250e+01
3.606570129394531250e+02 2.257330017089843750e+02 3.754779968261718750e+02 2.213750000000000000e+02
4.787340087890625000e+02 2.723179931640625000e+02 4.744509887695312500e+02 2.757210083007812500e+02
5.731500244140625000e+02 2.155209960937500000e+02 5.533729858398437500e+02 2.108289947509765625e+02
9.127790069580078125e+01 2.356239929199218750e+02 9.123670196533203125e+01 2.643739929199218750e+02
3.156000061035156250e+02 2.192640075683593750e+02 3.578770141601562500e+02 2.095480041503906250e+02
1.320619964599609375e+02 2.281230010986328125e+02 1.318329925537109375e+02 2.068750000000000000e+02
2.369199981689453125e+02 1.841349945068359375e+02 2.256029968261718750e+02 1.819929962158203125e+02
3.204370117187500000e+02 2.313390045166015625e+02 3.640769958496093750e+02 2.160260009765625000e+02
6.381279907226562500e+02 1.622599945068359375e+02 5.656229858398437500e+02 1.628869934082031250e+02
4.187500000000000000e+01 1.568750000000000000e+02 4.187500000000000000e+01 1.893750000000000000e+02
3.556350097656250000e+02 1.574709930419921875e+02 5.593909912109375000e+02 1.540480041503906250e+02
6.021450195312500000e+02 2.181190032958984375e+02 5.950869750976562500e+02 2.125570068359375000e+02
3.300029907226562500e+02 2.539889984130859375e+02 3.504440002441406250e+02 2.391250000000000000e+02
3.511480102539062500e+02 2.344340057373046875e+02 3.211560058593750000e+02 2.527449951171875000e+02
6.381259765625000000e+02 9.816110229492187500e+01 6.156090087890625000e+02 9.865889739990234375e+01
2.438590049743652344e+01 5.809569931030273438e+01 5.181629943847656250e+01 6.828299713134765625e+01
3.863949890136718750e+02 2.143630065917968750e+02 3.861449890136718750e+02 2.243880004882812500e+02
5.678570175170898438e+01 7.211879730224609375e+01 2.188809967041015625e+01 5.933919906616210938e+01
1.706109924316406250e+02 2.561449890136718750e+02 1.818869934082031250e+02 2.564540100097656250e+02
7.569730377197265625e+01 3.384330139160156250e+02 9.311949920654296875e+01 3.343519897460937500e+02
5.558169937133789062e+01 7.949949645996093750e+01 8.164699554443359375e+00 6.301079940795898438e+01
5.768900146484375000e+02 1.540299987792968750e+02 6.381229858398437500e+02 1.530099945068359375e+02
5.364500284194946289e-01 1.103679962158203125e+02 1.969160003662109375e+02 9.882689666748046875e+01
3.131250000000000000e+02 1.681250000000000000e+02 3.518750000000000000e+02 1.681250000000000000e+02
3.314519958496093750e+02 2.398229980468750000e+02 3.517390136718750000e+02 2.291170043945312500e+02
6.240990161895751953e-01 4.937749862670898438e+01 1.806889915466308594e+01 5.577780151367187500e+01
1.617850036621093750e+02 2.593739929199218750e+02 1.620899963378906250e+02 2.393589935302734375e+02
1.467180023193359375e+02 3.187869873046875000e+02 1.244700012207031250e+02 3.247319946289062500e+02
4.743750000000000000e+02 1.656250000000000000e+02 5.593750000000000000e+02 1.656250000000000000e+02
8.056809997558593750e+01 8.078130340576171875e+01 5.939369964599609375e+01 7.307360076904296875e+01
3.935079956054687500e+02 4.533229980468750000e+02 4.019979858398437500e+02 4.369389953613281250e+02
1.006299972534179688e+02 2.892659912109375000e+02 1.231399993896484375e+02 2.902929992675781250e+02
3.931019897460937500e+02 1.761569976806640625e+02 3.793770141601562500e+02 1.755760040283203125e+02
5.093840026855468750e+02 3.215820007324218750e+02 4.918619995117187500e+02 3.210329895019531250e+02
1.678829956054687500e+02 3.328640136718750000e+02 1.520399932861328125e+02 3.354030151367187500e+02
5.996199951171875000e+02 2.543679962158203125e+02 5.993759765625000000e+02 2.455899963378906250e+02
8.062799835205078125e+01 2.910939941406250000e+02 6.312070083618164062e+01 2.912070007324218750e+02
8.937500000000000000e+01 1.893750000000000000e+02 8.937500000000000000e+01 1.618750000000000000e+02
3.131250000000000000e+02 1.581250000000000000e+02 3.481250000000000000e+02 1.581250000000000000e+02
6.006250000000000000e+02 1.643750000000000000e+02 6.381250000000000000e+02 1.643750000000000000e+02
3.745230102539062500e+02 2.247709960937500000e+02 3.612340087890625000e+02 2.297510070800781250e+02
6.093239746093750000e+02 2.743659973144531250e+02 6.231530151367187500e+02 2.738049926757812500e+02
5.905300292968750000e+02 2.739819946289062500e+02 6.014060058593750000e+02 2.713489990234375000e+02
5.781250000000000000e+02 1.868750000000000000e+02 5.481250000000000000e+02 1.868750000000000000e+02
3.493750000000000000e+02 1.693750000000000000e+02 3.293750000000000000e+02 1.693750000000000000e+02
5.343090209960937500e+02 2.123130035400390625e+02 5.155819702148437500e+02 2.138480072021484375e+02
2.418719940185546875e+02 1.465679931640625000e+02 2.668699951171875000e+02 1.463509979248046875e+02
2.106139984130859375e+02 1.478430023193359375e+02 2.231439971923828125e+02 1.473459930419921875e+02
3.743750000000000000e+02 1.668750000000000000e+02 4.481250000000000000e+02 1.668750000000000000e+02
3.562500000000000000e+01 1.843750000000000000e+02 3.562500000000000000e+01 1.643750000000000000e+02
4.193630065917968750e+02 2.142259979248046875e+02 3.981449890136718750e+02 2.158869934082031250e+02
3.743859863281250000e+02 2.169210052490234375e+02 3.582049865722656250e+02 2.209450073242187500e+02
6.381250000000000000e+02 1.868750000000000000e+02 5.818750000000000000e+02 1.868750000000000000e+02
2.030870056152343750e+02 9.843489837646484375e+01 2.305939941406250000e+02 9.733719635009765625e+01
6.243430175781250000e+02 2.733179931640625000e+02 6.332639770507812500e+02 2.747749938964843750e+02
1.393090057373046875e+02 3.404049987792968750e+02 1.230260009765625000e+02 3.452950134277343750e+02
1.373059997558593750e+02 1.593619995117187500e+02 1.375760040283203125e+02 1.681419982910156250e+02
2.763570022583007812e+01 1.943670043945312500e+02 2.737089920043945312e+01 2.106329956054687500e+02
2.980339965820312500e+02 2.228699951171875000e+02 3.091979980468750000e+02 2.188800048828125000e+02
4.350309848785400391e+00 3.059219970703125000e+02 2.555760002136230469e+01 3.076849975585937500e+02
2.346100006103515625e+02 3.326860046386718750e+02 2.228959960937500000e+02 3.360870056152343750e+02
1.518730010986328125e+02 8.258070373535156250e+01 1.393739929199218750e+02 8.261560058593750000e+01
4.643750000000000000e+02 1.868750000000000000e+02 4.456250000000000000e+02 1.868750000000000000e+02
7.437979888916015625e+01 8.776039886474609375e+01 6.186560058593750000e+01 8.759729766845703125e+01
