1.337587890625000000e+02 1.987507934570312500e+02 9.374182128906250000e+01 1.950009918212890625e+02
9.361218261718750000e+01 3.037835083007812500e+02 1.350601348876953125e+02 2.975882263183593750e+02
3.861353759765625000e+02 2.297454833984375000e+02 4.230177307128906250e+02 2.220991821289062500e+02
4.132462310791015625e+01 3.122756347656250000e+02 9.361218261718750000e+01 3.037835083007812500e+02
1.652404022216796875e+02 2.925014038085937500e+02 1.350601348876953125e+02 2.975882263183593750e+02
6.150081176757812500e+02 7.500766754150390625e+01 6.111069946289062500e+02 1.012511596679687500e+02
1.652404022216796875e+02 2.925014038085937500e+02 1.916765594482421875e+02 2.877911987304687500e+02
4.513392333984375000e+02 2.220957183837890625e+02 4.230177307128906250e+02 2.220991821289062500e+02
9.651380920410156250e+01 1.490360717773437500e+02 1.400003814697265625e+02 1.575000457763671875e+02
1.967981262207031250e+02 1.762508392333984375e+02 1.960555877685546875e+02 2.053149261474609375e+02
1.600108032226562500e+02 1.294641723632812500e+02 1.969494934082031250e+02 1.378473663330078125e+02
1.621799468994140625e+02 2.034098205566406250e+02 1.960555877685546875e+02 2.053149261474609375e+02
9.594538879394531250e+01 1.599873962402343750e+02 1.400015106201171875e+02 1.669753265380859375e+02
1.673042297363281250e+02 1.781310119628906250e+02 1.967981262207031250e+02 1.762508392333984375e+02
4.523237609863281250e+01 2.834300842285156250e+02 9.372590637207031250e+01 2.792258300781250000e+02
5.261796264648437500e+02 4.089663085937500000e+02 4.750011901855468750e+02 4.050158996582031250e+02
1.366748352050781250e+02 2.746712646484375000e+02 9.372590637207031250e+01 2.792258300781250000e+02
1.629623565673828125e+02 2.325002288818359375e+02 1.383601226806640625e+02 2.325001831054687500e+02
4.513392333984375000e+02 2.220957183837890625e+02 4.500133666992187500e+02 2.540758056640625000e+02
9.594538879394531250e+01 1.599873962402343750e+02 9.374182128906250000e+01 1.950009918212890625e+02
1.967981262207031250e+02 1.762508392333984375e+02 2.214209136962890625e+02 1.752913208007812500e+02
1.962261199951171875e+02 2.325097808837890625e+02 1.629623565673828125e+02 2.325002288818359375e+02
1.367409057617187500e+02 3.656133270263671875e+01 1.137250976562500000e+02 3.992660903930664062e+01
1.664420318603515625e+02 2.716326293945312500e+02 1.951144409179687500e+02 2.681879882812500000e+02
4.209691162109375000e+02 4.012502441406250000e+02 4.750011901855468750e+02 4.050158996582031250e+02
1.367481231689453125e+02 2.641758728027343750e+02 1.637252960205078125e+02 2.625000305175781250e+02
2.205267333984375000e+02 2.071686096191406250e+02 2.214209136962890625e+02 1.752913208007812500e+02
4.064641723632812500e+02 4.295436096191406250e+02 3.512067871093750000e+02 4.246544799804687500e+02
4.587894821166992188e+01 2.306160736083984375e+02 9.501097106933593750e+01 2.308089447021484375e+02
3.670425720214843750e+02 1.875000572204589844e+01 4.000165100097656250e+02 1.500003623962402344e+01
5.261796264648437500e+02 4.089663085937500000e+02 5.816749267578125000e+02 4.132886047363281250e+02
9.361218261718750000e+01 3.037835083007812500e+02 9.372590637207031250e+01 2.792258300781250000e+02
9.608720397949218750e+01 2.671263122558593750e+02 1.367481231689453125e+02 2.641758728027343750e+02
9.608720397949218750e+01 2.671263122558593750e+02 4.505623245239257812e+01 2.700024108886718750e+02
4.682672424316406250e+02 4.350002136230468750e+02 5.287565917968750000e+02 4.395870666503906250e+02
1.664420318603515625e+02 2.716326293945312500e+02 1.366748352050781250e+02 2.746712646484375000e+02
6.150081176757812500e+02 7.500766754150390625e+01 6.169512939453125000e+02 5.418836975097656250e+01
2.205267333984375000e+02 2.071686096191406250e+02 2.183948059082031250e+02 2.332342071533203125e+02
4.064641723632812500e+02 4.295436096191406250e+02 4.682672424316406250e+02 4.350002136230468750e+02
6.387492675781250000e+02 4.488472595214843750e+02 5.955964355468750000e+02 4.453079528808593750e+02
5.287565917968750000e+02 4.395870666503906250e+02 5.955964355468750000e+02 4.453079528808593750e+02
3.625222396850585938e+01 1.892937164306640625e+02 9.374182128906250000e+01 1.950009918212890625e+02
3.512067871093750000e+02 4.246544799804687500e+02 2.919374389648437500e+02 4.190575866699218750e+02
4.974793701171875000e+02 2.114936218261718750e+02 4.809872436523437500e+02 2.203019866943359375e+02
1.962261199951171875e+02 2.325097808837890625e+02 2.183948059082031250e+02 2.332342071533203125e+02
3.931312866210937500e+02 1.894474334716796875e+02 4.237451171875000000e+02 1.902965087890625000e+02
6.150081176757812500e+02 7.500766754150390625e+01 6.387438354492187500e+02 7.371531677246093750e+01
4.132462310791015625e+01 3.122756347656250000e+02 1.454502344131469727e-03 3.191814575195312500e+02
5.635830688476562500e+02 1.520310974121093750e+02 6.387541503906250000e+02 1.517618103027343750e+02
2.411287841796875000e+02 2.639319763183593750e+02 2.200028381347656250e+02 2.662517089843750000e+02
6.077575073242187500e+02 2.005872039794921875e+02 6.386688232421875000e+02 2.009526977539062500e+02
3.931312866210937500e+02 1.894474334716796875e+02 3.900001220703125000e+02 2.086335144042968750e+02
5.728465576171875000e+02 2.794524841308593750e+02 6.063503417968750000e+02 2.803203125000000000e+02
1.107454299926757812e-03 2.877990417480468750e+02 3.333856964111328125e+01 2.850001220703125000e+02
9.594538879394531250e+01 1.599873962402343750e+02 3.748794174194335938e+01 1.482823028564453125e+02
1.629623565673828125e+02 2.325002288818359375e+02 1.872695770263671875e+02 2.325019683837890625e+02
9.501097106933593750e+01 2.308089447021484375e+02 1.383601226806640625e+02 2.325001831054687500e+02
5.426088867187500000e+02 2.785028076171875000e+02 5.728465576171875000e+02 2.794524841308593750e+02
4.587894821166992188e+01 2.306160736083984375e+02 3.500260162353515625e+01 2.304208984375000000e+02
1.107454299926757812e-03 2.877990417480468750e+02 4.523237609863281250e+01 2.834300842285156250e+02
3.132033386230468750e+02 1.902877349853515625e+02 2.587412719726562500e+02 1.950013122558593750e+02
4.230177307128906250e+02 2.220991821289062500e+02 4.237715454101562500e+02 2.052528686523437500e+02
2.935509948730468750e+02 2.587500000000000000e+02 2.937577514648437500e+02 2.100001220703125000e+02
9.651380920410156250e+01 1.490360717773437500e+02 4.004077911376953125e+01 1.359244537353515625e+02
5.560203247070312500e+02 1.895998840332031250e+02 6.077525634765625000e+02 1.894506835937500000e+02
9.594538879394531250e+01 1.599873962402343750e+02 4.613466262817382812e+01 1.500708007812500000e+02
6.250059814453125000e+02 2.575426635742187500e+02 6.062719116210937500e+02 2.385473937988281250e+02
1.621799468994140625e+02 2.034098205566406250e+02 1.337587890625000000e+02 1.987507934570312500e+02
4.513392333984375000e+02 2.220957183837890625e+02 4.514396667480468750e+02 2.090581970214843750e+02
9.372590637207031250e+01 2.792258300781250000e+02 3.333856964111328125e+01 2.850001220703125000e+02
4.513392333984375000e+02 2.220957183837890625e+02 4.809872436523437500e+02 2.203019866943359375e+02
6.386518554687500000e+02 4.176103515625000000e+02 5.816749267578125000e+02 4.132886047363281250e+02
1.367409057617187500e+02 3.656133270263671875e+01 6.577562713623046875e+01 4.369765520095825195e-04
1.400003814697265625e+02 1.575000457763671875e+02 1.400015106201171875e+02 1.669753265380859375e+02
4.209691162109375000e+02 4.012502441406250000e+02 3.757738647460937500e+02 3.975013732910156250e+02
2.919374389648437500e+02 4.190575866699218750e+02 2.415385437011718750e+02 4.142094726562500000e+02
2.935509948730468750e+02 2.587500000000000000e+02 2.950001220703125000e+02 2.212636260986328125e+02
5.728465576171875000e+02 2.794524841308593750e+02 5.234852294921875000e+02 2.775012817382812500e+02
4.326641540527343750e+02 1.190320205688476562e+02 4.526578369140625000e+02 1.180942687988281250e+02
4.326641540527343750e+02 1.190320205688476562e+02 2.876315307617187500e+02 1.237512054443359375e+02
5.250139160156250000e+02 2.949762573242187500e+02 5.100262756347656250e+02 2.952976074218750000e+02
1.137250976562500000e+02 3.992660903930664062e+01 3.219280624389648438e+01 2.694502472877502441e-04
4.505623245239257812e+01 2.700024108886718750e+02 4.607513427734375000e+01 2.512748565673828125e+02
3.500260162353515625e+01 2.304208984375000000e+02 9.501097106933593750e+01 2.308089447021484375e+02
1.337587890625000000e+02 1.987507934570312500e+02 1.400015106201171875e+02 1.669753265380859375e+02
4.654083251953125000e+02 2.952474670410156250e+02 4.417715454101562500e+02 2.928260498046875000e+02
4.505623245239257812e+01 2.700024108886718750e+02 8.694964599609375000e+01 2.671782531738281250e+02
4.809872436523437500e+02 2.203019866943359375e+02 4.766197509765625000e+02 2.409865417480468750e+02
9.608720397949218750e+01 2.671263122558593750e+02 3.374906158447265625e+01 2.709674072265625000e+02
1.951144409179687500e+02 2.681879882812500000e+02 2.200028381347656250e+02 2.662517089843750000e+02
6.077575073242187500e+02 2.005872039794921875e+02 6.062719116210937500e+02 2.385473937988281250e+02
6.387090454101562500e+02 2.822478332519531250e+02 6.063503417968750000e+02 2.803203125000000000e+02
5.987523803710937500e+02 1.275002593994140625e+02 6.087684936523437500e+02 1.142345581054687500e+02
1.652404022216796875e+02 2.925014038085937500e+02 1.664420318603515625e+02 2.716326293945312500e+02
5.424039916992187500e+02 2.448762969970703125e+02 5.272660522460937500e+02 2.362505798339843750e+02
3.861353759765625000e+02 2.297454833984375000e+02 3.900001220703125000e+02 2.086335144042968750e+02
3.931312866210937500e+02 1.894474334716796875e+02 3.931800537109375000e+02 2.013519744873046875e+02
5.887432250976562500e+02 1.144413223266601562e+02 6.087684936523437500e+02 1.142345581054687500e+02
1.673042297363281250e+02 1.781310119628906250e+02 1.537728424072265625e+02 1.762510375976562500e+02
4.505623245239257812e+01 2.700024108886718750e+02 1.084506511688232422e-03 2.738507385253906250e+02
1.960555877685546875e+02 2.053149261474609375e+02 1.971040649414062500e+02 1.950204467773437500e+02
1.962261199951171875e+02 2.325097808837890625e+02 1.960555877685546875e+02 2.053149261474609375e+02
5.424039916992187500e+02 2.448762969970703125e+02 5.121324462890625000e+02 2.296149597167968750e+02
1.960555877685546875e+02 2.053149261474609375e+02 1.704533691406250000e+02 2.035283508300781250e+02
5.426088867187500000e+02 2.785028076171875000e+02 5.234852294921875000e+02 2.775012817382812500e+02
1.967981262207031250e+02 1.762508392333984375e+02 1.971040649414062500e+02 1.950204467773437500e+02
3.500260162353515625e+01 2.304208984375000000e+02 9.110569953918457031e-04 2.297999725341796875e+02
9.501097106933593750e+01 2.308089447021484375e+02 6.668280792236328125e+01 2.313262634277343750e+02
5.121324462890625000e+02 2.296149597167968750e+02 5.272660522460937500e+02 2.362505798339843750e+02
2.337172698974609375e+02 9.375369262695312500e+01 3.091841936111450195e-03 1.074745864868164062e+02
2.587412719726562500e+02 1.950013122558593750e+02 2.852940673828125000e+02 1.927385559082031250e+02
3.374906158447265625e+01 2.709674072265625000e+02 1.084506511688232422e-03 2.738507385253906250e+02
4.505623245239257812e+01 2.700024108886718750e+02 3.374906158447265625e+01 2.709674072265625000e+02
2.415385437011718750e+02 4.142094726562500000e+02 1.883008422851562500e+02 4.087936706542968750e+02
4.587894821166992188e+01 2.306160736083984375e+02 9.110569953918457031e-04 2.297999725341796875e+02
5.987523803710937500e+02 1.275002593994140625e+02 5.813142700195312500e+02 1.275001678466796875e+02
1.449495553970336914e-02 1.429949035644531250e+02 3.748794174194335938e+01 1.482823028564453125e+02
1.883008422851562500e+02 4.087936706542968750e+02 1.431954803466796875e+02 4.050003662109375000e+02
3.132033386230468750e+02 1.902877349853515625e+02 2.852940673828125000e+02 1.927385559082031250e+02
5.635830688476562500e+02 1.520310974121093750e+02 5.619244995117187500e+02 1.659767456054687500e+02
1.367481231689453125e+02 2.641758728027343750e+02 8.694964599609375000e+01 2.671782531738281250e+02
4.230177307128906250e+02 2.220991821289062500e+02 4.216774291992187500e+02 2.537781982421875000e+02
2.537446899414062500e+02 2.793680114746093750e+02 2.937519836425781250e+02 2.728036804199218750e+02
1.449495553970336914e-02 1.429949035644531250e+02 4.613466262817382812e+01 1.500708007812500000e+02
2.183948059082031250e+02 2.332342071533203125e+02 1.872695770263671875e+02 2.325019683837890625e+02
3.625222396850585938e+01 1.892937164306640625e+02 3.070682287216186523e-03 1.875765075683593750e+02
6.111069946289062500e+02 1.012511596679687500e+02 6.387597045898437500e+02 1.000751724243164062e+02
6.250059814453125000e+02 2.575426635742187500e+02 6.015238037109375000e+02 2.315259094238281250e+02
5.787456054687500000e+02 2.137562866210937500e+02 6.015238037109375000e+02 2.315259094238281250e+02
9.599328041076660156e-04 3.890332336425781250e+02 1.431954803466796875e+02 4.050003662109375000e+02
2.935509948730468750e+02 2.587500000000000000e+02 2.937519836425781250e+02 2.728036804199218750e+02
2.411287841796875000e+02 2.639319763183593750e+02 2.935509948730468750e+02 2.587500000000000000e+02
3.757738647460937500e+02 3.975013732910156250e+02 3.233213500976562500e+02 3.937500610351562500e+02
4.081283569335937500e+02 2.912440185546875000e+02 3.710136413574218750e+02 2.878008728027343750e+02
4.520183715820312500e+02 1.902947845458984375e+02 4.237451171875000000e+02 1.902965087890625000e+02
9.594538879394531250e+01 1.599873962402343750e+02 9.644749450683593750e+01 1.788437805175781250e+02
9.599328041076660156e-04 3.890332336425781250e+02 1.883008422851562500e+02 4.087936706542968750e+02
4.587894821166992188e+01 2.306160736083984375e+02 4.607513427734375000e+01 2.512748565673828125e+02
4.526578369140625000e+02 1.180942687988281250e+02 2.876315307617187500e+02 1.237512054443359375e+02
9.608720397949218750e+01 2.671263122558593750e+02 9.501097106933593750e+01 2.308089447021484375e+02
1.400015106201171875e+02 1.669753265380859375e+02 8.801123809814453125e+01 1.583159179687500000e+02
4.523237609863281250e+01 2.834300842285156250e+02 3.333856964111328125e+01 2.850001220703125000e+02
2.377267150878906250e+02 1.142714462280273438e+02 2.337172698974609375e+02 9.375369262695312500e+01
3.670425720214843750e+02 1.875000572204589844e+01 3.567072143554687500e+02 8.199736475944519043e-04
2.587412719726562500e+02 1.950013122558593750e+02 3.271817626953125000e+02 1.902988281250000000e+02
4.478470153808593750e+02 2.750069885253906250e+02 4.200049438476562500e+02 2.747716674804687500e+02
5.887432250976562500e+02 1.144413223266601562e+02 5.813142700195312500e+02 1.275001678466796875e+02
4.933142395019531250e+02 2.448286590576171875e+02 5.000068969726562500e+02 2.632141418457031250e+02
6.077575073242187500e+02 2.005872039794921875e+02 5.774338378906250000e+02 2.003166503906250000e+02
9.608720397949218750e+01 2.671263122558593750e+02 9.372590637207031250e+01 2.792258300781250000e+02
6.062719116210937500e+02 2.385473937988281250e+02 5.787456054687500000e+02 2.137562866210937500e+02
1.962261199951171875e+02 2.325097808837890625e+02 1.959770050048828125e+02 2.588037414550781250e+02
4.209691162109375000e+02 4.012502441406250000e+02 3.233213500976562500e+02 3.937500610351562500e+02
9.374182128906250000e+01 1.950009918212890625e+02 9.644749450683593750e+01 1.788437805175781250e+02
4.000165100097656250e+02 1.500003623962402344e+01 3.932966613769531250e+02 2.878569066524505615e-03
4.417715454101562500e+02 2.928260498046875000e+02 4.081283569335937500e+02 2.912440185546875000e+02
3.931312866210937500e+02 1.894474334716796875e+02 4.520183715820312500e+02 1.902947845458984375e+02
5.100262756347656250e+02 2.952976074218750000e+02 4.887597351074218750e+02 2.962507934570312500e+02
4.081283569335937500e+02 2.912440185546875000e+02 3.500177001953125000e+02 2.887503356933593750e+02
5.560203247070312500e+02 1.895998840332031250e+02 6.387532958984375000e+02 1.896236267089843750e+02
4.064641723632812500e+02 4.295436096191406250e+02 3.803148193359375000e+02 4.790571289062500000e+02
4.326641540527343750e+02 1.190320205688476562e+02 4.412607116699218750e+02 1.312500915527343750e+02
1.600108032226562500e+02 1.294641723632812500e+02 4.004077911376953125e+01 1.359244537353515625e+02
4.326641540527343750e+02 1.190320205688476562e+02 5.887432250976562500e+02 1.144413223266601562e+02
4.587894821166992188e+01 2.306160736083984375e+02 4.505623245239257812e+01 2.700024108886718750e+02
2.205267333984375000e+02 2.071686096191406250e+02 2.215979156494140625e+02 1.826896972656250000e+02
6.111069946289062500e+02 1.012511596679687500e+02 6.087684936523437500e+02 1.142345581054687500e+02
4.613466262817382812e+01 1.500708007812500000e+02 8.801123809814453125e+01 1.583159179687500000e+02
2.411287841796875000e+02 2.639319763183593750e+02 2.609964599609375000e+02 2.625000305175781250e+02
5.319277343750000000e+02 5.825955200195312500e+01 4.784881591796875000e+02 6.007079696655273438e+01
2.183948059082031250e+02 2.332342071533203125e+02 2.200028381347656250e+02 2.662517089843750000e+02
4.526578369140625000e+02 1.180942687988281250e+02 5.887432250976562500e+02 1.144413223266601562e+02
4.587894821166992188e+01 2.306160736083984375e+02 6.668280792236328125e+01 2.313262634277343750e+02
4.237715454101562500e+02 2.052528686523437500e+02 4.514396667480468750e+02 2.090581970214843750e+02
5.319277343750000000e+02 5.825955200195312500e+01 5.033330688476562500e+02 5.906564331054687500e+01
1.916765594482421875e+02 2.877911987304687500e+02 2.051315460205078125e+02 2.863116760253906250e+02
2.205267333984375000e+02 2.071686096191406250e+02 1.960555877685546875e+02 2.053149261474609375e+02
5.877692871093750000e+02 3.487596130371093750e+02 6.387604980468750000e+02 3.509152526855468750e+02
1.673042297363281250e+02 1.781310119628906250e+02 1.667859191894531250e+02 1.939423522949218750e+02
2.937577514648437500e+02 2.100001220703125000e+02 2.950001220703125000e+02 2.212636260986328125e+02
6.077525634765625000e+02 1.894506835937500000e+02 5.450448608398437500e+02 1.894795227050781250e+02
6.150081176757812500e+02 7.500766754150390625e+01 6.087684936523437500e+02 1.142345581054687500e+02
5.571274414062500000e+02 5.708461761474609375e+01 5.185642700195312500e+02 5.848660278320312500e+01
5.185642700195312500e+02 5.848660278320312500e+01 4.784881591796875000e+02 6.007079696655273438e+01
2.587412719726562500e+02 1.950013122558593750e+02 2.454364929199218750e+02 1.865498352050781250e+02
5.571274414062500000e+02 5.708461761474609375e+01 5.319277343750000000e+02 5.825955200195312500e+01
9.599328041076660156e-04 3.890332336425781250e+02 2.415385437011718750e+02 4.142094726562500000e+02
6.077525634765625000e+02 1.894506835937500000e+02 6.387532958984375000e+02 1.896236267089843750e+02
6.250059814453125000e+02 2.575426635742187500e+02 6.387294311523437500e+02 2.577591247558593750e+02
5.185642700195312500e+02 5.848660278320312500e+01 5.435106811523437500e+02 5.790045547485351562e+01
3.748794174194335938e+01 1.482823028564453125e+02 8.801123809814453125e+01 1.583159179687500000e+02
1.951144409179687500e+02 2.681879882812500000e+02 1.959770050048828125e+02 2.588037414550781250e+02
3.512067871093750000e+02 4.246544799804687500e+02 2.415385437011718750e+02 4.142094726562500000e+02
5.319277343750000000e+02 5.825955200195312500e+01 5.708352050781250000e+02 5.625533294677734375e+01
3.512067871093750000e+02 4.246544799804687500e+02 3.064552001953125000e+02 4.790004882812500000e+02
2.537446899414062500e+02 2.793680114746093750e+02 2.334175109863281250e+02 2.830808105468750000e+02
2.876315307617187500e+02 1.237512054443359375e+02 3.072992248535156250e+02 1.358758544921875000e+02
5.424039916992187500e+02 2.448762969970703125e+02 5.720495605468750000e+02 2.643173828125000000e+02
5.571274414062500000e+02 5.708461761474609375e+01 5.033330688476562500e+02 5.906564331054687500e+01
5.560203247070312500e+02 1.895998840332031250e+02 4.520183715820312500e+02 1.902947845458984375e+02
3.132033386230468750e+02 1.902877349853515625e+02 3.382557983398437500e+02 1.912500610351562500e+02
4.766197509765625000e+02 2.409865417480468750e+02 4.680000000000000000e+02 2.588879394531250000e+02
5.560203247070312500e+02 1.895998840332031250e+02 5.121856689453125000e+02 1.901129608154296875e+02
5.571274414062500000e+02 5.708461761474609375e+01 5.850333251953125000e+02 5.520072174072265625e+01
4.000165100097656250e+02 1.500003623962402344e+01 3.772691040039062500e+02 1.779879379272460938e+01
5.955964355468750000e+02 4.453079528808593750e+02 6.101265869140625000e+02 4.790737304687500000e+02
5.435106811523437500e+02 5.790045547485351562e+01 5.708352050781250000e+02 5.625533294677734375e+01
1.962261199951171875e+02 2.325097808837890625e+02 1.872695770263671875e+02 2.325019683837890625e+02
5.250139160156250000e+02 2.949762573242187500e+02 4.887597351074218750e+02 2.962507934570312500e+02
4.216774291992187500e+02 2.537781982421875000e+02 4.500133666992187500e+02 2.540758056640625000e+02
2.919374389648437500e+02 4.190575866699218750e+02 1.883008422851562500e+02 4.087936706542968750e+02
5.287565917968750000e+02 4.395870666503906250e+02 5.329517211914062500e+02 4.790520935058593750e+02
9.651380920410156250e+01 1.490360717773437500e+02 9.374182128906250000e+01 1.950009918212890625e+02
2.935509948730468750e+02 2.587500000000000000e+02 2.609964599609375000e+02 2.625000305175781250e+02
5.435106811523437500e+02 5.790045547485351562e+01 5.033330688476562500e+02 5.906564331054687500e+01
9.374182128906250000e+01 1.950009918212890625e+02 9.797152709960937500e+01 2.112848663330078125e+02
5.560203247070312500e+02 1.895998840332031250e+02 4.778313903808593750e+02 1.902603454589843750e+02
3.931312866210937500e+02 1.894474334716796875e+02 3.670214233398437500e+02 1.898511962890625000e+02
2.183948059082031250e+02 2.332342071533203125e+02 2.187298431396484375e+02 2.577896423339843750e+02
6.077575073242187500e+02 2.005872039794921875e+02 6.072590942382812500e+02 2.185794525146484375e+02
4.784881591796875000e+02 6.007079696655273438e+01 5.033330688476562500e+02 5.906564331054687500e+01
5.877692871093750000e+02 3.487596130371093750e+02 6.227167358398437500e+02 3.995729064941406250e+02
1.960555877685546875e+02 2.053149261474609375e+02 1.802501220703125000e+02 2.044359741210937500e+02
4.132462310791015625e+01 3.122756347656250000e+02 4.523237609863281250e+01 2.834300842285156250e+02
5.185642700195312500e+02 5.848660278320312500e+01 5.708352050781250000e+02 5.625533294677734375e+01
4.663971557617187500e+02 6.086164093017578125e+01 5.033330688476562500e+02 5.906564331054687500e+01
5.319277343750000000e+02 5.825955200195312500e+01 4.930474243164062500e+02 6.000415039062500000e+01
5.955964355468750000e+02 4.453079528808593750e+02 5.566930541992187500e+02 4.425176391601562500e+02
1.431954803466796875e+02 4.050003662109375000e+02 1.515448093414306641e-02 4.733817749023437500e+02
4.750011901855468750e+02 4.050158996582031250e+02 4.860618286132812500e+02 3.430332031250000000e+02
5.185642700195312500e+02 5.848660278320312500e+01 4.930474243164062500e+02 6.000415039062500000e+01
9.501097106933593750e+01 2.308089447021484375e+02 9.797152709960937500e+01 2.112848663330078125e+02
3.233213500976562500e+02 3.937500610351562500e+02 1.978541412353515625e+02 3.825124816894531250e+02
2.876315307617187500e+02 1.237512054443359375e+02 3.200013732910156250e+02 1.350004882812500000e+02
5.287565917968750000e+02 4.395870666503906250e+02 5.566930541992187500e+02 4.425176391601562500e+02
5.319277343750000000e+02 5.825955200195312500e+01 5.185642700195312500e+02 5.848660278320312500e+01
4.784881591796875000e+02 6.007079696655273438e+01 4.534680480957031250e+02 6.127668762207031250e+01
4.663971557617187500e+02 6.086164093017578125e+01 5.185642700195312500e+02 5.848660278320312500e+01
5.435106811523437500e+02 5.790045547485351562e+01 5.850333251953125000e+02 5.520072174072265625e+01
5.571274414062500000e+02 5.708461761474609375e+01 5.708352050781250000e+02 5.625533294677734375e+01
5.560203247070312500e+02 1.895998840332031250e+02 5.450448608398437500e+02 1.894795227050781250e+02
6.077575073242187500e+02 2.005872039794921875e+02 6.015238037109375000e+02 2.315259094238281250e+02
5.571274414062500000e+02 5.708461761474609375e+01 5.983624877929687500e+02 5.468899536132812500e+01
4.326641540527343750e+02 1.190320205688476562e+02 6.087684936523437500e+02 1.142345581054687500e+02
1.883008422851562500e+02 4.087936706542968750e+02 6.172527313232421875e+01 4.790592346191406250e+02
9.651380920410156250e+01 1.490360717773437500e+02 9.594538879394531250e+01 1.599873962402343750e+02
4.663971557617187500e+02 6.086164093017578125e+01 4.930474243164062500e+02 6.000415039062500000e+01
1.664420318603515625e+02 2.716326293945312500e+02 1.637252960205078125e+02 2.625000305175781250e+02
4.784881591796875000e+02 6.007079696655273438e+01 4.410055236816406250e+02 6.210778808593750000e+01
2.935509948730468750e+02 2.587500000000000000e+02 2.750233154296875000e+02 2.607705078125000000e+02
5.121324462890625000e+02 2.296149597167968750e+02 5.124545898437500000e+02 2.551276245117187500e+02
4.860618286132812500e+02 3.430332031250000000e+02 4.503725891113281250e+02 3.417862854003906250e+02
5.185642700195312500e+02 5.848660278320312500e+01 5.033330688476562500e+02 5.906564331054687500e+01
1.629623565673828125e+02 2.325002288818359375e+02 1.637252960205078125e+02 2.625000305175781250e+02
5.185642700195312500e+02 5.848660278320312500e+01 4.534680480957031250e+02 6.127668762207031250e+01
1.962261199951171875e+02 2.325097808837890625e+02 1.951144409179687500e+02 2.681879882812500000e+02
9.501097106933593750e+01 2.308089447021484375e+02 9.374182128906250000e+01 1.950009918212890625e+02
2.587412719726562500e+02 1.950013122558593750e+02 2.728087158203125000e+02 1.940303344726562500e+02
3.233213500976562500e+02 3.937500610351562500e+02 2.869056396484375000e+02 3.900670776367187500e+02
4.562890319824218750e+02 1.302749023437500000e+02 4.412607116699218750e+02 1.312500915527343750e+02
3.710136413574218750e+02 2.878008728027343750e+02 3.500177001953125000e+02 2.887503356933593750e+02
5.450448608398437500e+02 1.894795227050781250e+02 5.121856689453125000e+02 1.901129608154296875e+02
4.930474243164062500e+02 6.000415039062500000e+01 4.534680480957031250e+02 6.127668762207031250e+01
4.654083251953125000e+02 2.952474670410156250e+02 4.081283569335937500e+02 2.912440185546875000e+02
5.877692871093750000e+02 3.487596130371093750e+02 5.562462158203125000e+02 3.471827392578125000e+02
4.064641723632812500e+02 4.295436096191406250e+02 4.472875976562500000e+02 4.325791015625000000e+02
5.571274414062500000e+02 5.708461761474609375e+01 5.435106811523437500e+02 5.790045547485351562e+01
5.741417407989501953e-04 3.638114318847656250e+02 1.573161163330078125e+02 3.234400329589843750e+02
5.741417407989501953e-04 3.638114318847656250e+02 3.233213500976562500e+02 3.937500610351562500e+02
5.560203247070312500e+02 1.895998840332031250e+02 5.769495239257812500e+02 1.897471160888671875e+02
5.033330688476562500e+02 5.906564331054687500e+01 4.534680480957031250e+02 6.127668762207031250e+01
1.337587890625000000e+02 1.987507934570312500e+02 1.704533691406250000e+02 2.035283508300781250e+02
4.682672424316406250e+02 4.350002136230468750e+02 4.472875976562500000e+02 4.325791015625000000e+02
6.387589111328125000e+02 3.135183410644531250e+02 5.913448486328125000e+02 3.122236938476562500e+02
4.682672424316406250e+02 4.350002136230468750e+02 4.611979675292968750e+02 4.790297851562500000e+02
5.435106811523437500e+02 5.790045547485351562e+01 4.784881591796875000e+02 6.007079696655273438e+01
4.526578369140625000e+02 1.180942687988281250e+02 6.087684936523437500e+02 1.142345581054687500e+02
5.319277343750000000e+02 5.825955200195312500e+01 5.850333251953125000e+02 5.520072174072265625e+01
5.319277343750000000e+02 5.825955200195312500e+01 4.663971557617187500e+02 6.086164093017578125e+01
5.261796264648437500e+02 4.089663085937500000e+02 5.287565917968750000e+02 4.395870666503906250e+02
5.708352050781250000e+02 5.625533294677734375e+01 5.850333251953125000e+02 5.520072174072265625e+01
3.132033386230468750e+02 1.902877349853515625e+02 2.728087158203125000e+02 1.940303344726562500e+02
5.708352050781250000e+02 5.625533294677734375e+01 5.983624877929687500e+02 5.468899536132812500e+01
3.931800537109375000e+02 2.013519744873046875e+02 3.900001220703125000e+02 2.086335144042968750e+02
1.400003814697265625e+02 1.575000457763671875e+02 4.004077911376953125e+01 1.359244537353515625e+02
4.784881591796875000e+02 6.007079696655273438e+01 4.283893432617187500e+02 6.280703735351562500e+01
4.326641540527343750e+02 1.190320205688476562e+02 3.030115356445312500e+02 1.227993850708007812e+02
3.670425720214843750e+02 1.875000572204589844e+01 3.772691040039062500e+02 1.779879379272460938e+01
5.319277343750000000e+02 5.825955200195312500e+01 5.435106811523437500e+02 5.790045547485351562e+01
4.520183715820312500e+02 1.902947845458984375e+02 4.778313903808593750e+02 1.902603454589843750e+02
2.214209136962890625e+02 1.752913208007812500e+02 2.454364929199218750e+02 1.865498352050781250e+02
1.621799468994140625e+02 2.034098205566406250e+02 1.629623565673828125e+02 2.325002288818359375e+02
3.132033386230468750e+02 1.902877349853515625e+02 3.271817626953125000e+02 1.902988281250000000e+02
1.431954803466796875e+02 4.050003662109375000e+02 8.660435485839843750e+01 3.985284118652343750e+02
2.415385437011718750e+02 4.142094726562500000e+02 1.431954803466796875e+02 4.050003662109375000e+02
5.887432250976562500e+02 1.144413223266601562e+02 5.672747802734375000e+02 1.141942901611328125e+02
2.919374389648437500e+02 4.190575866699218750e+02 2.229071044921875000e+02 4.790736999511718750e+02
4.587894821166992188e+01 2.306160736083984375e+02 4.875051879882812500e+01 2.175244140625000000e+02
3.625222396850585938e+01 1.892937164306640625e+02 4.613466262817382812e+01 1.500708007812500000e+02
5.319277343750000000e+02 5.825955200195312500e+01 4.534680480957031250e+02 6.127668762207031250e+01
4.230177307128906250e+02 2.220991821289062500e+02 4.200004577636718750e+02 2.600451354980468750e+02
4.478470153808593750e+02 2.750069885253906250e+02 4.500133666992187500e+02 2.540758056640625000e+02
2.919374389648437500e+02 4.190575866699218750e+02 1.431954803466796875e+02 4.050003662109375000e+02
9.608720397949218750e+01 2.671263122558593750e+02 8.694964599609375000e+01 2.671782531738281250e+02
5.435106811523437500e+02 5.790045547485351562e+01 4.930474243164062500e+02 6.000415039062500000e+01
4.837378540039062500e+02 3.209144287109375000e+02 4.869471740722656250e+02 3.075374145507812500e+02
9.374182128906250000e+01 1.950009918212890625e+02 6.722964477539062500e+01 1.922987518310546875e+02
5.033330688476562500e+02 5.906564331054687500e+01 4.035131530761718750e+02 6.487624359130859375e+01
6.383963623046875000e+02 2.662813415527343750e+02 6.065418701171875000e+02 2.652965087890625000e+02
1.367481231689453125e+02 2.641758728027343750e+02 1.383601226806640625e+02 2.325001831054687500e+02
4.784881591796875000e+02 6.007079696655273438e+01 4.930474243164062500e+02 6.000415039062500000e+01
4.860618286132812500e+02 3.430332031250000000e+02 5.185437622070312500e+02 3.450220336914062500e+02
9.501097106933593750e+01 2.308089447021484375e+02 8.694964599609375000e+01 2.671782531738281250e+02
1.400003814697265625e+02 1.575000457763671875e+02 1.337587890625000000e+02 1.987507934570312500e+02
2.411287841796875000e+02 2.639319763183593750e+02 2.750233154296875000e+02 2.607705078125000000e+02
3.931312866210937500e+02 1.894474334716796875e+02 3.271817626953125000e+02 1.902988281250000000e+02
4.216774291992187500e+02 2.537781982421875000e+02 4.200049438476562500e+02 2.747716674804687500e+02
4.887597351074218750e+02 2.962507934570312500e+02 4.837378540039062500e+02 3.209144287109375000e+02
2.852940673828125000e+02 1.927385559082031250e+02 3.271817626953125000e+02 1.902988281250000000e+02
6.227167358398437500e+02 3.995729064941406250e+02 6.387450561523437500e+02 3.951702880859375000e+02
5.850333251953125000e+02 5.520072174072265625e+01 5.983624877929687500e+02 5.468899536132812500e+01
4.503725891113281250e+02 3.417862854003906250e+02 4.200189208984375000e+02 3.402440795898437500e+02
5.741417407989501953e-04 3.638114318847656250e+02 1.978541412353515625e+02 3.825124816894531250e+02
6.087684936523437500e+02 1.142345581054687500e+02 6.387420654296875000e+02 1.128199615478515625e+02
3.072992248535156250e+02 1.358758544921875000e+02 3.200013732910156250e+02 1.350004882812500000e+02
4.237715454101562500e+02 2.052528686523437500e+02 3.931800537109375000e+02 2.013519744873046875e+02
1.350601348876953125e+02 2.975882263183593750e+02 1.366748352050781250e+02 2.746712646484375000e+02
5.720495605468750000e+02 2.643173828125000000e+02 6.065418701171875000e+02 2.652965087890625000e+02
6.386518554687500000e+02 4.176103515625000000e+02 6.227167358398437500e+02 3.995729064941406250e+02
5.619244995117187500e+02 1.659767456054687500e+02 6.387526855468750000e+02 1.672326354980468750e+02
6.387589111328125000e+02 3.135183410644531250e+02 6.119448852539062500e+02 3.129363403320312500e+02
5.424039916992187500e+02 2.448762969970703125e+02 5.584493408203125000e+02 2.559412841796875000e+02
4.663971557617187500e+02 6.086164093017578125e+01 4.784881591796875000e+02 6.007079696655273438e+01
1.951144409179687500e+02 2.681879882812500000e+02 1.916765594482421875e+02 2.877911987304687500e+02
5.877692871093750000e+02 3.487596130371093750e+02 4.860618286132812500e+02 3.430332031250000000e+02
4.410055236816406250e+02 6.210778808593750000e+01 4.930474243164062500e+02 6.000415039062500000e+01
5.033330688476562500e+02 5.906564331054687500e+01 4.283893432617187500e+02 6.280703735351562500e+01
3.853426818847656250e+02 3.384619140625000000e+02 4.200189208984375000e+02 3.402440795898437500e+02
3.931312866210937500e+02 1.894474334716796875e+02 3.382557983398437500e+02 1.912500610351562500e+02
9.599328041076660156e-04 3.890332336425781250e+02 8.660435485839843750e+01 3.985284118652343750e+02
3.625222396850585938e+01 1.892937164306640625e+02 1.621365928649902344e+01 1.890239562988281250e+02
4.663971557617187500e+02 6.086164093017578125e+01 4.283893432617187500e+02 6.280703735351562500e+01
3.861353759765625000e+02 2.297454833984375000e+02 3.931800537109375000e+02 2.013519744873046875e+02
9.599328041076660156e-04 3.890332336425781250e+02 5.281423568725585938e+01 3.947211608886718750e+02
1.960555877685546875e+02 2.053149261474609375e+02 1.872695770263671875e+02 2.325019683837890625e+02
5.877692871093750000e+02 3.487596130371093750e+02 5.185437622070312500e+02 3.450220336914062500e+02
2.200028381347656250e+02 2.662517089843750000e+02 2.187298431396484375e+02 2.577896423339843750e+02
4.200049438476562500e+02 2.747716674804687500e+02 4.200004577636718750e+02 2.600451354980468750e+02
3.681057434082031250e+02 6.656745147705078125e+01 4.035131530761718750e+02 6.487624359130859375e+01
5.913448486328125000e+02 3.122236938476562500e+02 5.618461914062500000e+02 3.112528076171875000e+02
3.921561279296875000e+02 6.563281250000000000e+01 3.681057434082031250e+02 6.656745147705078125e+01
5.185437622070312500e+02 3.450220336914062500e+02 5.562462158203125000e+02 3.471827392578125000e+02
5.450448608398437500e+02 1.894795227050781250e+02 4.778313903808593750e+02 1.902603454589843750e+02
5.955964355468750000e+02 4.453079528808593750e+02 6.218737182617187500e+02 4.474061279296875000e+02
6.387589111328125000e+02 3.135183410644531250e+02 5.618461914062500000e+02 3.112528076171875000e+02
9.594538879394531250e+01 1.599873962402343750e+02 8.801123809814453125e+01 1.583159179687500000e+02
1.978541412353515625e+02 3.825124816894531250e+02 2.869056396484375000e+02 3.900670776367187500e+02
9.361218261718750000e+01 3.037835083007812500e+02 9.501414489746093750e+01 2.901064453125000000e+02
4.875051879882812500e+01 2.175244140625000000e+02 4.875248336791992188e+01 2.002237243652343750e+02
6.077525634765625000e+02 1.894506835937500000e+02 5.769495239257812500e+02 1.897471160888671875e+02
2.537446899414062500e+02 2.793680114746093750e+02 2.731141967773437500e+02 2.758118591308593750e+02
5.033330688476562500e+02 5.906564331054687500e+01 4.165921630859375000e+02 6.384507751464843750e+01
4.663971557617187500e+02 6.086164093017578125e+01 4.410055236816406250e+02 6.210778808593750000e+01
2.937519836425781250e+02 2.728036804199218750e+02 2.731141967773437500e+02 2.758118591308593750e+02
5.261796264648437500e+02 4.089663085937500000e+02 5.185437622070312500e+02 3.450220336914062500e+02
4.478470153808593750e+02 2.750069885253906250e+02 4.417715454101562500e+02 2.928260498046875000e+02
4.410055236816406250e+02 6.210778808593750000e+01 5.033330688476562500e+02 5.906564331054687500e+01
2.415385437011718750e+02 4.142094726562500000e+02 1.868373260498046875e+02 4.509804992675781250e+02
4.534680480957031250e+02 6.127668762207031250e+01 4.283893432617187500e+02 6.280703735351562500e+01
6.169512939453125000e+02 5.418836975097656250e+01 5.850333251953125000e+02 5.520072174072265625e+01
5.816749267578125000e+02 4.132886047363281250e+02 5.562462158203125000e+02 3.471827392578125000e+02
5.287565917968750000e+02 4.395870666503906250e+02 4.472875976562500000e+02 4.325791015625000000e+02
9.501097106933593750e+01 2.308089447021484375e+02 9.648787689208984375e+01 2.501534881591796875e+02
4.784881591796875000e+02 6.007079696655273438e+01 4.165921630859375000e+02 6.384507751464843750e+01
4.784881591796875000e+02 6.007079696655273438e+01 4.035131530761718750e+02 6.487624359130859375e+01
5.185642700195312500e+02 5.848660278320312500e+01 4.283893432617187500e+02 6.280703735351562500e+01
1.978541412353515625e+02 3.825124816894531250e+02 1.563201904296875000e+02 3.788199768066406250e+02
5.319277343750000000e+02 5.825955200195312500e+01 5.332163085937500000e+02 9.127523750066757202e-02
4.064641723632812500e+02 4.295436096191406250e+02 4.209691162109375000e+02 4.012502441406250000e+02
4.209691162109375000e+02 4.012502441406250000e+02 4.503725891113281250e+02 3.417862854003906250e+02
3.500177001953125000e+02 2.887503356933593750e+02 3.071365966796875000e+02 2.875921630859375000e+02
1.431954803466796875e+02 4.050003662109375000e+02 5.281423568725585938e+01 3.947211608886718750e+02
1.959770050048828125e+02 2.588037414550781250e+02 1.637252960205078125e+02 2.625000305175781250e+02
3.070682287216186523e-03 1.875765075683593750e+02 1.621365928649902344e+01 1.890239562988281250e+02
4.930474243164062500e+02 6.000415039062500000e+01 5.033330688476562500e+02 5.906564331054687500e+01
4.534680480957031250e+02 6.127668762207031250e+01 4.165921630859375000e+02 6.384507751464843750e+01
5.185642700195312500e+02 5.848660278320312500e+01 5.166444702148437500e+02 1.596517860889434814e-02
1.967981262207031250e+02 1.762508392333984375e+02 1.537728424072265625e+02 1.762510375976562500e+02
5.571274414062500000e+02 5.708461761474609375e+01 5.755994262695312500e+02 1.534983515739440918e-02
4.784881591796875000e+02 6.007079696655273438e+01 3.810640258789062500e+02 6.584143066406250000e+01
6.169512939453125000e+02 5.418836975097656250e+01 5.983624877929687500e+02 5.468899536132812500e+01
3.233213500976562500e+02 3.937500610351562500e+02 3.853426818847656250e+02 3.384619140625000000e+02
9.361218261718750000e+01 3.037835083007812500e+02 9.608720397949218750e+01 2.671263122558593750e+02
4.035131530761718750e+02 6.487624359130859375e+01 2.287501678466796875e+02 7.583905029296875000e+01
4.534680480957031250e+02 6.127668762207031250e+01 4.035131530761718750e+02 6.487624359130859375e+01
5.708352050781250000e+02 5.625533294677734375e+01 5.926841430664062500e+02 2.348653972148895264e-02
2.962052822113037109e-03 9.007193756103515625e+01 2.287501678466796875e+02 7.583905029296875000e+01
1.704533691406250000e+02 2.035283508300781250e+02 1.802501220703125000e+02 2.044359741210937500e+02
4.663971557617187500e+02 6.086164093017578125e+01 4.534680480957031250e+02 6.127668762207031250e+01
4.216774291992187500e+02 2.537781982421875000e+02 4.200004577636718750e+02 2.600451354980468750e+02
6.250059814453125000e+02 2.575426635742187500e+02 6.383963623046875000e+02 2.662813415527343750e+02
6.386375732421875000e+02 3.117176055908203125e+01 6.270087890625000000e+02 5.332374572753906250e+01
5.850333251953125000e+02 5.520072174072265625e+01 6.101645507812500000e+02 2.098470926284790039e-02
5.741417407989501953e-04 3.638114318847656250e+02 1.207326049804687500e+02 3.760180969238281250e+02
6.387492675781250000e+02 4.488472595214843750e+02 6.218737182617187500e+02 4.474061279296875000e+02
4.326641540527343750e+02 1.190320205688476562e+02 5.672747802734375000e+02 1.141942901611328125e+02
9.608720397949218750e+01 2.671263122558593750e+02 9.648787689208984375e+01 2.501534881591796875e+02
9.372590637207031250e+01 2.792258300781250000e+02 9.501414489746093750e+01 2.901064453125000000e+02
9.644749450683593750e+01 1.788437805175781250e+02 8.801123809814453125e+01 1.583159179687500000e+02
4.930474243164062500e+02 6.000415039062500000e+01 4.283893432617187500e+02 6.280703735351562500e+01
3.810640258789062500e+02 6.584143066406250000e+01 2.287501678466796875e+02 7.583905029296875000e+01
3.810640258789062500e+02 6.584143066406250000e+01 3.568001098632812500e+02 6.750817871093750000e+01
4.132462310791015625e+01 3.122756347656250000e+02 4.501231384277343750e+01 2.925701599121093750e+02
9.372590637207031250e+01 2.792258300781250000e+02 9.501097106933593750e+01 2.308089447021484375e+02
1.621799468994140625e+02 2.034098205566406250e+02 1.802501220703125000e+02 2.044359741210937500e+02
4.035131530761718750e+02 6.487624359130859375e+01 3.568001098632812500e+02 6.750817871093750000e+01
4.478470153808593750e+02 2.750069885253906250e+02 4.650006713867187500e+02 2.757684020996093750e+02
4.526578369140625000e+02 1.180942687988281250e+02 5.672747802734375000e+02 1.141942901611328125e+02
4.526578369140625000e+02 1.180942687988281250e+02 5.321251220703125000e+02 1.152837600708007812e+02
3.921561279296875000e+02 6.563281250000000000e+01 3.568001098632812500e+02 6.750817871093750000e+01
3.810640258789062500e+02 6.584143066406250000e+01 3.013505249023437500e+02 7.185295867919921875e+01
3.921561279296875000e+02 6.563281250000000000e+01 2.287501678466796875e+02 7.583905029296875000e+01
1.637252960205078125e+02 2.625000305175781250e+02 1.663041687011718750e+02 2.488390502929687500e+02
1.883008422851562500e+02 4.087936706542968750e+02 8.660435485839843750e+01 3.985284118652343750e+02
3.374906158447265625e+01 2.709674072265625000e+02 3.500260162353515625e+01 2.304208984375000000e+02
3.219627380371093750e+02 6.960878753662109375e+01 3.681057434082031250e+02 6.656745147705078125e+01
3.810640258789062500e+02 6.584143066406250000e+01 3.219627380371093750e+02 6.960878753662109375e+01
3.382557983398437500e+02 1.912500610351562500e+02 3.271817626953125000e+02 1.902988281250000000e+02
5.319277343750000000e+02 5.825955200195312500e+01 5.417423095703125000e+02 5.145415663719177246e-02
4.784881591796875000e+02 6.007079696655273438e+01 3.921561279296875000e+02 6.563281250000000000e+01
2.852940673828125000e+02 1.927385559082031250e+02 2.728087158203125000e+02 1.940303344726562500e+02
3.382557983398437500e+02 1.912500610351562500e+02 3.670214233398437500e+02 1.898511962890625000e+02
5.450448608398437500e+02 1.894795227050781250e+02 5.769495239257812500e+02 1.897471160888671875e+02
3.810640258789062500e+02 6.584143066406250000e+01 4.035131530761718750e+02 6.487624359130859375e+01
4.410055236816406250e+02 6.210778808593750000e+01 4.035131530761718750e+02 6.487624359130859375e+01
1.600108032226562500e+02 1.294641723632812500e+02 2.876315307617187500e+02 1.237512054443359375e+02
1.959770050048828125e+02 2.588037414550781250e+02 1.872695770263671875e+02 2.325019683837890625e+02
3.757738647460937500e+02 3.975013732910156250e+02 2.869056396484375000e+02 3.900670776367187500e+02
5.033330688476562500e+02 5.906564331054687500e+01 5.069085083007812500e+02 4.185520112514495850e-02
4.930474243164062500e+02 6.000415039062500000e+01 4.035131530761718750e+02 6.487624359130859375e+01
4.887597351074218750e+02 2.962507934570312500e+02 4.869471740722656250e+02 3.075374145507812500e+02
4.526578369140625000e+02 1.180942687988281250e+02 3.030115356445312500e+02 1.227993850708007812e+02
1.883008422851562500e+02 4.087936706542968750e+02 5.281423568725585938e+01 3.947211608886718750e+02
2.728087158203125000e+02 1.940303344726562500e+02 3.271817626953125000e+02 1.902988281250000000e+02
4.663971557617187500e+02 6.086164093017578125e+01 4.165921630859375000e+02 6.384507751464843750e+01
4.654083251953125000e+02 2.952474670410156250e+02 4.650006713867187500e+02 2.757684020996093750e+02
4.930474243164062500e+02 6.000415039062500000e+01 4.165921630859375000e+02 6.384507751464843750e+01
4.165921630859375000e+02 6.384507751464843750e+01 3.681057434082031250e+02 6.656745147705078125e+01
3.810640258789062500e+02 6.584143066406250000e+01 3.462760620117187500e+02 6.821684265136718750e+01
3.219627380371093750e+02 6.960878753662109375e+01 4.035131530761718750e+02 6.487624359130859375e+01
1.978541412353515625e+02 3.825124816894531250e+02 1.207326049804687500e+02 3.760180969238281250e+02
3.625222396850585938e+01 1.892937164306640625e+02 3.748794174194335938e+01 1.482823028564453125e+02
4.410055236816406250e+02 6.210778808593750000e+01 4.165921630859375000e+02 6.384507751464843750e+01
5.913448486328125000e+02 3.122236938476562500e+02 6.119448852539062500e+02 3.129363403320312500e+02
3.921561279296875000e+02 6.563281250000000000e+01 4.283893432617187500e+02 6.280703735351562500e+01
6.062719116210937500e+02 2.385473937988281250e+02 6.383963623046875000e+02 2.662813415527343750e+02
4.663971557617187500e+02 6.086164093017578125e+01 4.035131530761718750e+02 6.487624359130859375e+01
4.035131530761718750e+02 6.487624359130859375e+01 3.013505249023437500e+02 7.185295867919921875e+01
3.681057434082031250e+02 6.656745147705078125e+01 3.013505249023437500e+02 7.185295867919921875e+01
3.921561279296875000e+02 6.563281250000000000e+01 4.165921630859375000e+02 6.384507751464843750e+01
3.810640258789062500e+02 6.584143066406250000e+01 2.913421020507812500e+02 7.266091918945312500e+01
2.214209136962890625e+02 1.752913208007812500e+02 2.215979156494140625e+02 1.826896972656250000e+02
4.410055236816406250e+02 6.210778808593750000e+01 3.921561279296875000e+02 6.563281250000000000e+01
6.062719116210937500e+02 2.385473937988281250e+02 6.072590942382812500e+02 2.185794525146484375e+02
4.326641540527343750e+02 1.190320205688476562e+02 5.321251220703125000e+02 1.152837600708007812e+02
3.625222396850585938e+01 1.892937164306640625e+02 6.722964477539062500e+01 1.922987518310546875e+02
1.652404022216796875e+02 2.925014038085937500e+02 1.637252960205078125e+02 2.625000305175781250e+02
3.757738647460937500e+02 3.975013732910156250e+02 4.200189208984375000e+02 3.402440795898437500e+02
6.077575073242187500e+02 2.005872039794921875e+02 6.077525634765625000e+02 1.894506835937500000e+02
3.219627380371093750e+02 6.960878753662109375e+01 3.568001098632812500e+02 6.750817871093750000e+01
