3.311378173828125000e+02 2.312659149169921875e+02 3.308539428710937500e+02 2.560626831054687500e+02
3.184621582031250000e+02 2.368959808349609375e+02 3.190110473632812500e+02 1.884648742675781250e+02
1.678534851074218750e+02 2.074857788085937500e+02 1.229219970703125000e+02 2.019051208496093750e+02
1.676224060058593750e+02 1.933219909667968750e+02 1.231265945434570312e+02 1.929317016601562500e+02
3.308539428710937500e+02 2.560626831054687500e+02 4.642108154296875000e+02 2.612490844726562500e+02
1.232742385864257812e+02 1.403297882080078125e+02 1.683750305175781250e+02 1.468943634033203125e+02
3.642082214355468750e+02 2.564307250976562500e+02 3.642443237304687500e+02 2.335072784423828125e+02
2.615397033691406250e+02 2.343812408447265625e+02 3.184621582031250000e+02 2.368959808349609375e+02
1.775396423339843750e+02 2.111052246093750000e+02 2.211991577148437500e+02 2.127029113769531250e+02
8.873572945594787598e-01 1.487356262207031250e+02 5.109515762329101562e+01 1.531529235839843750e+02
4.972859497070312500e+02 1.671342468261718750e+02 6.292473754882812500e+02 1.661985168457031250e+02
4.711474304199218750e+02 1.733347320556640625e+01 4.607145996093750000e+02 4.298887023925781250e+02
1.131716079711914062e+02 2.333363647460937500e+02 5.149078369140625000e+01 2.348927154541015625e+02
2.622149963378906250e+02 1.885007629394531250e+02 3.190110473632812500e+02 1.884648742675781250e+02
5.303645706176757812e+01 1.935942535400390625e+02 1.121317291259765625e+02 2.010394439697265625e+02
1.675881652832031250e+02 1.787102508544921875e+02 1.232741546630859375e+02 1.790682067871093750e+02
2.628892211914062500e+02 3.696401367187500000e+02 3.176724853515625000e+02 3.482229309082031250e+02
3.311378173828125000e+02 2.312659149169921875e+02 4.658955688476562500e+02 2.347775878906250000e+02
6.274830322265625000e+02 2.539408569335937500e+02 4.958557434082031250e+02 2.493988952636718750e+02
1.127196960449218750e+02 2.156353149414062500e+02 1.133374862670898438e+02 1.250073928833007812e+02
8.523459434509277344e-01 1.228740692138671875e+02 4.172119903564453125e+01 1.289498748779296875e+02
1.122007446289062500e+02 1.793373260498046875e+02 5.362865829467773438e+01 1.805814819335937500e+02
1.325830078125000000e+02 4.074453125000000000e+02 8.910313248634338379e-01 4.528920288085937500e+02
5.293865966796875000e+01 1.304213409423828125e+02 1.125061111450195312e+02 1.393310699462890625e+02
1.781395874023437500e+02 1.926038360595703125e+02 2.135576171875000000e+02 1.931796722412109375e+02
6.274830322265625000e+02 2.539408569335937500e+02 6.292473754882812500e+02 1.661985168457031250e+02
1.680764617919921875e+02 1.596952209472656250e+02 1.231616058349609375e+02 1.608478393554687500e+02
4.711474304199218750e+02 1.733347320556640625e+01 6.380913085937500000e+02 1.606188535690307617e+00
4.080936889648437500e+02 4.304618835449218750e+01 3.527449340820312500e+02 1.673995614051818848e+00
1.189987564086914062e+02 2.637517089843750000e+02 1.233091278076171875e+02 1.187440414428710938e+02
1.782459869384765625e+02 1.783840484619140625e+02 2.135055847167968750e+02 1.782664337158203125e+02
2.616577758789062500e+02 1.335295257568359375e+02 2.592798156738281250e+02 2.716535339355468750e+02
1.757942962646484375e+02 2.575430603027343750e+02 1.779002227783203125e+02 1.331541137695312500e+02
5.243125915527343750e+01 7.557343244552612305e-01 1.728831787109375000e+02 4.574796295166015625e+01
3.080054016113281250e+02 9.509158325195312500e+01 2.874005737304687500e+02 8.691700744628906250e+01
5.346804809570312500e+01 1.631724395751953125e+02 1.121753082275390625e+02 1.617657470703125000e+02
3.824403686523437500e+02 5.025436401367187500e+01 8.555993437767028809e-01 9.118737792968750000e+01
2.925093994140625000e+02 1.522606964111328125e+02 4.674604797363281250e+02 1.479495239257812500e+02
2.376064147949218750e+02 2.570857543945312500e+02 8.331948518753051758e-01 2.800842285156250000e+02
3.080054016113281250e+02 9.509158325195312500e+01 3.084949340820312500e+02 1.144797592163085938e+02
2.376064147949218750e+02 2.570857543945312500e+02 2.388005218505859375e+02 1.364893341064453125e+02
1.325830078125000000e+02 4.074453125000000000e+02 9.653753042221069336e-01 3.811441345214843750e+02
1.821764831542968750e+02 2.973560791015625000e+02 1.371185607910156250e+02 3.064147033691406250e+02
2.165633544921875000e+02 2.524246215820312500e+02 2.175708770751953125e+02 2.267036743164062500e+02
3.965639953613281250e+02 3.572113037109375000e+02 3.537617187500000000e+02 3.740217590332031250e+02
5.713884277343750000e+02 3.773357238769531250e+02 6.183596801757812500e+02 3.831958312988281250e+02
5.489788208007812500e+02 1.887230072021484375e+02 5.668466796875000000e+02 1.884241027832031250e+02
6.179187622070312500e+02 3.987784423828125000e+02 5.659296264648437500e+02 3.890418395996093750e+02
3.681066589355468750e+02 1.420630097389221191e+00 4.080936889648437500e+02 4.304618835449218750e+01
8.285525441169738770e-01 3.253907775878906250e+01 8.251559448242187500e+01 5.775676727294921875e+01
3.124111328125000000e+02 2.880217285156250000e+02 2.887000122070312500e+02 2.937579040527343750e+02
3.821374206542968750e+02 3.281466979980468750e+02 4.119426879882812500e+02 3.159193420410156250e+02
4.972859497070312500e+02 1.671342468261718750e+02 4.958557434082031250e+02 2.493988952636718750e+02
4.165420532226562500e+01 1.523647460937500000e+02 4.239202117919921875e+01 1.113221435546875000e+02
1.688470611572265625e+02 1.338635864257812500e+02 1.679737243652343750e+02 2.170082702636718750e+02
4.611667175292968750e+02 4.179052734375000000e+02 6.270570068359375000e+02 4.400531005859375000e+02
5.477477416992187500e+02 2.223758392333984375e+02 5.489788208007812500e+02 1.887230072021484375e+02
2.229050903320312500e+02 1.366280670166015625e+02 4.677827758789062500e+02 1.244775009155273438e+02
2.628892211914062500e+02 3.696401367187500000e+02 2.187281951904296875e+02 3.648011169433593750e+02
4.675567626953125000e+02 1.144149703979492188e+02 2.622323913574218750e+02 1.248883438110351562e+02
1.521731872558593750e+02 1.228535156250000000e+02 1.532547760009765625e+02 1.291544494628906250e+02
5.221877288818359375e+01 1.143696823120117188e+02 4.913319396972656250e+01 2.687219543457031250e+02
3.466294860839843750e+02 8.454888153076171875e+01 3.336450195312500000e+02 7.781376647949218750e+01
5.315578079223632812e+01 1.143941116333007812e+02 5.335189819335937500e+01 1.068699417114257812e+02
3.821374206542968750e+02 3.281466979980468750e+02 3.822819824218750000e+02 3.802937316894531250e+02
1.521731872558593750e+02 1.228535156250000000e+02 6.282892608642578125e+01 1.063144378662109375e+02
7.568091154098510742e-01 3.254564819335937500e+02 4.684414672851562500e+01 3.176479492187500000e+02
6.410163640975952148e-01 2.274448699951171875e+02 2.175708770751953125e+02 2.267036743164062500e+02
2.773276062011718750e+02 3.723694458007812500e+02 2.782368164062500000e+02 4.365948791503906250e+02
5.713884277343750000e+02 3.773357238769531250e+02 5.659296264648437500e+02 3.890418395996093750e+02
6.276517333984375000e+02 1.753042144775390625e+02 5.471677856445312500e+02 1.787453765869140625e+02
9.271064400672912598e-01 1.038007812500000000e+02 2.223744201660156250e+02 1.438493194580078125e+02
9.271064400672912598e-01 1.038007812500000000e+02 4.682677001953125000e+02 6.599471282958984375e+01
3.821374206542968750e+02 3.281466979980468750e+02 3.377559814453125000e+02 3.244457092285156250e+02
6.394191284179687500e+02 3.428663635253906250e+02 6.183596801757812500e+02 3.831958312988281250e+02
1.130476837158203125e+02 2.156363677978515625e+02 1.129132690429687500e+02 2.576706542968750000e+02
2.752126312255859375e+01 6.505590057373046875e+01 3.787588195800781250e+02 2.176464462280273438e+01
2.075008392333984375e+02 9.201622009277343750e+01 2.877005615234375000e+02 1.157669372558593750e+02
1.821764831542968750e+02 2.973560791015625000e+02 5.760272216796875000e+01 2.842418212890625000e+02
1.121000518798828125e+02 1.933508911132812500e+02 1.121520690917968750e+02 1.933506774902343750e+02
1.374314727783203125e+02 2.035563507080078125e+02 1.374025115966796875e+02 1.790709228515625000e+02
8.270030975341796875e+01 3.437853393554687500e+02 8.191551208496093750e+01 3.958530578613281250e+02
5.287479248046875000e+02 1.676142425537109375e+02 5.320814208984375000e+02 2.420803680419921875e+02
2.748062515258789062e+01 6.472360992431640625e+01 1.251321601867675781e+01 6.655402374267578125e+01
6.782460021972656250e+01 4.789888916015625000e+02 6.803224182128906250e+01 4.408023681640625000e+02
5.243869781494140625e+01 2.163639831542968750e+02 1.761678466796875000e+02 2.181231231689453125e+02
3.176724853515625000e+02 3.482229309082031250e+02 1.171515960693359375e+02 3.233876647949218750e+02
4.472802124023437500e+02 6.897180938720703125e+01 4.567564392089843750e+02 7.713119506835937500e+01
2.229050903320312500e+02 1.366280670166015625e+02 2.211991577148437500e+02 2.127029113769531250e+02
8.066761493682861328e-01 6.128710937500000000e+01 3.701911926269531250e+01 7.214427185058593750e+01
5.471677856445312500e+02 1.787453765869140625e+02 5.287479248046875000e+02 1.676142425537109375e+02
8.270030975341796875e+01 3.437853393554687500e+02 4.606298065185546875e+01 3.390873107910156250e+02
5.668466796875000000e+02 1.884241027832031250e+02 5.672449951171875000e+02 2.076998443603515625e+02
2.526347198486328125e+02 4.485027770996093750e+02 2.525386047363281250e+02 3.799855041503906250e+02
2.137366485595703125e+02 1.585428771972656250e+02 1.782161254882812500e+02 1.596472320556640625e+02
1.413696441650390625e+02 2.745086669921875000e+02 6.993476867675781250e+00 2.905205688476562500e+02
2.374338531494140625e+02 1.191523666381835938e+02 1.475680236816406250e+02 9.888616943359375000e+01
2.925093994140625000e+02 1.522606964111328125e+02 2.922581481933593750e+02 1.324011535644531250e+02
6.249976730346679688e+01 1.083495407104492188e+02 5.434672927856445312e+01 1.070308456420898438e+02
1.371185607910156250e+02 3.064147033691406250e+02 1.038184661865234375e+02 3.028674926757812500e+02
1.328378906250000000e+02 4.060983581542968750e+02 2.519939575195312500e+02 4.286462707519531250e+02
4.684414672851562500e+01 3.176479492187500000e+02 8.840186595916748047e-01 3.119692687988281250e+02
3.080054016113281250e+02 9.509158325195312500e+01 4.679476928710937500e+02 8.451496887207031250e+01
3.234564514160156250e+02 3.842818603515625000e+02 2.822481079101562500e+02 4.136300659179687500e+02
7.382562255859375000e+01 4.624889526367187500e+02 1.282751770019531250e+02 4.407294311523437500e+02
1.722197294235229492e+00 6.864950561523437500e+01 6.178703904151916504e-01 6.878683471679687500e+01
2.888320922851562500e+02 2.942573852539062500e+02 2.578602294921875000e+02 3.024481811523437500e+02
1.920649871826171875e+02 2.108605651855468750e+02 1.914891204833984375e+02 1.787215270996093750e+02
3.628459472656250000e+02 3.914841613769531250e+02 3.822819824218750000e+02 3.802937316894531250e+02
3.824403686523437500e+02 5.025436401367187500e+01 3.690035705566406250e+02 3.105488777160644531e+01
2.229050903320312500e+02 1.366280670166015625e+02 1.543974761962890625e+02 1.232866744995117188e+02
3.920950622558593750e+02 2.102484512329101562e+01 3.788624877929687500e+02 2.262299919128417969e+01
2.887000122070312500e+02 2.937579040527343750e+02 2.887302856445312500e+02 2.821388244628906250e+02
3.537617187500000000e+02 3.740217590332031250e+02 3.565312500000000000e+02 4.031535339355468750e+02
4.677784729003906250e+02 1.063537368774414062e+02 2.374338531494140625e+02 1.191523666381835938e+02
5.966037597656250000e+02 1.866669921875000000e+02 6.187778320312500000e+02 1.863765716552734375e+02
2.129787445068359375e+02 3.092018737792968750e+02 2.369033508300781250e+02 3.012086791992187500e+02
4.606298065185546875e+01 3.390873107910156250e+02 1.171515960693359375e+02 3.233876647949218750e+02
3.537617187500000000e+02 3.740217590332031250e+02 3.082108154296875000e+02 3.693781433105468750e+02
7.050014734268188477e-01 1.110070953369140625e+02 8.726353049278259277e-01 1.110083618164062500e+02
4.119426879882812500e+02 3.159193420410156250e+02 2.578602294921875000e+02 3.024481811523437500e+02
5.672449951171875000e+02 2.076998443603515625e+02 5.936787719726562500e+02 2.074874572753906250e+02
2.622323913574218750e+02 1.248883438110351562e+02 2.922581481933593750e+02 1.324011535644531250e+02
2.575626220703125000e+02 2.833612976074218750e+02 2.220926513671875000e+02 2.900705261230468750e+02
3.788611755371093750e+02 2.261219215393066406e+01 2.748478126525878906e+01 6.475824737548828125e+01
3.080775756835937500e+02 3.957404479980468750e+02 3.077322082519531250e+02 3.614120788574218750e+02
1.231679687500000000e+02 1.610577392578125000e+02 1.121639633178710938e+02 1.613916015625000000e+02
2.578167114257812500e+02 3.029662780761718750e+02 2.369033508300781250e+02 3.012086791992187500e+02
3.622067565917968750e+02 4.034565429687500000e+02 3.616375732421875000e+02 4.141176452636718750e+02
8.711180090904235840e-01 1.109918441772460938e+02 1.581498861312866211e+00 1.109266052246093750e+02
1.529233093261718750e+02 1.228142929077148438e+02 2.373944244384765625e+02 1.183981628417968750e+02
1.633184051513671875e+02 2.729554443359375000e+02 2.026885375976562500e+02 2.677457885742187500e+02
2.757502555847167969e+01 6.549794006347656250e+01 1.722508788108825684e+00 6.865206146240234375e+01
4.684159851074218750e+02 7.673950958251953125e+01 4.674530639648437500e+02 7.680125427246093750e+01
1.169383850097656250e+02 3.252506713867187500e+02 4.689147567749023438e+01 3.172344055175781250e+02
2.621928710937500000e+02 1.240456924438476562e+02 2.377131042480468750e+02 1.251936950683593750e+02
6.169414062500000000e+02 4.137706604003906250e+02 6.393034667968750000e+02 4.671801147460937500e+02
3.628459472656250000e+02 3.914841613769531250e+02 4.586697692871093750e+02 4.108968200683593750e+02
8.725578308105468750e+01 1.808597106933593750e+02 8.705504608154296875e+01 1.966422271728515625e+02
5.473007202148437500e+02 1.887453155517578125e+02 5.471677856445312500e+02 1.787453765869140625e+02
1.232802200317382812e+02 1.794377899169921875e+02 1.122053833007812500e+02 1.796196441650390625e+02
2.366612091064453125e+02 3.005461730957031250e+02 2.530718231201171875e+02 2.945482788085937500e+02
5.149078369140625000e+01 2.348927154541015625e+02 6.571286916732788086e-01 2.374189605712890625e+02
4.607145996093750000e+02 4.298887023925781250e+02 6.377605590820312500e+02 4.516388244628906250e+02
1.121446914672851562e+02 2.009350585937500000e+02 1.777901916503906250e+02 2.090877380371093750e+02
5.891741333007812500e+02 1.857599334716796875e+02 5.936787719726562500e+02 2.074874572753906250e+02
2.622323913574218750e+02 1.248883438110351562e+02 2.620584106445312500e+02 1.335375823974609375e+02
4.414523696899414062e+01 1.522580566406250000e+02 4.913319396972656250e+01 2.687219543457031250e+02
5.591626586914062500e+02 4.676813964843750000e+02 5.718508911132812500e+02 4.073243713378906250e+02
4.273450927734375000e+02 3.246669006347656250e+02 3.983939208984375000e+02 3.363770141601562500e+02
1.543301849365234375e+02 1.236420364379882812e+02 1.521037139892578125e+02 1.232204055786132812e+02
3.964796752929687500e+02 3.806665344238281250e+02 3.983939208984375000e+02 3.363770141601562500e+02
1.537912292480468750e+02 3.553265075683593750e+02 1.334307250976562500e+02 3.535136108398437500e+02
2.578836669921875000e+02 2.716153564453125000e+02 2.575626220703125000e+02 2.833612976074218750e+02
6.169414062500000000e+02 4.137706604003906250e+02 5.718508911132812500e+02 4.073243713378906250e+02
1.268477325439453125e+02 4.376788330078125000e+02 1.619892883300781250e+02 4.212353515625000000e+02
2.187461242675781250e+02 2.125685729980468750e+02 2.179707946777343750e+02 2.267255859375000000e+02
5.071365356445312500e+02 2.858986511230468750e+02 4.978880004882812500e+02 2.856467895507812500e+02
2.775093383789062500e+02 4.027072753906250000e+02 2.530864715576171875e+02 3.919406738281250000e+02
4.711474304199218750e+02 1.733347320556640625e+01 1.723987102508544922e+00 6.866587829589843750e+01
1.231277694702148438e+02 1.934277191162109375e+02 1.121523132324218750e+02 1.934537963867187500e+02
3.266088867187500000e+02 2.986855163574218750e+02 3.569498901367187500e+02 3.011470642089843750e+02
5.947075805664062500e+02 2.075807495117187500e+02 5.929597167968750000e+02 2.268586425781250000e+02
2.887302856445312500e+02 2.821388244628906250e+02 3.071905212402343750e+02 2.750441589355468750e+02
6.392363281250000000e+02 3.803683776855468750e+02 6.288339843750000000e+02 4.105327148437500000e+02
3.378963928222656250e+02 3.231919555664062500e+02 2.129787445068359375e+02 3.092018737792968750e+02
5.061323242187500000e+02 1.586759924888610840e+00 5.116301879882812500e+02 1.333862209320068359e+01
1.121672744750976562e+02 2.007483978271484375e+02 1.121669464111328125e+02 2.007483520507812500e+02
2.189193725585937500e+02 3.634443664550781250e+02 8.263613128662109375e+01 3.442408142089843750e+02
3.854229736328125000e+02 3.800950622558593750e+02 3.865878906250000000e+02 3.985140075683593750e+02
3.377559814453125000e+02 3.244457092285156250e+02 3.367822265625000000e+02 4.181888427734375000e+02
5.966037597656250000e+02 1.866669921875000000e+02 5.965849609375000000e+02 1.868010559082031250e+02
5.071365356445312500e+02 2.858986511230468750e+02 5.071303710937500000e+02 2.711190490722656250e+02
4.272448425292968750e+02 3.579805908203125000e+02 4.285027770996093750e+02 3.137953491210937500e+02
1.171515960693359375e+02 3.233876647949218750e+02 4.695747375488281250e+01 3.164940490722656250e+02
4.619834899902343750e+02 3.358282165527343750e+02 4.272448425292968750e+02 3.579805908203125000e+02
1.785017547607421875e+02 1.480931549072265625e+02 1.976202392578125000e+02 1.516734619140625000e+02
1.680767059326171875e+02 1.597048339843750000e+02 1.782110290527343750e+02 1.594469299316406250e+02
1.717666625976562500e+01 4.561138305664062500e+02 1.124261093139648438e+02 4.254841003417968750e+02
3.124111328125000000e+02 2.880217285156250000e+02 3.375570068359375000e+02 2.902151489257812500e+02
6.231958007812500000e+02 3.850555114746093750e+02 6.179187622070312500e+02 3.987784423828125000e+02
3.681066589355468750e+02 1.420630097389221191e+00 3.690035705566406250e+02 3.105488777160644531e+01
3.367822265625000000e+02 4.181888427734375000e+02 3.565312500000000000e+02 4.031535339355468750e+02
1.170282592773437500e+02 2.154595031738281250e+02 1.189987564086914062e+02 2.637517089843750000e+02
6.288339843750000000e+02 4.105327148437500000e+02 6.391870727539062500e+02 4.329589538574218750e+02
1.122068710327148438e+02 1.797911682128906250e+02 1.782529449462890625e+02 1.789001007080078125e+02
9.291577339172363281e-01 1.360133514404296875e+02 4.154068374633789062e+01 1.396136016845703125e+02
2.773276062011718750e+02 3.723694458007812500e+02 3.056149597167968750e+02 3.621751098632812500e+02
4.175152206420898438e+01 1.287384033203125000e+02 1.232605056762695312e+02 1.404255981445312500e+02
2.374271697998046875e+02 1.191526565551757812e+02 2.374338531494140625e+02 1.191523666381835938e+02
2.530864715576171875e+02 3.919406738281250000e+02 2.133995056152343750e+02 3.919881591796875000e+02
4.612852478027343750e+02 3.798844604492187500e+02 4.258150939941406250e+02 3.767422485351562500e+02
2.877749633789062500e+02 1.155127105712890625e+02 3.370892944335937500e+02 1.299471740722656250e+02
3.077322082519531250e+02 3.614120788574218750e+02 2.629853210449218750e+02 3.771171264648437500e+02
4.374207763671875000e+02 3.130511474609375000e+02 4.376429443359375000e+02 3.505141906738281250e+02
2.129787445068359375e+02 3.092018737792968750e+02 2.166242675781250000e+02 3.363837280273437500e+02
4.626450805664062500e+02 3.132611083984375000e+02 4.374207763671875000e+02 3.130511474609375000e+02
2.572883605957031250e+02 2.997634582519531250e+02 2.571411437988281250e+02 2.997948303222656250e+02
3.964796752929687500e+02 3.806665344238281250e+02 4.222478027343750000e+02 3.689180603027343750e+02
2.373130187988281250e+02 1.196740570068359375e+02 2.621097717285156250e+02 1.254178009033203125e+02
1.232082901000976562e+02 1.407823638916015625e+02 1.783896942138671875e+02 1.488588256835937500e+02
2.582889709472656250e+02 2.833776245117187500e+02 2.578602294921875000e+02 3.024481811523437500e+02
3.964796752929687500e+02 3.806665344238281250e+02 4.612011413574218750e+02 3.919282836914062500e+02
6.282892608642578125e+01 1.063144378662109375e+02 3.188920783996582031e+01 1.094539947509765625e+02
2.619776000976562500e+02 1.335352020263671875e+02 2.579087219238281250e+02 2.716161193847656250e+02
1.129132690429687500e+02 2.576706542968750000e+02 4.913319396972656250e+01 2.687219543457031250e+02
1.950501556396484375e+02 1.790557556152343750e+02 1.976202392578125000e+02 1.516734619140625000e+02
2.175708770751953125e+02 2.267036743164062500e+02 1.757294921875000000e+02 2.221588745117187500e+02
4.272448425292968750e+02 3.579805908203125000e+02 4.258150939941406250e+02 3.767422485351562500e+02
8.910313248634338379e-01 4.528920288085937500e+02 2.711973381042480469e+01 4.563173828125000000e+02
3.822819824218750000e+02 3.802937316894531250e+02 3.824036560058593750e+02 3.808085937500000000e+02
2.586190185546875000e+02 2.716336059570312500e+02 2.583298034667968750e+02 2.833786315917968750e+02
3.377559814453125000e+02 3.244457092285156250e+02 3.377434082031250000e+02 3.244441528320312500e+02
5.659296264648437500e+02 3.890418395996093750e+02 5.718508911132812500e+02 4.073243713378906250e+02
6.261126098632812500e+02 3.871024169921875000e+02 6.388257446289062500e+02 3.689864196777343750e+02
4.870615386962890625e+01 2.614317016601562500e+02 7.778850197792053223e-01 2.642392272949218750e+02
6.276517333984375000e+02 1.753042144775390625e+02 6.187778320312500000e+02 1.863765716552734375e+02
3.466294860839843750e+02 8.454888153076171875e+01 4.567564392089843750e+02 7.713119506835937500e+01
3.266088867187500000e+02 2.986855163574218750e+02 3.228373413085937500e+02 3.089067993164062500e+02
3.824753723144531250e+02 3.803222351074218750e+02 3.962314758300781250e+02 3.823502197265625000e+02
1.229962844848632812e+02 1.257878494262695312e+02 1.521557922363281250e+02 1.241442337036132812e+02
4.280030822753906250e+02 3.590883178710937500e+02 4.195023193359375000e+02 3.649072265625000000e+02
4.674578552246093750e+02 7.684487152099609375e+01 4.671084289550781250e+02 7.688330078125000000e+01
3.593742370605468750e+02 4.025950927734375000e+02 3.596423950195312500e+02 4.039602355957031250e+02
4.186497497558593750e+02 3.641023254394531250e+02 4.271009826660156250e+02 3.577880249023437500e+02
4.080936889648437500e+02 4.304618835449218750e+01 3.819810485839843750e+02 4.565279769897460938e+01
4.625464630126953125e+01 3.379003295898437500e+02 1.369184875488281250e+01 3.326423034667968750e+02
4.385657958984375000e+02 3.504859619140625000e+02 4.390220642089843750e+02 3.654032592773437500e+02
3.628459472656250000e+02 3.914841613769531250e+02 3.539323425292968750e+02 4.006169738769531250e+02
4.670756835937500000e+02 7.689285278320312500e+01 4.674585266113281250e+02 7.684904479980468750e+01
2.773276062011718750e+02 3.723694458007812500e+02 4.630638885498046875e+01 3.375569763183593750e+02
2.075008392333984375e+02 9.201622009277343750e+01 6.283554840087890625e+01 1.063811035156250000e+02
4.123312988281250000e+02 3.696943969726562500e+02 4.121018066406250000e+02 3.313602600097656250e+02
1.413696441650390625e+02 2.745086669921875000e+02 1.633184051513671875e+02 2.729554443359375000e+02
1.576204071044921875e+02 4.789599914550781250e+02 3.029620056152343750e+02 3.777087097167968750e+02
3.819535522460937500e+02 4.613631439208984375e+01 3.820370178222656250e+02 4.612644577026367188e+01
2.525386047363281250e+02 3.799855041503906250e+02 2.218789978027343750e+02 3.738924865722656250e+02
1.232137374877929688e+02 1.407439727783203125e+02 1.232139205932617188e+02 1.407440032958984375e+02
3.234564514160156250e+02 3.842818603515625000e+02 3.227999572753906250e+02 3.726703796386718750e+02
2.887000122070312500e+02 2.937579040527343750e+02 2.886919860839843750e+02 2.937601623535156250e+02
1.970505828857421875e+02 1.535942382812500000e+02 2.137366485595703125e+02 1.585428771972656250e+02
2.379766540527343750e+02 1.292675018310546875e+02 1.779002227783203125e+02 1.331541137695312500e+02
4.539886093139648438e+01 1.520885467529296875e+02 4.540451431274414062e+01 1.521651763916015625e+02
3.974985656738281250e+02 3.363564453125000000e+02 3.980126953125000000e+02 3.139980468750000000e+02
2.379845123291015625e+02 1.293621368408203125e+02 1.688470611572265625e+02 1.338635864257812500e+02
2.621827392578125000e+02 1.238015975952148438e+02 2.620361938476562500e+02 1.238082962036132812e+02
6.183109741210937500e+02 3.849172973632812500e+02 6.183596801757812500e+02 3.831958312988281250e+02
3.983939208984375000e+02 3.363770141601562500e+02 3.816778564453125000e+02 3.353036193847656250e+02
