
2.309903e+02	2.961941e+02	1.930105e+02	2.946023e+02	
2.769907e+02	2.991575e+02	2.420124e+02	2.975692e+02	
1.439933e+02	294	1.159755e+02	294	
2.770409e+02	274	2.600116e+02	274	
6.110348e+02	339	5.920085e+02	339	
1.839994e+02	2.950035e+02	1.530145e+02	2.927825e+02	
2.159912e+02	2.980621e+02	1.930201e+02	2.965364e+02	
9.402257e+01	3.226549e+02	6.201656e+01	3.207534e+02	
2.770384e+02	293	2.600091e+02	293	
6.179858e+02	3.791035e+02	5.300142e+02	3.668965e+02	
1.410692e+02	290	1.239520e+02	290	
7.797699e+01	2.914599e+02	5.801102e+01	2.899236e+02	
1.049925e+02	2.940070e+02	8.702794e+01	2.924985e+02	
1.830524e+02	273	1.700140e+02	273	
1.079826e+02	2.911652e+02	8.596303e+01	2.893936e+02	
4.999090e+01	2.909926e+02	3.603999e+01	2.894524e+02	
1.690563e+02	297	1.570147e+02	297	
2.799286e+01	3.080004e+02	1.202762e+01	3.065475e+02	
5.839881e+02	347	5.709497e+02	347	
5.107002e+01	285	4.102015e+01	285	
2.595923e+01	2.865238e+02	1.300987e+01	2.850026e+02	
5.400549e+02	342	5.199551e+02	342	
5.099871e+02	4.221145e+02	4.920000e+02	4.200015e+02	
4.659592e+02	4.705238e+02	4.530099e+02	4.690026e+02	
5.097689e+01	2.881955e+02	3.502494e+01	2.866032e+02	
4.796663e+01	3.094449e+02	3.500949e+01	3.079916e+02	
8.496878e+01	3.194382e+02	7.101788e+01	3.178980e+02	
6.360011e+02	3.819935e+02	6.239989e+02	3.800065e+02	
3.419782e+02	382	3.329228e+02	382	
5.580565e+02	2.644861e+02	5.380332e+02	2.627343e+02	
5.580328e+02	2.667010e+02	5.359389e+02	2.644958e+02	
1.419922e+02	3.200929e+02	1.160146e+02	3.178202e+02	
6.079590e+02	3.372944e+02	5.930004e+02	3.350054e+02	
5.739833e+02	3.601319e+02	5.560316e+02	3.577366e+02	
5.130175e+02	3.648722e+02	4.910193e+02	3.618589e+02	
2.895884e+01	3.904615e+02	1.801051e+01	3.890007e+02	
6.039816e+02	253	5.959194e+02	253	
6.199617e+02	2.554215e+02	6.090265e+02	2.538652e+02	
1.799815e+02	2.761196e+02	1.670244e+02	2.746662e+02	
1.769740e+02	298	1.699029e+02	298	
7.697267e+01	3.132422e+02	5.801419e+01	3.108808e+02	
9.896857e+01	3.182634e+02	8.003143e+01	3.157366e+02	
6.391231e+02	334	6.308769e+02	334	
421	346	421	346	
5.630971e+02	361	5.560260e+02	361	
4.849816e+02	450	4.769194e+02	450	
2.099714e+02	178	2.038886e+02	178	
1.820927e+02	186	1.740304e+02	186	
1.059714e+02	288	9.988859e+01	288	
2.329631e+02	2.993769e+02	2.230288e+02	2.978568e+02	
6.003150e+01	3.198575e+02	3.623933e+01	3.130802e+02	
7.895671e+01	3.273092e+02	6.400210e+01	3.249941e+02	
5.769570e+02	3.521899e+02	5.629167e+02	3.493843e+02	
4.178403e+02	3.637041e+02	4.039478e+02	3.602403e+02	
1.261114e+02	370	1.200286e+02	370	
4.809714e+02	435	4.748886e+02	435	
1.319475e+02	1.903892e+02	1.250135e+02	1.890036e+02	
6.351056e+02	189	6.280345e+02	189	
4.167826e+02	2.045899e+02	4.077808e+02	2.015954e+02	
5.399684e+02	225	5.348694e+02	225	
2.559548e+02	2.771899e+02	2.480488e+02	2.756101e+02	
5.271306e+02	357	5.220316e+02	357	
6.360325e+02	357	6.160075e+02	357	
5.269610e+02	3.671911e+02	5.169607e+02	3.651929e+02	
2.799807e+01	3.699968e+02	2.093421e+01	3.682356e+02	
5.101306e+02	401	5.050316e+02	401	
5.699947e+02	4.090082e+02	5.531255e+02	4.044881e+02	
5.590442e+02	4.177958e+02	5.450445e+02	4.147945e+02	
4.139684e+02	420	4.088694e+02	420	
4.729210e+02	4.744790e+02	4.670189e+02	4.730074e+02	
6.378671e+02	1.754808e+02	6.188121e+02	1.706945e+02	
6.049856e+02	1.960026e+02	5.990493e+02	1.946757e+02	
4.266813e+02	2.557630e+02	4.120039e+02	2.490121e+02	
4.199990e+02	2.550033e+02	4.130010e+02	2.529967e+02	
6.981058e+00	2.859916e+02	2.077121e+00	2.845947e+02	
9.794834e+01	2.882079e+02	9.104488e+01	2.866774e+02	
6.019990e+02	3.210033e+02	5.950010e+02	3.189967e+02	
1.399653e+02	333	1.358422e+02	333	
4.289229e+02	3.604053e+02	4.240189e+02	3.590084e+02	
4.507887e+01	3.857346e+02	3.807729e+01	3.837402e+02	
7.395070e+01	3.943243e+02	6.801443e+01	3.929974e+02	
6.159507e+02	4.033243e+02	6.100144e+02	4.019974e+02	
2.997775e+02	2.443985e+01	2.912225e+02	1.956015e+01	
3.811229e+02	5.479299e+01	3.678771e+02	4.720701e+01	
2.699885e+01	3.760031e+02	1.900115e+01	3.729969e+02	
2.882397e+01	3.813820e+02	1.782887e+01	3.763712e+02	
1.038760e+02	3.793503e+02	9.800373e+01	3.770016e+02	
6.190000e+02	3.000209e+02	5.950000e+02	2.999791e+02	
1.770000e+02	2.430157e+02	1.590000e+02	2.429843e+02	
2.780000e+02	2.360148e+02	2.610000e+02	2.359852e+02	
2.770000e+02	2.770148e+02	2.600000e+02	2.769852e+02	
2.779870e+02	238	2.609576e+02	238	
3.879611e+02	3.015513e+02	2.180609e+02	3.167145e+02	
8.699999e+01	3.240140e+02	7.100001e+01	3.239860e+02	
1.849911e+02	2.399336e+02	1.610203e+02	2.414837e+02	
5.380000e+02	2.560131e+02	5.230000e+02	2.559869e+02	
7.299999e+01	2.880131e+02	5.800001e+01	2.879869e+02	
2.730000e+02	3.010131e+02	2.580000e+02	3.009869e+02	
4.430000e+02	3.120131e+02	4.280000e+02	3.119869e+02	
1.080000e+02	2.440122e+02	9.400001e+01	2.439878e+02	
2.799999e+01	2.880122e+02	1.400001e+01	2.879878e+02	
5.910339e+02	339	5.720076e+02	339	
1.100000e+02	2.460113e+02	9.700001e+01	2.459887e+02	
1.389873e+02	3.238367e+02	8.003418e+01	3.284764e+02	
8.096171e+01	3.305032e+02	1.989389e+00	3.368571e+02	
1.860490e+02	224	1.720133e+02	224	
4.499804e+02	3.447421e+02	4.220075e+02	3.470910e+02	
5.905903e+01	227	4.701744e+01	227	
2.340000e+02	2.300096e+02	2.230000e+02	2.299904e+02	
2.310000e+02	2.930096e+02	2.200000e+02	2.929904e+02	
6.050000e+02	2.980096e+02	5.940000e+02	2.979904e+02	
3.569826e+02	307	3.449410e+02	307	
1.990159e+02	3.181779e+02	1.430245e+02	3.232735e+02	
1.789803e+02	2.147704e+02	1.580184e+02	2.163833e+02	
1.539752e+02	2.147210e+02	1.160325e+02	2.183745e+02	
4.298896e+01	2.268467e+02	1.201606e+01	2.292299e+02	
1.080000e+02	2.720087e+02	9.800001e+01	2.719913e+02	
2.560000e+02	2.940087e+02	2.460000e+02	2.939913e+02	
3.680000e+02	3.060087e+02	3.580000e+02	3.059913e+02	
2.760094e+02	3.151150e+02	2.150107e+02	3.201300e+02	
6.140000e+02	3.630087e+02	6.040000e+02	3.629913e+02	
1.729918e+02	1.880024e+02	1.590330e+02	1.894695e+02	
1.080265e+02	2.192529e+02	6.004006e+01	2.243812e+02	
2.340000e+02	2.230079e+02	2.250000e+02	2.229921e+02	
5.410609e+02	258	5.300156e+02	258	
1.070000e+02	2.740079e+02	9.800001e+01	2.739921e+02	
3.700000e+02	3.670079e+02	3.610000e+02	3.669921e+02	
1.120891e+02	1.936170e+02	9.005573e+01	1.963614e+02	
5.497325e+01	2.027885e+02	3.795938e+01	2.046669e+02	
2.620536e+02	2.034635e+02	1.979328e+02	2.104293e+02	
2.799986e+02	2.049891e+02	2.570181e+02	2.072019e+02	
2.710000e+02	2.170070e+02	2.630000e+02	2.169930e+02	
1.159821e+02	2.208980e+02	1.020312e+02	2.224382e+02	
2.570000e+02	2.390070e+02	2.490000e+02	2.389930e+02	
1.240000e+02	2.910070e+02	1.160000e+02	2.909930e+02	
1.799847e+02	2.899036e+02	1.650258e+02	2.913967e+02	
2.510000e+02	3.000070e+02	2.430000e+02	2.999930e+02	
1.149902e+02	3.190048e+02	1.030409e+02	3.204931e+02	
6.279477e+02	3.256910e+02	6.039434e+02	3.296649e+02	
1.940282e+02	3.233120e+02	9.392727e+01	3.322458e+02	
4.597818e+01	339	3.692280e+01	339	
4.980000e+02	3.410070e+02	4.900000e+02	3.409930e+02	
3.940772e+02	363	3.850218e+02	363	
6.130663e+02	366	6.030164e+02	366	
2.320000e+02	1.750061e+02	2.250000e+02	1.749939e+02	
1.869635e+02	1.817281e+02	1.560184e+02	1.861322e+02	
1.090247e+02	1.971498e+02	9.100108e+01	2.000045e+02	
8.097312e+01	1.978599e+02	6.191570e+01	2.004704e+02	
1.969803e+02	2.128863e+02	1.840309e+02	2.144075e+02	
1.630000e+02	2.900061e+02	1.560000e+02	2.899939e+02	
6.189877e+02	2.970072e+02	6.090534e+02	2.985274e+02	
2.850000e+02	3.140061e+02	2.780000e+02	3.139939e+02	
7.699999e+01	3.340061e+02	7.000001e+01	3.339939e+02	
4.399999e+01	3.370061e+02	3.700001e+01	3.369939e+02	
2.998766e+01	3.400072e+02	2.005342e+01	3.415274e+02	
6.390000e+02	3.410061e+02	6.320000e+02	3.409939e+02	
5.190500e+02	3.422871e+02	4.900691e+02	3.473972e+02	
5.569816e+02	3.418050e+02	5.220270e+02	3.452939e+02	
5.850000e+02	3.510061e+02	5.780000e+02	3.509939e+02	
3.900000e+02	4.050061e+02	3.830000e+02	4.049939e+02	
3.570000e+02	1.200052e+02	3.510000e+02	1.199948e+02	
2.800318e+02	1.671919e+02	2.449682e+02	1.728081e+02	
2.320000e+02	1.730052e+02	2.260000e+02	1.729948e+02	
2.329630e+02	1.767156e+02	2.000370e+02	1.812844e+02	
1.449588e+02	1.875736e+02	1.350117e+02	1.890070e+02	
1.469814e+02	1.898588e+02	1.220350e+02	1.932760e+02	
2.789816e+02	201	2.709194e+02	201	
5.292774e+01	2.055220e+02	3.897550e+01	2.078318e+02	
1.012311e+01	210	1.876894e+00	210	
4.600000e+01	2.360052e+02	4.000000e+01	2.359948e+02	
2.040000e+02	2.920052e+02	1.980000e+02	2.919948e+02	
2.140000e+02	2.920052e+02	2.080000e+02	2.919948e+02	
2.400000e+01	3.150052e+02	1.800000e+01	3.149948e+02	
2.700000e+01	3.170052e+02	2.100000e+01	3.169948e+02	
6.250534e+02	334	6.110177e+02	334	
1.100000e+01	3.400052e+02	5.000005e+00	3.399948e+02	
4.130622e+02	356	4.010206e+02	356	
4.500000e+02	3.580052e+02	4.440000e+02	3.579948e+02	
5.380000e+02	3.600052e+02	5.320000e+02	3.599948e+02	
5.870000e+02	3.610052e+02	5.810000e+02	3.609948e+02	
4.090000e+02	3.640052e+02	4.030000e+02	3.639948e+02	
4.929740e+02	392	4.859029e+02	392	
1.450000e+02	4.680052e+02	1.390000e+02	4.679948e+02	
5.730000e+02	5.400436e+01	5.680000e+02	5.399564e+01	
2.719864e+02	1.650030e+02	2.640540e+02	1.664445e+02	
2.749815e+02	1.708587e+02	2.510185e+02	1.741413e+02	
2.170000e+02	1.770044e+02	2.120000e+02	1.769956e+02	
1.850000e+02	1.800044e+02	1.800000e+02	1.799956e+02	
8.197575e+01	1.998408e+02	6.200099e+01	2.030045e+02	
2.405201e+01	2.062125e+02	1.600126e+01	2.079973e+02	
3.095458e+01	2.076912e+02	1.697892e+01	2.098547e+02	
9.986353e+00	2.120030e+02	2.054019e+00	2.134445e+02	
5.569743e+02	2.499081e+02	5.389549e+02	2.548377e+02	
3.169714e+02	287	3.108886e+02	287	
6.999996e+00	2.880044e+02	2.000004e+00	2.879956e+02	
1.340000e+02	2.920044e+02	1.290000e+02	2.919956e+02	
4.350000e+02	3.310044e+02	4.300000e+02	3.309956e+02	
2.497209e+01	3.325213e+02	8.007508e+00	3.340055e+02	
6.300000e+01	3.350044e+02	5.800000e+01	3.349956e+02	
7.598065e+01	336	6.890958e+01	336	
5.819864e+02	3.360030e+02	5.740540e+02	3.374445e+02	
3.100000e+01	3.380044e+02	2.600000e+01	3.379956e+02	
6.198864e+01	3.369955e+02	5.303985e+01	3.383809e+02	
2.400000e+01	3.390044e+02	1.900000e+01	3.389956e+02	
6.370000e+02	3.390044e+02	6.320000e+02	3.389956e+02	
1.196308e+01	3.416231e+02	2.028840e+00	3.431432e+02	
4.360000e+02	3.540044e+02	4.310000e+02	3.539956e+02	
5.620000e+02	3.560044e+02	5.570000e+02	3.559956e+02	
4.430418e+02	3.603362e+02	4.199871e+02	3.628814e+02	
419	362	419	362	
1.030000e+02	3.680044e+02	9.800000e+01	3.679956e+02	
3.739864e+02	3.690030e+02	3.660540e+02	3.704445e+02	
5.320000e+02	4.340044e+02	5.270000e+02	4.339956e+02	
1.119865e+02	1.910036e+02	1.050525e+02	1.923892e+02	
1.689210e+02	2.125210e+02	1.630189e+02	2.139926e+02	
2.780000e+02	2.160035e+02	2.740000e+02	2.159965e+02	
2.590000e+02	2.180035e+02	2.550000e+02	2.179965e+02	
2.710000e+02	2.220035e+02	2.670000e+02	2.219965e+02	
1.108258e+01	231	2.027194e+00	231	
6.188239e+02	2.393963e+02	6.080050e+02	2.429953e+02	
3.869909e+02	3.040074e+02	3.730400e+02	3.055476e+02	
2.029811e+02	3.210074e+02	1.970790e+02	3.224790e+02	
5.270006e+02	3.470025e+02	5.189994e+02	3.489975e+02	
5.780000e+02	4.410035e+02	5.740000e+02	4.409965e+02	
1.959811e+02	4.620074e+02	1.900790e+02	4.634790e+02	
5.968169e+02	4.654007e+02	5.800028e+02	4.709940e+02	
3.839171e+02	3.472262e+01	3.669987e+02	3.999212e+01	
3.539656e+02	4.387936e+01	3.241051e+02	5.238534e+01	
3.068728e+02	5.759256e+01	2.038230e+00	1.531219e+02	
2.969856e+02	6.499736e+01	2.910493e+02	6.632427e+01	
2.809525e+02	9.677946e+01	2.660475e+02	1.002205e+02	
2.380582e+02	1.082295e+02	2.260615e+02	1.112428e+02	
2.211256e+02	1.123869e+02	2.098744e+02	1.156131e+02	
1.910576e+02	1.202225e+02	1.680040e+02	1.260132e+02	
1.049055e+02	1.306756e+02	1.937541e+00	1.607855e+02	
1.159177e+02	1.397180e+02	1.020011e+02	1.439993e+02	
5.614912e+02	1.430997e+02	5.507509e+02	1.495531e+02	
1.351578e+02	188	1.310347e+02	188	
6.389856e+02	3.599974e+02	6.330493e+02	3.613243e+02	
3.538941e+02	3.667587e+02	2.851059e+02	3.972413e+02	
75	393	75	393	
2.697980e+02	4.015874e+02	2.350063e+02	4.190098e+02	
4.760927e+02	448	4.680304e+02	448	
1.409205e+02	4.537324e+02	1.339224e+02	4.557391e+02	
6.218375e+02	4.626201e+02	6.030043e+02	4.710051e+02	
5.741484e+02	4.743408e+02	5.650039e+02	4.779983e+02	
9.107758e+01	4.772609e+02	8.407949e+01	4.792676e+02	
6.242177e+02	1.073879e+02	6.157823e+02	1.116121e+02	
8.589589e+01	1.477040e+02	7.989467e+01	1.497003e+02	
5.663375e+02	1.345792e+02	5.206625e+02	1.604208e+02	
5.814840e+01	1.553408e+02	4.900387e+01	1.589983e+02	
5.611902e+02	1.743599e+02	5.422501e+02	1.844729e+02	
5.071484e+02	2.773408e+02	4.980039e+02	2.809983e+02	
3.141143e+02	2.912926e+02	3.090074e+02	2.930013e+02	
3.710822e+02	3.602138e+02	3.580444e+02	3.651144e+02	
7.992613e+00	3.839987e+02	2.885734e+00	3.857074e+02	
8.799261e+01	3.929987e+02	8.288573e+01	3.947074e+02	
2.311455e+02	4.203346e+02	1.328545e+02	4.626654e+02	
1.679988e+02	4.449969e+02	1.600012e+02	4.480031e+02	
6.388714e+02	4.467026e+02	6.221286e+02	4.542974e+02	
1.531446e+02	4.513424e+02	1.390023e+02	4.569989e+02	
6.159675e+02	4.549448e+02	5.978034e+02	4.646436e+02	
6.389465e+02	4.539119e+02	6.268077e+02	4.606683e+02	
1.268565e+02	4.586328e+02	1.190034e+02	4.619986e+02	
1.290002e+02	4.610030e+02	9.613780e+01	4.743470e+02	
1.279967e+02	4.649945e+02	9.314490e+01	4.793593e+02	
1.019241e+02	4.688146e+02	7.993212e+01	4.778342e+02	
1.099535e+01	4.100343e+01	2.264156e+00	4.645928e+01	
6.281106e+02	1.121308e+02	6.143219e+02	1.243730e+02	
5.611530e+02	1.622295e+02	5.388470e+02	1.767705e+02	
5.400390e+02	2.300415e+02	5.219610e+02	2.469585e+02	
451	2.799955e+02	451	2.359841e+02	
386	3.509929e+02	386	3.179777e+02	
4.535812e+02	3.730280e+02	4.492361e+02	3.019850e+02	
222	153	222	153	
630	7.299216e+01	630	4.797217e+01	
4.330400e+02	2.509980e+02	4.303261e+02	1.769869e+02	
182	2.719911e+02	182	2.509673e+02	
295	3.010352e+02	295	2.810102e+02	
219	244	219	230	
120	2.819846e+02	120	2.679490e+02	
130	2.779846e+02	130	2.639490e+02	
289	9.603121e+01	289	7.201039e+01	
5.910735e+02	2.619936e+02	5.882392e+02	2.259802e+02	
33	2.550547e+02	33	2.420163e+02	
95	3.500547e+02	95	3.370163e+02	
4.220234e+02	1.969976e+02	4.189766e+02	1.670024e+02	
4.330010e+02	1.369996e+02	4.308183e+02	1.130155e+02	
5.882558e+02	2.989747e+02	5.804423e+02	2.220530e+02	
113	3.169904e+02	113	3.019571e+02	
238	287	238	276	
4.181083e+02	1.919875e+02	4.148917e+02	1.650125e+02	
429	1.830096e+02	429	2.070304e+02	
62	401	62	391	
8.145252e+01	2.199724e+02	7.999957e+01	2.040071e+02	
85	2.330131e+02	85	2.520394e+02	
165	1.820641e+02	165	1.710187e+02	
309	1.070503e+02	309	9.401193e+01	
318	1.150467e+02	318	9.901552e+01	
423	1.689813e+02	423	1.579359e+02	
580	2.879853e+02	580	2.759437e+02	
586	1.770503e+02	586	1.640119e+02	
5.873626e+02	3.119679e+02	5.830975e+02	2.659918e+02	
81	3.490609e+02	81	3.380156e+02	
95	3.610700e+02	95	3.510201e+02	
120	3.560609e+02	120	3.450156e+02	
150	3.060609e+02	150	2.950156e+02	
166	2.870609e+02	166	2.760156e+02	
191	238	191	229	
256	114	256	114	
3.074696e+02	9.696828e+01	3.058982e+02	8.201734e+01	
386	3.169844e+02	386	3.059391e+02	
409	1.619844e+02	409	1.509391e+02	
417	1.660609e+02	417	1.550156e+02	
4.354696e+02	4.096828e+01	4.338982e+02	2.601734e+01	
4.491199e+02	1.969836e+02	4.427439e+02	1.510342e+02	
4.563605e+02	5.795140e+01	4.536301e+02	3.603008e+01	
507	69	507	69	
1.154449e+02	1.559666e+02	1.139916e+02	1.430095e+02	
255	3.680067e+02	255	4.050203e+02	
2.904931e+02	2.939591e+02	2.890048e+02	2.820098e+02	
297	2.899915e+02	297	2.709652e+02	
3.170435e+02	4.806241e+01	3.158523e+02	1.395111e+01	
4.041348e+02	1.859830e+02	4.021139e+02	1.699857e+02	
4.281513e+02	1.819746e+02	4.251709e+02	1.639714e+02	
4.331541e+02	1.109786e+02	4.299872e+02	8.900204e+01	
4.551813e+02	3.398025e+01	4.536379e+02	1.702095e+01	
4.874445e+02	2.699460e+02	4.860030e+02	2.620136e+02	
5.598841e+02	2.400136e+02	5.565976e+02	2.150496e+02	
5.854989e+02	3.339206e+02	5.801533e+02	3.019765e+02	
588	3.359782e+02	588	3.269228e+02	
3.226968e+02	2.605381e+01	3.210057e+02	1.500212e+01	
4.249770e+02	1.340049e+02	4.172386e+02	9.994435e+01	
421	2.490498e+02	421	2.340165e+02	
4.290076e+02	2.429983e+02	4.209924e+02	2.080017e+02	
4.284763e+02	7.205610e+01	4.266745e+02	5.103818e+01	
4.457736e+02	1.970428e+02	4.327422e+02	1.382620e+02	
4.494615e+02	2.349588e+02	4.480007e+02	2.240105e+02	
452	1.207278e+01	452	3.017392e+00	
5.825086e+02	2.549181e+02	5.769958e+02	2.230024e+02	
5.882462e+02	1.969659e+02	5.862710e+02	1.819626e+02	
6.134134e+02	2.819669e+02	6.119876e+02	2.700100e+02	
8	287	8	287	
4.411961e+01	2.769815e+02	4.266623e+01	2.640244e+02	
5.167228e+01	3.510609e+02	4.984624e+01	3.400307e+02	
79	3.529898e+02	79	3.359604e+02	
115	2.320092e+02	115	2.590277e+02	
1.204877e+02	3.419462e+02	1.190088e+02	3.330124e+02	
150	308	150	308	
163	379	163	379	
2.049912e+02	2.509876e+02	2.035123e+02	2.420538e+02	
299	3.030971e+02	299	2.960260e+02	
3.201196e+02	2.498154e+01	3.186662e+02	1.202440e+01	
3.279903e+02	1.399961e+02	3.200331e+02	1.092279e+02	
3.308567e+02	1.430194e+02	3.287245e+02	1.280376e+02	
3.442302e+02	2.194495e+01	3.400052e+02	4.999467e+00	
4.240104e+02	1.209980e+02	4.217405e+02	1.030300e+02	
4.300059e+02	1.079987e+02	4.268311e+02	8.902712e+01	
4.292627e+02	1.759637e+02	4.272613e+02	1.609638e+02	
4.406540e+02	9.703231e+01	4.368150e+02	5.401763e+01	
4.471103e+02	5.397969e+01	4.397101e+02	1.405179e+01	
4.464264e+02	1.459588e+02	4.449930e+02	1.360117e+02	
469	2.899740e+02	469	2.829029e+02	
5.783649e+02	2.179579e+02	5.761264e+02	1.999860e+02	
5.831902e+02	3.349634e+02	5.778098e+02	3.080366e+02	
581	197	581	197	
19	2.789714e+02	19	2.728886e+02	
84	232	84	232	
93	1.851401e+02	93	1.778599e+02	
96	1.929806e+02	96	1.859096e+02	
2.315791e+02	2.789421e+02	2.290017e+02	2.570023e+02	
3.089970e+02	8.998635e+01	3.075555e+02	8.205402e+01	
3.508959e+02	4.270541e+01	3.466026e+02	2.979930e+01	
4.147722e+02	5.676179e+01	4.086325e+02	3.680424e+01	
4.376364e+02	1.978739e+02	4.269575e+02	1.471989e+02	
4.424586e+02	1.498878e+02	4.332465e+02	1.129401e+02	
455	7.405744e+01	455	6.101903e+01	
4.704760e+02	2.131192e+02	4.686526e+02	2.030855e+02	
4.816275e+02	2.989743e+02	4.799938e+02	2.730064e+02	
4.954445e+02	2.569460e+02	4.940030e+02	2.490136e+02	
5.473506e+02	1.229316e+02	5.453515e+02	1.119314e+02	
5.770393e+02	2.999888e+02	5.607028e+02	2.410811e+02	
5.770132e+02	3.069935e+02	5.665319e+02	2.718347e+02	
17	355	17	355	
6.465035e+01	2.797767e+02	5.707941e+01	2.589757e+02	
7.087904e+01	1.980503e+02	6.076181e+01	1.740995e+02	
120	288	120	284	
236	326	236	326	
297	2.430246e+02	297	2.530744e+02	
2.999964e+02	2.829865e+02	2.986108e+02	2.760525e+02	
3.061919e+02	1.909648e+02	3.038081e+02	1.790352e+02	
3.091658e+02	1.339664e+02	3.076712e+02	1.250352e+02	
317	254	317	254	
4.089993e+02	1.159980e+02	4.026350e+02	1.011489e+02	
4.185300e+02	2.378712e+02	4.160042e+02	2.290043e+02	
4.245813e+02	2.483239e+01	4.189947e+02	7.005706e+00	
4.255300e+02	2.068712e+02	4.230042e+02	1.980043e+02	
4.489954e+02	2.200152e+01	4.440046e+02	6.998476e+00	
4.492279e+02	1.379451e+02	4.432260e+02	1.129456e+02	
466	5.913065e+01	466	5.403163e+01	
4.691671e+02	7.697409e+01	4.668329e+02	6.302591e+01	
5.561848e+02	2.269292e+02	5.545690e+02	2.188429e+02	
612	283	612	283	
4.798079e+01	1.929536e+02	4.491783e+01	1.822010e+02	
8.967285e+01	2.727656e+02	8.400655e+01	2.580044e+02	
1.287391e+02	1.870776e+02	1.267324e+02	1.800795e+02	
2.992719e+02	9.992168e+01	2.904537e+02	7.015191e+01	
3.009975e+02	2.779996e+02	2.987903e+02	2.680433e+02	
3.998116e+02	1.648420e+02	3.962520e+02	1.479503e+02	
4.130033e+02	1.329990e+02	4.109967e+02	1.260010e+02	
4.160823e+02	1.909686e+02	4.102379e+02	1.749111e+02	
4.260060e+02	1.459953e+02	4.222921e+02	1.348955e+02	
4.524276e+02	1.057815e+02	4.461251e+02	9.441148e+01	
4.486630e+02	3.007853e+02	4.450068e+02	2.910062e+02	
468	3.670927e+02	468	3.590304e+02	
4.726903e+02	7.311737e+01	4.679951e+02	6.000420e+01	
4.755289e+02	1.149131e+02	4.731771e+02	1.019721e+02	
4.778209e+02	3.096578e+02	4.725983e+02	2.991829e+02	
4.879975e+02	1.049996e+02	4.857903e+02	9.504327e+01	
5.610345e+02	2.494183e+02	5.493127e+02	2.298326e+02	
581	205	581	205	
1.724236e+01	2.718984e+02	1.212112e+01	2.599497e+02	
2.124349e+01	1.969010e+02	1.575651e+01	1.840990e+02	
3.737905e+01	2.688434e+02	3.299837e+01	2.590043e+02	
4.199273e+01	1.899996e+02	3.660130e+01	1.791861e+02	
9.129885e+01	1.769075e+02	8.800337e+01	1.670010e+02	
1.183006e+02	2.669098e+02	1.160027e+02	2.600019e+02	
1.230016e+02	1.719994e+02	1.189984e+02	1.610006e+02	
1.573015e+02	1.619123e+02	1.546985e+02	1.540877e+02	
2.060015e+02	1.689872e+02	2.047593e+02	1.640418e+02	
2.946262e+02	1.716965e+01	2.906360e+02	8.165292e+00	
3.633769e+02	2.008422e+02	3.576231e+02	1.881578e+02	
3.800014e+02	1.599409e+01	3.745640e+02	6.225016e+00	
4.083135e+02	1.791917e+02	4.016865e+02	1.528083e+02	
4.178128e+02	7.860781e+01	4.073981e+02	5.781031e+01	
4.201157e+02	2.329305e+02	4.104399e+02	2.163059e+02	
4.152903e+02	1.189435e+02	4.140183e+02	1.520552e+02	
4.193542e+02	2.028581e+02	4.106458e+02	1.821419e+02	
4.237158e+02	2.301493e+02	4.134378e+02	2.112982e+02	
4.200031e+02	9.399885e+01	4.169969e+02	8.600115e+01	
4.280029e+02	2.529987e+02	4.239971e+02	2.440013e+02	
4.473631e+02	2.228575e+02	4.376369e+02	1.991425e+02	
4.430775e+02	2.879560e+02	4.283396e+02	2.608121e+02	
4.469581e+02	2.810170e+02	4.384212e+02	2.627928e+02	
4.779957e+02	7.800164e+01	4.730043e+02	6.499836e+01	
5.673357e+02	3.358839e+02	5.639979e+02	3.270036e+02	
2.948899e+02	2.906932e+01	2.820877e+02	1.370365e+01	
4.099503e+02	4.904151e+01	3.855448e+02	2.240753e+01	
4.049982e+02	4.800159e+01	3.850018e+02	2.499841e+01	
4.040030e+02	2.699847e+01	3.989970e+02	1.700153e+01	
4.070010e+02	4.299917e+01	3.979990e+02	3.200083e+01	
4.160024e+02	1.099923e+02	4.034976e+02	9.438366e+01	
4.300029e+02	2.519987e+02	4.259971e+02	2.430013e+02	
133	3.860030e+02	133	4.550102e+02	
62	4.019847e+02	62	4.770113e+02	
5.056745e+01	3.879905e+02	4.897890e+01	4.789987e+02	
4.712325e+01	3.870027e+02	4.503552e+01	4.790008e+02	
163	3.799887e+02	163	4.419968e+02	
140	3.809908e+02	140	4.519978e+02	
187	432	187	378	
143	3.819903e+02	143	4.499977e+02	
9.149946e+01	3.879876e+02	8.988642e+01	4.719959e+02	
153	3.819897e+02	153	4.459975e+02	
1.160787e+02	3.860032e+02	1.144869e+02	4.619931e+02	
195	429	195	380	
1.211359e+01	3.970033e+02	1.053929e+01	4.789943e+02	
1.651346e+01	3.889879e+02	1.462817e+01	4.789904e+02	
389	3.030044e+02	389	3.540142e+02	
393	354	393	306	
6.641011e+01	3.890046e+02	6.483930e+01	4.789964e+02	
326	358	326	311	
335	3.100024e+02	335	3.720104e+02	
421	2.590048e+02	421	3.070152e+02	
8.120432e+01	3.910063e+02	7.948653e+01	4.730127e+02	
126	4.099850e+02	126	4.579954e+02	
1.510630e+02	3.820035e+02	1.494503e+02	4.479913e+02	
224	417	224	372	
1.074925e+02	3.869863e+02	1.058585e+02	4.649948e+02	
296	357	296	314	
332	358	332	315	
9.520095e+01	3.870051e+02	9.285487e+01	4.709962e+02	
363	350	363	308	
606	296	606	254	
1.705366e+02	3.780090e+02	1.689134e+02	4.399958e+02	
220	3.730044e+02	220	4.190152e+02	
337	350	337	309	
342	358	342	317	
608	296	608	255	
3.522185e+01	3.780049e+02	3.275372e+01	4.789946e+02	
1.191572e+02	3.890047e+02	1.175463e+02	4.599935e+02	
1.795584e+02	3.790102e+02	1.779666e+02	4.359967e+02	
213	3.760042e+02	213	4.220150e+02	
219	2.449833e+02	219	2.879949e+02	
311	353	311	313	
300	353	300	314	
316	357	316	318	
198	3.800034e+02	198	4.280138e+02	
298	353	298	315	
309	356	309	318	
339	363	339	325	
425	300	425	262	
217	3.799821e+02	217	4.199946e+02	
205	3.829836e+02	205	4.249955e+02	
349	345	349	309	
8.113895e+01	2.370051e+02	7.954195e+01	2.979924e+02	
230	415	230	380	
210	3.769859e+02	210	4.229968e+02	
2.474980e+02	2.279832e+02	2.458480e+02	2.909933e+02	
318	2.120053e+02	318	2.500185e+02	
369	3.050046e+02	369	3.450171e+02	
117	365	117	332	
131	364	131	331	
240	410	240	377	
344	342	344	309	
347	355	347	322	
365	343	365	310	
1.041625e+02	3.880045e+02	1.025288e+02	4.659938e+02	
119	207	119	175	
246	407	246	375	
266	3.169827e+02	266	3.559955e+02	
271	3.169777e+02	271	3.499929e+02	
276	349	276	317	
324	359	324	327	
619	296	619	264	
2.251128e+02	1.120051e+02	2.235402e+02	1.649912e+02	
235	3.740042e+02	235	4.130170e+02	
257	403	257	372	
260	403	260	372	
293	3.150049e+02	293	3.520184e+02	
420	3.079816e+02	420	3.449951e+02	
1.821870e+02	3.800068e+02	1.805551e+02	4.349917e+02	
1.990945e+02	2.280054e+02	1.975028e+02	2.759894e+02	
249	407	249	377	
2.570997e+02	1.040045e+02	2.554497e+02	1.670146e+02	
261	3.179775e+02	261	3.499931e+02	
307	2.320050e+02	307	2.680188e+02	
318	342	318	312	
321	357	321	327	
5.415482e+01	2.540064e+02	5.228455e+01	3.050114e+02	
1.734048e+02	3.790070e+02	1.717572e+02	4.379925e+02	
2.034554e+02	3.760092e+02	2.018845e+02	4.259945e+02	
2.352096e+02	2.310089e+02	2.334495e+02	2.870170e+02	
256	348	256	319	
359	363	359	334	
84	1.689747e+02	84	1.979920e+02	
139	1.349667e+02	139	1.660312e+02	
253	3.189747e+02	253	3.479920e+02	
275	397	275	369	
284	3.660080e+02	284	3.950253e+02	
357	338	357	310	
76	4.499753e+02	76	4.789925e+02	
186	2.629765e+02	186	2.929932e+02	
189	209	189	182	
2.385416e+02	3.740145e+02	2.370161e+02	4.119970e+02	
245	347	245	320	
279	2.389826e+02	279	2.759961e+02	
1.471350e+02	2.370059e+02	1.450010e+02	2.840000e+02	
1.904083e+02	3.800081e+02	1.888060e+02	4.309927e+02	
2.491940e+02	1.160078e+02	2.475690e+02	1.649910e+02	
250	1.410086e+02	250	1.680271e+02	
2.525442e+02	3.690153e+02	2.510361e+02	4.049976e+02	
257	2.399799e+02	257	2.729951e+02	
226	205	226	180	
281	199	281	174	
288	391	288	366	
330	359	330	334	
384	351	384	326	
3.197507e+01	3.399995e+02	2.882079e+01	4.789961e+02	
77	4.179709e+02	77	4.490354e+02	
185	318	185	294	
2.625024e+02	1.130138e+02	2.609524e+02	1.499948e+02	
270	397	270	373	
2.739988e+02	3.170040e+02	2.724558e+02	3.509836e+02	
277	395	277	371	
286	391	286	367	
313	337	313	313	
1.151105e+02	1.610045e+02	1.127221e+02	2.179895e+02	
127	3.840085e+02	127	4.090285e+02	
1.535339e+02	1.560099e+02	1.518427e+02	2.129936e+02	
184	270	184	247	
2.221104e+02	1.140073e+02	2.205185e+02	1.519871e+02	
239	1.100062e+02	239	1.380241e+02	
239	347	239	324	
262	3.769696e+02	262	4.009904e+02	
265	400	265	377	
280	3.170085e+02	280	3.420285e+02	
304	337	304	314	
75	266	75	244	
1.425180e+02	1.340160e+02	1.409628e+02	1.669945e+02	
150	2.290070e+02	150	2.550263e+02	
197	1.839722e+02	197	2.089922e+02	
225	352	225	330	
2.272097e+02	3.720089e+02	2.255970e+02	4.159907e+02	
2.444413e+02	3.710114e+02	2.428757e+02	4.099928e+02	
2.590268e+02	3.180054e+02	2.574629e+02	3.499828e+02	
2.729957e+02	3.690015e+02	2.713699e+02	4.000234e+02	
473	7.396456e+01	473	1.000414e+02	
29	187	29	166	
130	3.669692e+02	130	3.899909e+02	
183	1.879669e+02	183	2.099897e+02	
204	1.320072e+02	204	1.570272e+02	
231	1.789743e+02	231	2.049935e+02	
238	2.879728e+02	238	3.129928e+02	
2.600608e+02	2.400063e+02	2.585055e+02	2.729848e+02	
271	2.469728e+02	271	2.719928e+02	
290	389	290	368	
292	390	292	369	
3.100198e+01	2.420014e+02	2.943756e+01	3.060135e+02	
89	219	89	199	
1.123550e+02	2.380141e+02	1.088630e+02	3.179942e+02	
116	316	116	296	
143	214	143	194	
1.575151e+02	2.430242e+02	1.550251e+02	2.890003e+02	
183	347	183	327	
194	208	194	188	
1.960756e+02	1.110071e+02	1.945117e+02	1.429845e+02	
2.440781e+02	1.020024e+02	2.412289e+02	2.040067e+02	
245	254	245	234	
264	135	264	115	
264	337	264	317	
2.809955e+02	2.060043e+02	2.794769e+02	2.349818e+02	
302	334	302	314	
5.924967e+02	2.640295e+02	5.902955e+02	3.000177e+02	
131	1.370055e+02	131	1.630247e+02	
1.501566e+02	1.550089e+02	1.485857e+02	1.909885e+02	
1.555135e+02	1.220181e+02	1.539443e+02	1.509929e+02	
156	1.900076e+02	156	2.130294e+02	
193	318	193	299	
204	347	204	328	
222	174	222	155	
269	3.170113e+02	269	3.370362e+02	
2.915177e+02	3.150306e+02	2.891910e+02	3.510110e+02	
617	197	617	178	
5.820746e+01	1.800081e+02	5.559528e+01	2.239760e+02	
102	175	102	157	
105	357	105	339	
116	216	116	198	
1.271001e+02	1.420086e+02	1.255292e+02	1.719841e+02	
1.915608e+02	2.389699e+02	1.898824e+02	2.689896e+02	
199	346	199	328	
214	347	214	329	
228	348	228	330	
2.372607e+02	3.199462e+02	2.357393e+02	3.510538e+02	
2.479822e+02	3.190032e+02	2.464549e+02	3.539841e+02	
2.511785e+02	3.190104e+02	2.495762e+02	3.529874e+02	
252	151	252	133	
2.681245e+02	3.700088e+02	2.665605e+02	4.019862e+02	
303	384	303	366	
305	384	305	366	
329	333	329	315	
4.897586e+02	3.129883e+02	4.876558e+02	3.559834e+02	
7.000000e+00	1.699599e+02	7.000000e+00	1.879876e+02	
14	359	14	342	
6.803928e+01	2.580070e+02	6.649617e+01	2.839804e+02	
74	286	74	269	
92	351	92	334	
108	352	108	335	
139	314	139	297	
187	151	187	134	
187	2.430106e+02	187	2.620369e+02	
191	3.259631e+02	191	3.449894e+02	
208	317	208	300	
231	347	231	330	
2.749752e+02	1.099990e+02	2.727113e+02	1.459833e+02	
279	3.729719e+02	279	3.959936e+02	
2.824447e+02	3.650149e+02	2.808737e+02	3.949905e+02	
301	385	301	368	
305	355	305	338	
306	2.689658e+02	306	2.889908e+02	
306	330	306	313	
319	360	319	343	
371	336	371	319	
453	124	453	107	
2.000000e+00	280	2.000000e+00	264	
25	204	25	188	
50	309	50	293	
57	2.389576e+02	57	2.559870e+02	
86	1.990111e+02	86	2.170388e+02	
122	212	122	196	
128	3.350130e+02	128	3.520424e+02	
136	283	136	267	
141	370	141	354	
188	344	188	328	
196	3.269642e+02	196	3.459905e+02	
221	346	221	330	
228	197	228	181	
257	292	257	276	
266	144	266	128	
2.842150e+02	7.101589e+01	2.824918e+02	1.050310e+02	
2.834742e+02	1.170183e+02	2.819311e+02	1.429918e+02	
351	365	351	349	
6.000000e+00	304	6.000000e+00	289	
3.412377e+01	1.800103e+02	3.256847e+01	2.069840e+02	
34	224	34	209	
38	2.070099e+02	38	2.250376e+02	
64	352	64	337	
7.311381e+01	2.430068e+02	7.150106e+01	2.849878e+02	
7.805607e+01	3.940090e+02	7.649024e+01	4.169774e+02	
140	185	140	170	
180	3.269551e+02	180	3.429863e+02	
190	1.520099e+02	190	1.700376e+02	
216	172	216	157	
228	1.400116e+02	228	1.570409e+02	
2.401978e+02	2.240089e+02	2.378998e+02	2.709953e+02	
268	3.379591e+02	268	3.549884e+02	
307	382	307	367	
323	326	323	311	
351	347	351	332	
24	283	24	269	
31	2.100121e+02	31	2.260433e+02	
48	353	48	339	
6.400106e+01	2.430002e+02	6.208916e+01	2.640084e+02	
8.053393e+01	1.539613e+02	7.887179e+01	1.789861e+02	
85	314	85	300	
124	215	124	201	
130	406	130	392	
1.345365e+02	2.670273e+02	1.330002e+02	2.869933e+02	
1.460745e+02	1.920105e+02	1.444999e+02	2.139768e+02	
159	157	159	143	
2.014393e+02	1.240177e+02	1.998683e+02	1.489883e+02	
220	1.560102e+02	220	1.730396e+02	
251	131	251	117	
295	387	295	373	
299	385	299	371	
307	356	307	342	
320	326	320	312	
354	351	354	337	
453	6.101448e+01	453	7.604778e+01	
1.309461e+01	1.840064e+02	1.144349e+01	2.269864e+02	
17	2.449616e+02	17	2.619909e+02	
2.421853e+01	1.650171e+02	2.217257e+01	1.910135e+02	
34	309	34	296	
72	1.549416e+02	72	1.710661e+02	
90	2.469483e+02	90	2.640656e+02	
99	1.549490e+02	99	1.689846e+02	
109	169	109	156	
1.105207e+02	1.990277e+02	1.089949e+02	2.179927e+02	
119	1.330154e+02	119	1.470510e+02	
119	283	119	283	
164	265	164	252	
1.669603e+02	1.270005e+02	1.654580e+02	1.700208e+02	
174	341	174	328	
186	178	186	165	
207	3.280091e+02	207	3.450384e+02	
217	315	217	302	
233	313	233	300	
259	291	259	278	
336	370	336	357	
426	195	426	182	
527	334	527	321	
9.563538e+00	2.600124e+02	8.004892e+00	3.069971e+02	
44	1.730133e+02	44	1.870490e+02	
5.454307e+01	2.070326e+02	5.299965e+01	2.239919e+02	
113	292	113	280	
121	264	121	252	
122	251	122	239	
132	272	132	260	
133	214	133	202	
136	311	136	299	
160	3.799896e+02	160	4.439974e+02	
164	288	164	276	
183	289	183	277	
1.921459e+02	1.220140e+02	1.905713e+02	1.439804e+02	
2.071501e+02	2.620116e+02	2.047682e+02	2.909827e+02	
208	205	208	193	
2.093830e+02	2.600268e+02	2.070763e+02	2.900047e+02	
212	341	212	329	
2.190070e+02	3.290075e+02	2.174985e+02	3.469721e+02	
242	3.200133e+02	242	3.340490e+02	
260	235	260	223	
346	368	346	356	
407	2.650163e+02	407	2.780547e+02	
463	49	463	37	
473	243	473	231	
594	235	594	223	
602	214	602	202	
606	2.280163e+02	606	2.410547e+02	
13	396	13	385	
16	174	16	163	
20	259	20	248	
27	1.919476e+02	27	2.049860e+02	
30	203	30	192	
32	178	32	167	
45	1.599410e+02	45	1.719826e+02	
76	1.820096e+02	76	1.970429e+02	
87	183	87	172	
88	1.430140e+02	88	1.560524e+02	
106	2.950096e+02	106	3.100429e+02	
119	315	119	304	
123	188	123	177	
128	309	128	298	
136	206	136	195	
1.423739e+02	2.960161e+02	1.408080e+02	3.189846e+02	
151	269	151	258	
181	288	181	277	
1.978204e+02	1.509852e+02	1.955474e+02	1.759619e+02	
199	172	199	161	
201	1.609476e+02	201	1.739860e+02	
202	150	202	139	
215	201	215	190	
2.170912e+02	2.550072e+02	2.154331e+02	2.929842e+02	
258	235	258	224	
273	159	273	148	
282	173	282	162	
2.883739e+02	1.360161e+02	2.868080e+02	1.589846e+02	
306	2.930140e+02	306	3.060524e+02	
311	8.895285e+01	311	1.029885e+02	
346	146	346	135	
367	319	367	308	
384	181	384	170	
4.211400e+02	1.240151e+02	4.195688e+02	1.439783e+02	
4.644180e+02	2.709404e+02	4.627617e+02	2.929689e+02	
478	378	478	367	
10	253	10	243	
2.259120e+01	2.609596e+02	2.082602e+01	2.819806e+02	
3.745252e+01	1.560276e+02	3.599957e+01	1.719929e+02	
49	180	49	170	
61	286	61	276	
64	3.560187e+02	64	3.670641e+02	
7.714968e+01	2.930162e+02	7.559069e+01	3.119785e+02	
95	285	95	275	
118	159	118	149	
129	457	129	447	
1.380004e+02	1.710071e+02	1.365475e+02	1.869724e+02	
140	212	140	202	
1.576280e+02	1.629637e+02	1.556642e+02	1.849670e+02	
159	184	159	174	
170	1.670147e+02	170	1.790563e+02	
217	247	217	237	
222	205	222	195	
241	3.349437e+02	241	3.469853e+02	
2.810142e+02	1.110013e+02	2.768225e+02	1.619859e+02	
297	387	297	377	
312	380	312	370	
314	359	314	349	
373	317	373	307	
381	3.250092e+02	381	3.520277e+02	
492	222	492	212	
608	2.279497e+02	608	2.409881e+02	
27	259	27	250	
2.808576e+01	2.900139e+02	2.657709e+01	3.059740e+02	
37	2.699460e+02	37	2.819876e+02	
40	282	40	273	
6.129681e+01	1.490322e+02	5.937033e+01	1.690394e+02	
121	188	121	179	
122	309	122	300	
129	444	129	435	
158	288	158	279	
179	3.000156e+02	179	3.110609e+02	
186	162	186	153	
197	2.799391e+02	197	2.909844e+02	
204	2.239460e+02	204	2.359876e+02	
248	292	248	283	
263	349	263	340	
288	113	288	104	
305	178	305	169	
314	347	314	338	
314	379	314	370	
319	379	319	370	
330	39	330	30	
374	352	374	343	
410	152	410	152	
475	2.069391e+02	475	2.179844e+02	
5.069974e+02	5.500987e+01	5.054762e+02	6.795923e+01	
601	2.150201e+02	601	2.250700e+02	
615	291	615	282	
617	166	617	157	
12	2.439337e+02	12	2.539836e+02	
41	259	41	251	
65	198	65	190	
68	175	68	167	
7.910204e+01	1.830179e+02	7.756184e+01	1.969688e+02	
86	1.869228e+02	86	1.959782e+02	
109	255	109	247	
125	313	125	305	
1.630030e+02	1.430072e+02	1.613570e+02	1.659700e+02	
195	289	195	281	
210	247	210	239	
237	174	237	166	
263	3.659228e+02	263	3.749782e+02	
283	336	283	328	
288	123	288	115	
304	119	304	111	
304	1.950129e+02	304	2.060582e+02	
307	339	307	331	
314	1.199418e+02	314	1.309871e+02	
319	182	319	174	
324	373	324	365	
356	108	356	100	
406	136	406	128	
412	2.249418e+02	412	2.359871e+02	
454	35	454	35	
4.680084e+02	9.900949e+01	4.665551e+02	1.119666e+02	
4.889837e+02	2.711777e+02	4.828162e+02	3.009596e+02	
4.964105e+02	1.407647e+01	4.937002e+02	3.311996e+01	
5.271515e+02	6.402422e+01	5.240098e+02	8.300131e+01	
588	326	588	318	
593	245	593	237	
617	176	617	168	
10	221	10	214	
2.740753e+01	2.700309e+02	2.588633e+01	2.829803e+02	
3.911367e+01	2.500197e+02	3.759247e+01	2.629691e+02	
51	266	51	259	
57	301	57	294	
7.099931e+01	1.780105e+02	6.953849e+01	1.889588e+02	
79	312	79	305	
82	2.940155e+02	82	3.100467e+02	
137	214	137	207	
168	175	168	168	
174	203	174	196	
208	1.159864e+02	208	1.659964e+02	
212	173	212	166	
2.192915e+02	1.820374e+02	2.168501e+02	1.989796e+02	
224	202	224	195	
2.375364e+02	1.899339e+02	2.357708e+02	2.049633e+02	
278	352	278	345	
282	352	282	345	
292	308	292	301	
302	349	302	342	
354	320	354	313	
414	355	414	348	
475	242	475	235	
4.836470e+02	5.193712e+01	4.794728e+02	7.490615e+01	
5.039943e+02	1.560021e+02	5.023032e+02	1.670538e+02	
9.611841e+01	1.590209e+02	9.463005e+01	1.709702e+02	
106	190	106	184	
132	4.640260e+02	132	4.710971e+02	
136	2.640622e+02	136	2.520206e+02	
180	150	180	144	
1.899912e+02	1.710124e+02	1.885123e+02	1.799462e+02	
250	115	250	109	
255	168	255	168	
274	107	274	101	
2.932635e+02	9.290829e+01	2.918189e+02	1.101104e+02	
303	2.469194e+02	303	2.549816e+02	
322	376	322	370	
375	315	375	309	
4.704197e+02	3.103178e+01	4.674067e+02	5.593001e+01	
4.922259e+02	2.660406e+02	4.872868e+02	2.940515e+02	
567	225	567	219	
6.019989e+02	8.200109e+01	6.001923e+02	9.104191e+01	
9	228	9	223	
12	1.760194e+02	12	1.830904e+02	
54	2.480744e+02	54	2.380246e+02	
85	161	85	156	
151	1.350246e+02	151	1.450744e+02	
288	337	288	332	
2.905241e+02	1.449358e+02	2.867308e+02	1.749626e+02	
293	1.370194e+02	293	1.440904e+02	
2.959960e+02	2.540000e+02	2.927683e+02	2.669453e+02	
2.999992e+02	1.010017e+02	2.976474e+02	1.139427e+02	
3.003809e+02	2.000398e+02	2.989955e+02	2.089886e+02	
3.027881e+02	1.572018e+02	2.957446e+02	1.819281e+02	
429	82	429	77	
474	3.180574e+02	474	3.050190e+02	
4.909967e+02	1.850026e+02	4.883629e+02	1.990760e+02	
4.957821e+02	2.879552e+02	4.903508e+02	3.118613e+02	
587	198	587	198	
127	204	127	200	
142	347	142	343	
149	321	149	317	
151	276	151	272	
1.883288e+02	2.300352e+02	1.868342e+02	2.389664e+02	
1.909990e+02	2.700005e+02	1.888082e+02	2.809641e+02	
210	2.010316e+02	210	2.061306e+02	
2.924149e+02	8.405838e+01	2.902827e+02	9.904016e+01	
3.039951e+02	2.350018e+02	2.995045e+02	2.518789e+02	
3.014685e+02	1.831103e+02	2.992381e+02	1.920560e+02	
3.063308e+02	2.161236e+02	2.990085e+02	2.350017e+02	
309	1.570078e+02	309	1.870244e+02	
315	317	315	313	
3.958318e+02	2.879755e+02	3.935220e+02	3.019277e+02	
4.531916e+02	1.300475e+02	4.505332e+02	1.441164e+02	
4.679833e+02	2.413727e+02	4.621270e+02	2.550367e+02	
4.772099e+02	5.304234e+01	4.747901e+02	6.395766e+01	
5.025265e+02	2.471413e+02	5.002673e+02	2.550720e+02	
512	1.290316e+02	512	1.341306e+02	
5.938318e+02	3.019755e+02	5.915220e+02	3.159277e+02	
4.911321e+00	1.689922e+02	1.817841e+00	2.029838e+02	
1.032427e+01	3.660493e+02	8.997355e+00	3.719856e+02	
2.732427e+01	1.640493e+02	2.599736e+01	1.699856e+02	
6.299663e+01	2.990010e+02	5.970115e+01	3.089075e+02	
9.661203e+01	2.340623e+02	9.341057e+01	2.650422e+02	
189	2.978422e+02	189	3.019653e+02	
205	175	205	175	
2.280026e+02	1.620036e+02	2.256926e+02	1.689075e+02	
2.976935e+02	1.032655e+02	2.913476e+02	1.191315e+02	
327	112	327	112	
426	140	426	140	
4.878733e+02	1.859669e+02	4.835943e+02	2.008897e+02	
5.192570e+02	1.681716e+02	4.977430e+02	1.998284e+02	
5.823243e+02	2.060493e+02	5.809974e+02	2.119856e+02	
638	231	638	231	
2.263290e+01	2.568198e+02	1.799649e+01	2.669935e+02	
1.734009e+02	2.042056e+02	1.693960e+02	2.122032e+02	
2.904859e+02	2.480707e+02	2.884929e+02	2.640716e+02	
3.100248e+02	1.412587e+02	2.944816e+02	1.988643e+02	
3.160007e+02	2.750005e+02	3.089993e+02	2.849995e+02	
3.994982e+02	1.851454e+02	3.965088e+02	1.961483e+02	
4.619918e+02	1.379994e+02	4.556032e+02	1.508129e+02	
5.019975e+02	1.450120e+02	4.970176e+02	1.586941e+02	
5.115377e+02	2.632977e+02	5.053296e+02	2.741817e+02	
5.338570e+02	1.694337e+02	5.225806e+02	1.897768e+02	
5.890051e+02	1.440030e+02	5.789949e+02	1.609970e+02	
6.059973e+02	2.160019e+02	6.036994e+02	2.229098e+02	
6.012702e+02	9.318750e+01	5.922011e+02	1.061394e+02	
6.116878e+02	1.137630e+02	5.928342e+02	1.388736e+02	