5.335000000000000000e+02 2.150000000000000000e+01 5.287500000000000000e+02 1.217500000000000000e+02
2.307500000000000000e+02 3.175000000000000000e+01 2.472500000000000000e+02 3.225000000000000000e+01
1.002500000000000000e+02 3.275000000000000000e+01 9.125000000000000000e+01 3.375000000000000000e+01
1.002500000000000000e+02 3.275000000000000000e+01 1.102500000000000000e+02 3.575000000000000000e+01
4.142500000000000000e+02 3.450000000000000000e+01 4.057500000000000000e+02 3.875000000000000000e+01
4.147500000000000000e+02 3.475000000000000000e+01 4.242500000000000000e+02 3.675000000000000000e+01
4.242500000000000000e+02 3.625000000000000000e+01 4.052500000000000000e+02 3.825000000000000000e+01
6.270000000000000000e+02 4.000000000000000000e+01 6.185000000000000000e+02 4.025000000000000000e+01
6.197500000000000000e+02 4.075000000000000000e+01 6.097500000000000000e+02 4.125000000000000000e+01
7.500000000000000000e-01 4.275000000000000000e+01 3.650000000000000000e+01 5.650000000000000000e+01
2.500000000000000000e-01 5.375000000000000000e+01 3.275000000000000000e+01 6.575000000000000000e+01
5.407500000000000000e+02 5.425000000000000000e+01 5.387500000000000000e+02 9.375000000000000000e+01
3.675000000000000000e+01 5.675000000000000000e+01 8.225000000000000000e+01 7.425000000000000000e+01
5.257500000000000000e+02 6.125000000000000000e+01 5.257500000000000000e+02 7.475000000000000000e+01
2.500000000000000000e-01 6.450000000000000000e+01 2.975000000000000000e+01 7.375000000000000000e+01
3.175000000000000000e+01 6.525000000000000000e+01 4.125000000000000000e+01 6.850000000000000000e+01
1.490000000000000000e+02 6.800000000000000000e+01 1.562500000000000000e+02 6.825000000000000000e+01
2.825000000000000000e+01 7.325000000000000000e+01 4.175000000000000000e+01 7.775000000000000000e+01
2.975000000000000000e+01 7.325000000000000000e+01 2.975000000000000000e+01 8.725000000000000000e+01
5.257500000000000000e+02 7.325000000000000000e+01 5.237500000000000000e+02 9.275000000000000000e+01
8.125000000000000000e+01 7.375000000000000000e+01 9.475000000000000000e+01 7.775000000000000000e+01
4.175000000000000000e+01 7.725000000000000000e+01 4.225000000000000000e+01 1.167500000000000000e+02
9.350000000000000000e+01 7.725000000000000000e+01 1.055000000000000000e+02 8.050000000000000000e+01
4.125000000000000000e+01 7.775000000000000000e+01 6.875000000000000000e+01 8.675000000000000000e+01
4.175000000000000000e+01 7.825000000000000000e+01 5.075000000000000000e+01 8.075000000000000000e+01
1.052500000000000000e+02 8.025000000000000000e+01 1.325000000000000000e+02 8.950000000000000000e+01
1.052500000000000000e+02 8.025000000000000000e+01 1.052500000000000000e+02 9.625000000000000000e+01
5.075000000000000000e+01 8.075000000000000000e+01 6.975000000000000000e+01 8.725000000000000000e+01
4.867500000000000000e+02 8.375000000000000000e+01 4.872500000000000000e+02 9.375000000000000000e+01
6.875000000000000000e+01 8.675000000000000000e+01 8.575000000000000000e+01 9.175000000000000000e+01
2.975000000000000000e+01 8.775000000000000000e+01 3.000000000000000000e+01 1.167500000000000000e+02
1.542500000000000000e+02 8.900000000000000000e+01 1.312500000000000000e+02 8.925000000000000000e+01
1.322500000000000000e+02 8.925000000000000000e+01 1.322500000000000000e+02 1.067500000000000000e+02
2.162500000000000000e+02 8.975000000000000000e+01 2.152500000000000000e+02 1.067500000000000000e+02
2.592500000000000000e+02 9.025000000000000000e+01 2.937500000000000000e+02 9.025000000000000000e+01
3.242500000000000000e+02 9.050000000000000000e+01 3.727500000000000000e+02 9.325000000000000000e+01
2.932500000000000000e+02 9.075000000000000000e+01 3.242500000000000000e+02 9.075000000000000000e+01
8.525000000000000000e+01 9.125000000000000000e+01 9.450000000000000000e+01 9.375000000000000000e+01
8.575000000000000000e+01 9.125000000000000000e+01 8.625000000000000000e+01 1.177500000000000000e+02
3.730000000000000000e+02 9.200000000000000000e+01 4.567500000000000000e+02 9.225000000000000000e+01
4.557500000000000000e+02 9.225000000000000000e+01 4.562500000000000000e+02 1.197500000000000000e+02
4.672500000000000000e+02 9.225000000000000000e+01 4.877500000000000000e+02 9.225000000000000000e+01
4.867500000000000000e+02 9.225000000000000000e+01 4.882500000000000000e+02 1.092500000000000000e+02
5.387500000000000000e+02 9.225000000000000000e+01 5.375000000000000000e+02 1.202500000000000000e+02
4.552500000000000000e+02 9.275000000000000000e+01 4.687500000000000000e+02 9.275000000000000000e+01
4.862500000000000000e+02 9.275000000000000000e+01 5.052500000000000000e+02 9.275000000000000000e+01
5.062500000000000000e+02 9.275000000000000000e+01 5.247500000000000000e+02 9.325000000000000000e+01
3.722500000000000000e+02 9.325000000000000000e+01 3.722500000000000000e+02 1.062500000000000000e+02
9.475000000000000000e+01 9.375000000000000000e+01 1.057500000000000000e+02 9.725000000000000000e+01
1.057500000000000000e+02 9.625000000000000000e+01 1.057500000000000000e+02 1.167500000000000000e+02
2.587500000000000000e+02 1.042500000000000000e+02 2.592500000000000000e+02 1.162500000000000000e+02
1.602500000000000000e+02 1.047500000000000000e+02 2.157500000000000000e+02 1.062500000000000000e+02
1.410000000000000000e+02 1.050000000000000000e+02 1.617500000000000000e+02 1.052500000000000000e+02
1.322500000000000000e+02 1.052500000000000000e+02 1.427500000000000000e+02 1.052500000000000000e+02
1.322500000000000000e+02 1.052500000000000000e+02 1.322500000000000000e+02 1.152500000000000000e+02
2.157500000000000000e+02 1.052500000000000000e+02 2.147500000000000000e+02 1.155000000000000000e+02
3.232500000000000000e+02 1.052500000000000000e+02 3.725000000000000000e+02 1.062500000000000000e+02
2.597500000000000000e+02 1.057500000000000000e+02 2.937500000000000000e+02 1.067500000000000000e+02
3.232500000000000000e+02 1.057500000000000000e+02 2.922500000000000000e+02 1.062500000000000000e+02
3.722500000000000000e+02 1.062500000000000000e+02 3.717500000000000000e+02 1.182500000000000000e+02
2.922500000000000000e+02 1.067500000000000000e+02 2.972500000000000000e+02 1.167500000000000000e+02
1.800000000000000000e+01 1.080000000000000000e+02 1.825000000000000000e+01 1.165000000000000000e+02
4.477500000000000000e+02 1.102500000000000000e+02 4.467500000000000000e+02 1.197500000000000000e+02
1.875000000000000000e+01 1.152500000000000000e+02 1.925000000000000000e+01 1.547500000000000000e+02
2.975000000000000000e+01 1.152500000000000000e+02 3.075000000000000000e+01 1.567500000000000000e+02
4.275000000000000000e+01 1.152500000000000000e+02 2.875000000000000000e+01 1.162500000000000000e+02
4.275000000000000000e+01 1.152500000000000000e+02 4.325000000000000000e+01 1.557500000000000000e+02
5.075000000000000000e+01 1.152500000000000000e+02 5.125000000000000000e+01 1.392500000000000000e+02
1.612500000000000000e+02 1.152500000000000000e+02 1.632500000000000000e+02 1.407500000000000000e+02
1.422500000000000000e+02 1.155000000000000000e+02 1.422500000000000000e+02 1.407500000000000000e+02
2.142500000000000000e+02 1.155000000000000000e+02 2.137500000000000000e+02 1.415000000000000000e+02
2.975000000000000000e+01 1.157500000000000000e+02 1.775000000000000000e+01 1.162500000000000000e+02
4.125000000000000000e+01 1.157500000000000000e+02 5.150000000000000000e+01 1.162500000000000000e+02
5.025000000000000000e+01 1.157500000000000000e+02 6.975000000000000000e+01 1.167500000000000000e+02
1.327500000000000000e+02 1.157500000000000000e+02 1.052500000000000000e+02 1.167500000000000000e+02
1.422500000000000000e+02 1.157500000000000000e+02 1.627500000000000000e+02 1.162500000000000000e+02
1.437500000000000000e+02 1.157500000000000000e+02 1.317500000000000000e+02 1.162500000000000000e+02
1.612500000000000000e+02 1.157500000000000000e+02 2.147500000000000000e+02 1.162500000000000000e+02
2.135000000000000000e+02 1.157500000000000000e+02 2.452500000000000000e+02 1.157500000000000000e+02
2.592500000000000000e+02 1.157500000000000000e+02 2.897500000000000000e+02 1.162500000000000000e+02
2.607500000000000000e+02 1.157500000000000000e+02 2.467500000000000000e+02 1.162500000000000000e+02
2.972500000000000000e+02 1.157500000000000000e+02 2.882500000000000000e+02 1.167500000000000000e+02
6.975000000000000000e+01 1.162500000000000000e+02 7.025000000000000000e+01 1.402500000000000000e+02
8.675000000000000000e+01 1.162500000000000000e+02 8.725000000000000000e+01 1.657500000000000000e+02
2.972500000000000000e+02 1.162500000000000000e+02 3.247500000000000000e+02 1.162500000000000000e+02
6.825000000000000000e+01 1.167500000000000000e+02 8.675000000000000000e+01 1.172500000000000000e+02
1.057500000000000000e+02 1.167500000000000000e+02 1.062500000000000000e+02 1.557500000000000000e+02
1.067500000000000000e+02 1.167500000000000000e+02 8.525000000000000000e+01 1.172500000000000000e+02
3.232500000000000000e+02 1.167500000000000000e+02 3.727500000000000000e+02 1.172500000000000000e+02
3.712500000000000000e+02 1.172500000000000000e+02 3.712500000000000000e+02 1.427500000000000000e+02
3.712500000000000000e+02 1.177500000000000000e+02 4.147500000000000000e+02 1.192500000000000000e+02
4.147500000000000000e+02 1.187500000000000000e+02 4.467500000000000000e+02 1.192500000000000000e+02
4.567500000000000000e+02 1.187500000000000000e+02 4.452500000000000000e+02 1.192500000000000000e+02
4.462500000000000000e+02 1.192500000000000000e+02 4.462500000000000000e+02 1.435000000000000000e+02
4.802500000000000000e+02 1.192500000000000000e+02 4.912500000000000000e+02 1.202500000000000000e+02
4.902500000000000000e+02 1.197500000000000000e+02 5.297500000000000000e+02 1.207500000000000000e+02
4.805000000000000000e+02 1.202500000000000000e+02 4.785000000000000000e+02 1.447500000000000000e+02
5.287500000000000000e+02 1.217500000000000000e+02 5.272500000000000000e+02 1.582500000000000000e+02
5.462500000000000000e+02 1.217500000000000000e+02 5.457500000000000000e+02 1.482500000000000000e+02
1.422500000000000000e+02 1.392500000000000000e+02 1.417500000000000000e+02 1.677500000000000000e+02
2.962500000000000000e+02 1.392500000000000000e+02 2.957500000000000000e+02 1.567500000000000000e+02
1.627500000000000000e+02 1.397500000000000000e+02 1.637500000000000000e+02 1.567500000000000000e+02
2.977500000000000000e+02 1.397500000000000000e+02 2.877500000000000000e+02 1.402500000000000000e+02
6.975000000000000000e+01 1.402500000000000000e+02 7.125000000000000000e+01 1.542500000000000000e+02
1.622500000000000000e+02 1.402500000000000000e+02 1.752500000000000000e+02 1.402500000000000000e+02
1.752500000000000000e+02 1.402500000000000000e+02 2.137500000000000000e+02 1.412500000000000000e+02
2.132500000000000000e+02 1.402500000000000000e+02 2.137500000000000000e+02 1.557500000000000000e+02
2.282500000000000000e+02 1.402500000000000000e+02 2.467500000000000000e+02 1.402500000000000000e+02
2.292500000000000000e+02 1.402500000000000000e+02 2.287500000000000000e+02 1.557500000000000000e+02
2.297500000000000000e+02 1.402500000000000000e+02 2.122500000000000000e+02 1.407500000000000000e+02
2.452500000000000000e+02 1.402500000000000000e+02 2.637500000000000000e+02 1.402500000000000000e+02
2.462500000000000000e+02 1.402500000000000000e+02 2.452500000000000000e+02 1.557500000000000000e+02
2.622500000000000000e+02 1.402500000000000000e+02 2.887500000000000000e+02 1.402500000000000000e+02
2.962500000000000000e+02 1.402500000000000000e+02 3.727500000000000000e+02 1.412500000000000000e+02
3.712500000000000000e+02 1.412500000000000000e+02 4.467500000000000000e+02 1.425000000000000000e+02
3.712500000000000000e+02 1.412500000000000000e+02 3.712500000000000000e+02 1.577500000000000000e+02
4.467500000000000000e+02 1.422500000000000000e+02 4.467500000000000000e+02 1.587500000000000000e+02
4.452500000000000000e+02 1.427500000000000000e+02 4.557500000000000000e+02 1.432500000000000000e+02
4.542500000000000000e+02 1.427500000000000000e+02 4.652500000000000000e+02 1.432500000000000000e+02
4.667500000000000000e+02 1.432500000000000000e+02 4.787500000000000000e+02 1.432500000000000000e+02
4.782500000000000000e+02 1.432500000000000000e+02 4.777500000000000000e+02 1.577500000000000000e+02
4.772500000000000000e+02 1.437500000000000000e+02 4.922500000000000000e+02 1.437500000000000000e+02
6.032500000000000000e+02 1.462500000000000000e+02 5.762500000000000000e+02 1.487500000000000000e+02
5.762500000000000000e+02 1.482500000000000000e+02 5.742500000000000000e+02 1.752500000000000000e+02
5.457500000000000000e+02 1.497500000000000000e+02 5.447500000000000000e+02 1.747500000000000000e+02
7.500000000000000000e-01 1.532500000000000000e+02 1.075000000000000000e+01 1.542500000000000000e+02
1.975000000000000000e+01 1.532500000000000000e+02 2.075000000000000000e+01 1.692500000000000000e+02
1.100000000000000000e+01 1.540000000000000000e+02 2.075000000000000000e+01 1.542500000000000000e+02
2.137500000000000000e+02 1.542500000000000000e+02 2.127500000000000000e+02 1.697500000000000000e+02
2.287500000000000000e+02 1.542500000000000000e+02 2.292500000000000000e+02 1.687500000000000000e+02
2.457500000000000000e+02 1.542500000000000000e+02 2.457500000000000000e+02 1.697500000000000000e+02
4.375000000000000000e+01 1.545000000000000000e+02 4.425000000000000000e+01 1.647500000000000000e+02
1.925000000000000000e+01 1.547500000000000000e+02 3.025000000000000000e+01 1.552500000000000000e+02
2.122500000000000000e+02 1.547500000000000000e+02 2.292500000000000000e+02 1.552500000000000000e+02
2.452500000000000000e+02 1.547500000000000000e+02 2.637500000000000000e+02 1.552500000000000000e+02
2.467500000000000000e+02 1.547500000000000000e+02 2.282500000000000000e+02 1.552500000000000000e+02
3.150000000000000000e+01 1.552500000000000000e+02 3.350000000000000000e+01 2.227500000000000000e+02
3.175000000000000000e+01 1.552500000000000000e+02 4.525000000000000000e+01 1.647500000000000000e+02
1.632500000000000000e+02 1.552500000000000000e+02 1.632500000000000000e+02 1.682500000000000000e+02
2.962500000000000000e+02 1.552500000000000000e+02 2.952500000000000000e+02 1.717500000000000000e+02
3.025000000000000000e+01 1.557500000000000000e+02 4.475000000000000000e+01 1.557500000000000000e+02
7.075000000000000000e+01 1.557500000000000000e+02 7.125000000000000000e+01 1.647500000000000000e+02
1.062500000000000000e+02 1.557500000000000000e+02 1.067500000000000000e+02 1.667500000000000000e+02
2.622500000000000000e+02 1.557500000000000000e+02 2.720000000000000000e+02 1.560000000000000000e+02
2.737500000000000000e+02 1.557500000000000000e+02 2.967500000000000000e+02 1.557500000000000000e+02
2.952500000000000000e+02 1.562500000000000000e+02 3.717500000000000000e+02 1.562500000000000000e+02
3.717500000000000000e+02 1.562500000000000000e+02 3.717500000000000000e+02 1.745000000000000000e+02
4.777500000000000000e+02 1.562500000000000000e+02 4.767500000000000000e+02 1.747500000000000000e+02
4.760000000000000000e+02 1.570000000000000000e+02 4.542500000000000000e+02 1.572500000000000000e+02
4.452500000000000000e+02 1.572500000000000000e+02 4.552500000000000000e+02 1.572500000000000000e+02
4.467500000000000000e+02 1.572500000000000000e+02 4.467500000000000000e+02 1.747500000000000000e+02
5.267500000000000000e+02 1.582500000000000000e+02 5.257500000000000000e+02 1.727500000000000000e+02
4.425000000000000000e+01 1.632500000000000000e+02 4.375000000000000000e+01 1.882500000000000000e+02
4.425000000000000000e+01 1.637500000000000000e+02 5.675000000000000000e+01 1.642500000000000000e+02
7.175000000000000000e+01 1.637500000000000000e+02 5.525000000000000000e+01 1.642500000000000000e+02
7.125000000000000000e+01 1.642500000000000000e+02 8.775000000000000000e+01 1.642500000000000000e+02
8.725000000000000000e+01 1.642500000000000000e+02 8.825000000000000000e+01 2.247500000000000000e+02
8.650000000000000000e+01 1.647500000000000000e+02 9.550000000000000000e+01 1.652500000000000000e+02
9.525000000000000000e+01 1.647500000000000000e+02 1.055000000000000000e+02 1.657500000000000000e+02
1.067500000000000000e+02 1.652500000000000000e+02 1.072500000000000000e+02 2.247500000000000000e+02
1.067500000000000000e+02 1.657500000000000000e+02 1.217500000000000000e+02 1.662500000000000000e+02
1.202500000000000000e+02 1.662500000000000000e+02 1.327500000000000000e+02 1.662500000000000000e+02
1.417500000000000000e+02 1.662500000000000000e+02 1.422500000000000000e+02 2.022500000000000000e+02
1.312500000000000000e+02 1.667500000000000000e+02 1.427500000000000000e+02 1.667500000000000000e+02
1.412500000000000000e+02 1.672500000000000000e+02 1.635000000000000000e+02 1.682500000000000000e+02
7.500000000000000000e-01 1.677500000000000000e+02 1.175000000000000000e+01 1.687500000000000000e+02
1.635000000000000000e+02 1.682500000000000000e+02 2.137500000000000000e+02 1.682500000000000000e+02
1.637500000000000000e+02 1.682500000000000000e+02 1.652500000000000000e+02 2.022500000000000000e+02
2.137500000000000000e+02 1.682500000000000000e+02 2.127500000000000000e+02 2.007500000000000000e+02
2.462500000000000000e+02 1.682500000000000000e+02 2.457500000000000000e+02 1.997500000000000000e+02
2.282500000000000000e+02 1.687500000000000000e+02 2.467500000000000000e+02 1.692500000000000000e+02
2.297500000000000000e+02 1.687500000000000000e+02 2.122500000000000000e+02 1.692500000000000000e+02
2.452500000000000000e+02 1.692500000000000000e+02 2.627500000000000000e+02 1.697500000000000000e+02
2.615000000000000000e+02 1.697500000000000000e+02 2.747500000000000000e+02 1.702500000000000000e+02
2.952500000000000000e+02 1.702500000000000000e+02 2.947500000000000000e+02 1.987500000000000000e+02
2.737500000000000000e+02 1.707500000000000000e+02 2.877500000000000000e+02 1.707500000000000000e+02
2.877500000000000000e+02 1.707500000000000000e+02 2.957500000000000000e+02 1.717500000000000000e+02
2.952500000000000000e+02 1.707500000000000000e+02 3.187500000000000000e+02 1.712500000000000000e+02
3.172500000000000000e+02 1.712500000000000000e+02 3.717500000000000000e+02 1.732500000000000000e+02
5.262500000000000000e+02 1.712500000000000000e+02 5.247500000000000000e+02 2.032500000000000000e+02
5.357500000000000000e+02 1.722500000000000000e+02 5.337500000000000000e+02 2.052500000000000000e+02
5.267500000000000000e+02 1.727500000000000000e+02 5.090000000000000000e+02 1.730000000000000000e+02
6.022500000000000000e+02 1.727500000000000000e+02 6.332500000000000000e+02 1.742500000000000000e+02
6.032500000000000000e+02 1.727500000000000000e+02 5.872500000000000000e+02 1.742500000000000000e+02
4.450000000000000000e+02 1.730000000000000000e+02 4.777500000000000000e+02 1.732500000000000000e+02
3.702500000000000000e+02 1.732500000000000000e+02 4.082500000000000000e+02 1.732500000000000000e+02
3.712500000000000000e+02 1.732500000000000000e+02 3.702500000000000000e+02 2.017500000000000000e+02
4.467500000000000000e+02 1.732500000000000000e+02 4.097500000000000000e+02 1.737500000000000000e+02
4.467500000000000000e+02 1.732500000000000000e+02 4.455000000000000000e+02 2.027500000000000000e+02
4.767500000000000000e+02 1.735000000000000000e+02 4.757500000000000000e+02 2.212500000000000000e+02
4.762500000000000000e+02 1.737500000000000000e+02 4.917500000000000000e+02 1.742500000000000000e+02
5.877500000000000000e+02 1.745000000000000000e+02 5.742500000000000000e+02 1.757500000000000000e+02
5.442500000000000000e+02 1.747500000000000000e+02 5.437500000000000000e+02 2.062500000000000000e+02
4.912500000000000000e+02 1.757500000000000000e+02 4.892500000000000000e+02 2.162500000000000000e+02
5.742500000000000000e+02 1.765000000000000000e+02 5.715000000000000000e+02 2.077500000000000000e+02
4.425000000000000000e+01 1.882500000000000000e+02 4.525000000000000000e+01 2.227500000000000000e+02
2.957500000000000000e+02 1.977500000000000000e+02 2.747500000000000000e+02 1.982500000000000000e+02
2.745000000000000000e+02 1.980000000000000000e+02 2.612500000000000000e+02 1.987500000000000000e+02
2.457500000000000000e+02 1.982500000000000000e+02 2.462500000000000000e+02 2.257500000000000000e+02
2.617500000000000000e+02 1.987500000000000000e+02 2.452500000000000000e+02 1.992500000000000000e+02
2.127500000000000000e+02 1.992500000000000000e+02 2.137500000000000000e+02 2.247500000000000000e+02
2.282500000000000000e+02 1.992500000000000000e+02 2.467500000000000000e+02 1.992500000000000000e+02
2.282500000000000000e+02 1.992500000000000000e+02 2.277500000000000000e+02 2.247500000000000000e+02
2.297500000000000000e+02 1.992500000000000000e+02 2.122500000000000000e+02 2.002500000000000000e+02
3.702500000000000000e+02 2.002500000000000000e+02 3.702500000000000000e+02 2.122500000000000000e+02
6.092500000000000000e+02 2.012500000000000000e+02 6.382500000000000000e+02 2.037500000000000000e+02
4.452500000000000000e+02 2.015000000000000000e+02 4.427500000000000000e+02 2.272500000000000000e+02
1.647500000000000000e+02 2.022500000000000000e+02 1.652500000000000000e+02 2.245000000000000000e+02
1.422500000000000000e+02 2.037500000000000000e+02 1.422500000000000000e+02 2.247500000000000000e+02
5.257500000000000000e+02 2.047500000000000000e+02 5.187500000000000000e+02 3.177500000000000000e+02
5.337500000000000000e+02 2.067500000000000000e+02 5.287500000000000000e+02 3.237500000000000000e+02
3.702500000000000000e+02 2.122500000000000000e+02 3.702500000000000000e+02 2.277500000000000000e+02
4.885000000000000000e+02 2.167500000000000000e+02 4.872500000000000000e+02 2.392500000000000000e+02
4.475000000000000000e+01 2.212500000000000000e+02 4.925000000000000000e+01 3.397500000000000000e+02
4.757500000000000000e+02 2.212500000000000000e+02 4.522500000000000000e+02 2.245000000000000000e+02
2.225000000000000000e+01 2.217500000000000000e+02 3.225000000000000000e+01 2.222500000000000000e+02
2.375000000000000000e+01 2.217500000000000000e+02 7.500000000000000000e-01 2.222500000000000000e+02
4.752500000000000000e+02 2.217500000000000000e+02 4.737500000000000000e+02 2.572500000000000000e+02
3.225000000000000000e+01 2.222500000000000000e+02 4.425000000000000000e+01 2.222500000000000000e+02
4.425000000000000000e+01 2.227500000000000000e+02 5.450000000000000000e+01 2.227500000000000000e+02
5.325000000000000000e+01 2.227500000000000000e+02 7.075000000000000000e+01 2.232500000000000000e+02
6.975000000000000000e+01 2.227500000000000000e+02 7.925000000000000000e+01 2.237500000000000000e+02
8.075000000000000000e+01 2.232500000000000000e+02 8.975000000000000000e+01 2.232500000000000000e+02
1.072500000000000000e+02 2.232500000000000000e+02 1.247500000000000000e+02 2.232500000000000000e+02
1.077500000000000000e+02 2.232500000000000000e+02 1.102500000000000000e+02 3.187500000000000000e+02
1.232500000000000000e+02 2.232500000000000000e+02 1.337500000000000000e+02 2.232500000000000000e+02
1.322500000000000000e+02 2.232500000000000000e+02 1.422500000000000000e+02 2.232500000000000000e+02
1.422500000000000000e+02 2.232500000000000000e+02 1.657500000000000000e+02 2.232500000000000000e+02
2.137500000000000000e+02 2.232500000000000000e+02 2.142500000000000000e+02 2.557500000000000000e+02
8.825000000000000000e+01 2.237500000000000000e+02 1.087500000000000000e+02 2.237500000000000000e+02
8.850000000000000000e+01 2.237500000000000000e+02 9.125000000000000000e+01 3.147500000000000000e+02
1.642500000000000000e+02 2.237500000000000000e+02 2.137500000000000000e+02 2.242500000000000000e+02
2.122500000000000000e+02 2.237500000000000000e+02 2.287500000000000000e+02 2.242500000000000000e+02
2.272500000000000000e+02 2.237500000000000000e+02 2.467500000000000000e+02 2.247500000000000000e+02
2.462500000000000000e+02 2.242500000000000000e+02 2.457500000000000000e+02 2.402500000000000000e+02
2.452500000000000000e+02 2.247500000000000000e+02 2.637500000000000000e+02 2.252500000000000000e+02
4.522500000000000000e+02 2.247500000000000000e+02 4.422500000000000000e+02 2.262500000000000000e+02
2.622500000000000000e+02 2.257500000000000000e+02 2.897500000000000000e+02 2.262500000000000000e+02
2.882500000000000000e+02 2.262500000000000000e+02 2.972500000000000000e+02 2.267500000000000000e+02
2.882500000000000000e+02 2.262500000000000000e+02 2.877500000000000000e+02 2.857500000000000000e+02
3.702500000000000000e+02 2.262500000000000000e+02 3.687500000000000000e+02 2.847500000000000000e+02
3.332500000000000000e+02 2.267500000000000000e+02 2.987500000000000000e+02 2.272500000000000000e+02
3.692500000000000000e+02 2.267500000000000000e+02 3.932500000000000000e+02 2.272500000000000000e+02
3.707500000000000000e+02 2.267500000000000000e+02 3.332500000000000000e+02 2.272500000000000000e+02
4.437500000000000000e+02 2.267500000000000000e+02 3.947500000000000000e+02 2.272500000000000000e+02
4.427500000000000000e+02 2.277500000000000000e+02 4.397500000000000000e+02 2.907500000000000000e+02
4.867500000000000000e+02 2.395000000000000000e+02 4.827500000000000000e+02 3.165000000000000000e+02
2.137500000000000000e+02 2.557500000000000000e+02 2.162500000000000000e+02 2.792500000000000000e+02
5.525000000000000000e+01 2.757500000000000000e+02 5.625000000000000000e+01 3.087500000000000000e+02
2.162500000000000000e+02 2.807500000000000000e+02 2.152500000000000000e+02 2.917500000000000000e+02
3.682500000000000000e+02 2.832500000000000000e+02 3.672500000000000000e+02 3.132500000000000000e+02
2.877500000000000000e+02 2.842500000000000000e+02 2.887500000000000000e+02 3.127500000000000000e+02
4.397500000000000000e+02 2.892500000000000000e+02 4.402500000000000000e+02 3.147500000000000000e+02
2.157500000000000000e+02 2.902500000000000000e+02 2.157500000000000000e+02 3.107500000000000000e+02
5.672500000000000000e+02 2.902500000000000000e+02 5.652500000000000000e+02 3.327500000000000000e+02
5.832500000000000000e+02 2.932500000000000000e+02 5.817500000000000000e+02 3.187500000000000000e+02
1.362500000000000000e+02 2.952500000000000000e+02 1.357500000000000000e+02 3.192500000000000000e+02
1.467500000000000000e+02 2.957500000000000000e+02 1.357500000000000000e+02 2.962500000000000000e+02
1.452500000000000000e+02 2.962500000000000000e+02 1.457500000000000000e+02 3.077500000000000000e+02
1.452500000000000000e+02 3.077500000000000000e+02 1.552500000000000000e+02 3.082500000000000000e+02
5.625000000000000000e+01 3.085000000000000000e+02 5.575000000000000000e+01 3.175000000000000000e+02
4.492500000000000000e+02 3.087500000000000000e+02 4.472500000000000000e+02 3.277500000000000000e+02
2.157500000000000000e+02 3.092500000000000000e+02 2.162500000000000000e+02 3.192500000000000000e+02
2.142500000000000000e+02 3.095000000000000000e+02 2.887500000000000000e+02 3.122500000000000000e+02
2.875000000000000000e+02 3.112500000000000000e+02 3.687500000000000000e+02 3.132500000000000000e+02
2.887500000000000000e+02 3.112500000000000000e+02 2.907500000000000000e+02 3.202500000000000000e+02
3.672500000000000000e+02 3.132500000000000000e+02 3.645000000000000000e+02 3.307500000000000000e+02
4.402500000000000000e+02 3.135000000000000000e+02 4.477500000000000000e+02 3.272500000000000000e+02
4.407500000000000000e+02 3.137500000000000000e+02 3.672500000000000000e+02 3.147500000000000000e+02
9.125000000000000000e+01 3.147500000000000000e+02 9.125000000000000000e+01 3.277500000000000000e+02
4.817500000000000000e+02 3.152500000000000000e+02 4.852500000000000000e+02 3.267500000000000000e+02
4.815000000000000000e+02 3.157500000000000000e+02 5.187500000000000000e+02 3.172500000000000000e+02
5.182500000000000000e+02 3.162500000000000000e+02 5.182500000000000000e+02 3.252500000000000000e+02
5.625000000000000000e+01 3.165000000000000000e+02 3.625000000000000000e+01 3.212500000000000000e+02
1.102500000000000000e+02 3.172500000000000000e+02 1.102500000000000000e+02 3.352500000000000000e+02
1.092500000000000000e+02 3.177500000000000000e+02 1.367500000000000000e+02 3.182500000000000000e+02
1.352500000000000000e+02 3.182500000000000000e+02 1.442500000000000000e+02 3.182500000000000000e+02
1.442500000000000000e+02 3.187500000000000000e+02 2.167500000000000000e+02 3.207500000000000000e+02
2.152500000000000000e+02 3.192500000000000000e+02 1.942500000000000000e+02 3.242500000000000000e+02
2.152500000000000000e+02 3.197500000000000000e+02 2.907500000000000000e+02 3.202500000000000000e+02
2.892500000000000000e+02 3.202500000000000000e+02 4.472500000000000000e+02 3.267500000000000000e+02
2.907500000000000000e+02 3.202500000000000000e+02 2.907500000000000000e+02 3.297500000000000000e+02
3.675000000000000000e+01 3.212500000000000000e+02 3.775000000000000000e+01 3.467500000000000000e+02
5.282500000000000000e+02 3.242500000000000000e+02 5.212500000000000000e+02 4.602500000000000000e+02
1.947500000000000000e+02 3.247500000000000000e+02 2.907500000000000000e+02 3.292500000000000000e+02
1.952500000000000000e+02 3.255000000000000000e+02 1.427500000000000000e+02 3.917500000000000000e+02
4.742500000000000000e+02 3.257500000000000000e+02 4.852500000000000000e+02 3.262500000000000000e+02
9.175000000000000000e+01 3.262500000000000000e+02 9.225000000000000000e+01 3.372500000000000000e+02
5.187500000000000000e+02 3.262500000000000000e+02 5.167500000000000000e+02 3.567500000000000000e+02
9.175000000000000000e+01 3.265000000000000000e+02 5.175000000000000000e+01 3.525000000000000000e+02
4.487500000000000000e+02 3.272500000000000000e+02 5.122500000000000000e+02 4.125000000000000000e+02
2.902500000000000000e+02 3.292500000000000000e+02 3.657500000000000000e+02 3.302500000000000000e+02
3.642500000000000000e+02 3.307500000000000000e+02 3.852500000000000000e+02 3.312500000000000000e+02
3.845000000000000000e+02 3.317500000000000000e+02 4.087500000000000000e+02 3.982500000000000000e+02
5.657500000000000000e+02 3.337500000000000000e+02 6.387500000000000000e+02 3.827500000000000000e+02
1.102500000000000000e+02 3.357500000000000000e+02 9.225000000000000000e+01 3.377500000000000000e+02
9.375000000000000000e+01 3.382500000000000000e+02 4.825000000000000000e+01 3.712500000000000000e+02
5.125000000000000000e+01 3.522500000000000000e+02 4.875000000000000000e+01 3.707500000000000000e+02
5.175000000000000000e+01 3.527500000000000000e+02 4.375000000000000000e+01 3.577500000000000000e+02
5.167500000000000000e+02 3.557500000000000000e+02 5.167500000000000000e+02 3.682500000000000000e+02
4.350000000000000000e+01 3.582500000000000000e+02 2.500000000000000000e-01 3.862500000000000000e+02
5.165000000000000000e+02 3.697500000000000000e+02 5.135000000000000000e+02 4.137500000000000000e+02
4.950000000000000000e+01 3.705000000000000000e+02 2.500000000000000000e-01 4.047500000000000000e+02
1.422500000000000000e+02 3.915000000000000000e+02 4.092500000000000000e+02 3.987500000000000000e+02
4.082500000000000000e+02 3.987500000000000000e+02 4.475000000000000000e+02 3.992500000000000000e+02
5.132500000000000000e+02 4.137500000000000000e+02 5.127500000000000000e+02 4.247500000000000000e+02
5.122500000000000000e+02 4.232500000000000000e+02 5.122500000000000000e+02 4.322500000000000000e+02
5.122500000000000000e+02 4.322500000000000000e+02 5.117500000000000000e+02 4.572500000000000000e+02
6.012500000000000000e+02 4.327500000000000000e+02 6.382500000000000000e+02 4.682500000000000000e+02
