0.13448 88.4048 35.1544 96.3167
38.4715 88.0389 37.3515 43.9911
0.205446 32.3139 34.1557 42.48
-0.000761032 82.0033 40.1715 91.2555
0.142504 17.5936 38.3539 30.9907
0.162004 27.4927 36.0181 38.9432
5.04653 86.7775 34.0336 92.8393
0.232609 93.1461 28.0735 100.73
29.9625 111.374 63.0316 114.684
51.8038 113.924 208.731 147.268
198.004 145.612 321.991 144.741
321.89 146.415 417.816 171.698
116.979 87.1933 113.049 46.091
122.369 35.059 120.498 15.0469
0.240802 23.2796 36.2305 35.3103
22.1342 0.675481 45.3072 10.257
28.5094 113.006 30.9163 320.989
28.6782 321.026 31.7408 478.986
30.976 374.709 342.994 348.926
365.904 357.234 317.333 337.193
367.632 383.023 369.941 319.998
369.437 319.147 441.648 271.467
441.975 272.67 476.962 273.994
317.059 338.909 275.972 341.565
260.115 334.766 293.015 350.97
238.422 330.185 313.072 368.861
238.009 331.127 195.014 334.19
263.083 373.141 229.865 392.772
229.22 394.032 242.783 404.287
245.557 404.409 267.925 373.945
278.006 374.061 316.038 370.396
209.98 343.747 254.02 340.253
254.973 343.598 215.017 346.257
242.522 377.247 167.71 325.419
242.076 378.216 186.247 397.706
185.651 397.388 166.136 379.849
161.539 380.893 158.512 393.886
73.9749 390.383 179.978 397.335
73.5257 390.23 50.27 342.355
30.8615 344.491 135.713 315.945
135.999 317.009 368.012 337.866
163.096 324.473 121.014 327.219
129.021 335.31 165.99 332.847
197.064 347.882 31.001 360.013
65.9752 342.622 179.013 335.2
219.037 363.456 31.0434 378.541
32.0089 397.13 60.0146 395.213
146.937 415.261 38.2443 388.989
141.114 403.255 31.9262 386.481
32.0122 433.131 46.9764 431.745
32.9112 464.146 91.9996 457.996
97.9969 462.996 150.171 417.195
143.496 407.392 162.788 432.165
163.412 432.701 93.0313 474.053
95.2081 477.474 168.556 445.267
158.872 449.799 188.079 431.123
32.9497 474.635 94.0285 466.207
51.013 326 49.8236 16.9968
51.1329 326.424 113.014 307.045
112.544 320.001 112.818 152.998
114.937 151.451 165.079 158.434
165.118 160.983 162.658 284.993
182.657 270.026 183.16 238.003
185.062 235.5 235.034 241.727
258.74 177.013 260.207 314.998
261.001 174.897 339.004 175.301
342.971 179.194 358.083 181.439
358.487 182.015 355.687 272.99
319.801 174.989 320.487 161.973
321.134 161.365 343.007 165.969
285.015 311.827 261.004 312.252
314.005 316.11 345.987 314.701
354.087 315.592 370.754 319.152
75.7299 305.94 78.8252 291.961
42.3329 253.916 43.2856 268.982
50.005 344.02 29.984 348.935
45.0233 246.999 46.143 269.993
139.053 348.734 30.9633 356.488
30.9937 402.945 70.1692 398.487
48.9628 427.651 147.904 417.103
64.9754 309.999 64.9325 246.999
64.9996 427.981 133.994 426.676
58.2011 425.032 124.04 412.205
78.2354 255.981 76.8169 238.014
57.981 340.929 106.954 327.828
114.088 336.407 71.0674 339.084
76.7844 452.764 91.0588 456.792
74.9702 163.296 107.048 166.524
103.163 176.991 102.924 198.999
91.7836 387.862 152.075 376.394
92.8226 237.908 100.02 224.01
89.2632 309.454 112.835 277.618
115.157 41.9955 114.206 9.0229
113.905 137.616 202.953 151.304
202.999 150.038 307 149.981
306.234 149.977 301.72 297.991
280.026 296.634 385.98 304.278
112.949 144.36 174.987 153.091
114.974 165.294 164.116 169.714
114.029 168.652 164.101 172.771
113.964 303.845 167.125 291.541
105.028 310.114 160.138 296.562
160.025 121.527 629.015 113.907
636.927 72.9996 636.692 117.998
628.077 127.58 610.981 129.856
121.217 170.001 120.907 299
129.952 22.5809 153.98 19.8269
129 0 129 21
136.052 99.9664 145.86 115.091
151.344 464.49 178.559 445.372
202.631 439.491 165.373 466.514
203.391 439.131 265.896 467.232
284.074 477.433 385.991 459.95
388.598 458.031 389.601 438.979
389.967 439.256 558.956 461.334
560.877 478.993 569.635 332.038
560.965 322.456 440.975 313.325
440.151 312.161 475.944 275.945
477.972 278.624 572.959 282.906
575.547 281.027 580.288 184.014
580.015 183.319 515.025 181.864
513.98 182.954 509.693 278.986
466.962 288.724 556.976 293.448
558.045 289.934 583 290.991
388.292 475.556 332.451 438.835
334.012 433.88 354.007 435.931
129.989 34.823 216.962 29.3847
219.021 36.0667 233.016 35.7903
234.126 34.9897 233.971 18.0003
164.046 19.5924 276.91 10.8383
163.012 19.0013 162.987 1.7643e-05
178.046 28.7142 217.015 26.232
234.943 26.8555 334.992 21.8331
336.941 29.4981 354.059 27.5019
309.998 7.96857 391.001 2.0101
125.026 323.691 149.992 322.77
133.027 349.357 193.979 344.72
140.031 391.195 159.031 388.195
140.95 402.381 177.948 399.365
131.097 32.3414 171.033 29.4541
156.896 67.7254 137.972 74.9251
173.279 305.161 210.797 296.154
211.124 296.639 233.851 304.435
233.977 303.435 248.992 302.816
172.044 415.33 206.96 417.616
228.925 408.81 192.054 405.414
231.02 404.356 194.026 406.463
159.951 124.254 191.925 130.389
164.999 73.0857 151.988 72.9141
165.379 257.222 170.379 271.222
161.895 433.222 181.935 430.515
167.057 155.574 192.997 159.026
164.985 175.327 234.995 173.772
235.941 173.995 236.322 252.998
235.938 253.61 259.003 255.967
258.026 246.772 187.042 238.634
184.689 220.994 185.315 296.006
220.044 243 219.765 283.998
185.925 278.495 259.062 289.589
168.518 378.243 202.261 391.328
173.188 269.68 168.896 253.759
177.164 187.996 176.967 234.996
177.216 241.032 176.616 264.016
179.921 323.929 221.957 327.503
171.004 375.298 231.982 374.548
183.919 211.813 188.602 234.878
188.019 331.393 222.939 329.721
215.614 427.355 246.885 457.121
191.001 161.846 236 162.068
184.968 157.15 258.974 154.324
258.994 155.802 306.006 156.157
189.272 239.979 188.728 259.021
192.824 312.413 248.95 319.4
266.773 319.526 223.986 301.033
367.96 331.474 185.979 316.249
174.06 400.48 229.069 393.549
191.061 305.041 221.016 303.277
209.184 298.588 262.745 322.569
201.899 283.071 186.938 281.663
190.987 307.668 224.015 306.391
209.783 242.149 214.441 280.069
192.954 282.312 259.003 291.98
214.911 422.654 238.861 416.461
238.048 419.137 211.217 428.615
219.017 426.734 319.987 433.208
221 0 221 15
232.082 400.461 216.974 398.172
222.324 278.023 221.848 244.002
236.979 464.744 220.012 466.145
236.958 361.487 288.026 357.322
230.004 424.038 269.895 419.972
260.99 420.073 363.881 433.885
365.876 431.995 368.1 374.004
248.978 438.807 253.16 459.968
257.873 258.994 258.06 288
249.042 405.346 323.039 396.324
247.13 407.16 272.826 411.129
272.944 409.769 321.028 398.116
248.992 24.9279 278.972 21.7368
267.329 303.069 292.064 311.819
260.976 331.3 310.89 335.356
263 179 277 179
278.952 180.998 277.938 206.959
281.013 211.805 263.001 212.089
254.012 397.582 318.986 396.283
270.992 338.871 307.972 336.552
278.003 433.011 256.997 438.989
275.02 393.001 276.156 377.011
264.976 410.117 364.067 430.679
344.056 422.54 364.935 420.37
290.953 384.611 309.993 386.085
283.161 69.628 297.959 65.8413
311.137 301.562 361.857 317.455
281.936 305.232 296.904 309.349
296.97 308.611 323.045 306.573
284.058 322.733 327.966 324.735
338.075 325.236 367.03 323.491
300.909 295.797 284.016 293.861
276.975 378.755 323.884 373.884
324.058 374.887 354.283 390.45
307.196 318.268 324.988 323.044
303.23 295.627 324.328 287.896
304.047 355.53 348.055 351.616
320.078 275.023 318.791 223.03
319.253 242.017 323.712 176.048
302.992 356.017 330.638 369.731
330.985 368.878 366.951 364.589
322.896 159.439 307.796 155.863
319.048 393.483 349.05 390.507
309.907 150.404 377.998 166.009
344.99 66.0607 309.021 59.8794
308.874 153.564 347.935 162.293
319.147 130.567 406.904 160.282
341.942 280.809 355.873 276.58
317.076 295.197 369.918 274.787
319.047 296.376 388.032 301.573
324.894 304.796 382.05 308.156
328.01 309.658 303.016 310.034
332.246 338.329 358.962 348.104
333.055 302.861 356.999 304.021
339.217 228.002 339.317 214.002
345.676 57.0223 346.048 29.0139
339.98 134.852 460.013 132.768
449.049 133.366 475.84 129.799
474.011 159.785 411.995 160.151
378.045 292.649 349.01 291.686
350.988 316.799 323.965 318.418
324.019 366.96 363.187 385.607
339.996 371.966 367.011 369.105
336.015 337.828 367.949 340.593
345.966 294.966 395.011 296.674
338.152 478.869 380.096 471.553
331.961 305.133 364.756 314.826
348.01 58.1981 388.005 56.0938
355.963 20.4703 465.921 12.8557
468.017 21.3715 488.02 20.4363
356.048 168.735 373.998 172.01
334.004 123.326 439 121.976
335.997 131.785 421.996 130.698
364.613 263.266 372.976 243.99
360.942 135.15 412.609 155.017
412.999 153.117 569 152.946
365.936 261.384 383.936 264.384
376.605 438.071 381.782 320.99
392.226 192.989 393.139 210.942
370.092 218 370.193 191.997
354.968 16.5059 409.004 13.0595
374.154 217.005 373.949 180.995
371.052 164.776 397.044 170.812
383.08 173.939 381.621 195.975
377.052 206.996 378.284 224.052
358 299.304 391 299.324
376.95 319.55 435.107 324.815
376.97 316.447 408.03 318.553
390.439 217.818 398.329 236.864
396.412 238.992 396.213 253.99
405.979 257.7 430.986 258.453
430.144 271.042 431.347 238.013
439.3 227.004 438.894 255.984
433.897 198.41 449.934 195.619
439.92 257.149 480.999 260.014
393.254 260.951 389.797 243.039
398.235 188.01 396.635 226.027
432.015 321.795 468.962 324.519
406.991 310.809 392.975 311.46
414 236.094 431.002 236.129
410.988 296.14 450.049 299.413
416.918 290.813 458.996 295.039
418.974 288.36 459.054 291.251
428.022 381.052 455.234 369.554
428.816 328.989 427.712 346.982
427.844 377.589 448.854 369.617
426.936 284.177 460.999 286.023
452.007 282.942 466.922 284.675
439.001 212.671 465.997 212.776
439 214.882 455 214.882
439.91 267.135 470.952 269.604
437.995 219.119 469 218.943
470.401 219.052 471.263 196.01
448.983 10.6851 466.986 9.73757
525.39 345.908 528.965 361.008
473.715 347.372 492.346 368.575
460.052 365.512 518.03 371.716
474.847 13.8395 476.779 -0.0307465
476.06 175.668 618.991 179.347
620.958 180.998 614.038 314.95
634.014 327.798 587.032 324.543
586.013 324.887 584.395 339.045
467.993 144.091 548.004 143.514
521.006 140.417 610.001 139.05
474.4 339.507 490.436 358.477
480.528 349.697 509.228 369.14
499.246 208.995 498.868 190.023
497.523 247.024 498.794 218.991
490 11.9936 599.05 5.8945
506.276 257.93 504.623 274.964
516.427 427.069 517.835 398.04
514.989 6.79629 586.048 2.86835
516.181 239.012 513.766 275.985
475.002 162.519 623.995 163.135
517.992 192.151 541.999 191.929
515.964 236.639 540.941 238.048
516.002 258.868 540.013 259.293
515.033 268.442 539.007 269.88
517.987 228.316 540.989 229.266
527.003 220.892 541.019 221.242
544.022 64.3486 530.016 65.249
533.002 272.979 514.97 271.334
545.048 50.7814 560.988 49.8047
540.002 240.973 517.017 239.694
549.246 193.013 544.873 277.942
531.001 192.228 576 192.026
547.009 254.744 572.013 255.641
548.987 231.707 572.998 232.132
573.503 232.021 575.146 193.006
547.993 241.162 572.986 242.299
550.001 196.929 574.008 197.151
550.744 478.979 552.145 462.012
547.99 248.233 571.987 249.286
571.991 245.15 548.016 243.73
555.022 250.703 572.003 251.965
557.62 437.057 553.757 478.978
562.976 261.292 547 260
560.995 308.078 612.975 311.397
574.031 235.455 549 234.009
473.001 150.136 618.997 148.734
573.991 195.15 550.016 193.73
585.145 328.007 577.639 478.982
583.895 409.924 638.977 416.204
580.912 432.84 639.005 438.948
588.126 394.971 591.637 410.084
586.935 326.889 629.996 330.06
628.411 332.962 625.735 373.983
581.029 443.756 639.044 450.626
581.85 421.244 638.982 428.149
597.993 271.074 584.026 269.728
623.019 355.866 607.064 353.558
597.744 478.981 598.687 465.977
599.074 465.541 614.981 468.115
619.102 394.997 619.923 422.002
621.714 216.99 619.94 267.998
624.425 269.013 626.015 219
634.1 171.255 618.729 177.313
633.622 163.982 625.9 325.995
638.972 410.217 621.015 407.886
635.296 186.015 630.385 284.969
631.881 311.994 637.032 215.002
