2.259179992675781250e+02 6.538449859619140625e+01 1.719120025634765625e+02 -4.311639964580535889e-01
3.006449890136718750e+02 6.901909637451171875e+01 2.281260070800781250e+02 7.066770172119140625e+01
1.642039947509765625e+02 3.018649902343750000e+02 1.629859924316406250e+02 3.219419860839843750e+02
1.455720062255859375e+02 3.231159973144531250e+02 1.438959960937500000e+02 3.330440063476562500e+02
2.430390014648437500e+02 7.453679656982421875e+01 3.031409912109375000e+02 7.232060241699218750e+01
5.958380103111267090e-01 2.790809936523437500e+02 5.062390136718750000e+01 2.795029907226562500e+02
2.389909973144531250e+02 7.267910003662109375e+01 2.425670013427734375e+02 7.962470245361328125e+01
2.049469947814941406e+01 1.786199951171875000e+02 4.066230010986328125e+01 1.801260070800781250e+02
3.093699951171875000e+02 9.477539825439453125e+01 3.443479919433593750e+02 9.522840118408203125e+01
1.616239929199218750e+02 3.233850097656250000e+02 1.601950073242187500e+02 3.357200012207031250e+02
2.303580093383789062e+01 2.877850036621093750e+02 8.080909729003906250e+00 2.917070007324218750e+02
2.492669982910156250e+02 7.445069885253906250e+01 2.711380004882812500e+02 1.057630004882812500e+02
4.819369888305664062e+01 2.677300109863281250e+02 2.946439933776855469e+01 2.692359924316406250e+02
2.693840026855468750e+02 1.195960006713867188e+02 2.328249969482421875e+02 7.484850311279296875e+01
2.844289970397949219e+01 2.968370056152343750e+02 5.228310012817382812e+01 3.027210083007812500e+02
2.437450027465820312e+01 3.531380004882812500e+02 6.245520114898681641e-01 3.531289978027343750e+02
4.937839889526367188e+01 2.902730102539062500e+02 3.311780166625976562e+01 2.901149902343750000e+02
7.396070098876953125e+01 4.781650085449218750e+02 7.246340179443359375e+01 4.156109924316406250e+02
6.055709719657897949e-01 2.362239990234375000e+02 4.934939956665039062e+01 2.347689971923828125e+02
6.227759718894958496e-01 1.920310058593750000e+02 4.562509918212890625e+01 1.919389953613281250e+02
5.909829735755920410e-01 2.141179962158203125e+02 4.815140151977539062e+01 2.130440063476562500e+02
1.981119995117187500e+02 3.134479999542236328e+00 2.455570068359375000e+02 6.907340240478515625e+01
6.216250061988830566e-01 2.578370056152343750e+02 4.937689971923828125e+01 2.577300109863281250e+02
2.252120056152343750e+02 1.556190032958984375e+02 2.265700073242187500e+02 5.433739852905273438e+01
4.810969924926757812e+01 2.278430023193359375e+02 6.019920110702514648e-01 2.283170013427734375e+02
1.496979980468750000e+02 3.593760070800781250e+02 1.496739959716796875e+02 3.418750000000000000e+02
1.454409942626953125e+02 3.405950012207031250e+02 1.460070037841796875e+02 3.605790100097656250e+02
3.062989997863769531e+01 1.819519958496093750e+02 1.685670089721679688e+01 1.828419952392578125e+02
3.794979858398437500e+02 1.918480072021484375e+02 4.414849853515625000e+02 4.811549987792968750e+02
5.060829925537109375e+01 2.740729980468750000e+02 6.017969846725463867e-01 2.731919860839843750e+02
4.690729904174804688e+01 2.056690063476562500e+02 5.613960027694702148e-01 2.068249969482421875e+02
2.906449890136718750e+02 1.506109952926635742e+00 3.173259887695312500e+02 9.335700225830078125e+01
2.318729972839355469e+01 2.676329956054687500e+02 4.359029769897460938e+00 2.691809997558593750e+02
1.180960006713867188e+02 2.769729919433593750e+02 1.204670028686523438e+02 3.080419921875000000e+02
4.016809997558593750e+02 2.093769989013671875e+02 4.019750061035156250e+02 2.468840026855468750e+02
6.376240158081054688e+01 3.718819885253906250e+02 6.364059829711914062e+01 3.618840026855468750e+02
1.408159942626953125e+02 3.507399902343750000e+02 1.372680053710937500e+02 3.566170043945312500e+02
1.527700042724609375e+02 3.418689880371093750e+02 1.528780059814453125e+02 3.593770141601562500e+02
2.943269958496093750e+02 5.064130020141601562e+01 2.772399902343750000e+02 7.932680100202560425e-02
1.618970031738281250e+02 3.333500061035156250e+02 2.106510009765625000e+02 3.343999938964843750e+02
2.290050048828125000e+02 7.312229919433593750e+01 2.292769927978515625e+02 1.606210021972656250e+02
6.679409790039062500e+01 1.594299926757812500e+02 6.805400085449218750e+01 1.044020004272460938e+02
3.377040100097656250e+02 9.193479919433593750e+01 3.247290039062500000e+02 5.747110247611999512e-01
4.936240005493164062e+01 2.520290069580078125e+02 4.561389923095703125e+00 2.483529968261718750e+02
7.278530120849609375e+01 4.147319946289062500e+02 5.124810028076171875e+01 4.101780090332031250e+02
2.776300048828125000e+02 3.225520019531250000e+02 2.858309936523437500e+02 3.154689941406250000e+02
5.340019989013671875e+01 3.019049987792968750e+02 4.998590087890625000e+01 1.893939971923828125e+02
2.310350036621093750e+01 2.953890075683593750e+02 5.605610013008117676e-01 2.949100036621093750e+02
3.199039936065673828e+00 3.659089965820312500e+02 2.375569915771484375e+01 3.605400085449218750e+02
2.536350059509277344e+01 3.594530029296875000e+02 2.510140037536621094e+01 3.544020080566406250e+02
2.421139984130859375e+02 3.290840148925781250e+02 2.395930023193359375e+02 3.378280029296875000e+02
4.812829971313476562e+01 1.892749938964843750e+02 3.314479827880859375e+01 1.887779998779296875e+02
2.478679962158203125e+02 2.344160003662109375e+02 2.462359924316406250e+02 1.743919982910156250e+02
2.062319946289062500e+01 2.557519989013671875e+02 6.093599796295166016e-01 2.554649963378906250e+02
1.072160034179687500e+02 4.781409912109375000e+02 9.862799835205078125e+01 5.934739708900451660e-01
1.118610000610351562e+02 6.067690253257751465e-01 1.153629989624023438e+02 4.781539916992187500e+02
1.992119979858398438e+01 3.058630065917968750e+02 2.933489990234375000e+01 2.993169860839843750e+02
5.057609939575195312e+01 2.961600036621093750e+02 2.566979980468750000e+01 2.938840026855468750e+02
1.492319946289062500e+02 2.997919921875000000e+02 1.607850036621093750e+02 2.978020019531250000e+02
1.162689971923828125e+02 3.856109924316406250e+02 1.149120025634765625e+02 3.231130065917968750e+02
2.306470031738281250e+02 3.275020141601562500e+02 2.405890045166015625e+02 3.278609924316406250e+02
1.543040008544921875e+02 3.614349975585937500e+02 1.644429931640625000e+02 3.610119934082031250e+02
5.497520065307617188e+01 3.040050048828125000e+02 6.200770187377929688e+01 3.091950073242187500e+02
4.635390090942382812e+01 3.721400146484375000e+02 5.525650024414062500e+01 3.674289855957031250e+02
2.773569946289062500e+02 1.843769989013671875e+02 2.776669921875000000e+02 3.206229858398437500e+02
4.449570007324218750e+02 4.788280029296875000e+02 3.954140014648437500e+02 3.436610107421875000e+02
6.201000213623046875e-01 3.012200012207031250e+02 2.311860084533691406e+01 3.014049987792968750e+02
1.648269958496093750e+02 3.631159973144531250e+02 1.647619934082031250e+02 3.781210021972656250e+02
3.693149948120117188e+01 2.011109924316406250e+02 4.570819854736328125e+01 2.000910034179687500e+02
1.143970031738281250e+02 1.031119995117187500e+02 2.271280059814453125e+02 1.601560058593750000e+02
2.120740051269531250e+02 4.005729980468750000e+02 2.101320037841796875e+02 1.593589935302734375e+02
2.877539978027343750e+02 3.206270141601562500e+02 2.875769958496093750e+02 1.893719940185546875e+02
6.762329864501953125e+01 4.128080139160156250e+02 6.260979843139648438e+01 4.033999938964843750e+02
2.417610015869140625e+02 2.781250000000000000e+02 2.416920013427734375e+02 2.356230010986328125e+02
1.310980072021484375e+02 3.211409912109375000e+02 1.596119995117187500e+02 3.099809875488281250e+02
3.407000122070312500e+02 4.324409961700439453e-01 3.441740112304687500e+02 4.688999938964843750e+01
5.152650070190429688e+01 4.144519958496093750e+02 3.669930100440979004e-01 4.075329895019531250e+02
2.881350097656250000e+02 1.882640075683593750e+02 3.956289978027343750e+02 1.875130004882812500e+02
2.106179962158203125e+02 3.420409851074218750e+02 1.517619934082031250e+02 3.396700134277343750e+02
1.991370022296905518e-01 6.154330062866210938e+01 9.809359741210937500e+01 1.069430007934570312e+02
1.417369995117187500e+02 3.079939880371093750e+02 1.490729980468750000e+02 3.002770080566406250e+02
1.317790069580078125e+02 2.780239868164062500e+02 1.442960052490234375e+02 2.790700073242187500e+02
1.144670028686523438e+02 3.102879943847656250e+02 1.407019958496093750e+02 3.076310119628906250e+02
3.630920028686523438e+01 3.773240051269531250e+02 4.342369842529296875e+01 3.722980041503906250e+02
2.290370025634765625e+02 1.668699951171875000e+02 2.298419952392578125e+02 3.281229858398437500e+02
3.190069961547851562e+01 1.862830047607421875e+02 1.058559989929199219e+01 1.871159973144531250e+02
6.084180068969726562e+01 3.056019897460937500e+02 6.140399932861328125e+01 2.806430053710937500e+02
3.968800048828125000e+02 3.409349975585937500e+02 2.806199951171875000e+02 3.403489990234375000e+02
3.762539978027343750e+02 9.050479888916015625e+01 3.937260131835937500e+02 2.573849856853485107e-01
3.695710144042968750e+02 8.690319824218750000e+01 3.820199890136718750e+02 4.658989906311035156e-01
1.693739929199218750e+02 1.928099975585937500e+02 1.156240005493164062e+02 1.927799987792968750e+02
1.862879943847656250e+02 1.277839988470077515e-01 2.236540069580078125e+02 4.991600036621093750e+01
1.228369979858398438e+02 3.277160034179687500e+02 1.313809967041015625e+02 3.216979980468750000e+02
3.481080017089843750e+02 2.556269989013671875e+02 3.494159851074218750e+02 2.667229919433593750e+02
2.601519966125488281e+01 2.245599975585937500e+02 3.860419845581054688e+01 2.211380004882812500e+02
2.302209930419921875e+02 1.600630035400390625e+02 2.684800109863281250e+02 1.825200042724609375e+02
3.193880004882812500e+02 1.203089981079101562e+02 2.693810119628906250e+02 1.210299987792968750e+02
6.536219787597656250e+01 2.406320037841796875e+02 6.418340301513671875e+01 1.930989990234375000e+02
9.826899719238281250e+01 1.081419982910156250e+02 1.039509963989257812e+02 4.781510009765625000e+02
2.677420043945312500e+02 1.768760070800781250e+02 2.675899963378906250e+02 1.193730010986328125e+02
4.677399902343750000e+02 4.781440124511718750e+02 4.671799926757812500e+02 4.667980041503906250e+02
6.590090179443359375e+01 2.781400146484375000e+02 6.542019653320312500e+01 2.468589935302734375e+02
3.988619995117187500e+02 2.433020025491714478e-01 3.857799987792968750e+02 6.065859985351562500e+01
4.788090133666992188e+01 2.156139984130859375e+02 4.754489898681640625e+01 2.232100067138671875e+02
2.477899932861328125e+02 3.506220092773437500e+02 2.475310058593750000e+02 2.781270141601562500e+02
7.005549621582031250e+01 2.393399963378906250e+02 6.610959625244140625e+01 1.618500061035156250e+02
1.822200012207031250e+02 6.034479737281799316e-01 1.827700042724609375e+02 9.397230148315429688e+00
3.858150024414062500e+02 4.856280088424682617e-01 3.757919921875000000e+02 7.673269653320312500e+01
7.822120189666748047e+00 3.899899902343750000e+02 3.755540084838867188e+01 3.758009948730468750e+02
2.593989868164062500e+02 3.418750000000000000e+02 2.583429870605468750e+02 1.806239929199218750e+02
4.708980102539062500e+02 4.706560058593750000e+02 4.700400085449218750e+02 4.782009887695312500e+02
3.231239929199218750e+02 2.469360113143920898e+00 2.931239929199218750e+02 2.511729955673217773e+00
1.031149978637695312e+02 6.251140236854553223e-01 1.086380004882812500e+02 4.781480102539062500e+02
4.630650043487548828e+00 3.892420043945312500e+02 8.776160240173339844e+00 3.971870117187500000e+02
2.409700012207031250e+02 2.331499938964843750e+02 2.405149993896484375e+02 2.168780059814453125e+02
1.081320037841796875e+02 1.993750000000000000e+02 1.076829986572265625e+02 6.231729984283447266e-01
5.862260131835937500e+02 4.781459960937500000e+02 5.917559814453125000e+02 6.381000280380249023e-01
1.712429962158203125e+02 2.818810119628906250e+02 1.703829956054687500e+02 1.931269989013671875e+02
2.395809936523437500e+01 3.094739990234375000e+02 3.881959915161132812e+01 3.040910034179687500e+02
1.164850006103515625e+02 3.373210144042968750e+02 1.310529937744140625e+02 3.302579956054687500e+02
6.314079761505126953e-01 3.169150085449218750e+02 1.583979988098144531e+01 3.144509887695312500e+02
4.395880103111267090e-01 4.474499893188476562e+01 9.589910125732421875e+01 9.257810211181640625e+01
2.408999938964843750e+02 3.385870056152343750e+02 2.369790039062500000e+02 3.515280151367187500e+02
5.918920040130615234e-01 3.310100097656250000e+02 2.188380050659179688e+01 3.314410095214843750e+02
2.700419921875000000e+02 1.231299972534179688e+02 2.690539855957031250e+02 2.568729858398437500e+02
2.365839996337890625e+02 3.493550109863281250e+02 2.356109924316406250e+02 3.632120056152343750e+02
6.652279663085937500e+01 1.065039978027343750e+02 -6.050990149378776550e-02 7.983660125732421875e+01
2.610000000000000000e+02 3.546449890136718750e+02 1.716629943847656250e+02 4.788720092773437500e+02
5.558059811592102051e-01 3.919190063476562500e+02 3.894779920578002930e+00 3.971799926757812500e+02
7.959870147705078125e+01 4.781440124511718750e+02 7.294439697265625000e+01 1.119010009765625000e+02
5.528430175781250000e+01 3.681579895019531250e+02 5.400130081176757812e+01 3.068569946289062500e+02
1.581109924316406250e+02 1.898130035400390625e+02 1.768769989013671875e+02 1.894819946289062500e+02
5.332709884643554688e+01 4.016069946289062500e+02 3.339950180053710938e+01 4.057090148925781250e+02
1.694949913024902344e+01 3.677080078125000000e+02 3.197839975357055664e+00 3.689389953613281250e+02
1.324969940185546875e+02 3.781350097656250000e+02 1.326620025634765625e+02 3.681170043945312500e+02
3.475539855957031250e+02 9.066110229492187500e+01 3.451839904785156250e+02 5.315290069580078125e+01
1.150640029907226562e+02 3.056130065917968750e+02 1.145790023803710938e+02 2.781210021972656250e+02
2.450700073242187500e+02 7.983190155029296875e+01 2.772219848632812500e+02 1.188690032958984375e+02
1.461309967041015625e+02 3.668630065917968750e+02 1.459550018310546875e+02 3.781300048828125000e+02
2.711900024414062500e+02 1.812440032958984375e+02 2.760440063476562500e+02 1.866179962158203125e+02
2.881279907226562500e+02 3.304679870605468750e+02 2.781250000000000000e+02 3.304979858398437500e+02
1.156269989013671875e+02 1.907050018310546875e+02 1.569129943847656250e+02 1.897500000000000000e+02
1.373820037841796875e+02 3.897290039062500000e+02 1.160589981079101562e+02 4.073989868164062500e+02
7.021659851074218750e+01 3.168659973144531250e+02 7.074120330810546875e+01 3.668739929199218750e+02
1.456219940185546875e+02 2.811740112304687500e+02 1.693780059814453125e+02 2.812890014648437500e+02
1.283419952392578125e+02 3.161799926757812500e+02 1.168170013427734375e+02 3.148909912109375000e+02
3.187919998168945312e+01 1.768930053710937500e+02 3.124010086059570312e+01 1.331340026855468750e+02
1.274899978637695312e+02 3.692850036621093750e+02 1.269459991455078125e+02 3.806279907226562500e+02
1.441790008544921875e+01 3.193699951171875000e+02 5.981559753417968750e-01 3.198460083007812500e+02
7.041149902343750000e+01 3.680329895019531250e+02 7.157859802246093750e+01 3.968869934082031250e+02
1.412590026855468750e+02 4.786470031738281250e+02 2.071660003662109375e+02 3.985859985351562500e+02
2.940200042724609375e+01 1.319570007324218750e+02 6.131510138511657715e-01 1.325399932861328125e+02
3.034010009765625000e+02 7.345349884033203125e+01 3.095899963378906250e+02 9.180259704589843750e+01
6.757430076599121094e+00 2.002830047607421875e+02 1.461750030517578125e+01 1.975800018310546875e+02
6.875000000000000000e+00 2.543750000000000000e+02 4.812500000000000000e+01 2.543750000000000000e+02
2.294299926757812500e+02 5.342979812622070312e+01 1.909969940185546875e+02 3.557400107383728027e-01
2.101569938659667969e+01 3.293919982910156250e+02 2.176469993591308594e+01 3.118699951171875000e+02
2.157940063476562500e+02 3.356239929199218750e+02 2.160119934082031250e+02 3.893729858398437500e+02
4.322680053710937500e+02 3.813810110092163086e+00 4.056220092773437500e+02 1.038720016479492188e+02
4.740650177001953125e+01 3.818049926757812500e+02 4.780170059204101562e+01 3.918880004882812500e+02
1.329539947509765625e+02 3.331159973144531250e+02 1.319720001220703125e+02 3.519450073242187500e+02
2.819020080566406250e+02 3.541260070800781250e+02 2.618829956054687500e+02 3.546700134277343750e+02
9.403610229492187500e+00 2.433139953613281250e+02 1.954940032958984375e+01 2.417749938964843750e+02
1.744490051269531250e+02 2.846789855957031250e+02 1.218820037841796875e+02 2.829079895019531250e+02
3.097570037841796875e+01 3.986319885253906250e+02 1.767760086059570312e+01 4.046340026855468750e+02
2.367350006103515625e+02 3.613519897460937500e+02 2.493300018310546875e+02 3.514739990234375000e+02
1.246449966430664062e+02 3.848519897460937500e+02 1.168249969482421875e+02 3.892879943847656250e+02
2.068520050048828125e+02 1.631809997558593750e+02 1.130360031127929688e+02 1.245899963378906250e+02
1.206230010986328125e+02 2.810929870605468750e+02 1.293789978027343750e+02 2.811359863281250000e+02
6.189559936523437500e+01 1.225380020141601562e+02 2.934939956665039062e+01 1.235500030517578125e+02
1.736399993896484375e+02 1.918739929199218750e+02 1.737839965820312500e+02 2.781260070800781250e+02
5.570309829711914062e+01 3.943859863281250000e+02 5.816820144653320312e+01 3.768810119628906250e+02
1.585070013999938965e+00 2.041490020751953125e+02 6.643469810485839844e+00 1.976699981689453125e+02
2.506130065917968750e+02 2.331250000000000000e+02 2.507469940185546875e+02 3.268750000000000000e+02
7.889040374755859375e+01 2.968850097656250000e+02 8.257109832763671875e+01 4.781359863281250000e+02
3.732919921875000000e+02 9.188929748535156250e+01 3.707290039062500000e+02 1.218840026855468750e+02
4.691650009155273438e+01 3.924679870605468750e+02 2.816230010986328125e+01 3.912839965820312500e+02
2.441009979248046875e+02 1.788410034179687500e+02 2.300240020751953125e+02 1.734420013427734375e+02
1.686669921875000000e+01 3.968609924316406250e+02 2.547920036315917969e+01 3.916350097656250000e+02
6.369779706001281738e-01 7.559609985351562500e+01 6.433239746093750000e+01 1.019779968261718750e+02
2.263419952392578125e+02 3.206279907226562500e+02 2.256459960937500000e+02 1.843750000000000000e+02
5.847380161285400391e-01 1.093860015869140625e+02 2.938559913635253906e+01 1.084499969482421875e+02
2.313809967041015625e+02 3.831359863281250000e+02 2.310800018310546875e+02 3.693649902343750000e+02
2.782260131835937500e+02 3.418500061035156250e+02 2.780100097656250000e+02 3.518989868164062500e+02
1.550959930419921875e+02 3.234140014648437500e+02 1.582070007324218750e+02 3.156579895019531250e+02
1.169199981689453125e+02 3.994270019531250000e+02 1.236930007934570312e+02 3.935849914550781250e+02
3.187590026855468750e+01 1.031539993286132812e+02 5.060940170288085938e+01 1.025989990234375000e+02
2.144149932861328125e+02 1.731250000000000000e+02 2.156640014648437500e+02 3.156359863281250000e+02
5.543209838867187500e+01 1.859340057373046875e+02 6.307320022583007812e+01 1.907079925537109375e+02
7.673699951171875000e+01 1.118769989013671875e+02 7.867680358886718750e+01 2.856189880371093750e+02
7.011219787597656250e+01 2.906300048828125000e+02 6.966249847412109375e+01 2.481219940185546875e+02
1.126299972534179688e+02 4.781329956054687500e+02 1.080899963378906250e+02 2.018760070800781250e+02
3.468750000000000000e+02 3.230079956054687500e+02 3.931250000000000000e+02 3.231780090332031250e+02
1.553300018310546875e+02 3.775669860839843750e+02 1.469459991455078125e+02 3.820079956054687500e+02
3.667080078125000000e+02 1.206050033569335938e+02 3.683139953613281250e+02 1.068970031738281250e+02
6.243109893798828125e+01 3.075190124511718750e+02 6.968579864501953125e+01 3.153370056152343750e+02
8.132269859313964844e+00 2.642799987792968750e+02 1.807419967651367188e+01 2.650400085449218750e+02
4.340849876403808594e+00 2.879540100097656250e+02 1.323560047149658203e+01 2.861799926757812500e+02
2.943770141601562500e+02 3.226610107421875000e+02 3.443760070800781250e+02 3.229089965820312500e+02
2.309980010986328125e+02 3.531279907226562500e+02 2.310829925537109375e+02 3.418779907226562500e+02
1.118750000000000000e+02 4.562500000000000000e+01 1.118750000000000000e+02 6.250000000000000000e-01
6.875000000000000000e+00 2.318750000000000000e+02 2.437500000000000000e+01 2.318750000000000000e+02
3.678200073242187500e+02 1.030770034790039062e+02 3.700069885253906250e+02 8.927709960937500000e+01
2.139929962158203125e+01 3.332940063476562500e+02 2.577260017395019531e+01 3.455719909667968750e+02
1.868790030479431152e+00 1.278649978637695312e+02 6.562409973144531250e+01 1.282649993896484375e+02
3.269320068359375000e+02 1.156100006103515625e+02 3.319590148925781250e+02 1.343520050048828125e+02
3.281189880371093750e+02 1.642039947509765625e+02 3.456419982910156250e+02 1.636360015869140625e+02
3.729939880371093750e+02 3.311209869384765625e+01 3.701770019531250000e+02 6.183110046386718750e+01
6.315340042114257812e+01 4.411979980468750000e+02 5.311610031127929688e+01 4.416960144042968750e+02
1.371560058593750000e+02 4.050400085449218750e+02 1.196210021972656250e+02 4.124559936523437500e+02
3.658420104980468750e+02 1.056470031738281250e+02 3.642990112304687500e+02 1.206169967651367188e+02
1.151200027465820312e+02 1.142519989013671875e+02 1.467369995117187500e+02 1.284329986572265625e+02
3.118800048828125000e+02 5.946490097045898438e+01 3.293940124511718750e+02 5.844950103759765625e+01
9.937500000000000000e+01 6.250000000000000000e-01 9.937500000000000000e+01 3.937500000000000000e+01
2.843829956054687500e+02 1.245780029296875000e+02 3.206270141601562500e+02 1.231829986572265625e+02
2.430690002441406250e+02 3.893399963378906250e+02 1.973670043945312500e+02 4.609389953613281250e+02
3.331069946289062500e+02 3.514769897460937500e+02 2.830950012207031250e+02 3.537040100097656250e+02
-6.867840141057968140e-02 2.683410034179687500e+02 7.132269859313964844e+00 2.635079956054687500e+02
2.154850006103515625e+02 3.168800048828125000e+02 2.160870056152343750e+02 3.331080017089843750e+02
2.243769989013671875e+02 1.667689971923828125e+02 2.168540039062500000e+02 1.666089935302734375e+02
2.455559997558593750e+02 1.732790069580078125e+02 2.317819976806640625e+02 1.670820007324218750e+02
2.017969970703125000e+02 3.505570068359375000e+02 1.555839996337890625e+02 3.474920043945312500e+02
3.306459960937500000e+02 6.094490051269531250e+01 3.118959960937500000e+02 6.218550109863281250e+01
4.978160095214843750e+01 1.846219940185546875e+02 5.476630020141601562e+01 1.874299926757812500e+02
3.106900024414062500e+01 1.218899993896484375e+02 3.144680023193359375e+01 1.106110000610351562e+02
2.506250000000000000e+02 1.818750000000000000e+02 2.506250000000000000e+02 2.143750000000000000e+02
5.836959838867187500e+01 4.781149902343750000e+02 5.753200149536132812e+01 4.581499938964843750e+02
5.527269840240478516e-01 2.255399932861328125e+02 6.656549930572509766e+00 2.203670043945312500e+02
4.206879882812500000e+02 8.939369964599609375e+01 4.216069946289062500e+02 2.093480072021484375e+02
1.922910003662109375e+02 4.409249877929687500e+02 2.121759948730468750e+02 4.133420104980468750e+02
4.005840148925781250e+02 8.811060333251953125e+01 4.202210083007812500e+02 3.173430061340332031e+01
2.270769958496093750e+02 3.481050109863281250e+02 2.251349945068359375e+02 3.280509948730468750e+02
3.456250000000000000e+02 3.193750000000000000e+02 3.456250000000000000e+02 2.731250000000000000e+02
1.706250000000000000e+02 3.306250000000000000e+02 1.706250000000000000e+02 2.956250000000000000e+02
3.481250000000000000e+02 2.718750000000000000e+02 3.481250000000000000e+02 3.006250000000000000e+02
3.468469848632812500e+02 4.277450180053710938e+01 3.694010009765625000e+02 4.094499969482421875e+01
