1.031729965209960938e+02 3.051090087890625000e+02 1.807480010986328125e+02 2.999899902343750000e+02
1.515520019531250000e+02 3.233309936523437500e+02 4.538560104370117188e+01 3.329949951171875000e+02
1.555519998073577881e-01 3.251960144042968750e+02 4.315380096435546875e+01 3.183049926757812500e+02
3.821490097045898438e+01 3.433030090332031250e+02 1.697030067443847656e+01 3.446400146484375000e+02
4.661859869956970215e-01 2.789440002441406250e+02 2.358450012207031250e+02 2.567070007324218750e+02
1.805540008544921875e+02 2.954119873046875000e+02 9.676989555358886719e+00 2.837139892578125000e+02
3.964580154418945312e+01 3.376809997558593750e+02 8.693609619140625000e+01 3.452430114746093750e+02
1.535299968719482422e+01 3.368739929199218750e+02 1.530990028381347656e+01 3.481289978027343750e+02
2.517429962158203125e+02 2.734710083007812500e+02 5.353800058364868164e-01 2.774119873046875000e+02
1.943560028076171875e+02 2.889620056152343750e+02 2.519069976806640625e+02 2.863349914550781250e+02
5.318650007247924805e-01 3.523299865722656250e+02 9.596730232238769531e+00 3.512680053710937500e+02
1.506540069580078125e+02 2.850719909667968750e+02 1.931320037841796875e+02 2.833009948730468750e+02
4.310689926147460938e+01 2.971709899902343750e+02 1.006100006103515625e+02 2.960790100097656250e+02
1.679369926452636719e+01 3.501050109863281250e+02 4.157820129394531250e+01 3.462279968261718750e+02
1.043919982910156250e+02 2.813169860839843750e+02 1.468970031738281250e+02 2.802820129394531250e+02
2.594330139160156250e+02 2.678550109863281250e+02 2.856979980468750000e+02 2.684070129394531250e+02
4.440570068359375000e+01 3.166440124511718750e+02 2.716099917888641357e-01 3.107890014648437500e+02
1.793990020751953125e+02 2.726289978027343750e+02 2.156519927978515625e+02 2.714540100097656250e+02
1.242080020904541016e+01 3.481969909667968750e+02 1.123050022125244141e+01 3.365570068359375000e+02
1.234840011596679688e+01 3.581530151367187500e+02 1.202859973907470703e+01 3.493240051269531250e+02
2.166840057373046875e+02 2.739270019531250000e+02 2.319010009765625000e+02 2.753420104980468750e+02
8.545690155029296875e+01 3.404890136718750000e+02 1.281170043945312500e+02 3.469259948730468750e+02
9.980680084228515625e+01 2.962600097656250000e+02 1.048499984741210938e+02 3.027560119628906250e+02
7.447669982910156250e+01 3.181449890136718750e+02 6.842510223388671875e+01 3.067160034179687500e+02
3.015050048828125000e+02 2.793999938964843750e+02 2.868320007324218750e+02 2.815899963378906250e+02
1.993619995117187500e+02 3.100459899902343750e+02 2.481660003662109375e+02 3.109729919433593750e+02
2.928789854049682617e-01 4.534030151367187500e+02 1.308459930419921875e+02 4.087730102539062500e+02
5.748619842529296875e+01 3.119219970703125000e+02 5.146689987182617188e+01 3.147590026855468750e+02
2.897520141601562500e+02 2.831080017089843750e+02 2.895599975585937500e+02 2.931289978027343750e+02
1.467149963378906250e+02 2.802349853515625000e+02 1.501699981689453125e+02 2.859020080566406250e+02
2.191839981079101562e+01 2.903200073242187500e+02 4.554600143432617188e+01 2.936799926757812500e+02
2.117409973144531250e+02 2.652349853515625000e+02 3.035710144042968750e+02 2.795369873046875000e+02
3.361090087890625000e+02 2.891650085449218750e+02 3.465230102539062500e+02 2.837040100097656250e+02
8.101110458374023438e+00 2.924249877929687500e+02 1.938409996032714844e+01 2.929150085449218750e+02
4.190679931640625000e+01 3.259599914550781250e+02 7.423390197753906250e+01 3.228890075683593750e+02
1.327380065917968750e+02 3.517770080566406250e+02 1.560429992675781250e+02 3.555350036621093750e+02
7.063980102539062500e+01 3.123940124511718750e+02 5.686539840698242188e+01 3.127860107421875000e+02
2.743810119628906250e+02 2.862009887695312500e+02 2.631189880371093750e+02 2.863179931640625000e+02
1.281190032958984375e+02 3.480920104980468750e+02 1.325709991455078125e+02 3.524070129394531250e+02
3.831199951171875000e+02 2.737820129394531250e+02 4.093970031738281250e+02 2.739849853515625000e+02
4.931460189819335938e+01 2.711040039062500000e+02 5.700719952583312988e-01 2.749240112304687500e+02
1.744309997558593750e+02 2.600969848632812500e+02 5.064530181884765625e+01 2.696380004882812500e+02
1.594219970703125000e+02 3.514660034179687500e+02 2.131779937744140625e+02 3.576690063476562500e+02
7.056300354003906250e+01 3.198980102539062500e+02 5.547869873046875000e+01 3.181080017089843750e+02
2.566570129394531250e+02 2.991159973144531250e+02 1.954219970703125000e+02 3.079710083007812500e+02
1.080370025634765625e+02 2.834649963378906250e+02 8.720890045166015625e+01 2.780830078125000000e+02
5.177450180053710938e-01 2.717709960937500000e+02 4.801679992675781250e+01 2.680090026855468750e+02
8.432189941406250000e+00 3.457319946289062500e+02 4.223519861698150635e-01 3.447040100097656250e+02
1.148689985275268555e+00 1.029899978637695312e+02 1.581049957275390625e+02 1.158649978637695312e+02
2.394389953613281250e+02 2.709899902343750000e+02 2.244279937744140625e+02 2.698959960937500000e+02
1.542209930419921875e+02 3.629240112304687500e+02 1.355079956054687500e+02 3.601709899902343750e+02
4.689970016479492188e+01 2.292700042724609375e+02 5.903360247611999512e-01 2.302700042724609375e+02
1.323430023193359375e+02 4.013179931640625000e+02 6.047309875488281250e+01 3.932239990234375000e+02
1.121340026855468750e+02 2.556269989013671875e+02 1.120899963378906250e+02 2.331269989013671875e+02
5.563669967651367188e+01 3.155249938964843750e+02 6.948899841308593750e+01 3.171570129394531250e+02
1.218509979248046875e+02 2.616029968261718750e+02 1.742790069580078125e+02 2.570249938964843750e+02
2.030820007324218750e+02 2.994930114746093750e+02 2.153200073242187500e+02 3.039609985351562500e+02
4.306170043945312500e+02 2.759540100097656250e+02 4.569429931640625000e+02 2.765929870605468750e+02
1.106689987182617188e+02 2.322400054931640625e+02 5.067990112304687500e+01 2.338800048828125000e+02
2.036199951171875000e+02 3.254119873046875000e+02 2.071250000000000000e+02 3.335559997558593750e+02
6.163039803504943848e-01 2.259539947509765625e+02 4.688579940795898438e+01 2.255169982910156250e+02
5.184329986572265625e+01 2.257409973144531250e+02 1.193809967041015625e+02 2.248430023193359375e+02
1.589969940185546875e+02 3.503670043945312500e+02 1.552960052490234375e+02 3.557990112304687500e+02
2.874590148925781250e+02 2.931459960937500000e+02 2.871830139160156250e+02 2.843649902343750000e+02
5.052840042114257812e+01 1.131220016479492188e+02 5.085229873657226562e+01 2.231280059814453125e+02
8.068750000000000000e+01 3.943930053710937500e+02 8.094609832763671875e+01 3.568689880371093750e+02
4.872309875488281250e+01 2.669129943847656250e+02 4.828850173950195312e+01 2.306230010986328125e+02
4.093619918823242188e+01 4.501830139160156250e+02 2.728650093078613281e+01 4.554429931640625000e+02
2.182769927978515625e+02 3.642070007324218750e+02 2.632959899902343750e+02 3.690329895019531250e+02
2.756250000000000000e+02 3.257839965820312500e+02 2.618750000000000000e+02 3.257500000000000000e+02
3.406099853515625000e+02 2.801979980468750000e+02 3.880530090332031250e+02 2.785559997558593750e+02
1.208460006713867188e+02 1.243759994506835938e+02 1.202900009155273438e+02 2.156230010986328125e+02
1.064980010986328125e+02 3.090820007324218750e+02 1.000469970703125000e+02 3.173959960937500000e+02
5.181930160522460938e+01 2.624519958496093750e+02 1.106829986572265625e+02 2.575809936523437500e+02
2.517790069580078125e+02 3.153590087890625000e+02 2.896510009765625000e+02 3.190369873046875000e+02
4.943590164184570312e+01 1.537890014648437500e+02 5.642330050468444824e-01 1.487100067138671875e+02
9.819029998779296875e+01 3.222810058593750000e+02 1.094720001220703125e+02 3.218370056152343750e+02
5.051100158691406250e+01 3.724559936523437500e+02 6.051689910888671875e+01 3.894389953613281250e+02
8.169460296630859375e+01 3.516560058593750000e+02 6.407769775390625000e+01 3.485750122070312500e+02
3.919350051879882812e+01 3.240849914550781250e+02 4.772529983520507812e+01 3.187369995117187500e+02
5.788190078735351562e+01 3.910140075683593750e+02 5.335340118408203125e+01 4.027300109863281250e+02
6.119419932365417480e-01 3.671659851074218750e+02 4.563339996337890625e+01 3.691879882812500000e+02
1.665809936523437500e+02 3.202900085449218750e+02 2.035079956054687500e+02 3.253009948730468750e+02
4.063119888305664062e+01 3.043569946289062500e+02 3.054940032958984375e+01 3.008420104980468750e+02
2.649519920349121094e+01 4.597730102539062500e+02 3.414649963378906250e+01 4.563619995117187500e+02
2.195440063476562500e+02 3.026749877929687500e+02 2.121499938964843750e+02 2.998940124511718750e+02
2.133099975585937500e+02 3.590419921875000000e+02 2.186080017089843750e+02 3.638420104980468750e+02
1.758990020751953125e+02 1.343760070800781250e+02 1.756430053710937500e+02 2.206250000000000000e+02
4.579859924316406250e+02 2.769379882812500000e+02 4.634989929199218750e+02 2.892070007324218750e+02
2.155619964599609375e+02 3.364930114746093750e+02 2.108399963378906250e+02 3.218059997558593750e+02
2.842890014648437500e+02 2.929119873046875000e+02 3.357290039062500000e+02 2.899020080566406250e+02
1.160979995727539062e+02 2.281210021972656250e+02 1.159599990844726562e+02 2.581270141601562500e+02
3.016730041503906250e+02 1.304620056152343750e+02 3.066990051269531250e+02 1.242330017089843750e+02
1.336029968261718750e+02 3.640140075683593750e+02 1.357109985351562500e+02 3.740960083007812500e+02
2.140209960937500000e+02 2.518769989013671875e+02 2.140720062255859375e+02 2.281239929199218750e+02
1.373049926757812500e+02 3.163989868164062500e+02 1.442980041503906250e+02 3.232040100097656250e+02
2.595140075683593750e+02 2.819249877929687500e+02 2.550749969482421875e+02 2.941759948730468750e+02
3.233269958496093750e+02 2.968770141601562500e+02 3.701709899902343750e+02 3.044599914550781250e+02
2.605159912109375000e+02 2.896619873046875000e+02 2.780369873046875000e+02 2.963129882812500000e+02
1.218740005493164062e+02 2.242969970703125000e+02 1.731300048828125000e+02 2.234470062255859375e+02
4.137390136718750000e+01 3.120320129394531250e+02 3.901250076293945312e+01 3.044880065917968750e+02
2.618750000000000000e+02 1.884669952392578125e+02 3.181250000000000000e+02 1.884400024414062500e+02
1.881199951171875000e+02 3.117000122070312500e+02 1.968979949951171875e+02 3.114519958496093750e+02
3.156520080566406250e+02 2.347920074462890625e+02 2.631260070800781250e+02 2.330809936523437500e+02
5.432410049438476562e+01 3.966220092773437500e+02 -6.849030256271362305e-01 3.864779968261718750e+02
3.174509887695312500e+02 1.906089935302734375e+02 3.164330139160156250e+02 2.331139984130859375e+02
1.213610000610351562e+02 2.293719940185546875e+02 1.211869964599609375e+02 2.606279907226562500e+02
2.867680053710937500e+02 3.270079956054687500e+02 2.768269958496093750e+02 3.262420043945312500e+02
1.568019962310791016e+01 3.530979919433593750e+02 1.593819999694824219e+01 3.656440124511718750e+02
3.368320007324218750e+02 3.236499938964843750e+02 3.832839965820312500e+02 3.274209899902343750e+02
2.333489990234375000e+02 4.049190063476562500e+02 2.146730041503906250e+02 4.126000061035156250e+02
1.945950012207031250e+02 3.037999877929687500e+02 1.821920013427734375e+02 3.078479919433593750e+02
5.351150131225585938e+01 2.131269989013671875e+02 5.336650085449218750e+01 1.506239929199218750e+02
1.556380004882812500e+02 1.278219985961914062e+02 2.792760009765625000e+02 1.329850006103515625e+02
2.728039932250976562e+01 2.909559936523437500e+02 3.808269882202148438e+01 2.957210083007812500e+02
2.533560028076171875e+02 3.269089965820312500e+02 2.757600097656250000e+02 3.311629943847656250e+02
2.919270019531250000e+02 3.162789916992187500e+02 3.331919860839843750e+02 3.198479919433593750e+02
3.155939941406250000e+02 3.472040100097656250e+02 2.942959899902343750e+02 3.452189941406250000e+02
5.152149963378906250e+01 2.356230010986328125e+02 5.158110046386718750e+01 2.606229858398437500e+02
3.228970031738281250e+02 3.084949951171875000e+02 2.605920104980468750e+02 3.035409851074218750e+02
2.511440086364746094e+01 3.517879943847656250e+02 2.360160064697265625e+01 3.607059936523437500e+02
4.632579956054687500e+02 3.043420104980468750e+02 4.599660034179687500e+02 4.156789855957031250e+02
4.644209899902343750e+02 2.607650146484375000e+02 3.306400146484375000e+02 2.552689971923828125e+02
5.678040161132812500e+02 4.417909851074218750e+02 5.610089721679687500e+02 4.678999938964843750e+02
3.586929931640625000e+02 3.412179870605468750e+02 3.517529907226562500e+02 3.332309875488281250e+02
1.234369964599609375e+02 1.393789978027343750e+02 1.235780029296875000e+02 1.281150054931640625e+02
2.936489868164062500e+02 3.466229858398437500e+02 2.892890014648437500e+02 3.375650024414062500e+02
6.383610229492187500e+02 4.705450134277343750e+02 6.320410156250000000e+02 4.518190002441406250e+02
2.111809997558593750e+02 3.968120117187500000e+02 2.116609954833984375e+02 4.106319885253906250e+02
3.198909912109375000e+02 1.381060028076171875e+02 3.197260131835937500e+02 1.443840026855468750e+02
6.467900085449218750e+01 4.428489990234375000e+02 4.659980010986328125e+01 4.484939880371093750e+02
4.795429992675781250e+01 2.243750000000000000e+02 4.800490188598632812e+01 1.556250000000000000e+02
4.121239929199218750e+02 2.802720031738281250e+02 4.346629943847656250e+02 2.837720031738281250e+02
2.905400085449218750e+02 3.451050109863281250e+02 2.156860046386718750e+02 3.363550109863281250e+02
5.572670288085937500e+02 4.669920043945312500e+02 5.596370239257812500e+02 4.590790100097656250e+02
2.072649993896484375e+02 3.342160034179687500e+02 2.047230072021484375e+02 3.479580078125000000e+02
1.350209960937500000e+02 3.249259948730468750e+02 1.271490020751953125e+02 3.222869873046875000e+02
3.607200012207031250e+02 2.972229919433593750e+02 3.944899902343750000e+02 3.007850036621093750e+02
1.784340057373046875e+02 1.468820037841796875e+02 1.786369934082031250e+02 1.381080017089843750e+02
4.144110107421875000e+02 3.150180053710937500e+02 3.242829895019531250e+02 3.096809997558593750e+02
6.290380249023437500e+02 4.090220031738281250e+02 6.387429809570312500e+02 4.341359863281250000e+02
3.305870056152343750e+02 2.309190063476562500e+02 4.643500061035156250e+02 2.341679992675781250e+02
1.742120056152343750e+02 2.556369934082031250e+02 1.739739990234375000e+02 2.281280059814453125e+02
3.937429809570312500e+01 1.281289978027343750e+02 3.789309859275817871e-01 1.222600021362304688e+02
2.910260009765625000e+02 3.384639892578125000e+02 2.866430053710937500e+02 3.274660034179687500e+02
5.606279907226562500e+02 4.686000061035156250e+02 5.281240234375000000e+02 4.684700012207031250e+02
1.541219940185546875e+02 3.244519958496093750e+02 1.512640075683593750e+02 3.150509948730468750e+02
3.919119873046875000e+02 2.935230102539062500e+02 3.405960083007812500e+02 2.912890014648437500e+02
1.731250000000000000e+02 2.268959960937500000e+02 1.231179962158203125e+02 2.276280059814453125e+02
3.793110046386718750e+02 1.488190002441406250e+02 2.919890136718750000e+02 1.459329986572265625e+02
3.969179992675781250e+02 3.036619873046875000e+02 4.431520080566406250e+02 3.064230041503906250e+02
1.743800048828125000e+02 2.178229980468750000e+02 1.218750000000000000e+02 2.180910034179687500e+02
4.373540039062500000e+02 3.156140136718750000e+02 4.371809997558593750e+02 3.281289978027343750e+02
1.013079986572265625e+02 3.868739929199218750e+02 8.755609893798828125e+01 3.806279907226562500e+02
1.106399993896484375e+02 1.380229949951171875e+02 5.429660034179687500e+01 1.299199981689453125e+02
1.782330017089843750e+02 2.056260070800781250e+02 1.785410003662109375e+02 1.593780059814453125e+02
1.123320007324218750e+02 2.143769989013671875e+02 1.121539993286132812e+02 1.256240005493164062e+02
2.107239990234375000e+02 2.552279968261718750e+02 1.756150054931640625e+02 2.592890014648437500e+02
1.583350067138671875e+02 3.270830078125000000e+02 1.639360046386718750e+02 3.214289855957031250e+02
4.123429870605468750e+01 1.506239929199218750e+02 4.127199935913085938e+01 1.131240005493164062e+02
2.184420013427734375e+02 2.254799957275390625e+02 2.168520050048828125e+02 2.493730010986328125e+02
2.757749938964843750e+02 3.993859863281250000e+02 2.754909973144531250e+02 3.718760070800781250e+02
2.199239959716796875e+02 1.431309967041015625e+02 2.192310028076171875e+02 2.106239929199218750e+02
8.498079681396484375e+01 3.843529968261718750e+02 8.539659881591796875e+01 3.956329956054687500e+02
6.389929809570312500e+02 3.783900146484375000e+02 6.296480102539062500e+02 4.089719848632812500e+02
2.262480010986328125e+02 1.405639953613281250e+02 1.823600006103515625e+02 1.298829956054687500e+02
2.757229919433593750e+02 2.732319946289062500e+02 2.631010131835937500e+02 2.721530151367187500e+02
1.614969940185546875e+02 3.457200012207031250e+02 1.570579986572265625e+02 3.280790100097656250e+02
2.911260070800781250e+02 2.953039855957031250e+02 3.013129882812500000e+02 3.035209960937500000e+02
1.366280059814453125e+02 3.714679870605468750e+02 1.520310058593750000e+02 3.691679992675781250e+02
1.318459930419921875e+02 3.782869873046875000e+02 1.569440002441406250e+02 3.827349853515625000e+02
1.620390014648437500e+02 3.891279907226562500e+02 1.354770050048828125e+02 3.934700012207031250e+02
1.233489990234375000e+02 1.993760070800781250e+02 1.234850006103515625e+02 1.418760070800781250e+02
1.193809967041015625e+02 2.164080047607421875e+02 5.312519836425781250e+01 2.168959960937500000e+02
6.311650085449218750e+01 3.718479919433593750e+02 7.856539916992187500e+01 3.670400085449218750e+02
3.517359924316406250e+02 3.332869873046875000e+02 3.379960021972656250e+02 3.319360046386718750e+02
4.954289855957031250e+02 2.470449981689453125e+02 4.982160034179687500e+02 1.682610015869140625e+02
1.767929992675781250e+02 2.529210052490234375e+02 2.107169952392578125e+02 2.510110015869140625e+02
6.155209960937500000e+02 4.126090087890625000e+02 5.817399902343750000e+02 4.078250122070312500e+02
2.505160064697265625e+02 4.481409912109375000e+02 2.499149932861328125e+02 3.956329956054687500e+02
1.157190017700195312e+02 3.085849914550781250e+02 1.043330001831054688e+02 3.072250061035156250e+02
3.378250122070312500e+02 3.307829895019531250e+02 3.361440124511718750e+02 3.409179992675781250e+02
1.756230010986328125e+02 2.231990051269531250e+02 2.193800048828125000e+02 2.241439971923828125e+02
3.096289978027343750e+02 1.310319976806640625e+02 3.221210021972656250e+02 1.385440063476562500e+02
3.970910034179687500e+02 3.406600036621093750e+02 3.948989868164062500e+02 3.542579956054687500e+02
4.197420043945312500e+02 3.212279968261718750e+02 4.152409973144531250e+02 3.146380004882812500e+02
1.681049957275390625e+02 1.881250000000000000e+02 1.684170074462890625e+02 1.356190032958984375e+02
2.612659912109375000e+02 3.096040039062500000e+02 2.586400146484375000e+02 3.026220092773437500e+02
1.711459960937500000e+02 2.819020080566406250e+02 1.780610046386718750e+02 2.919190063476562500e+02
6.262579956054687500e+02 4.371369934082031250e+02 6.164600219726562500e+02 4.140209960937500000e+02
1.958339996337890625e+02 2.924240112304687500e+02 1.922290039062500000e+02 3.020079956054687500e+02
5.344820022583007812e+01 1.281250000000000000e+02 5.343479919433593750e+01 1.143750000000000000e+02
2.218769989013671875e+02 3.931250000000000000e+02 2.228639984130859375e+02 3.742309875488281250e+02
2.181609954833984375e+02 2.119660034179687500e+02 1.781600036621093750e+02 2.107290039062500000e+02
3.788550109863281250e+02 3.518500061035156250e+02 3.798770141601562500e+02 3.305889892578125000e+02
2.636279907226562500e+02 3.685180053710937500e+02 3.154509887695312500e+02 3.501350097656250000e+02
2.874020080566406250e+02 4.569370117187500000e+02 2.857969970703125000e+02 4.381099853515625000e+02
5.730960083007812500e+02 4.320939941406250000e+02 6.246099853515625000e+02 4.388290100097656250e+02
1.668690032958984375e+02 1.456750030517578125e+02 1.244400024414062500e+02 1.401250000000000000e+02
6.256430053710937500e+02 2.538679962158203125e+02 4.931740112304687500e+02 2.492239990234375000e+02
2.371569976806640625e+02 4.779880065917968750e+02 2.405110015869140625e+02 4.543590087890625000e+02
4.056080017089843750e+02 3.221759948730468750e+02 4.193850097656250000e+02 3.229429931640625000e+02
1.149339981079101562e+02 3.105339965820312500e+02 1.139150009155273438e+02 3.182300109863281250e+02
4.594960021972656250e+02 4.172040100097656250e+02 5.620339965820312500e+02 4.306659851074218750e+02
3.298890075683593750e+02 2.556549987792968750e+02 3.302999877929687500e+02 2.318910064697265625e+02
1.618589935302734375e+02 3.160390014648437500e+02 1.549810028076171875e+02 3.264490051269531250e+02
1.499559936523437500e+02 3.116239929199218750e+02 1.405690002441406250e+02 3.096409912109375000e+02
1.616950073242187500e+02 4.037659912109375000e+02 1.730590057373046875e+02 4.004030151367187500e+02
4.300549926757812500e+02 3.131069946289062500e+02 4.304190063476562500e+02 3.268469848632812500e+02
3.839479980468750000e+02 3.271210021972656250e+02 4.070490112304687500e+02 3.172839965820312500e+02
2.220339965820312500e+02 4.134280090332031250e+02 2.481770019531250000e+02 4.178169860839843750e+02
1.406499938964843750e+02 3.971350097656250000e+02 1.506770019531250000e+02 3.961570129394531250e+02
5.563900146484375000e+02 4.558829956054687500e+02 5.606859741210937500e+02 4.431459960937500000e+02
2.202680053710937500e+02 3.753049926757812500e+02 2.162689971923828125e+02 3.898940124511718750e+02
5.771160278320312500e+02 4.106979980468750000e+02 5.708909912109375000e+02 4.310880126953125000e+02
9.060569763183593750e+01 3.888290100097656250e+02 9.938890075683593750e+01 3.885190124511718750e+02
3.664219970703125000e+02 3.868890075683593750e+02 3.652579956054687500e+02 3.481740112304687500e+02
4.646189880371093750e+02 2.356130065917968750e+02 4.643309936523437500e+02 2.593739929199218750e+02
2.940249938964843750e+02 1.344510040283203125e+02 3.092489929199218750e+02 1.322500000000000000e+02
4.263529968261718750e+02 2.922380065917968750e+02 4.169339904785156250e+02 2.891910095214843750e+02
2.793569946289062500e+02 3.358070068359375000e+02 2.881260070800781250e+02 3.356629943847656250e+02
3.418599853515625000e+02 3.424909973144531250e+02 3.531629943847656250e+02 3.427590026855468750e+02
4.556530151367187500e+02 2.973829956054687500e+02 3.931019897460937500e+02 2.949890136718750000e+02
1.727969970703125000e+02 3.989410095214843750e+02 1.624570007324218750e+02 3.947879943847656250e+02
6.299229736328125000e+02 1.668500061035156250e+02 6.269470214843750000e+02 2.518780059814453125e+02
5.718850097656250000e+02 2.129770050048828125e+02 5.881459960937500000e+02 2.140540008544921875e+02
2.026069946289062500e+02 3.149320068359375000e+02 1.907689971923828125e+02 3.197309875488281250e+02
3.405780029296875000e+02 7.260079956054687500e+01 5.233520269393920898e-01 1.032470016479492188e+02
7.045800018310546875e+01 3.040559997558593750e+02 8.200900268554687500e+01 3.061279907226562500e+02
2.623309936523437500e+02 2.318769989013671875e+02 2.625119934082031250e+02 1.906219940185546875e+02
2.106230010986328125e+02 2.292239990234375000e+02 1.756130065917968750e+02 2.296280059814453125e+02
6.227940063476562500e+02 3.790580139160156250e+02 6.391329956054687500e+02 3.410589904785156250e+02
4.417500000000000000e+02 3.080490112304687500e+02 4.376210021972656250e+02 3.148290100097656250e+02
2.102359924316406250e+02 4.163739929199218750e+02 1.604179992675781250e+02 4.066879882812500000e+02
4.367990112304687500e+02 3.293850097656250000e+02 4.412929992675781250e+02 3.644500122070312500e+02
1.655980072021484375e+02 2.726709899902343750e+02 1.743910064697265625e+02 2.721409912109375000e+02
1.956959991455078125e+02 1.501679992675781250e+02 1.802910003662109375e+02 1.477870025634765625e+02
2.037929992675781250e+02 3.388779907226562500e+02 1.591060028076171875e+02 3.308800048828125000e+02
6.129379882812500000e+02 3.824930114746093750e+02 6.246430053710937500e+02 3.790299987792968750e+02
3.358190002441406250e+02 3.594930114746093750e+02 2.803410034179687500e+02 3.673760070800781250e+02
1.118899993896484375e+02 3.980169982910156250e+02 1.257190017700195312e+02 3.999519958496093750e+02
3.930729980468750000e+02 2.846170043945312500e+02 4.132219848632812500e+02 2.889230041503906250e+02
1.234290008544921875e+02 2.156329956054687500e+02 1.233330001831054688e+02 2.043730010986328125e+02
2.761709899902343750e+02 4.356369934082031250e+02 2.756629943847656250e+02 4.056029968261718750e+02
2.899949951171875000e+02 4.344339904785156250e+02 2.922269897460937500e+02 4.582090148925781250e+02
3.076639890670776367e+00 1.278320007324218750e+02 1.436100006103515625e+01 1.284019927978515625e+02
2.447089996337890625e+02 4.556570129394531250e+02 2.425520019531250000e+02 4.783089904785156250e+02
2.799890136718750000e+02 3.706239929199218750e+02 2.801369934082031250e+02 4.343729858398437500e+02
1.732460021972656250e+02 3.039570007324218750e+02 1.618730010986328125e+02 3.056090087890625000e+02
2.197420043945312500e+02 2.229790039062500000e+02 2.314799957275390625e+02 2.323690032958984375e+02
4.221119995117187500e+02 3.249200134277343750e+02 4.011770019531250000e+02 3.340190124511718750e+02
2.415670013427734375e+02 4.539320068359375000e+02 2.489649963378906250e+02 4.487860107421875000e+02
3.587500000000000000e+02 2.827260131835937500e+02 3.661369934082031250e+02 2.855239868164062500e+02
5.820109939575195312e+01 3.019129943847656250e+02 5.394910049438476562e+01 3.104119873046875000e+02
2.835889892578125000e+02 4.377590026855468750e+02 2.459620056152343750e+02 4.575159912109375000e+02
1.187070007324218750e+02 2.581220092773437500e+02 1.188020019531250000e+02 2.331230010986328125e+02
2.613999938964843750e+02 1.331210021972656250e+02 2.603569946289062500e+02 2.681329956054687500e+02
1.495399932861328125e+02 1.247259979248046875e+02 5.695040130615234375e+01 1.077149963378906250e+02
1.592760009765625000e+02 3.807210083007812500e+02 1.518809967041015625e+02 3.730790100097656250e+02
2.228470001220703125e+02 2.118789978027343750e+02 2.231549987792968750e+02 1.443690032958984375e+02
3.696910095214843750e+02 3.668500061035156250e+02 3.692200012207031250e+02 3.844039916992187500e+02
4.274249877929687500e+02 3.556499938964843750e+02 4.263919982910156250e+02 3.268919982910156250e+02
2.136750030517578125e+02 4.081329956054687500e+02 2.138059997558593750e+02 3.993659973144531250e+02
4.350150146484375000e+02 3.269150085449218750e+02 4.345079956054687500e+02 3.192829895019531250e+02
2.575910034179687500e+02 2.693689880371093750e+02 2.587680053710937500e+02 1.568690032958984375e+02
3.973909912109375000e+02 3.567739868164062500e+02 3.999689941406250000e+02 3.380350036621093750e+02
3.602479858398437500e+02 3.470249938964843750e+02 3.471770019531250000e+02 3.515060119628906250e+02
1.155920028686523438e+02 3.199670104980468750e+02 1.230690002441406250e+02 3.203829956054687500e+02
2.736050109863281250e+02 3.716759948730468750e+02 2.634410095214843750e+02 3.763169860839843750e+02
7.799939727783203125e+01 3.638439941406250000e+02 6.441799926757812500e+01 3.670570068359375000e+02
5.639699707031250000e+02 4.305130004882812500e+02 5.705900268554687500e+02 4.065209960937500000e+02
5.030780029296875000e+02 1.781260070800781250e+02 5.030369873046875000e+02 2.343769989013671875e+02
7.832440185546875000e+01 3.700700073242187500e+02 6.429409790039062500e+01 3.740929870605468750e+02
3.378469848632812500e+02 3.418710021972656250e+02 3.375899963378906250e+02 3.581170043945312500e+02
5.717520141601562500e+02 3.767030029296875000e+02 6.130360107421875000e+02 3.814060058593750000e+02
2.182519989013671875e+02 2.545980072021484375e+02 2.105599975585937500e+02 2.536479949951171875e+02
4.039889907836914062e+01 3.697780151367187500e+02 5.026150131225585938e+01 3.863469848632812500e+02
1.906089935302734375e+02 1.248960037231445312e+02 1.543159942626953125e+02 1.237799987792968750e+02
2.404669952392578125e+02 2.732189941406250000e+02 2.447389984130859375e+02 2.804089965820312500e+02
2.563280029296875000e+02 4.458320007324218750e+02 2.761260070800781250e+02 4.354469909667968750e+02
2.143719940185546875e+02 1.543840026855468750e+02 2.087550048828125000e+02 1.522799987792968750e+02
5.716439819335937500e+02 2.206549987792968750e+02 5.718629760742187500e+02 2.131609954833984375e+02
2.888039855957031250e+02 3.912349853515625000e+02 3.011629943847656250e+02 3.774849853515625000e+02
4.393359985351562500e+02 2.878630065917968750e+02 4.618500061035156250e+02 2.887510070800781250e+02
6.020029907226562500e+02 2.043730010986328125e+02 6.022059936523437500e+02 2.156419982910156250e+02
3.397130126953125000e+02 3.581319885253906250e+02 3.399979858398437500e+02 3.443619995117187500e+02
2.367440032958984375e+02 1.199410018920898438e+02 1.469400024414062500e+02 9.909649658203125000e+01
8.246360015869140625e+01 2.965960083007812500e+02 8.371849822998046875e+01 3.048550109863281250e+02
1.277910003662109375e+02 4.131359863281250000e+02 1.276900024414062500e+02 4.218699951171875000e+02
1.580300045013427734e+01 2.948399963378906250e+02 2.585309982299804688e+01 2.971189880371093750e+02
3.868819885253906250e+02 3.805570068359375000e+02 3.878290100097656250e+02 3.981409912109375000e+02
4.007009887695312500e+02 2.798500061035156250e+02 3.843630065917968750e+02 2.782430114746093750e+02
1.279360055923461914e+00 6.484649658203125000e+01 3.657009887695312500e+02 2.126379966735839844e+01
3.956369934082031250e+02 3.357929992675781250e+02 3.831380004882812500e+02 3.358989868164062500e+02
2.544799957275390625e+02 3.931149902343750000e+02 2.548690032958984375e+02 4.481220092773437500e+02
3.838930053710937500e+02 3.968750000000000000e+02 3.838789978027343750e+02 3.818750000000000000e+02
6.113790283203125000e+02 2.168899993896484375e+02 6.116950073242187500e+02 2.005970001220703125e+02
1.328750000000000000e+02 3.680520019531250000e+02 1.302389984130859375e+02 3.771260070800781250e+02
6.558809661865234375e+01 3.642070007324218750e+02 7.684490203857421875e+01 3.617380065917968750e+02
4.057270050048828125e+01 2.979330139160156250e+02 4.623210144042968750e+01 3.048970031738281250e+02
9.820310211181640625e+01 2.841830139160156250e+02 1.048730010986328125e+02 2.869030151367187500e+02
6.623940277099609375e+01 4.781499938964843750e+02 6.672579956054687500e+01 4.418729858398437500e+02
1.344530029296875000e+02 3.230859985351562500e+02 1.276559982299804688e+02 3.096109924316406250e+02
3.698030090332031250e+02 3.343810119628906250e+02 3.696409912109375000e+02 3.468949890136718750e+02
2.893999938964843750e+02 4.589540100097656250e+02 2.743779907226562500e+02 4.580719909667968750e+02
1.106979980468750000e+02 1.988809967041015625e+02 5.561479949951171875e+01 1.906940002441406250e+02
1.668650054931640625e+02 2.057039947509765625e+02 1.243870010375976562e+02 2.005290069580078125e+02
4.349060058593750000e+02 3.506270141601562500e+02 4.348619995117187500e+02 3.331239929199218750e+02
5.957039794921875000e+02 2.168750000000000000e+02 5.955369873046875000e+02 1.868750000000000000e+02
4.492709960937500000e+02 4.766650085449218750e+02 4.630090026855468750e+02 4.780350036621093750e+02
9.354129791259765625e+00 3.026589965820312500e+02 2.313249969482421875e+01 3.020419921875000000e+02
5.938050079345703125e+01 3.681560058593750000e+02 5.068239974975585938e+01 3.696979980468750000e+02
8.429530334472656250e+01 2.826650085449218750e+02 9.199720001220703125e+01 2.813309936523437500e+02
4.634469985961914062e+01 3.053649902343750000e+02 4.315090179443359375e+01 3.118880004882812500e+02
5.668959960937500000e+02 2.057649993896484375e+02 5.944099731445312500e+02 2.062920074462890625e+02
4.435000000000000000e+02 3.052260131835937500e+02 4.532600097656250000e+02 3.009309997558593750e+02
5.560369873046875000e+01 1.624440002441406250e+02 1.094179992675781250e+02 1.607579956054687500e+02
3.633460083007812500e+02 2.531269989013671875e+02 3.633760070800781250e+02 2.343750000000000000e+02
2.293580017089843750e+02 3.756719970703125000e+02 2.371809997558593750e+02 3.785400085449218750e+02
3.586080017089843750e+02 4.119339904785156250e+02 3.612359924316406250e+02 3.905459899902343750e+02
1.244049987792968750e+02 1.603090057373046875e+02 1.656519927978515625e+02 1.589689941406250000e+02
3.824110107421875000e+02 3.368760070800781250e+02 3.823320007324218750e+02 3.768760070800781250e+02
2.942330017089843750e+02 8.970890045166015625e+01 3.231990051269531250e+02 9.230149841308593750e+01
1.306759948730468750e+02 4.002359924316406250e+02 1.520489959716796875e+02 4.030530090332031250e+02
2.343390083312988281e+01 4.784469909667968750e+02 1.997999954223632812e+01 4.683460083007812500e+02
4.286399841308593750e+01 4.787699890136718750e+02 3.189369964599609375e+01 4.743290100097656250e+02
3.516770172119140625e+01 4.716470031738281250e+02 5.046030044555664062e+01 4.784930114746093750e+02
1.442259979248046875e+02 9.639330291748046875e+01 2.780880126953125000e+02 1.222799987792968750e+02
9.094400405883789062e+00 3.572770080566406250e+02 -2.832599878311157227e-01 3.603800048828125000e+02
3.188750000000000000e+02 2.356360015869140625e+02 3.196069946289062500e+02 1.856280059814453125e+02
1.677809906005859375e+01 1.304750061035156250e+02 1.619659996032714844e+01 1.356889953613281250e+02
3.787520141601562500e+02 3.793840026855468750e+02 3.790700073242187500e+02 3.581199951171875000e+02
3.655769958496093750e+02 2.397060012817382812e+01 8.047489929199218750e+01 5.812160110473632812e+01
4.304440002441406250e+02 3.293779907226562500e+02 4.303729858398437500e+02 3.531279907226562500e+02
1.764279937744140625e+02 2.318710021972656250e+02 1.762619934082031250e+02 2.506309967041015625e+02
2.581799926757812500e+02 3.917770080566406250e+02 2.718569946289062500e+02 3.994079895019531250e+02
5.670520019531250000e+02 1.880809936523437500e+02 5.663389892578125000e+02 2.056540069580078125e+02
3.597709960937500000e+02 3.356969909667968750e+02 3.654379882812500000e+02 3.436140136718750000e+02
5.063080139160156250e+02 2.693580017089843750e+02 5.058609924316406250e+02 2.843819885253906250e+02
7.292310333251953125e+01 4.393829956054687500e+02 7.440200042724609375e+01 4.781719970703125000e+02
3.030970001220703125e+01 4.614349975585937500e+02 3.507460021972656250e+01 4.715450134277343750e+02
3.826480102539062500e+02 3.818859863281250000e+02 3.649169921875000000e+02 3.927590026855468750e+02
1.619340057373046875e+02 4.115220031738281250e+02 1.706490020751953125e+02 4.129830017089843750e+02
1.019550037384033203e+01 4.781279907226562500e+02 1.023519992828369141e+01 4.668739929199218750e+02
2.476790008544921875e+02 4.011799926757812500e+02 2.301679992675781250e+02 4.124119873046875000e+02
2.361629943847656250e+02 2.742780151367187500e+02 2.353040008544921875e+02 2.805809936523437500e+02
1.314920043945312500e+02 3.766679992675781250e+02 1.330390014648437500e+02 3.831459960937500000e+02
2.081320037841796875e+02 1.521320037841796875e+02 1.993699951171875000e+02 1.521759948730468750e+02
3.630989990234375000e+02 4.958629989624023438e+01 3.781770019531250000e+02 5.145840072631835938e+01
1.742330017089843750e+02 2.845539855957031250e+02 1.805079956054687500e+02 2.895230102539062500e+02
6.324680175781250000e+02 4.566780090332031250e+02 5.687760009765625000e+02 4.471130065917968750e+02
5.868209838867187500e+02 2.103020019531250000e+02 5.706259765625000000e+02 2.093540039062500000e+02
6.813059997558593750e+01 3.025119934082031250e+02 5.937030029296875000e+01 3.025889892578125000e+02
4.589469909667968750e+02 3.394400024414062500e+02 4.602309875488281250e+02 3.231929931640625000e+02
2.641289978027343750e+02 3.812449951171875000e+02 2.697380065917968750e+02 3.790549926757812500e+02
3.702890014648437500e+02 3.850610046386718750e+02 3.780220031738281250e+02 3.804519958496093750e+02
2.218500061035156250e+02 4.068739929199218750e+02 2.222310028076171875e+02 3.943859863281250000e+02
5.482230224609375000e+02 2.378280029296875000e+02 5.594819946289062500e+02 2.415500030517578125e+02
3.703049850463867188e+01 3.601220092773437500e+02 1.806139945983886719e+01 3.640690002441406250e+02
1.338439941406250000e+02 4.057359924316406250e+02 1.292519989013671875e+02 4.356059875488281250e+02
3.699500122070312500e+02 3.472789916992187500e+02 3.774020080566406250e+02 3.523500061035156250e+02
2.189640045166015625e+02 3.931470031738281250e+02 2.198999938964843750e+02 4.106640014648437500e+02
3.067300109863281250e+02 1.143679962158203125e+02 3.077590026855468750e+02 9.310729980468750000e+01
5.612119750976562500e+02 2.081139984130859375e+02 5.614299926757812500e+02 2.193840026855468750e+02
3.622390136718750000e+02 4.151650085449218750e+02 3.480660095214843750e+02 4.121520080566406250e+02
5.056860046386718750e+02 2.858659973144531250e+02 4.981380004882812500e+02 2.854100036621093750e+02
2.143919982910156250e+02 1.236979980468750000e+02 1.943730010986328125e+02 1.242919998168945312e+02
2.482310028076171875e+02 4.284020080566406250e+02 2.206510009765625000e+02 4.253890075683593750e+02
2.780920028686523438e+01 2.933869934082031250e+02 3.394490051269531250e+01 3.007709960937500000e+02
5.664270019531250000e+02 4.033190002441406250e+02 5.644010009765625000e+02 3.856220092773437500e+02
2.944009971618652344e+01 3.337690124511718750e+02 1.558160018920898438e+01 3.322789916992187500e+02
1.107839965820312500e+02 4.260669860839843750e+02 7.470179748535156250e+01 4.390339965820312500e+02
6.171329956054687500e+02 3.999819946289062500e+02 6.386270141601562500e+02 4.504110107421875000e+02
1.728800010681152344e+01 4.693359985351562500e+02 1.812089920043945312e+01 4.782420043945312500e+02
4.968779907226562500e+02 2.442640075683593750e+02 5.518660278320312500e+02 2.459259948730468750e+02
6.142600097656250000e+02 2.338040008544921875e+02 6.020059814453125000e+02 2.362760009765625000e+02
3.727520141601562500e+02 1.965439987182617188e+01 3.793859863281250000e+02 2.054509925842285156e+01
4.225989990234375000e+02 3.670580139160156250e+02 4.257860107421875000e+02 3.544159851074218750e+02
5.293319702148437500e+02 2.230879974365234375e+02 5.307410278320312500e+02 1.743780059814453125e+02
3.333309936523437500e+02 3.593880004882812500e+02 3.339660034179687500e+02 3.493489990234375000e+02
3.310809936523437500e+02 3.493540039062500000e+02 3.316099853515625000e+02 3.606960144042968750e+02
2.507140045166015625e+02 2.935559997558593750e+02 2.354859924316406250e+02 2.919049987792968750e+02
1.970470046997070312e+01 2.996279907226562500e+02 2.571159934997558594e+01 3.016130065917968750e+02
4.606000061035156250e+02 3.132959899902343750e+02 4.417090148925781250e+02 3.104960021972656250e+02
3.692030029296875000e+02 3.518619995117187500e+02 3.693699951171875000e+02 3.656250000000000000e+02
1.355220031738281250e+02 3.831340026855468750e+02 1.354530029296875000e+02 3.918829956054687500e+02
8.548609924316406250e+01 7.457489776611328125e+01 1.256110000610351562e+02 6.926660156250000000e+01
6.166530151367187500e+02 1.931179962158203125e+02 6.153779907226562500e+02 2.319080047607421875e+02
4.374710083007812500e+02 3.643890075683593750e+02 4.377330017089843750e+02 3.531159973144531250e+02
2.893770141601562500e+02 2.367259979248046875e+02 3.168909912109375000e+02 2.371790008544921875e+02
4.321969985961914062e+01 3.510379943847656250e+02 2.577669906616210938e+01 3.550369873046875000e+02
3.244060058593750000e+02 1.270719985961914062e+02 3.893829956054687500e+02 1.263270034790039062e+02
1.255770034790039062e+02 2.035030059814453125e+02 1.657290039062500000e+02 2.085489959716796875e+02
1.293979949951171875e+02 6.581929779052734375e+01 7.196109771728515625e+01 7.260410308837890625e+01
2.720979919433593750e+02 4.027380065917968750e+02 2.565140075683593750e+02 3.937510070800781250e+02
5.623029785156250000e+02 3.860220031738281250e+02 5.713309936523437500e+02 3.762789916992187500e+02
6.375999755859375000e+02 4.415660095214843750e+02 6.200180053710937500e+02 4.003510131835937500e+02
3.443330078125000000e+02 8.446600341796875000e+01 3.321189880371093750e+02 7.884549713134765625e+01
2.794209899902343750e+02 8.121620178222656250e+01 4.669500122070312500e+02 6.658580017089843750e+01
3.180710144042968750e+02 9.373760223388671875e+01 3.112399902343750000e+02 9.845649719238281250e+01
3.355969848632812500e+02 3.727309875488281250e+02 3.230710144042968750e+02 3.736170043945312500e+02
5.556309890747070312e+01 1.948760070800781250e+02 1.094169998168945312e+02 2.015359954833984375e+02
2.155070037841796875e+02 3.198590087890625000e+02 2.281699981689453125e+02 3.229389953613281250e+02
2.383079986572265625e+02 2.293750000000000000e+02 2.384470062255859375e+02 1.731260070800781250e+02
1.203509979248046875e+02 4.156900024414062500e+02 1.191060028076171875e+02 4.344400024414062500e+02
5.705189819335937500e+02 2.376239929199218750e+02 5.794000244140625000e+02 2.357429962158203125e+02
4.054719924926757812e+01 1.112320022583007812e+02 2.824950027465820312e+01 1.096539993286132812e+02
1.813199996948242188e+01 1.368029937744140625e+02 3.818450164794921875e+01 1.387680053710937500e+02
3.907139892578125000e+02 1.897310066223144531e+01 4.681470031738281250e+02 1.083759975433349609e+01
3.043829956054687500e+02 1.233450012207031250e+02 2.756239929199218750e+02 1.243389968872070312e+02
8.554750061035156250e+01 3.236650085449218750e+02 7.557369995117187500e+01 3.222319946289062500e+02
1.320140075683593750e+02 3.843510131835937500e+02 1.340469970703125000e+02 3.959030151367187500e+02
7.666880035400390625e+01 4.588219909667968750e+02 1.278000030517578125e+02 4.397550048828125000e+02
4.979159851074218750e+02 2.833070068359375000e+02 4.989209899902343750e+02 2.706879882812500000e+02
3.007099914550781250e+02 2.929779968261718750e+02 3.109599914550781250e+02 3.027739868164062500e+02
1.518509979248046875e+02 4.058559875488281250e+02 1.342799987792968750e+02 4.040469970703125000e+02
2.998989868164062500e+02 2.954159851074218750e+02 3.019649963378906250e+02 3.005889892578125000e+02
1.818439941406250000e+02 3.091180114746093750e+02 1.893359985351562500e+02 3.093529968261718750e+02
1.106159973144531250e+02 4.205989990234375000e+02 1.693910026550292969e+01 4.533089904785156250e+02
1.117509994506835938e+02 1.238239974975585938e+02 5.549810028076171875e+01 1.138399963378906250e+02
4.481839904785156250e+02 2.823980102539062500e+02 4.305969848632812500e+02 2.809649963378906250e+02
3.642699890136718750e+02 3.931170043945312500e+02 3.627609863281250000e+02 4.130979919433593750e+02
4.680929870605468750e+02 7.634349822998046875e+01 3.442669982910156250e+02 8.383950042724609375e+01
2.743850097656250000e+02 1.255770034790039062e+02 2.957730102539062500e+02 1.298910064697265625e+02
4.357099914550781250e+02 3.532340087890625000e+02 4.294079895019531250e+02 3.581669921875000000e+02
4.169790039062500000e+02 3.371119995117187500e+02 4.246419982910156250e+02 3.337300109863281250e+02
2.249810028076171875e+02 3.093320007324218750e+02 2.284179992675781250e+02 3.209089965820312500e+02
2.294279937744140625e+02 4.238359985351562500e+02 2.482409973144531250e+02 4.257019958496093750e+02
5.955889821052551270e-01 6.651470184326171875e+01 1.063080024719238281e+01 6.569560241699218750e+01
2.182180023193359375e+02 2.775929870605468750e+02 2.271329956054687500e+02 2.791570129394531250e+02
2.819500122070312500e+02 1.272429962158203125e+02 2.256809997558593750e+02 1.252679977416992188e+02
1.827819976806640625e+02 4.611579895019531250e+02 1.938880004882812500e+02 4.558540039062500000e+02
3.206229858398437500e+02 3.698810119628906250e+02 3.343729858398437500e+02 3.699240112304687500e+02
3.956719970703125000e+02 3.756300048828125000e+02 3.971369934082031250e+02 3.606510009765625000e+02
1.255940017700195312e+02 1.936809997558593750e+02 1.356300048828125000e+02 1.932330017089843750e+02
3.107500000000000000e+02 3.932510070800781250e+02 3.201669921875000000e+02 3.839129943847656250e+02
5.578790283203125000e+02 4.458869934082031250e+02 4.043320007324218750e+02 4.208880004882812500e+02
5.681770019531250000e+02 2.118760070800781250e+02 5.679910278320312500e+02 2.206490020751953125e+02
3.518139953613281250e+02 9.159310150146484375e+01 3.302210083007812500e+02 9.625219726562500000e+01
2.481109924316406250e+02 4.206929931640625000e+02 2.293730010986328125e+02 4.168869934082031250e+02
2.605579948425292969e+01 3.041019897460937500e+02 2.551910018920898438e+01 3.106159973144531250e+02
1.833809967041015625e+02 3.135069885253906250e+02 1.669179992675781250e+02 3.115180053710937500e+02
9.087760162353515625e+01 2.853479919433593750e+02 1.005510025024414062e+02 2.828389892578125000e+02
7.312319946289062500e+01 7.385299682617187500e+01 8.562740325927734375e+01 7.380999755859375000e+01
1.459649963378906250e+02 2.887690124511718750e+02 1.542089996337890625e+02 2.902789916992187500e+02
2.718989868164062500e+02 3.831700134277343750e+02 2.585650024414062500e+02 3.902080078125000000e+02
3.102369995117187500e+02 1.018600006103515625e+02 3.097520141601562500e+02 1.143899993896484375e+02
1.943650054931640625e+02 4.169190063476562500e+02 2.067859954833984375e+02 4.197619934082031250e+02
5.494130249023437500e+02 1.876609954833984375e+02 5.669320068359375000e+02 1.868170013427734375e+02
1.681139984130859375e+02 3.075660095214843750e+02 1.781349945068359375e+02 3.073729858398437500e+02
7.565119934082031250e+01 5.957970046997070312e+01 2.935869979858398438e+01 6.549759674072265625e+01
3.483859863281250000e+02 3.558359985351562500e+02 3.438450012207031250e+02 3.614460144042968750e+02
5.028880004882812500e+02 2.342850036621093750e+02 5.086700134277343750e+02 2.386540069580078125e+02
3.039679870605468750e+02 3.802699890136718750e+02 2.953210144042968750e+02 3.901990051269531250e+02
1.743659973144531250e+02 4.181510009765625000e+02 1.643000030517578125e+02 4.145880126953125000e+02
1.902940063476562500e+02 4.538030090332031250e+02 1.806390075683593750e+02 4.593989868164062500e+02
1.056729984283447266e+01 6.463469696044921875e+01 5.083469748497009277e-01 6.240010070800781250e+01
1.356179962158203125e+02 2.466900024414062500e+02 1.456510009765625000e+02 2.463139953613281250e+02
1.271900024414062500e+02 4.752909851074218750e+02 1.443789978027343750e+02 4.693869934082031250e+02
2.030950012207031250e+02 1.576540069580078125e+02 2.118890075683593750e+02 1.570899963378906250e+02
1.769779968261718750e+01 4.556589965820312500e+02 1.105889968872070312e+02 4.230209960937500000e+02
5.643309936523437500e+02 2.243730010986328125e+02 5.649609985351562500e+02 2.118419952392578125e+02
7.448220062255859375e+01 3.585780029296875000e+02 6.298799896240234375e+01 3.612959899902343750e+02
1.806170043945312500e+02 1.934239959716796875e+02 1.893769989013671875e+02 1.933470001220703125e+02
6.016630249023437500e+02 2.141699981689453125e+02 5.967509765625000000e+02 2.192550048828125000e+02
3.267309951782226562e+01 3.039110107421875000e+02 3.774000167846679688e+01 3.126220092773437500e+02
6.248449707031250000e+02 3.908070068359375000e+02 6.388489990234375000e+02 3.546560058593750000e+02
5.901069946289062500e+02 2.268309936523437500e+02 5.889940185546875000e+02 2.081479949951171875e+02
4.667999877929687500e+02 1.143310012817382812e+02 3.118129882812500000e+02 1.233119964599609375e+02
4.637200012207031250e+02 2.806459960937500000e+02 4.643240051269531250e+02 2.631229858398437500e+02
1.316180038452148438e+01 1.347279968261718750e+02 4.375299930572509766e+00 1.343679962158203125e+02
5.596229858398437500e+02 2.190050048828125000e+02 5.490529785156250000e+02 2.219819946289062500e+02
2.056260070800781250e+02 4.331310119628906250e+02 2.153730010986328125e+02 4.308150024414062500e+02
2.081349945068359375e+02 4.222290039062500000e+02 1.943730010986328125e+02 4.220809936523437500e+02
7.096240234375000000e+01 2.998410034179687500e+02 7.819899749755859375e+01 3.029530029296875000e+02
5.721320190429687500e+02 2.247030029296875000e+02 5.650529785156250000e+02 2.302409973144531250e+02
4.456480102539062500e+02 3.143750000000000000e+02 4.456659851074218750e+02 3.368750000000000000e+02
2.269779968261718750e+02 2.341250000000000000e+02 2.188020019531250000e+02 2.307709960937500000e+02
1.321029968261718750e+02 2.569400024414062500e+02 1.349160003662109375e+02 2.470290069580078125e+02
4.147760009765625000e+02 3.737990112304687500e+02 3.983800048828125000e+02 3.835539855957031250e+02
6.182760009765625000e+02 2.268789978027343750e+02 6.186309814453125000e+02 2.118869934082031250e+02
5.681290283203125000e+02 2.467590026855468750e+02 6.243950195312500000e+02 2.488459930419921875e+02
1.893970031738281250e+02 1.900119934082031250e+02 1.805679931640625000e+02 1.896909942626953125e+02
3.168819885253906250e+02 1.858760070800781250e+02 2.631260070800781250e+02 1.855059967041015625e+02
3.687820129394531250e+02 2.810329895019531250e+02 3.758699951171875000e+02 2.865610046386718750e+02
3.263770141601562500e+02 3.837869873046875000e+02 3.120910034179687500e+02 3.958800048828125000e+02
3.118609924316406250e+02 1.290540008544921875e+02 3.268869934082031250e+02 1.284210052490234375e+02
3.953559875488281250e+02 3.568479919433593750e+02 3.934580078125000000e+02 3.756589965820312500e+02
4.089209899902343750e+02 3.738779830932617188e+01 3.889419860839843750e+02 1.970219993591308594e+01
5.643950195312500000e+02 2.477089996337890625e+02 5.518640136718750000e+02 2.471020050048828125e+02
3.789540100097656250e+02 2.084670066833496094e+01 3.991650085449218750e+02 3.713550186157226562e+01
9.312349700927734375e+01 3.481220092773437500e+02 1.011429977416992188e+02 3.441470031738281250e+02
4.681879882812500000e+02 1.500360012054443359e+01 5.056879882812500000e+02 1.125940036773681641e+01
2.143040008544921875e+02 9.338960266113281250e+01 3.047709960937500000e+02 1.175709991455078125e+02
3.946990051269531250e+02 3.800109863281250000e+02 4.121279907226562500e+02 3.711210021972656250e+02
5.581250000000000000e+02 2.093750000000000000e+02 5.574829711914062500e+02 1.943489990234375000e+02
4.655840148925781250e+02 1.398060035705566406e+01 3.943179931640625000e+02 2.132019996643066406e+01
5.499730224609375000e+02 1.918959960937500000e+02 5.495339965820312500e+02 2.043809967041015625e+02
5.612160110473632812e+01 1.506119995117187500e+02 5.594869995117187500e+01 1.606309967041015625e+02
6.083520126342773438e+01 3.614559936523437500e+02 5.054510116577148438e+01 3.640589904785156250e+02
1.393710021972656250e+02 1.936849975585937500e+02 1.631280059814453125e+02 1.935410003662109375e+02
5.118710021972656250e+02 1.058100032806396484e+01 6.280980224609375000e+02 3.233309984207153320e-01
1.780930023193359375e+02 4.170509948730468750e+02 1.894250030517578125e+02 4.191000061035156250e+02
1.372949981689453125e+02 1.918820037841796875e+02 1.375030059814453125e+02 1.793849945068359375e+02
4.993630065917968750e+02 1.654940032958984375e+02 6.281250000000000000e+02 1.644049987792968750e+02
2.943540039062500000e+02 1.523229980468750000e+02 4.431340026855468750e+02 1.484900054931640625e+02
2.117519989013671875e+02 4.184249877929687500e+02 2.205579986572265625e+02 4.220379943847656250e+02
3.683479919433593750e+02 2.355959930419921875e+02 3.686709899902343750e+02 2.519140014648437500e+02
2.105429992675781250e+02 4.100530090332031250e+02 2.005679931640625000e+02 4.114790039062500000e+02
2.772349853515625000e+02 1.114049987792968750e+02 1.659420013427734375e+02 8.813089752197265625e+01
4.264840087890625000e+02 3.643599853515625000e+02 4.260499877929687500e+02 3.756409912109375000e+02
2.747650146484375000e+02 3.407479858398437500e+02 2.738670043945312500e+02 3.344469909667968750e+02
5.068599853515625000e+02 1.422669982910156250e+01 4.706019897460937500e+02 1.789249992370605469e+01
5.481779785156250000e+02 2.206269989013671875e+02 5.487069702148437500e+02 2.068970031738281250e+02
3.844599914550781250e+02 3.595469970703125000e+02 3.929920043945312500e+02 3.553540039062500000e+02
1.181250000000000000e+02 2.143750000000000000e+02 1.181250000000000000e+02 1.593750000000000000e+02
8.323519897460937500e+01 3.465840148925781250e+02 8.563829803466796875e+01 3.681239929199218750e+02
1.535769958496093750e+02 4.789370117187500000e+02 1.824349975585937500e+02 4.628819885253906250e+02
3.308080139160156250e+02 8.139559936523437500e+01 2.169720001220703125e+02 9.169370269775390625e+01
3.568280029296875000e+01 7.167890167236328125e+01 1.443700027465820312e+01 6.541490173339843750e+01
1.918719940185546875e+02 1.934709930419921875e+02 2.118710021972656250e+02 1.936179962158203125e+02
1.106200027465820312e+02 1.779400024414062500e+02 5.562739944458007812e+01 1.794629974365234375e+02
7.304830169677734375e+01 5.589360046386718750e+01 4.013629853725433350e-01 3.515850067138671875e+01
3.634500122070312500e+02 3.723880004882812500e+02 3.561669921875000000e+02 3.770079956054687500e+02
1.656340026855468750e+02 1.773209991455078125e+02 1.256250000000000000e+02 1.781250000000000000e+02
6.006380004882812500e+02 1.957640075683593750e+02 6.158569946289062500e+02 1.943240051269531250e+02
2.643750000000000000e+02 2.356250000000000000e+02 2.868750000000000000e+02 2.356250000000000000e+02
2.131269989013671875e+02 1.909909973144531250e+02 1.931210021972656250e+02 1.910919952392578125e+02
2.189129943847656250e+02 4.330859985351562500e+02 2.167910003662109375e+02 4.581180114746093750e+02
4.941310119628906250e+01 3.607940063476562500e+02 6.184540176391601562e+01 3.579939880371093750e+02
2.215030059814453125e+02 1.391979980468750000e+02 2.295729980468750000e+02 1.361490020751953125e+02
1.917929992675781250e+02 4.223219909667968750e+02 1.768399963378906250e+02 4.195629882812500000e+02
3.825409851074218750e+02 4.634579849243164062e+01 3.697860107421875000e+02 3.029820060729980469e+01
3.118380126953125000e+02 1.137630004882812500e+02 4.143410034179687500e+02 1.075599975585937500e+02
5.681010131835937500e+02 3.895320129394531250e+02 6.093510131835937500e+02 3.957860107421875000e+02
8.764830017089843750e+01 1.893880004882812500e+02 8.740029907226562500e+01 1.806100006103515625e+02
6.685119628906250000e+01 1.822350006103515625e+02 8.315640258789062500e+01 1.818000030517578125e+02
1.520149993896484375e+02 3.747699890136718750e+02 1.394989929199218750e+02 3.758359985351562500e+02
1.669450073242187500e+02 1.340079956054687500e+02 1.255309982299804688e+02 1.261179962158203125e+02
3.531250000000000000e+02 3.956250000000000000e+02 3.531250000000000000e+02 3.781250000000000000e+02
1.956199951171875000e+02 1.767319946289062500e+02 1.805939941406250000e+02 1.773040008544921875e+02
2.843359985351562500e+02 5.897129821777343750e+01 3.256799926757812500e+02 5.493799972534179688e+01
2.361009979248046875e+02 2.161320037841796875e+02 2.231459960937500000e+02 2.130370025634765625e+02
1.920240020751953125e+02 4.381109924316406250e+02 1.906369934082031250e+02 4.231239929199218750e+02
8.937380218505859375e+01 1.937039947509765625e+02 1.081259994506835938e+02 1.937429962158203125e+02
3.253640136718750000e+02 1.365679931640625000e+02 3.314660034179687500e+02 1.313930053710937500e+02
2.743070068359375000e+02 4.548599853515625000e+02 2.844580078125000000e+02 4.562869873046875000e+02
2.031840057373046875e+02 6.745670318603515625e+01 2.781679992675781250e+02 5.979209899902343750e+01
1.762920074462890625e+02 4.205790100097656250e+02 1.777550048828125000e+02 4.418999938964843750e+02
3.555939941406250000e+02 3.643720092773437500e+02 3.568359985351562500e+02 3.531210021972656250e+02
4.845710098743438721e-01 3.110729980468750000e+01 7.071810150146484375e+01 5.155509948730468750e+01
3.703510131835937500e+02 3.079400024414062500e+02 3.712650146484375000e+02 3.003989868164062500e+02
3.409089965820312500e+02 1.281940002441406250e+02 3.277730102539062500e+02 1.389450073242187500e+02
5.870310058593750000e+02 2.167319946289062500e+02 5.861849975585937500e+02 2.231979980468750000e+02
1.081269989013671875e+02 1.914060058593750000e+02 8.937139892578125000e+01 1.913059997558593750e+02
5.931199951171875000e+02 2.093750000000000000e+02 5.932420043945312500e+02 2.231239929199218750e+02
6.243909912109375000e+02 1.746179962158203125e+02 6.056420288085937500e+02 1.758800048828125000e+02
4.962940063476562500e+02 2.068480072021484375e+02 4.954179992675781250e+02 2.256150054931640625e+02
1.629190063476562500e+02 4.238930053710937500e+02 1.526549987792968750e+02 4.282730102539062500e+02
8.937500000000000000e+01 1.806250000000000000e+02 1.081250000000000000e+02 1.806250000000000000e+02
4.593819885253906250e+02 8.574330139160156250e+01 3.555549926757812500e+02 9.195800018310546875e+01
4.130920104980468750e+02 2.867560119628906250e+02 4.180549926757812500e+02 2.853729858398437500e+02
8.813710021972656250e+01 2.130169982910156250e+02 5.548640060424804688e+01 2.093630065917968750e+02
5.467769775390625000e+02 2.228679962158203125e+02 5.326989746093750000e+02 2.282630004882812500e+02
3.067460021972656250e+02 3.806319885253906250e+02 3.061860046386718750e+02 3.705939941406250000e+02
1.931260070800781250e+02 1.194390029907226562e+02 2.243609924316406250e+02 1.187500000000000000e+02
6.157199859619140625e+01 4.456730041503906250e+02 6.589489746093750000e+01 4.730820007324218750e+02
3.359970092773437500e+02 3.806650085449218750e+02 3.333190002441406250e+02 4.056459960937500000e+02
6.192239990234375000e+02 2.306900024414062500e+02 6.249719848632812500e+02 2.441190032958984375e+02
5.968839721679687500e+02 1.861809997558593750e+02 6.156290283203125000e+02 1.858849945068359375e+02
6.347239990234375000e+02 3.595079956054687500e+02 6.295310058593750000e+02 3.731839904785156250e+02
2.178690032958984375e+02 3.124670104980468750e+02 2.229909973144531250e+02 3.146849975585937500e+02
4.437959899902343750e+02 3.368770141601562500e+02 4.438259887695312500e+02 3.243739929199218750e+02
3.018760070800781250e+02 1.207289962768554688e+02 3.193750000000000000e+02 1.206240005493164062e+02
1.856190032958984375e+02 3.283919982910156250e+02 1.968760070800781250e+02 3.283630065917968750e+02
2.242449951171875000e+02 3.917609863281250000e+02 2.331640014648437500e+02 3.927829895019531250e+02
5.562500000000000000e+01 2.143750000000000000e+02 7.687500000000000000e+01 2.143750000000000000e+02
1.752949981689453125e+02 4.418919982910156250e+02 1.741750030517578125e+02 4.206359863281250000e+02
2.378209991455078125e+02 2.493769989013671875e+02 2.377469940185546875e+02 2.368769989013671875e+02
1.968520050048828125e+02 4.418420104980468750e+02 2.057030029296875000e+02 4.357380065917968750e+02
2.956749877929687500e+02 1.327689971923828125e+02 2.832430114746093750e+02 1.310310058593750000e+02
3.582210083007812500e+02 2.867139892578125000e+02 3.644739990234375000e+02 2.904599914550781250e+02
4.478720092773437500e+02 3.440459899902343750e+02 4.413469848632812500e+02 3.490639953613281250e+02
3.089240112304687500e+02 3.818640136718750000e+02 3.086530151367187500e+02 3.931380004882812500e+02
6.943820190429687500e+01 2.799400024414062500e+02 1.056539993286132812e+02 2.758840026855468750e+02
1.493769989013671875e+02 1.911629943847656250e+02 1.393719940185546875e+02 1.912059936523437500e+02
1.606250000000000000e+02 1.910879974365234375e+02 1.506250000000000000e+02 1.910930023193359375e+02
5.873250122070312500e+02 2.031390075683593750e+02 5.878270263671875000e+02 1.868659973144531250e+02
1.255589981079101562e+02 4.442030029296875000e+02 7.607939910888671875e+01 4.630669860839843750e+02
1.931269989013671875e+02 1.794270019531250000e+02 2.118529968261718750e+02 1.787590026855468750e+02
2.131399993896484375e+02 1.417879943847656250e+02 1.805169982910156250e+02 1.362630004882812500e+02
6.217869949340820312e+01 1.818990020751953125e+02 6.237060165405273438e+01 1.893939971923828125e+02
3.868970031738281250e+02 8.599120330810546875e+01 4.381159973144531250e+02 8.296679687500000000e+01
5.455670166015625000e+02 1.843350067138671875e+02 5.445009765625000000e+02 2.193789978027343750e+02
4.818939971923828125e+01 1.306239929199218750e+02 4.797729873657226562e+01 1.131269989013671875e+02
1.869770050048828125e+02 4.632999877929687500e+02 1.695429992675781250e+02 4.734150085449218750e+02
1.591909942626953125e+02 4.652850036621093750e+02 1.478679962158203125e+02 4.713989868164062500e+02
2.677569885253906250e+02 4.023089904785156250e+02 2.560679931640625000e+02 4.075889892578125000e+02
4.168750000000000000e+02 1.468750000000000000e+02 3.818750000000000000e+02 1.468750000000000000e+02
1.906450042724609375e+02 3.305379943847656250e+02 1.995070037841796875e+02 3.325379943847656250e+02
1.922669982910156250e+02 1.893860015869140625e+02 1.925059967041015625e+02 1.806080017089843750e+02
1.143750000000000000e+02 1.718750000000000000e+02 1.143750000000000000e+02 2.143750000000000000e+02
5.907410278320312500e+02 1.856340026855468750e+02 5.892440185546875000e+02 2.043639984130859375e+02
6.068750000000000000e+02 1.668750000000000000e+02 5.656250000000000000e+02 1.668750000000000000e+02
3.090230102539062500e+02 3.988389892578125000e+02 2.945350036621093750e+02 4.083680114746093750e+02
1.406250000000000000e+02 1.793750000000000000e+02 1.618750000000000000e+02 1.793750000000000000e+02
5.793289794921875000e+02 7.614809989929199219e+00 5.156469726562500000e+02 1.336989974975585938e+01
3.956069946289062500e+02 1.249430007934570312e+02 4.343640136718750000e+02 1.239390029907226562e+02
4.656250000000000000e+02 2.318750000000000000e+02 4.656250000000000000e+02 2.081250000000000000e+02
2.847919921875000000e+02 3.866619873046875000e+02 2.946229858398437500e+02 3.810599975585937500e+02
4.016549987792968750e+02 4.201679992675781250e+02 3.894060058593750000e+02 4.167640075683593750e+02
2.469810028076171875e+02 3.893059997558593750e+02 2.405390014648437500e+02 3.794309997558593750e+02
6.446980237960815430e-01 2.359779968261718750e+02 2.937490081787109375e+01 2.343730010986328125e+02
2.810860061645507812e+01 2.628720092773437500e+02 6.428139805793762207e-01 2.646499938964843750e+02
4.531250000000000000e+02 1.456250000000000000e+02 4.293750000000000000e+02 1.456250000000000000e+02
5.256459960937500000e+02 2.061950073242187500e+02 5.068760070800781250e+02 2.056060028076171875e+02
2.622160034179687500e+02 3.318659973144531250e+02 2.624209899902343750e+02 3.393940124511718750e+02
1.899210052490234375e+02 1.956230010986328125e+02 1.898849945068359375e+02 2.068769989013671875e+02
2.381459960937500000e+02 1.233590011596679688e+02 2.543789978027343750e+02 1.219189987182617188e+02
2.396699981689453125e+02 2.210110015869140625e+02 2.519470062255859375e+02 2.184709930419921875e+02
5.190800094604492188e+01 6.723090362548828125e+01 6.813459777832031250e+01 6.572840118408203125e+01
2.006399993896484375e+02 3.479389953613281250e+02 1.793240051269531250e+02 3.462730102539062500e+02
3.516159973144531250e+02 4.138729858398437500e+02 3.391979980468750000e+02 4.202820129394531250e+02
4.131250000000000000e+02 6.687210083007812500e+01 3.931549987792968750e+02 6.849169921875000000e+01
