2.819819946289062500e+02 9.752649688720703125e+01 3.821619873046875000e+02 8.112899780273437500e+01
3.733259887695312500e+02 8.311440277099609375e+01 3.730599975585937500e+02 1.093619995117187500e+02
3.845599975585937500e+02 8.056809997558593750e+01 4.444769897460937500e+02 7.128029632568359375e+01
5.507890014648437500e+02 5.415129852294921875e+01 6.382589721679687500e+02 4.021450042724609375e+01
4.218540039062500000e+02 2.865729980468750000e+02 3.855939941406250000e+02 2.857780151367187500e+02
2.745459899902343750e+02 2.819089965820312500e+02 2.752730102539062500e+02 2.518359985351562500e+02
5.094670104980468750e+02 6.006570053100585938e+01 5.492579956054687500e+02 5.474850082397460938e+01
4.467019958496093750e+02 7.081310272216796875e+01 4.894890136718750000e+02 6.382469940185546875e+01
1.969839935302734375e+02 8.158599853515625000e+01 2.276459960937500000e+02 9.314489746093750000e+01
5.943880081176757812e+01 2.514249992370605469e+01 6.494699859619140625e+01 1.159920024871826172e+01
4.783630065917968750e+02 1.968739929199218750e+02 4.784920043945312500e+02 2.306280059814453125e+02
2.872680053710937500e+02 1.206330032348632812e+02 2.877520141601562500e+02 9.809020233154296875e+01
3.365809936523437500e+02 2.315039978027343750e+02 3.384909973144531250e+02 2.428529968261718750e+02
2.626340026855468750e+02 2.506170043945312500e+02 2.629179992675781250e+02 2.768770141601562500e+02
3.318819885253906250e+02 2.849719848632812500e+02 2.744030151367187500e+02 2.843389892578125000e+02
2.366329956054687500e+02 1.112979965209960938e+02 2.530110015869140625e+02 1.171920013427734375e+02
4.756870117187500000e+02 9.481259918212890625e+01 3.929049987792968750e+02 1.065739974975585938e+02
3.915559997558593750e+02 1.068990020751953125e+02 3.922399902343750000e+02 8.060199737548828125e+01
2.241600036621093750e+02 9.312120056152343750e+01 2.241119995117187500e+02 1.118740005493164062e+02
1.878619995117187500e+02 1.913029937744140625e+02 3.529089965820312500e+02 1.975599975585937500e+02
5.587709960937500000e+02 2.423259925842285156e+01 5.525120239257812500e+02 5.077519989013671875e+01
3.080780029296875000e+02 3.817170104980468750e+02 2.281660003662109375e+02 3.843649902343750000e+02
5.405789794921875000e+02 5.774859786033630371e-01 5.413690185546875000e+02 2.059560012817382812e+01
4.785989990234375000e+02 1.843529968261718750e+02 4.783160095214843750e+02 1.944160003662109375e+02
3.718569946289062500e+02 1.092480010986328125e+02 2.880329895019531250e+02 1.212300033569335938e+02
5.218060302734375000e+02 2.218970031738281250e+02 5.250000000000000000e+02 2.320709991455078125e+02
2.743649902343750000e+02 2.498899993896484375e+02 2.631189880371093750e+02 2.496770019531250000e+02
5.382290039062500000e+02 2.641020011901855469e+01 5.205830078125000000e+02 6.535000205039978027e-01
5.943330078125000000e+02 7.799690246582031250e+01 5.736770019531250000e+02 8.473629760742187500e+01
1.419019927978515625e+02 6.061490058898925781e+00 1.331840057373046875e+02 6.591859817504882812e+00
5.620510253906250000e+02 5.064939880371093750e+01 5.645070190429687500e+02 3.296969985961914062e+01
5.672290039062500000e+02 3.993780136108398438e+01 5.645859985351562500e+02 4.819240188598632812e+01
5.935170288085937500e+02 3.018569946289062500e+02 6.059500122070312500e+02 2.978940124511718750e+02
5.355689697265625000e+02 2.469120025634765625e+02 5.305700073242187500e+02 2.394109954833984375e+02
2.185500030517578125e+02 1.120790023803710938e+02 1.985319976806640625e+02 1.039509963989257812e+02
3.731400146484375000e+02 2.702690124511718750e+02 3.881130065917968750e+02 2.709089965820312500e+02
3.475320129394531250e+02 1.930780029296875000e+02 3.472749938964843750e+02 2.031349945068359375e+02
2.917890014648437500e+02 3.519899902343750000e+02 2.806619873046875000e+02 3.512879943847656250e+02
2.221269989013671875e+01 7.173130035400390625e+01 1.072830009460449219e+01 6.894879913330078125e+01
3.644570007324218750e+02 1.918150024414062500e+02 4.433500061035156250e+02 1.864040069580078125e+02
5.382139892578125000e+02 1.944239997863769531e+01 5.371170043945312500e+02 5.384420156478881836e-01
2.291159973144531250e+02 3.820310058593750000e+02 2.131770019531250000e+02 3.790920104980468750e+02
6.384650268554687500e+02 7.321119689941406250e+01 5.955560302734375000e+02 7.884870147705078125e+01
4.494030151367187500e+02 1.859709930419921875e+02 4.857189941406250000e+02 1.830370025634765625e+02
4.530020141601562500e+01 2.503949928283691406e+01 4.927849960327148438e+01 1.433909988403320312e+01
4.955690002441406250e+02 6.316350173950195312e+01 4.964530029296875000e+02 9.313749694824218750e+01
3.784400024414062500e+02 3.984970092773437500e+02 3.608659973144531250e+02 3.542789916992187500e+02
5.261599731445312500e+02 2.342070007324218750e+02 5.299489746093750000e+02 2.463040008544921875e+02
5.432780151367187500e+02 3.666770019531250000e+02 3.895299987792968750e+02 3.504129943847656250e+02
1.824980010986328125e+02 3.493819885253906250e+02 1.828750000000000000e+02 3.156359863281250000e+02
6.381979980468750000e+02 3.774479980468750000e+02 5.768499755859375000e+02 3.708599853515625000e+02
1.674940032958984375e+02 4.879849910736083984e+00 1.724929962158203125e+02 1.113020038604736328e+01
3.853619995117187500e+02 3.820130004882812500e+02 3.818890075683593750e+02 4.068770141601562500e+02
3.785270080566406250e+02 3.832470092773437500e+02 3.747139892578125000e+02 3.568259887695312500e+02
5.241539916992187500e+02 6.252919789403676987e-03 5.357520141601562500e+02 1.929859924316406250e+01
5.312210083007812500e+02 4.518450012207031250e+02 5.300100097656250000e+02 4.781539916992187500e+02
3.378789978027343750e+02 2.429720001220703125e+02 3.426029968261718750e+02 2.463540039062500000e+02
4.318280029296875000e+02 1.984579925537109375e+02 4.143739929199218750e+02 1.993540039062500000e+02
5.546309814453125000e+02 3.719280090332031250e+02 5.523410034179687500e+02 3.829620056152343750e+02
3.703710021972656250e+02 2.129929962158203125e+02 3.691140136718750000e+02 1.916690063476562500e+02
2.503320007324218750e+02 3.514679870605468750e+02 1.954989929199218750e+02 3.611610107421875000e+02
4.314779968261718750e+02 1.893670043945312500e+02 4.312990112304687500e+02 1.981130065917968750e+02
5.552509765625000000e+02 1.232059955596923828e+01 5.593090209960937500e+02 4.341430187225341797e+00
3.474209899902343750e+02 2.043650054931640625e+02 3.470320129394531250e+02 2.306269989013671875e+02
3.459710083007812500e+02 3.181090087890625000e+02 3.452950134277343750e+02 3.555969848632812500e+02
5.081040039062500000e+02 2.361999969482421875e+02 5.256259765625000000e+02 2.356450042724609375e+02
5.327109985351562500e+02 4.782160034179687500e+02 5.369329833984375000e+02 4.393810119628906250e+02
5.718759765625000000e+02 3.706140136718750000e+02 5.555640258789062500e+02 3.686260070800781250e+02
5.450050048828125000e+02 2.068160057067871094e+01 5.554379882812500000e+02 1.526399993896484375e+01
5.598729858398437500e+02 9.945960235595703125e+01 5.575300292968750000e+02 1.132360000610351562e+02
6.156279907226562500e+02 2.197579956054687500e+02 6.268770141601562500e+02 2.196719970703125000e+02
3.881140136718750000e+02 2.963720092773437500e+02 4.131289978027343750e+02 2.962189941406250000e+02
3.467900085449218750e+02 2.861109924316406250e+02 3.368729858398437500e+02 2.843850097656250000e+02
5.396350097656250000e+02 8.632189941406250000e+01 5.205579833984375000e+02 8.887010192871093750e+01
5.697479858398437500e+02 2.842329978942871094e+00 5.659940185546875000e+02 1.449380016326904297e+01
5.694130249023437500e+02 8.229440307617187500e+01 5.629879760742187500e+02 8.288359832763671875e+01
5.419920043945312500e+02 2.592980041503906250e+02 5.351530151367187500e+02 2.488650054931640625e+02
2.035740051269531250e+02 2.102689971923828125e+02 1.979929962158203125e+02 2.032290039062500000e+02
2.215919952392578125e+02 2.631059875488281250e+02 2.205119934082031250e+02 2.793670043945312500e+02
5.572739868164062500e+02 1.154290008544921875e+02 5.482949829101562500e+02 1.544140014648437500e+02
1.233219985961914062e+02 1.199769973754882812e+02 1.093420028686523438e+02 1.157340011596679688e+02
1.723739929199218750e+02 4.627309799194335938e+00 1.756479949951171875e+02 1.436719989776611328e+01
1.817039947509765625e+02 2.355209922790527344e+01 1.875249938964843750e+02 2.587689971923828125e+01
6.129030151367187500e+02 2.606270141601562500e+02 6.129910278320312500e+02 2.731260070800781250e+02
2.183710021972656250e+02 1.681950073242187500e+02 2.193600006103515625e+02 1.469320068359375000e+02
2.773919982910156250e+02 3.218500061035156250e+02 2.764070129394531250e+02 3.506090087890625000e+02
3.898210144042968750e+02 2.243860015869140625e+02 3.900060119628906250e+02 2.168600006103515625e+02
1.806250000000000000e+01 2.384269982576370239e-01 2.161330032348632812e+01 1.114640045166015625e+01
5.388359985351562500e+02 4.814590072631835938e+01 5.383510131835937500e+02 3.561619949340820312e+01
1.884329986572265625e+02 1.957890014648437500e+02 1.923719940185546875e+02 1.883890075683593750e+02
5.534550170898437500e+02 2.004369926452636719e+01 5.429310302734375000e+02 2.523189926147460938e+01
5.480689697265625000e+02 4.406210021972656250e+02 5.455780029296875000e+02 4.782049865722656250e+02
5.110559997558593750e+02 1.973269958496093750e+02 5.220759887695312500e+02 2.205290069580078125e+02
3.105979919433593750e+02 1.518500061035156250e+02 3.102099914550781250e+02 1.718670043945312500e+02
2.204100036621093750e+02 1.464799957275390625e+02 2.330520019531250000e+02 1.496660003662109375e+02
1.833220062255859375e+02 3.182000122070312500e+02 1.994019927978515625e+02 3.158099975585937500e+02
5.317490234375000000e+02 1.959450073242187500e+02 5.443560180664062500e+02 1.942319946289062500e+02
5.049580078125000000e+02 2.606210021972656250e+02 5.048070068359375000e+02 2.356150054931640625e+02
5.170330200195312500e+02 7.268070220947265625e+01 5.106059875488281250e+02 7.208059692382812500e+01
3.467829895019531250e+02 1.696849975585937500e+02 3.318039855957031250e+02 1.711439971923828125e+02
2.633880043029785156e+01 5.506359863281250000e+01 2.002429962158203125e+01 5.014640045166015625e+01
4.768869934082031250e+02 1.960440063476562500e+02 4.593649902343750000e+02 1.965319976806640625e+02
5.639299926757812500e+02 2.429229927062988281e+01 5.643519897460937500e+02 1.562390041351318359e+01
5.582150268554687500e+02 8.435749816894531250e+01 5.456900024414062500e+02 8.526999664306640625e+01
4.987699890136718750e+02 4.411119995117187500e+02 4.153460083007812500e+02 4.522969970703125000e+02
2.144250030517578125e+02 2.543780059814453125e+02 2.151710052490234375e+02 2.406000061035156250e+02
7.444110107421875000e+01 1.906569976806640625e+02 6.665650177001953125e+01 2.067689971923828125e+02
5.374130249023437500e+02 3.562250137329101562e+01 5.374249877929687500e+02 2.562569999694824219e+01
5.772930297851562500e+02 2.844689941406250000e+02 5.829450073242187500e+02 2.593349914550781250e+02
3.729869995117187500e+02 4.002539978027343750e+02 3.155849914550781250e+02 4.051539916992187500e+02
4.816889953613281250e+02 3.920429992675781250e+02 3.856210021972656250e+02 3.794060058593750000e+02
5.909579849243164062e+01 1.398750000000000000e+02 5.347109985351562500e+01 1.508029937744140625e+02
2.819319915771484375e+01 2.694299926757812500e+02 4.214089965820312500e+01 2.520890045166015625e+02
3.944429931640625000e+02 4.186480102539062500e+02 3.330270080566406250e+02 4.129259948730468750e+02
3.306000061035156250e+02 1.491790008544921875e+02 3.470599975585937500e+02 1.470590057373046875e+02
5.382899780273437500e+02 3.882330017089843750e+02 4.845180053710937500e+02 3.916369934082031250e+02
1.176070022583007812e+02 1.615429992675781250e+02 1.224690017700195312e+02 1.539550018310546875e+02
7.854409790039062500e+01 2.063580017089843750e+02 7.287830352783203125e+01 2.154720001220703125e+02
1.175759963989257812e+02 2.323040008544921875e+02 1.100839996337890625e+02 2.373159942626953125e+02
5.430739746093750000e+02 1.923179931640625000e+02 5.318690185546875000e+02 1.930319976806640625e+02
5.413010253906250000e+02 2.683539962768554688e+01 5.429089965820312500e+02 5.431449890136718750e+01
4.954920043945312500e+02 9.220169830322265625e+01 4.793959960937500000e+02 9.452140045166015625e+01
3.705140075683593750e+02 2.831449890136718750e+02 3.695270080566406250e+02 2.143910064697265625e+02
3.446860046386718750e+02 2.520980072021484375e+02 3.483659973144531250e+02 2.882279968261718750e+02
5.841069946289062500e+02 2.457039947509765625e+02 5.854199829101562500e+02 2.293589935302734375e+02
3.443590087890625000e+02 2.422129974365234375e+02 3.643739929199218750e+02 2.431369934082031250e+02
3.692860107421875000e+02 1.449940032958984375e+02 3.869630126953125000e+02 1.424949951171875000e+02
6.648780059814453125e+01 2.127270050048828125e+02 7.726490020751953125e+01 2.022409973144531250e+02
4.031210021972656250e+02 2.365650024414062500e+02 3.918729858398437500e+02 2.367239990234375000e+02
3.443389892578125000e+02 3.538259887695312500e+02 3.254240112304687500e+02 3.550660095214843750e+02
2.531719970703125000e+02 2.839309997558593750e+02 2.068880004882812500e+02 2.826570129394531250e+02
4.485969848632812500e+02 3.305490112304687500e+02 4.468590087890625000e+02 3.482460021972656250e+02
3.236520004272460938e+01 2.794620056152343750e+02 2.161870002746582031e+01 2.864830017089843750e+02
5.506060180664062500e+02 1.789559936523437500e+02 5.893889770507812500e+02 1.771690063476562500e+02
4.062260055541992188e+01 2.629450073242187500e+02 3.250289916992187500e+01 2.724129943847656250e+02
3.918630065917968750e+02 2.153710021972656250e+02 4.093819885253906250e+02 2.145200042724609375e+02
4.081419982910156250e+02 2.124989929199218750e+02 3.918699951171875000e+02 2.129459991455078125e+02
5.068720092773437500e+02 2.233899993896484375e+02 5.206199951171875000e+02 2.235410003662109375e+02
5.404509887695312500e+02 2.222899932861328125e+02 5.471049804687500000e+02 2.250760040283203125e+02
4.783819961547851562e+01 1.365379943847656250e+02 3.895520019531250000e+01 1.441000061035156250e+02
2.756210021972656250e+02 3.517980041503906250e+02 2.518049926757812500e+02 3.531449890136718750e+02
4.089110107421875000e+02 2.718819885253906250e+02 4.090740051269531250e+02 2.831289978027343750e+02
1.665480041503906250e+02 3.306029968261718750e+02 1.668509979248046875e+02 3.431260070800781250e+02
5.411890258789062500e+02 9.571849822998046875e+01 5.406409912109375000e+02 8.437419891357421875e+01
1.035960006713867188e+02 4.260269927978515625e+01 8.700779724121093750e+01 5.333029937744140625e+01
3.719819946289062500e+02 3.730950012207031250e+02 3.755629882812500000e+02 3.856430053710937500e+02
3.456470031738281250e+02 2.037980041503906250e+02 3.331199951171875000e+02 2.042050018310546875e+02
3.818630065917968750e+02 2.014170074462890625e+02 3.718699951171875000e+02 2.016779937744140625e+02
1.156600036621093750e+02 1.567400054931640625e+02 1.050770034790039062e+02 1.539620056152343750e+02
6.383010253906250000e+02 4.027699890136718750e+02 5.792990112304687500e+02 3.963179931640625000e+02
2.932760009765625000e+02 1.533240051269531250e+02 3.094800109863281250e+02 1.516399993896484375e+02
5.051549987792968750e+02 2.331519927978515625e+02 5.059379882812500000e+02 2.105919952392578125e+02
5.251330184936523438e+01 2.216009979248046875e+02 6.049700164794921875e+01 2.061620025634765625e+02
1.297669982910156250e+02 1.535540008544921875e+02 1.163219985961914062e+02 1.675959930419921875e+02
5.449039916992187500e+02 8.434220123291015625e+01 5.467709960937500000e+02 1.144589996337890625e+02
5.502780151367187500e+02 4.696239852905273438e+01 5.513569946289062500e+02 3.581679916381835938e+01
2.556230010986328125e+02 2.970010070800781250e+02 2.831359863281250000e+02 2.974429931640625000e+02
1.841060028076171875e+02 3.351100158691406250e+01 1.932559967041015625e+02 3.989569854736328125e+01
4.604760131835937500e+02 2.144490051269531250e+02 4.598789978027343750e+02 2.030980072021484375e+02
5.081289978027343750e+02 2.486150054931640625e+02 5.268870239257812500e+02 2.484750061035156250e+02
5.956010131835937500e+02 1.765970001220703125e+02 6.231110229492187500e+02 1.742180023193359375e+02
1.556390075683593750e+02 6.709179687500000000e+01 1.668760070800781250e+02 6.698760223388671875e+01
2.584490051269531250e+02 2.818850097656250000e+02 2.607309875488281250e+02 2.106280059814453125e+02
3.968380126953125000e+02 4.068609924316406250e+02 3.967130126953125000e+02 4.181229858398437500e+02
5.856149902343750000e+02 2.477319946289062500e+02 6.118800048828125000e+02 2.470590057373046875e+02
4.106440124511718750e+02 2.156300048828125000e+02 4.082749938964843750e+02 2.256609954833984375e+02
6.331220092773437500e+02 4.100169982910156250e+02 5.806140136718750000e+02 4.098120117187500000e+02
5.419359741210937500e+02 1.045139999389648438e+02 5.411799926757812500e+02 9.805999755859375000e+01
5.318850097656250000e+02 2.232160034179687500e+02 5.394320068359375000e+02 2.224170074462890625e+02
1.331250000000000000e+02 2.806319885253906250e+02 1.168489990234375000e+02 2.804469909667968750e+02
5.394400024414062500e+02 2.650989990234375000e+02 5.457479858398437500e+02 2.658729858398437500e+02
5.693809814453125000e+02 2.815929985046386719e+01 6.382609863281250000e+02 1.642049980163574219e+01
4.107260131835937500e+02 1.402599945068359375e+02 4.307500000000000000e+02 1.379660034179687500e+02
1.176949977874755859e+01 2.859070129394531250e+02 5.466740131378173828e+00 2.835480041503906250e+02
5.106239929199218750e+02 1.818589935302734375e+02 5.431309814453125000e+02 1.794589996337890625e+02
2.015679931640625000e+02 3.819320068359375000e+02 3.367210083007812500e+02 3.981560058593750000e+02
3.918689880371093750e+02 2.030160064697265625e+02 4.093880004882812500e+02 2.021260070800781250e+02
6.381799926757812500e+02 2.436869964599609375e+02 6.168740234375000000e+02 2.443320007324218750e+02
5.993549804687500000e+02 2.313119964599609375e+02 5.881190185546875000e+02 2.317200012207031250e+02
5.368839721679687500e+02 2.483240051269531250e+02 5.494149780273437500e+02 2.477330017089843750e+02
3.093210144042968750e+02 1.726849975585937500e+02 2.956239929199218750e+02 1.743659973144531250e+02
1.630480041503906250e+02 3.420190124511718750e+02 1.594790039062500000e+02 3.092279968261718750e+02
5.720399856567382812e+01 2.369479980468750000e+02 6.135319900512695312e+01 2.182870025634765625e+02
5.443750000000000000e+01 3.168450012207031250e+02 5.376839828491210938e+01 3.431409912109375000e+02
1.461920013427734375e+02 1.732769927978515625e+02 1.347859954833984375e+02 1.778910064697265625e+02
2.164479980468750000e+02 2.671700134277343750e+02 2.188569946289062500e+02 2.604400024414062500e+02
2.968590087890625000e+02 2.312299957275390625e+02 3.081329956054687500e+02 2.309420013427734375e+02
1.323099975585937500e+02 2.173820037841796875e+02 1.445619964599609375e+02 2.068849945068359375e+02
6.106409912109375000e+02 1.884600067138671875e+02 5.906259765625000000e+02 1.893959960937500000e+02
3.906329956054687500e+02 2.507859954833984375e+02 4.093989868164062500e+02 2.498800048828125000e+02
6.381270141601562500e+02 2.580289916992187500e+02 6.181339721679687500e+02 2.576539916992187500e+02
3.956759948730468750e+02 1.043750000000000000e+02 3.958099975585937500e+02 8.562629699707031250e+01
3.793410034179687500e+02 4.056350097656250000e+02 3.765690002441406250e+02 3.965859985351562500e+02
5.993590087890625000e+02 2.037469940185546875e+02 5.856179809570312500e+02 2.041009979248046875e+02
6.576969909667968750e+01 8.218299865722656250e+01 6.291339874267578125e+01 7.193399810791015625e+01
6.381530151367187500e+02 2.163609924316406250e+02 6.230800170898437500e+02 2.169270019531250000e+02
1.426560020446777344e+01 8.938289642333984375e+01 1.309280014038085938e+01 7.303759765625000000e+01
1.372469940185546875e+02 6.177190017700195312e+01 1.392649993896484375e+02 6.905930328369140625e+01
2.550549926757812500e+02 2.006510009765625000e+02 2.519739990234375000e+02 2.820209960937500000e+02
8.937909698486328125e+01 3.445759887695312500e+02 1.630989990234375000e+02 3.430870056152343750e+02
3.898380126953125000e+02 2.119199981689453125e+02 3.905920104980468750e+02 2.041300048828125000e+02
4.434440002441406250e+02 3.493550109863281250e+02 4.438729858398437500e+02 3.293909912109375000e+02
4.571260070800781250e+02 1.981450042724609375e+02 4.579240112304687500e+02 1.881089935302734375e+02
3.089530029296875000e+02 2.643739929199218750e+02 3.089719848632812500e+02 2.818750000000000000e+02
4.318659973144531250e+02 3.494580078125000000e+02 4.432529907226562500e+02 3.507139892578125000e+02
5.283540039062500000e+02 2.493730010986328125e+02 5.283410034179687500e+02 2.568750000000000000e+02
6.294000244140625000e+02 2.197790069580078125e+02 6.381939697265625000e+02 2.192350006103515625e+02
5.298419799804687500e+02 3.355620117187500000e+02 5.291389770507812500e+02 3.443559875488281250e+02
2.243809967041015625e+02 2.585979919433593750e+02 2.156219940185546875e+02 2.585270080566406250e+02
3.535180053710937500e+02 2.918800048828125000e+02 3.539830017089843750e+02 2.531199951171875000e+02
5.560880126953125000e+02 1.956190032958984375e+02 5.562979736328125000e+02 2.131320037841796875e+02
4.081470031738281250e+02 1.999839935302734375e+02 3.918729858398437500e+02 2.005639953613281250e+02
1.936590003967285156e+01 3.764920043945312500e+02 1.618899993896484375e+02 3.779960021972656250e+02
2.617229919433593750e+02 1.369129943847656250e+02 4.618729858398437500e+02 1.118560028076171875e+02
6.168770141601562500e+02 2.469859924316406250e+02 6.356179809570312500e+02 2.465700073242187500e+02
3.911979980468750000e+02 2.835979919433593750e+02 3.985360107421875000e+02 2.747149963378906250e+02
6.106370239257812500e+02 2.580280151367187500e+02 5.893750000000000000e+02 2.581329956054687500e+02
1.127239990234375000e+02 2.286510009765625000e+02 1.307769927978515625e+02 2.186450042724609375e+02
3.167059936523437500e+02 4.133160095214843750e+02 5.003489990234375000e+02 4.347959899902343750e+02
3.955419921875000000e+02 3.612739868164062500e+02 4.044649963378906250e+02 3.624219970703125000e+02
4.292129898071289062e+01 1.538600006103515625e+02 5.307099914550781250e+01 1.549019927978515625e+02
3.088490009307861328e+00 2.895969848632812500e+02 1.424260044097900391e+01 2.914309997558593750e+02
3.454970092773437500e+02 3.750169982910156250e+02 3.007869873046875000e+02 3.660650024414062500e+02
5.118510131835937500e+02 1.054039993286132812e+02 5.394290161132812500e+02 1.023629989624023438e+02
6.148779907226562500e+02 2.431529998779296875e+02 6.154450073242187500e+02 2.331150054931640625e+02
4.757640075683593750e+02 4.283649826049804688e+01 5.355999755859375000e+02 3.420309829711914062e+01
5.113359985351562500e+02 6.497840118408203125e+01 5.172210083007812500e+02 7.023819732666015625e+01
4.311239929199218750e+02 3.281090087890625000e+02 4.306919860839843750e+02 3.481530151367187500e+02
6.108900146484375000e+02 1.921479949951171875e+02 5.994780273437500000e+02 2.032310028076171875e+02
5.368629760742187500e+02 3.994559936523437500e+02 5.093909912109375000e+02 3.955159912109375000e+02
5.381240234375000000e+02 2.352969970703125000e+02 5.493750000000000000e+02 2.353139953613281250e+02
2.937500000000000000e+02 6.560620117187500000e+01 2.946520080566406250e+02 3.559579849243164062e+01
2.193410034179687500e+02 2.965459899902343750e+02 2.468500061035156250e+02 2.975620117187500000e+02
6.105999755859375000e+02 2.174340057373046875e+02 5.955739746093750000e+02 2.179839935302734375e+02
1.393329925537109375e+02 5.458689880371093750e+01 1.518630065917968750e+02 5.408580017089843750e+01
1.266839981079101562e+02 2.252299957275390625e+02 1.196259994506835938e+02 2.286439971923828125e+02
4.220920104980468750e+02 2.295359954833984375e+02 4.182090148925781250e+02 2.347579956054687500e+02
5.693790283203125000e+02 1.906909942626953125e+02 5.605869750976562500e+02 1.911649932861328125e+02
6.118720092773437500e+02 2.732340087890625000e+02 5.918540039062500000e+02 2.727479858398437500e+02
5.292290039062500000e+02 3.468389892578125000e+02 5.290000000000000000e+02 3.556480102539062500e+02
2.969140052795410156e+01 1.877700042724609375e+02 2.573570060729980469e+01 1.981670074462890625e+02
5.706190185546875000e+02 2.452579956054687500e+02 5.593720092773437500e+02 2.454290008544921875e+02
5.597559814453125000e+02 1.441639995574951172e+01 5.588020019531250000e+02 2.319849967956542969e+01
1.728540039062500000e+02 3.213850097656250000e+02 1.651900024414062500e+02 3.312579956054687500e+02
2.937459945678710938e+01 1.050319976806640625e+02 3.563399887084960938e+01 9.312979888916015625e+01
5.108200073242187500e+02 3.944779968261718750e+02 5.393389892578125000e+02 3.903760070800781250e+02
5.868430175781250000e+02 1.923190002441406250e+02 6.094069824218750000e+02 1.914170074462890625e+02
3.919620132446289062e+01 1.442859954833984375e+02 3.645769882202148438e+01 1.497890014648437500e+02
6.130059814453125000e+02 9.342710113525390625e+01 6.382360229492187500e+02 9.025900268554687500e+01
4.389540100097656250e+02 6.222890090942382812e+01 4.315390014648437500e+02 5.340769958496093750e+01
8.192620086669921875e+01 7.875710296630859375e+01 7.179019927978515625e+01 7.957859802246093750e+01
5.873270263671875000e+02 2.993999938964843750e+02 5.876450195312500000e+02 3.093500061035156250e+02
5.261940002441406250e+01 2.432310028076171875e+02 5.111389923095703125e+01 2.360460052490234375e+02
3.584609985351562500e+01 9.944290161132812500e+01 3.282649993896484375e+01 1.092829971313476562e+02
2.818800048828125000e+02 2.953269958496093750e+02 2.193560028076171875e+02 2.941740112304687500e+02
3.566860046386718750e+02 3.966549987792968750e+02 3.757130126953125000e+02 4.001440124511718750e+02
6.115960083007812500e+02 1.781380004882812500e+02 6.119970092773437500e+02 1.868690032958984375e+02
4.056380004882812500e+02 2.250390014648437500e+02 3.918689880371093750e+02 2.253079986572265625e+02
4.387409973144531250e+01 3.431730041503906250e+02 4.182540130615234375e+01 3.218800048828125000e+02
4.092170104980468750e+02 3.467590026855468750e+02 4.104469909667968750e+02 3.318599853515625000e+02
4.281400146484375000e+02 4.695489883422851562e+01 4.495559997558593750e+02 4.280929946899414062e+01
1.964219970703125000e+02 5.138729858398437500e+01 2.494790039062500000e+02 8.295099639892578125e+01
4.460029907226562500e+02 3.495509948730468750e+02 4.560740051269531250e+02 3.531000061035156250e+02
4.793779907226562500e+02 3.642409973144531250e+02 4.803229980468750000e+02 3.907690124511718750e+02
6.148099975585937500e+02 2.106199951171875000e+02 6.146090087890625000e+02 1.918589935302734375e+02
2.601900024414062500e+02 2.094909973144531250e+02 2.612850036621093750e+02 2.017910003662109375e+02
5.574370117187500000e+02 2.449920043945312500e+02 5.783930053710937500e+02 2.259190063476562500e+02
2.198690032958984375e+02 9.689929962158203125e+01 2.192570037841796875e+02 1.093690032958984375e+02
4.005809936523437500e+02 3.473219909667968750e+02 4.180360107421875000e+02 3.490320129394531250e+02
5.491079711914062500e+02 1.405729980468750000e+02 5.576959838867187500e+02 9.679090118408203125e+01
3.257799987792968750e+02 3.556130065917968750e+02 3.254769897460937500e+02 3.193659973144531250e+02
4.227210083007812500e+02 4.550069885253906250e+02 4.151780090332031250e+02 4.599419860839843750e+02
5.408800048828125000e+02 2.318979949951171875e+02 5.330809936523437500e+02 2.326860046386718750e+02
6.107299804687500000e+02 1.191490020751953125e+02 6.381979980468750000e+02 1.163339996337890625e+02
4.166459960937500000e+02 2.958030090332031250e+02 4.267869873046875000e+02 2.974270019531250000e+02
4.129790115356445312e+01 3.206830139160156250e+02 4.040869903564453125e+01 3.117720031738281250e+02
3.480820007324218750e+02 1.481109924316406250e+02 3.478489990234375000e+02 1.693580017089843750e+02
6.018449707031250000e+02 2.336009979248046875e+02 6.106300048828125000e+02 2.332590026855468750e+02
2.629519958496093750e+02 3.393729858398437500e+02 2.628439941406250000e+02 3.506220092773437500e+02
5.056440124511718750e+02 3.198040008544921875e+01 5.367780151367187500e+02 2.634180068969726562e+01
1.412400054931640625e+02 1.718899993896484375e+02 1.556759948730468750e+02 1.644739990234375000e+02
4.405450134277343750e+02 1.890010070800781250e+02 4.427040100097656250e+02 1.957590026855468750e+02
5.068450012207031250e+02 1.304700012207031250e+02 5.236749877929687500e+02 1.272610015869140625e+02
3.268949890136718750e+02 2.163760070800781250e+02 3.131210021972656250e+02 2.167400054931640625e+02
5.731300048828125000e+02 3.970910034179687500e+02 5.506439819335937500e+02 3.976499938964843750e+02
3.131140136718750000e+02 2.079689941406250000e+02 3.281300048828125000e+02 2.069440002441406250e+02
5.637239990234375000e+02 3.788739929199218750e+02 5.583099975585937500e+02 3.741629943847656250e+02
3.647129821777343750e+01 1.517649993896484375e+02 3.303409957885742188e+01 1.643500061035156250e+02
1.696439933776855469e+01 3.618689880371093750e+02 1.721220016479492188e+01 4.168729858398437500e+02
1.971320037841796875e+02 1.037330017089843750e+02 1.887259979248046875e+02 1.003710021972656250e+02
1.068820037841796875e+02 3.585869979858398438e+01 9.438240051269531250e+01 3.577420043945312500e+01
2.179109954833984375e+02 3.732579956054687500e+02 2.187429962158203125e+02 3.667940063476562500e+02
4.712670135498046875e+01 1.996920013427734375e+02 4.086169815063476562e+01 2.046730041503906250e+02
6.181450195312500000e+02 2.336159973144531250e+02 6.381630249023437500e+02 2.328090057373046875e+02
5.081109924316406250e+02 3.571459960937500000e+02 5.443809814453125000e+02 3.574790039062500000e+02
2.167859954833984375e+02 2.280090026855468750e+02 2.256770019531250000e+02 2.287079925537109375e+02
9.686730194091796875e+01 3.191619873046875000e+02 1.480959930419921875e+02 3.173200073242187500e+02
5.056170043945312500e+02 2.020180053710937500e+02 5.034429931640625000e+02 1.829459991455078125e+02
3.006369934082031250e+02 3.438940124511718750e+02 2.806220092773437500e+02 3.441950073242187500e+02
1.617559967041015625e+02 3.069190063476562500e+02 1.588359985351562500e+02 2.991090087890625000e+02
4.686839904785156250e+02 9.771029663085937500e+01 4.734509887695312500e+02 1.041330032348632812e+02
5.269439697265625000e+02 1.926369934082031250e+02 5.143209838867187500e+02 1.937740020751953125e+02
5.794470214843750000e+02 3.594450073242187500e+02 6.157150268554687500e+02 3.616570129394531250e+02
3.918699951171875000e+02 2.278179931640625000e+02 4.056369934082031250e+02 2.275720062255859375e+02
6.381250000000000000e+02 2.305890045166015625e+02 6.218750000000000000e+02 2.306580047607421875e+02
2.797669982910156250e+02 3.356390075683593750e+02 2.800719909667968750e+02 3.268559875488281250e+02
1.669470062255859375e+02 2.108670043945312500e+02 1.769850006103515625e+02 2.115829925537109375e+02
3.318450012207031250e+02 4.062359924316406250e+02 3.768049926757812500e+02 4.041270141601562500e+02
1.679730033874511719e+01 1.686100006103515625e+01 1.518850040435791016e+01 2.577190017700195312e+01
6.383339843750000000e+02 4.192879943847656250e+02 6.068759765625000000e+02 4.143670043945312500e+02
1.546730041503906250e+02 9.034069824218750000e+01 1.497910003662109375e+02 8.522779846191406250e+01
5.780850219726562500e+02 1.915019989013671875e+01 6.383950195312500000e+02 8.384949684143066406e+00
2.159320068359375000e+02 2.231320037841796875e+02 2.158090057373046875e+02 2.056239929199218750e+02
1.754900054931640625e+02 9.688369750976562500e+01 1.748410034179687500e+02 8.684490203857421875e+01
6.125089721679687500e+02 2.068730010986328125e+02 6.125390014648437500e+02 2.156269989013671875e+02
5.826329956054687500e+02 2.018699951171875000e+02 5.824699707031250000e+02 2.168809967041015625e+02
1.818570017814636230e+00 1.180390014648437500e+02 1.543949985504150391e+01 1.090930023193359375e+02
2.159819984436035156e+01 3.116549987792968750e+02 3.047430038452148438e+01 3.005050048828125000e+02
2.818729858398437500e+02 3.370969848632812500e+02 3.006250000000000000e+02 3.370539855957031250e+02
5.442470092773437500e+02 3.267210006713867188e+01 5.521749877929687500e+02 3.044059944152832031e+01
5.540150146484375000e+02 2.069230041503906250e+02 5.524949951171875000e+02 1.955420074462890625e+02
4.473869934082031250e+02 4.702929992675781250e+02 4.396329956054687500e+02 4.640549926757812500e+02
3.056109924316406250e+02 3.616960144042968750e+02 3.293150024414062500e+02 3.598510131835937500e+02
3.712340087890625000e+02 1.666519927978515625e+02 3.688340148925781250e+02 1.466399993896484375e+02
1.380339965820312500e+02 7.424870300292968750e+01 1.293229980468750000e+02 8.055339813232421875e+01
3.193380126953125000e+02 3.524419860839843750e+02 2.955899963378906250e+02 3.537239990234375000e+02
3.322290039062500000e+02 1.703430023193359375e+02 3.302579956054687500e+02 1.504140014648437500e+02
4.518800048828125000e+02 4.509679870605468750e+02 5.281699829101562500e+02 4.497829895019531250e+02
6.382360229492187500e+02 1.877519989013671875e+01 5.693610229492187500e+02 3.054070091247558594e+01
9.188279724121093750e+01 3.006250000000000000e+02 9.205290222167968750e+01 3.106430053710937500e+02
7.922830200195312500e+01 3.838639831542968750e+01 9.033329772949218750e+01 4.462099838256835938e+01
1.967669982910156250e+02 6.418579864501953125e+01 1.957579956054687500e+02 5.810290145874023438e+01
1.957299957275390625e+02 1.292019958496093750e+02 2.043520050048828125e+02 1.344140014648437500e+02
5.617540283203125000e+02 9.965820312500000000e+01 6.059069824218750000e+02 9.412899780273437500e+01
2.968420104980468750e+02 2.086300048828125000e+02 3.081250000000000000e+02 2.081289978027343750e+02
6.381829833984375000e+02 8.607140350341796875e+01 6.180339965820312500e+02 8.867259979248046875e+01
5.986330032348632812e+01 3.109079895019531250e+02 5.418439865112304688e+01 3.153829956054687500e+02
1.781990051269531250e+02 3.118789978027343750e+02 1.760279998779296875e+02 3.494700012207031250e+02
1.179209976196289062e+02 1.827200012207031250e+02 1.319040069580078125e+02 1.756829986572265625e+02
4.140379943847656250e+02 2.853380126953125000e+02 4.133859863281250000e+02 2.917749938964843750e+02
2.140500030517578125e+02 2.782160034179687500e+02 2.150509948730468750e+02 2.680679931640625000e+02
6.316939697265625000e+02 1.728489990234375000e+02 6.382059936523437500e+02 1.733780059814453125e+02
1.665630035400390625e+02 3.095799865722656250e+02 1.704429931640625000e+02 2.918349914550781250e+02
6.106259765625000000e+02 8.938430023193359375e+01 5.745079956054687500e+02 9.413600158691406250e+01
3.868280029296875000e+02 3.479460144042968750e+02 3.947650146484375000e+02 3.458630065917968750e+02
6.155440063476562500e+02 2.743760070800781250e+02 6.154320068359375000e+02 2.606270141601562500e+02
9.050370025634765625e+01 3.305230102539062500e+02 8.955879974365234375e+01 3.432319946289062500e+02
5.585910034179687500e+02 2.181380004882812500e+02 5.589739990234375000e+02 2.043990020751953125e+02
5.581220092773437500e+02 2.480240020751953125e+02 5.693980102539062500e+02 2.477059936523437500e+02
2.286199951171875000e+01 1.984929962158203125e+02 1.872220039367675781e+01 2.095980072021484375e+02
5.193909912109375000e+02 2.209739990234375000e+02 5.081069946289062500e+02 2.214889984130859375e+02
4.831010131835937500e+02 1.091819992065429688e+02 5.055629882812500000e+02 1.063809967041015625e+02
4.160719909667968750e+02 4.616700134277343750e+02 4.200360107421875000e+02 4.703219909667968750e+02
6.200109863281250000e+02 1.862330017089843750e+02 6.328740234375000000e+02 1.727740020751953125e+02
5.631710205078125000e+02 3.168940124511718750e+02 5.701309814453125000e+02 2.996809997558593750e+02
6.356279907226562500e+02 1.869239959716796875e+02 6.168679809570312500e+02 1.879989929199218750e+02
3.546740112304687500e+02 1.374049987792968750e+02 3.573640136718750000e+02 1.295420074462890625e+02
6.275150146484375000e+02 3.443130111694335938e+01 6.205540161132812500e+02 3.798619842529296875e+01
5.188469848632812500e+02 8.937370300292968750e+01 5.188209838867187500e+02 7.562370300292968750e+01
3.394469909667968750e+02 3.984880065917968750e+02 3.671040039062500000e+02 3.930379943847656250e+02
4.918410034179687500e+02 3.550750122070312500e+02 5.056799926757812500e+02 3.557510070800781250e+02
5.310440063476562500e+01 3.445069885253906250e+02 8.434390258789062500e+01 3.439320068359375000e+02
1.391560058593750000e+02 8.936710357666015625e+01 1.482819976806640625e+02 8.777760314941406250e+01
3.869249877929687500e+02 1.481219940185546875e+02 3.881239929199218750e+02 1.657100067138671875e+02
2.458249969482421875e+02 8.000630187988281250e+01 3.857600097656250000e+02 5.384700012207031250e+01
8.455509948730468750e+01 3.431279907226562500e+02 8.476999664306640625e+01 3.306099853515625000e+02
5.083089904785156250e+02 6.780319976806640625e+01 4.951229858398437500e+02 6.025099945068359375e+01
3.798340148925781250e+02 1.476569976806640625e+02 3.867739868164062500e+02 1.544770050048828125e+02
4.201530151367187500e+02 3.158649902343750000e+02 4.277479858398437500e+02 3.123179931640625000e+02
4.545419921875000000e+02 1.356600036621093750e+02 4.771470031738281250e+02 1.327149963378906250e+02
1.332270050048828125e+02 1.769369964599609375e+02 1.277570037841796875e+02 1.858860015869140625e+02
6.120529785156250000e+02 3.401359863281250000e+02 5.881519775390625000e+02 3.457390136718750000e+02
3.683670043945312500e+02 3.811610107421875000e+02 3.503909912109375000e+02 3.750650024414062500e+02
5.781439819335937500e+02 8.130660247802734375e+01 5.693209838867187500e+02 8.101850128173828125e+01
1.667000007629394531e+01 2.406100006103515625e+02 1.524740028381347656e+01 2.594410095214843750e+02
5.768679809570312500e+02 2.690209960937500000e+02 5.733339843750000000e+02 2.815820007324218750e+02
5.394320068359375000e+02 3.724089965820312500e+02 5.243280029296875000e+02 3.712179870605468750e+02
2.781359863281250000e+02 2.209739990234375000e+02 2.906629943847656250e+02 2.205760040283203125e+02
5.806030273437500000e+02 3.995769958496093750e+02 6.343920288085937500e+02 4.054689941406250000e+02
1.801479949951171875e+02 1.127559967041015625e+02 1.880399932861328125e+02 1.170319976806640625e+02
3.842760009765625000e+02 4.054729919433593750e+02 3.957340087890625000e+02 4.046669921875000000e+02
2.943739891052246094e+00 2.397989959716796875e+02 7.836400032043457031e+00 2.461320037841796875e+02
2.912600097656250000e+02 1.193939971923828125e+02 2.917799987792968750e+02 1.018720016479492188e+02
1.761510009765625000e+02 1.728209991455078125e+02 1.802810058593750000e+02 1.629810028076171875e+02
2.016970062255859375e+02 2.016640014648437500e+02 2.120359954833984375e+02 2.034320068359375000e+02
5.173649902343750000e+02 2.572369995117187500e+02 5.092420043945312500e+02 2.534080047607421875e+02
2.818580017089843750e+02 3.545060119628906250e+02 2.920109863281250000e+02 3.558399963378906250e+02
9.163929748535156250e+01 2.831229858398437500e+02 9.167520141601562500e+01 3.006229858398437500e+02
1.814719963073730469e+01 4.060010147094726562e+01 2.875230026245117188e+01 5.007220077514648438e+01
3.318829956054687500e+02 3.455360107421875000e+02 3.431510009765625000e+02 3.466000061035156250e+02
6.259130096435546875e+01 9.033670043945312500e+01 7.140239715576171875e+01 9.522660064697265625e+01
4.581969909667968750e+02 1.086829986572265625e+02 2.644479980468750000e+02 1.336889953613281250e+02
3.143429870605468750e+02 3.075000000000000000e+02 3.218869934082031250e+02 3.071159973144531250e+02
4.842149963378906250e+02 3.926440124511718750e+02 5.379780273437500000e+02 4.038309936523437500e+02
5.709149780273437500e+02 2.356100006103515625e+02 5.713599853515625000e+02 2.444010009765625000e+02
5.517379760742187500e+02 4.014570007324218750e+02 5.731170043945312500e+02 4.004500122070312500e+02
2.244060058593750000e+02 2.476719970703125000e+02 2.156959991455078125e+02 2.470800018310546875e+02
4.396440124511718750e+02 5.676039886474609375e+01 4.427309875488281250e+02 6.401039886474609375e+01
6.185070190429687500e+02 3.527389907836914062e+01 6.257600097656250000e+02 3.219279861450195312e+01
5.929760131835937500e+02 2.634060058593750000e+02 6.158950195312500000e+02 2.598770141601562500e+02
5.567700195312500000e+02 1.245680007934570312e+02 5.820170288085937500e+02 1.220559997558593750e+02
1.581309967041015625e+02 2.830130004882812500e+02 1.392310028076171875e+02 2.819559936523437500e+02
2.225859985351562500e+02 2.118659973144531250e+02 2.223260040283203125e+02 2.268829956054687500e+02
5.880520019531250000e+02 9.006250000000000000e+01 6.381859741210937500e+02 8.360150146484375000e+01
5.521740112304687500e+02 1.894850006103515625e+02 5.511469726562500000e+02 1.805650024414062500e+02
3.809299926757812500e+02 2.894370117187500000e+02 3.829750061035156250e+02 2.793450012207031250e+02
1.010130004882812500e+02 3.010670089721679688e+01 1.090210037231445312e+02 3.609809875488281250e+01
2.956279907226562500e+02 2.420579986572265625e+02 3.081250000000000000e+02 2.418459930419921875e+02
4.556530151367187500e+02 3.519209899902343750e+02 4.550849914550781250e+02 3.368009948730468750e+02
5.331149902343750000e+02 3.747019958496093750e+02 5.406090087890625000e+02 3.749219970703125000e+02
5.744030151367187500e+02 4.391180114746093750e+02 5.481729736328125000e+02 4.398529968261718750e+02
3.590499877929687500e+02 1.294490051269531250e+02 3.607999877929687500e+02 1.371199951171875000e+02
7.079850006103515625e+01 2.860149955749511719e+01 7.975379943847656250e+01 2.383699989318847656e+01
2.527149963378906250e+02 3.518850097656250000e+02 2.530709991455078125e+02 3.218739929199218750e+02
1.011169967651367188e+02 3.098460083007812500e+02 9.375730133056640625e+01 3.175339965820312500e+02
1.868200073242187500e+02 8.155570220947265625e+01 1.823730010986328125e+02 8.726309967041015625e+01
5.717639770507812500e+02 2.515229949951171875e+02 5.615939941406250000e+02 2.547350006103515625e+02
1.225960006713867188e+02 3.451789855957031250e+01 1.305529937744140625e+02 3.040130043029785156e+01
2.686989974975585938e+01 6.187360000610351562e+01 2.317650032043457031e+01 7.563880157470703125e+01
1.649369964599609375e+02 3.759979858398437500e+02 1.611809997558593750e+02 3.690740051269531250e+02
1.522059936523437500e+02 5.760440063476562500e+01 1.463979949951171875e+02 6.785479736328125000e+01
1.731750030517578125e+02 2.681289978027343750e+02 1.745700073242187500e+02 2.507409973144531250e+02
6.057239990234375000e+02 3.355989990234375000e+02 6.319039916992187500e+02 3.334890136718750000e+02
1.800799942016601562e+01 3.180390014648437500e+02 1.650270080566406250e+01 3.418510131835937500e+02
1.683919982910156250e+02 3.157200012207031250e+02 1.644259948730468750e+02 3.268930053710937500e+02
3.131669921875000000e+02 2.253869934082031250e+02 3.125969848632812500e+02 2.193070068359375000e+02
6.156760253906250000e+02 1.911470031738281250e+02 6.318930053710937500e+02 1.895549926757812500e+02
5.448809814453125000e+02 1.646869964599609375e+02 5.404140014648437500e+02 1.563200073242187500e+02
6.194010009765625000e+02 3.459190063476562500e+02 6.381030273437500000e+02 3.464270019531250000e+02
6.118820190429687500e+02 2.445090026855468750e+02 5.943640136718750000e+02 2.454190063476562500e+02
5.168740234375000000e+02 2.658599853515625000e+02 5.293729858398437500e+02 2.659330139160156250e+02
2.156770019531250000e+02 3.753540039062500000e+02 2.018999938964843750e+02 3.760899963378906250e+02
6.759960174560546875e+01 7.461750030517578125e+01 7.937539672851562500e+01 7.187670135498046875e+01
3.544209899902343750e+02 3.537820129394531250e+02 3.465830078125000000e+02 3.036390075683593750e+02
4.613919830322265625e+01 3.043479919433593750e+02 4.686750030517578125e+01 3.181910095214843750e+02
4.620190048217773438e+01 7.131600189208984375e+01 5.253269958496093750e+01 7.748300170898437500e+01
6.498130035400390625e+01 1.485310058593750000e+02 7.611049652099609375e+01 1.360579986572265625e+02
4.632149963378906250e+02 2.404310035705566406e+01 4.689179992675781250e+02 3.124699974060058594e+01
2.567210083007812500e+02 1.336009979248046875e+02 2.145789947509765625e+02 1.199950027465820312e+02
2.918439941406250000e+02 2.064940032958984375e+02 2.780840148925781250e+02 2.076269989013671875e+02
5.449010009765625000e+02 1.794069976806640625e+02 5.440570068359375000e+02 1.604720001220703125e+02
4.894110107421875000e+02 4.919319915771484375e+01 4.959309997558593750e+02 5.660609817504882812e+01
1.739309997558593750e+02 3.621440124511718750e+01 1.693679962158203125e+02 4.244940185546875000e+01
6.830190277099609375e+01 1.758150024414062500e+02 6.271540069580078125e+01 1.814700012207031250e+02
2.964020080566406250e+02 1.740350036621093750e+02 2.943349914550781250e+02 1.541199951171875000e+02
2.947229919433593750e+02 2.281289978027343750e+02 2.949209899902343750e+02 2.106170043945312500e+02
4.139710083007812500e+02 2.231490020751953125e+02 4.138599853515625000e+02 2.156139984130859375e+02
9.066110229492187500e+01 1.294219970703125000e+02 9.699369812011718750e+01 1.245289993286132812e+02
1.931959915161132812e+01 3.442919921875000000e+02 4.194660186767578125e+01 3.453670043945312500e+02
4.306669921875000000e+02 1.410390014648437500e+02 4.118580017089843750e+02 1.429620056152343750e+02
7.311709880828857422e+00 9.032959747314453125e+01 5.014460086822509766e+00 9.665319824218750000e+01
3.795060119628906250e+02 1.617120056152343750e+02 3.744259948730468750e+02 1.681649932861328125e+02
2.293739929199218750e+02 3.370100097656250000e+02 2.443739929199218750e+02 3.370820007324218750e+02
2.956000061035156250e+02 2.523619995117187500e+02 3.081279907226562500e+02 2.519530029296875000e+02
2.661510009765625000e+02 3.506799926757812500e+02 2.669599914550781250e+02 3.243389892578125000e+02
6.081469726562500000e+02 4.138450012207031250e+02 6.381959838867187500e+02 4.129230041503906250e+02
5.369479980468750000e+02 9.871790313720703125e+01 5.081709899902343750e+02 1.022500000000000000e+02
1.656199951171875000e+02 3.600360107421875000e+02 1.687089920043945312e+01 3.596260070800781250e+02
5.053710174560546875e+01 2.580759887695312500e+02 4.667850112915039062e+01 2.649649963378906250e+02
2.323930053710937500e+02 1.504810028076171875e+02 2.308359985351562500e+02 1.718899993896484375e+02
3.426889953613281250e+02 2.256699981689453125e+02 3.416340026855468750e+02 2.155200042724609375e+02
4.313410034179687500e+02 2.806640014648437500e+02 4.316799926757812500e+02 2.743649902343750000e+02
1.727420043945312500e+02 3.443529968261718750e+02 1.740099945068359375e+02 3.218540039062500000e+02
1.614040069580078125e+02 1.638020019531250000e+02 1.511459960937500000e+02 1.722380065917968750e+02
5.418070068359375000e+02 3.256740112304687500e+02 5.496660156250000000e+02 3.366669921875000000e+02
4.705589904785156250e+02 1.066640014648437500e+02 4.603840026855468750e+02 1.098550033569335938e+02
5.693449707031250000e+02 2.317369995117187500e+02 5.606010131835937500e+02 2.315010070800781250e+02
1.964649963378906250e+02 3.368750000000000000e+02 1.964479980468750000e+02 3.556260070800781250e+02
4.379230117797851562e+01 2.886979980468750000e+02 3.512360000610351562e+01 2.798880004882812500e+02
5.457890014648437500e+02 2.398719940185546875e+02 5.393020019531250000e+02 2.384579925537109375e+02
4.792640075683593750e+02 4.785849914550781250e+02 4.424020080566406250e+02 4.696910095214843750e+02
3.281390075683593750e+02 2.046450042724609375e+02 3.131149902343750000e+02 2.054459991455078125e+02
5.318569946289062500e+02 2.091250000000000000e+02 5.394080200195312500e+02 2.085769958496093750e+02
5.275609741210937500e+02 1.500169982910156250e+02 5.174970092773437500e+02 1.411670074462890625e+02
1.395960044860839844e+01 1.301399993896484375e+02 2.412989997863769531e+01 1.190459976196289062e+02
4.593710021972656250e+02 1.992929992675781250e+02 4.756419982910156250e+02 1.984510040283203125e+02
1.670749969482421875e+02 3.846260070800781250e+02 1.640480041503906250e+02 3.719530029296875000e+02
5.018729858398437500e+02 1.031110000610351562e+02 4.806359863281250000e+02 1.057109985351562500e+02
1.328569946289062500e+02 2.600390014648437500e+02 1.348269958496093750e+02 2.496999969482421875e+02
1.027340011596679688e+02 4.595569992065429688e+01 1.079410018920898438e+02 5.082149887084960938e+01
1.966549987792968750e+02 3.280719909667968750e+02 1.969799957275390625e+02 3.343699951171875000e+02
1.955229949951171875e+02 3.652969970703125000e+02 2.156320037841796875e+02 3.645700073242187500e+02
3.877820129394531250e+02 2.043730010986328125e+02 3.876770019531250000e+02 2.218800048828125000e+02
3.068760070800781250e+02 2.603309936523437500e+02 2.956220092773437500e+02 2.602950134277343750e+02
1.184589958190917969e+01 2.250379943847656250e+02 1.813859939575195312e+01 2.253139953613281250e+02
1.602729988098144531e+01 3.018359985351562500e+02 1.689459991455078125e+01 3.107449951171875000e+02
2.818770141601562500e+02 3.279519958496093750e+02 3.006239929199218750e+02 3.281780090332031250e+02
5.904010009765625000e+02 2.389759979248046875e+02 6.012109985351562500e+02 2.329199981689453125e+02
1.973760032653808594e+01 2.922720031738281250e+02 2.901309967041015625e+01 2.902309875488281250e+02
3.223070068359375000e+02 3.093729858398437500e+02 3.222090148925781250e+02 3.556260070800781250e+02
3.916559982299804688e+01 2.299120025634765625e+02 4.337070083618164062e+01 2.362870025634765625e+02
5.431140136718750000e+02 1.538209991455078125e+02 5.478660278320312500e+02 1.430110015869140625e+02
4.618729858398437500e+02 2.046529998779296875e+02 4.756319885253906250e+02 2.047669982910156250e+02
5.686209869384765625e+01 3.198970031738281250e+02 6.688690185546875000e+01 3.201440124511718750e+02
4.916600036621093750e+02 2.555279998779296875e+02 4.929729919433593750e+02 2.695069885253906250e+02
1.658440017700195312e+01 7.615409851074218750e+01 2.407539939880371094e+01 7.996410369873046875e+01
1.590489959716796875e+01 2.905060119628906250e+02 1.945840072631835938e+01 3.014119873046875000e+02
1.618780059814453125e+02 3.754060058593750000e+02 1.936790084838867188e+01 3.737219848632812500e+02
4.913240051269531250e+01 2.590260009765625000e+02 6.172930145263671875e+01 2.624159851074218750e+02
3.769710083007812500e+02 3.106400146484375000e+02 3.751839904785156250e+02 3.220020141601562500e+02
2.731870117187500000e+02 2.075989990234375000e+02 2.630469970703125000e+02 2.084649963378906250e+02
9.811910247802734375e+01 1.438570022583007812e+01 8.778520202636718750e+01 8.747719764709472656e+00
3.143649902343750000e+02 2.191390075683593750e+02 3.268949890136718750e+02 2.185989990234375000e+02
5.138779907226562500e+02 1.350200042724609375e+02 5.413969726562500000e+02 1.562449951171875000e+02
2.118560028076171875e+02 2.007489929199218750e+02 1.992669982910156250e+02 1.988339996337890625e+02
5.342319946289062500e+02 4.402829895019531250e+02 4.839070129394531250e+02 4.323380126953125000e+02
4.018360137939453125e+01 1.231159973144531250e+02 4.025640106201171875e+01 1.293939971923828125e+02
6.077210083007812500e+02 2.227070007324218750e+02 5.994489746093750000e+02 2.307019958496093750e+02
8.180519866943359375e+01 2.392469940185546875e+02 9.161820220947265625e+01 2.339029998779296875e+02
2.769049987792968750e+02 2.098860015869140625e+02 2.906809997558593750e+02 2.090859985351562500e+02
1.688829956054687500e+02 5.315710067749023438e+01 1.685119934082031250e+02 6.189139938354492188e+01
3.786380004882812500e+02 3.219490051269531250e+02 3.802720031738281250e+02 3.105740051269531250e+02
2.781250000000000000e+02 2.320130004882812500e+02 2.906250000000000000e+02 2.320149993896484375e+02
1.435260009765625000e+02 2.894159851074218750e+02 1.536549987792968750e+02 2.927780151367187500e+02
6.350719833374023438e+01 6.722540283203125000e+01 5.748809814453125000e+01 7.379109954833984375e+01
3.869010009765625000e+02 3.218739929199218750e+02 3.874249877929687500e+02 3.456130065917968750e+02
6.677880096435546875e+01 2.289060058593750000e+02 6.172829818725585938e+01 2.363710021972656250e+02
2.918420104980468750e+02 2.177440032958984375e+02 2.780859985351562500e+02 2.189250030517578125e+02
4.647309875488281250e+02 3.145560073852539062e+01 4.544899902343750000e+02 2.042910003662109375e+01
3.733919982910156250e+02 3.180400085449218750e+02 3.690870056152343750e+02 3.044660034179687500e+02
6.074110107421875000e+02 3.131229972839355469e+01 5.935720214843750000e+02 4.209469985961914062e+01
1.482389984130859375e+02 2.009850006103515625e+02 1.392059936523437500e+02 2.038410034179687500e+02
5.920479736328125000e+02 2.247700042724609375e+02 6.034630126953125000e+02 2.197870025634765625e+02
4.205350036621093750e+02 2.941090087890625000e+02 4.284049987792968750e+02 2.914559936523437500e+02
4.542929992675781250e+02 1.506239929199218750e+02 4.544679870605468750e+02 1.368600006103515625e+02
2.235059967041015625e+02 2.807359924316406250e+02 2.246199951171875000e+02 2.643919982910156250e+02
5.040530014038085938e+01 2.534770050048828125e+02 5.950590133666992188e+01 2.591659851074218750e+02
4.006170043945312500e+02 4.446200180053710938e+01 4.232699890136718750e+02 4.655149841308593750e+01
1.006839990615844727e+00 3.218760070800781250e+02 1.048539996147155762e+00 3.056260070800781250e+02
-2.591440081596374512e-01 1.586990051269531250e+02 1.140270042419433594e+01 1.533459930419921875e+02
4.202929992675781250e+02 4.702730102539062500e+02 4.473290100097656250e+02 4.802770080566406250e+02
1.855130004882812500e+01 5.401229858398437500e+01 2.496920013427734375e+01 6.155609893798828125e+01
5.618679809570312500e+02 9.260119628906250000e+01 5.693829956054687500e+02 9.249990081787109375e+01
1.024960021972656250e+02 9.167720031738281250e+01 1.150070037841796875e+02 9.915910339355468750e+01
6.366339721679687500e+02 2.864970092773437500e+02 6.295999755859375000e+02 2.909790039062500000e+02
5.222960205078125000e+02 8.688339996337890625e+01 5.225219726562500000e+02 7.561289978027343750e+01
2.443090057373046875e+02 2.314479980468750000e+02 2.519600067138671875e+02 2.320599975585937500e+02
3.794809875488281250e+02 2.860209960937500000e+02 3.707120056152343750e+02 2.849299926757812500e+02
2.394960021972656250e+02 2.283240051269531250e+02 2.305760040283203125e+02 2.273009948730468750e+02
5.108389892578125000e+02 1.906470031738281250e+02 5.107019958496093750e+02 1.843459930419921875e+02
2.492149963378906250e+02 2.131210021972656250e+02 2.487940063476562500e+02 2.293600006103515625e+02
1.762490081787109375e+01 2.654450073242187500e+02 1.440460014343261719e+01 2.743859863281250000e+02
6.218220214843750000e+02 2.140800018310546875e+02 6.329370117187500000e+02 2.120789947509765625e+02
4.432640075683593750e+00 2.226799964904785156e+01 2.264869958162307739e-01 9.506349563598632812e+00
4.885369873046875000e+02 2.481309967041015625e+02 4.882669982910156250e+02 2.093650054931640625e+02
2.856359863281250000e+02 2.927560119628906250e+02 3.143980102539062500e+02 2.935889892578125000e+02
6.142990112304687500e+02 3.581369934082031250e+02 6.141550292968750000e+02 3.418659973144531250e+02
4.981019973754882812e+01 3.219100036621093750e+02 5.110969924926757812e+01 3.056640014648437500e+02
5.453549804687500000e+02 1.956560058593750000e+02 5.462100219726562500e+02 2.031999969482421875e+02
5.046090087890625000e+02 3.456409912109375000e+02 5.056310119628906250e+02 3.306250000000000000e+02
6.181389770507812500e+02 3.156510009765625000e+02 6.048519897460937500e+02 3.227659912109375000e+02
2.051990051269531250e+02 3.690740051269531250e+02 2.001660003662109375e+02 3.761849975585937500e+02
4.905329895019531250e+02 1.131650009155273438e+02 4.953810119628906250e+02 1.244789962768554688e+02
3.138370056152343750e+02 2.379420013427734375e+02 3.161019897460937500e+02 2.467530059814453125e+02
4.352349853515625000e+02 1.983520050048828125e+02 4.376409912109375000e+02 1.892469940185546875e+02
2.609199905395507812e+01 1.346289978027343750e+02 2.128149986267089844e+01 1.434819946289062500e+02
1.426159954071044922e+01 3.145230102539062500e+02 2.200659942626953125e+01 3.204530029296875000e+02
2.833670043945312500e+02 2.807569885253906250e+02 2.876719970703125000e+02 2.728779907226562500e+02
3.455159912109375000e+02 3.918760070800781250e+02 3.453770141601562500e+02 3.756270141601562500e+02
2.394530029296875000e+02 2.388450012207031250e+02 2.305279998779296875e+02 2.375370025634765625e+02
6.381380004882812500e+02 1.195090026855468750e+02 6.131350097656250000e+02 1.219759979248046875e+02
2.094329986572265625e+02 3.612699890136718750e+02 2.806690063476562500e+02 3.548659973144531250e+02
5.493859863281250000e+02 2.728359985351562500e+02 5.381049804687500000e+02 2.723909912109375000e+02
3.096770019531250000e+02 2.316829986572265625e+02 3.083659973144531250e+02 2.381739959716796875e+02
6.156279907226562500e+02 2.603810119628906250e+02 6.381240234375000000e+02 2.603080139160156250e+02
2.321820068359375000e+01 1.468529968261718750e+02 2.622680091857910156e+01 1.595290069580078125e+02
2.818680114746093750e+02 3.461650085449218750e+02 3.006289978027343750e+02 3.459760131835937500e+02
7.313490295410156250e+01 2.465330047607421875e+02 7.927700042724609375e+01 2.417489929199218750e+02
1.170680046081542969e+00 1.271419982910156250e+02 1.093780040740966797e+01 1.325610046386718750e+02
4.416229858398437500e+02 4.589739990234375000e+02 4.521669921875000000e+02 4.523389892578125000e+02
1.871049957275390625e+02 3.047560119628906250e+02 1.775579986572265625e+02 3.105079956054687500e+02
5.768540039062500000e+02 3.783169860839843750e+02 6.382009887695312500e+02 3.849219970703125000e+02
1.646239929199218750e+02 6.940769958496093750e+01 1.633339996337890625e+02 7.923829650878906250e+01
2.972650146484375000e+02 4.064509963989257812e+01 2.959750061035156250e+02 6.564309692382812500e+01
3.641350097656250000e+02 3.544809875488281250e+02 3.718089904785156250e+02 3.719039916992187500e+02
1.518799972534179688e+01 4.390890121459960938e+01 1.751950073242187500e+01 5.422940063476562500e+01
2.906229858398437500e+02 2.293439941406250000e+02 2.780920104980468750e+02 2.299799957275390625e+02
5.871350097656250000e+02 3.416619873046875000e+02 5.843380126953125000e+02 3.546369934082031250e+02
3.523789978027343750e+02 3.168410034179687500e+02 3.533970031738281250e+02 2.943309936523437500e+02
3.566489868164062500e+02 2.943750000000000000e+02 3.566570129394531250e+02 3.193750000000000000e+02
5.830709838867187500e+02 4.206239929199218750e+02 5.827020263671875000e+02 4.443680114746093750e+02
3.511170043945312500e+02 3.718770141601562500e+02 3.511099853515625000e+02 3.618750000000000000e+02
5.231090087890625000e+02 2.335390014648437500e+02 5.081799926757812500e+02 2.329600067138671875e+02
5.400640258789062500e+02 2.092799987792968750e+02 5.501190185546875000e+02 2.141670074462890625e+02
1.485050048828125000e+02 1.495789947509765625e+02 1.429069976806640625e+02 1.510429992675781250e+02
2.201210021972656250e+01 1.858780059814453125e+02 1.560949993133544922e+01 1.893459930419921875e+02
5.497919921875000000e+02 1.581170043945312500e+02 5.501979980468750000e+02 1.806100006103515625e+02
6.415640258789062500e+01 1.916150054931640625e+02 7.505919647216796875e+01 1.824519958496093750e+02
2.529309997558593750e+02 8.456089782714843750e+01 4.282510070800781250e+02 5.256370162963867188e+01
2.989809875488281250e+02 3.680880126953125000e+02 2.994739990234375000e+02 3.794249877929687500e+02
3.561510009765625000e+02 3.618760070800781250e+02 3.561300048828125000e+02 3.718789978027343750e+02
5.761309814453125000e+02 3.694259948730468750e+02 5.756950073242187500e+02 3.631199951171875000e+02
3.809849853515625000e+02 2.757260131835937500e+02 3.786210021972656250e+02 2.841640014648437500e+02
3.530899963378906250e+02 1.801860046386718750e+02 2.593399963378906250e+02 1.876929931640625000e+02
2.293679962158203125e+02 2.507619934082031250e+02 2.394049987792968750e+02 2.512530059814453125e+02
1.030179977416992188e+02 6.674960327148437500e+01 1.011220016479492188e+02 4.945759963989257812e+01
3.582680053710937500e+02 1.943719940185546875e+02 3.581600036621093750e+02 2.306250000000000000e+02
3.081189880371093750e+02 2.391629943847656250e+02 2.956289978027343750e+02 2.395130004882812500e+02
6.053709716796875000e+02 2.363679962158203125e+02 5.993770141601562500e+02 2.393780059814453125e+02
2.550149993896484375e+02 9.179489898681640625e+01 2.537740020751953125e+02 1.205989990234375000e+02
3.805089950561523438e+01 1.068560028076171875e+02 3.997999954223632812e+01 9.921219635009765625e+01
6.180239868164062500e+01 4.554790115356445312e+01 7.018329620361328125e+01 3.765589904785156250e+01
5.856699829101562500e+02 4.129010009765625000e+02 6.382810058593750000e+02 4.236090087890625000e+02
4.828259887695312500e+02 4.106350097656250000e+02 4.827149963378906250e+02 3.931199951171875000e+02
2.406219940185546875e+02 2.056459960937500000e+02 2.306470031738281250e+02 2.042180023193359375e+02
2.036900024414062500e+02 1.467230072021484375e+02 2.014600067138671875e+02 1.567830047607421875e+02
5.637559814453125000e+02 3.486560058593750000e+02 5.758179931640625000e+02 3.525230102539062500e+02
1.974190063476562500e+02 3.180809936523437500e+02 1.969479980468750000e+02 3.257070007324218750e+02
1.272669982910156250e+02 2.953349914550781250e+02 1.148030014038085938e+02 3.004230041503906250e+02
2.693190002441406250e+02 3.212650146484375000e+02 2.769840087890625000e+02 3.205629882812500000e+02
3.080939941406250000e+02 2.974819946289062500e+02 3.181950073242187500e+02 2.979979858398437500e+02
2.691040039062500000e+02 2.555839996337890625e+02 2.677659912109375000e+02 2.645090026855468750e+02
4.919490051269531250e+02 3.256270141601562500e+02 4.917609863281250000e+02 3.343989868164062500e+02
4.811210021972656250e+02 5.662549972534179688e+01 4.766000061035156250e+02 4.764270019531250000e+01
4.843349914550781250e+02 3.545719909667968750e+02 4.908259887695312500e+02 3.558770141601562500e+02
4.806619873046875000e+02 1.034209976196289062e+02 5.394229736328125000e+02 9.600569915771484375e+01
3.843139953613281250e+02 3.018689880371093750e+02 3.824649963378906250e+02 3.194370117187500000e+02
5.889340209960937500e+02 1.776580047607421875e+02 5.934479980468750000e+02 1.733939971923828125e+02
2.418309936523437500e+02 2.920509948730468750e+02 2.643869934082031250e+02 2.927479858398437500e+02
3.491239929199218750e+02 3.755950012207031250e+02 3.496199951171875000e+02 3.919060058593750000e+02
4.867879943847656250e+02 2.783680114746093750e+02 4.943729858398437500e+02 2.780780029296875000e+02
8.319580078125000000e+01 3.290979919433593750e+02 7.203700256347656250e+01 3.262420043945312500e+02
3.018750000000000000e+02 3.253970031738281250e+02 2.818750000000000000e+02 3.254119873046875000e+02
6.119940185546875000e+02 2.861300048828125000e+02 6.006270141601562500e+02 2.869030151367187500e+02
3.313590087890625000e+02 2.256410064697265625e+02 3.317409973144531250e+02 2.081219940185546875e+02
1.956399993896484375e+02 3.878089904785156250e+02 1.656490020751953125e+02 3.863760070800781250e+02
3.468649902343750000e+02 2.968750000000000000e+02 3.472609863281250000e+02 3.106499938964843750e+02
1.023130035400390625e+01 1.806780052185058594e+01 8.960160255432128906e+00 2.681469917297363281e+01
2.306089935302734375e+02 2.294929962158203125e+02 2.395339965820312500e+02 2.306820068359375000e+02
4.108829956054687500e+02 3.305390014648437500e+02 4.083760070800781250e+02 3.230409851074218750e+02
5.598729858398437500e+02 2.856310119628906250e+02 5.597769775390625000e+02 2.731220092773437500e+02
3.545169982910156250e+02 2.306450042724609375e+02 3.550379943847656250e+02 1.943670043945312500e+02
1.306790008544921875e+02 8.356469726562500000e+01 1.369880065917968750e+02 8.278359985351562500e+01
3.118989868164062500e+02 3.573349914550781250e+02 2.893959960937500000e+02 3.585159912109375000e+02
3.068819885253906250e+02 3.006130065917968750e+02 3.153880004882812500e+02 3.059989929199218750e+02
3.102099914550781250e+02 2.105919952392578125e+02 3.091130065917968750e+02 2.243540039062500000e+02
4.769110107421875000e+02 1.359389953613281250e+02 4.568840026855468750e+02 1.382079925537109375e+02
2.072339935302734375e+02 7.067030334472656250e+01 2.056580047607421875e+02 8.312920379638671875e+01
6.226359863281250000e+02 2.086820068359375000e+02 6.368029785156250000e+02 1.893229980468750000e+02
5.066669921875000000e+02 2.411979980468750000e+02 5.130789794921875000e+02 2.392250061035156250e+02
6.846009826660156250e+01 4.338140106201171875e+01 5.979890060424804688e+01 5.469940185546875000e+01
5.380289916992187500e+02 1.570249938964843750e+02 5.304409790039062500e+02 1.521620025634765625e+02
4.118039855957031250e+02 1.662879943847656250e+02 4.318129882812500000e+02 1.638639984130859375e+02
1.681779937744140625e+02 2.554660034179687500e+02 1.664839935302734375e+02 2.682390136718750000e+02
4.301789855957031250e+01 2.084819946289062500e+02 5.317169952392578125e+01 2.072640075683593750e+02
9.229389953613281250e+01 1.018300018310546875e+02 1.042220001220703125e+02 9.768399810791015625e+01
3.043689880371093750e+02 2.283249969482421875e+02 2.968689880371093750e+02 2.282940063476562500e+02
2.905969848632812500e+02 3.550490112304687500e+02 3.106140136718750000e+02 3.558900146484375000e+02
3.006270141601562500e+02 3.347760009765625000e+02 2.831220092773437500e+02 3.348420104980468750e+02
5.969069824218750000e+02 2.413890075683593750e+02 6.081900024414062500e+02 2.421380004882812500e+02
3.689450073242187500e+02 3.443659973144531250e+02 3.693670043945312500e+02 3.243750000000000000e+02
4.824890136718750000e+02 4.281499938964843750e+02 4.826919860839843750e+02 4.131189880371093750e+02
6.180750122070312500e+02 1.487010040283203125e+02 6.281129760742187500e+02 1.479629974365234375e+02
5.306710205078125000e+02 3.714179992675781250e+01 4.881300048828125000e+02 4.440439987182617188e+01
2.393809967041015625e+02 2.591979980468750000e+02 2.293509979248046875e+02 2.588720092773437500e+02
3.043760070800781250e+02 2.498410034179687500e+02 2.956229858398437500e+02 2.498650054931640625e+02
2.880700073242187500e+02 2.972560119628906250e+02 3.043450012207031250e+02 2.995870056152343750e+02
2.218800048828125000e+02 3.341369934082031250e+02 2.031119995117187500e+02 3.337409973144531250e+02
4.924330139160156250e+02 2.106269989013671875e+02 4.923569946289062500e+02 2.293769989013671875e+02
2.179700012207031250e+02 9.234880065917968750e+01 2.093150024414062500e+02 9.407260131835937500e+01
2.059930038452148438e+01 3.213460083007812500e+02 3.063109970092773438e+01 3.217030029296875000e+02
4.717200012207031250e+02 3.358500061035156250e+02 4.648770141601562500e+02 3.311449890136718750e+02
2.775870084762573242e+00 2.204219970703125000e+02 1.154760003089904785e+00 2.331920013427734375e+02
2.270650024414062500e+02 2.606459960937500000e+02 2.382409973144531250e+02 2.623720092773437500e+02
2.956350097656250000e+02 2.630029907226562500e+02 3.070159912109375000e+02 2.639809875488281250e+02
5.435170288085937500e+02 1.394389953613281250e+02 5.417310180664062500e+02 1.156360015869140625e+02
2.793770141601562500e+02 3.080230102539062500e+02 3.006220092773437500e+02 3.083469848632812500e+02
2.826950073242187500e+02 3.592600097656250000e+02 2.840939941406250000e+02 3.692390136718750000e+02
5.134500122070312500e+02 3.034549865722656250e+02 5.222969970703125000e+02 3.186090087890625000e+02
6.194180297851562500e+02 3.131799926757812500e+02 6.271469726562500000e+02 3.072279968261718750e+02
4.919760131835937500e+02 2.368419952392578125e+02 4.922829895019531250e+02 2.493650054931640625e+02
4.393590087890625000e+02 4.589849853515625000e+02 4.440289916992187500e+02 4.658599853515625000e+02
4.649320068359375000e+02 2.962550048828125000e+02 4.728819885253906250e+02 3.033959960937500000e+02
7.056670379638671875e+01 1.515220031738281250e+02 5.921379852294921875e+01 1.533999938964843750e+02
3.131250000000000000e+02 2.956250000000000000e+02 2.843750000000000000e+02 2.956250000000000000e+02
3.565209960937500000e+02 2.707090148925781250e+02 3.571709899902343750e+02 2.831749877929687500e+02
1.843950042724609375e+02 3.461109924316406250e+02 1.944299926757812500e+02 3.456940002441406250e+02
2.268300018310546875e+02 1.543730010986328125e+02 2.264790039062500000e+02 1.619149932861328125e+02
1.640780029296875000e+02 2.968609924316406250e+02 1.642610015869140625e+02 3.093770141601562500e+02
1.843820037841796875e+02 3.369540100097656250e+02 1.944109954833984375e+02 3.360100097656250000e+02
5.269010009765625000e+02 1.312669982910156250e+02 5.106270141601562500e+02 1.319190063476562500e+02
2.132400054931640625e+02 1.227539978027343750e+02 2.608299865722656250e+02 1.374609985351562500e+02
4.766130065917968750e+01 3.268720092773437500e+02 4.756159973144531250e+01 3.443789978027343750e+02
3.828120117187500000e+02 2.154960021972656250e+02 3.800660095214843750e+02 2.221600036621093750e+02
2.533079986572265625e+02 1.227060012817382812e+02 2.379570007324218750e+02 1.160110015869140625e+02
5.718549804687500000e+02 2.823710021972656250e+02 5.618220214843750000e+02 2.819739990234375000e+02
2.305500030517578125e+02 2.398739929199218750e+02 2.394750061035156250e+02 2.412070007324218750e+02
5.705570068359375000e+02 2.030899963378906250e+02 5.672180175781250000e+02 2.095520019531250000e+02
6.381259765625000000e+02 4.437689971923828125e+01 6.232349853515625000e+02 4.852000045776367188e+01
2.843800048828125000e+02 3.183559875488281250e+02 3.031489868164062500e+02 3.179270019531250000e+02
2.123379974365234375e+02 1.133030014038085938e+02 2.359929962158203125e+02 1.235230026245117188e+02
4.493819885253906250e+02 1.043209991455078125e+02 4.680100097656250000e+02 1.065749969482421875e+02
3.889429931640625000e+02 5.372980117797851562e+01 4.010360107421875000e+02 4.562390136718750000e+01
4.884129943847656250e+02 2.081589965820312500e+02 4.880539855957031250e+02 1.980829925537109375e+02
6.219030151367187500e+02 5.442729949951171875e+01 6.382009887695312500e+02 4.576800155639648438e+01
3.495339965820312500e+01 2.251130065917968750e+02 3.908409881591796875e+01 2.297749938964843750e+02
6.061370086669921875e+01 1.969530029296875000e+02 5.204510116577148438e+01 1.957059936523437500e+02
6.382750244140625000e+02 4.312059936523437500e+02 5.841560058593750000e+02 4.191019897460937500e+02
5.581090087890625000e+02 3.634549865722656250e+02 5.681459960937500000e+02 3.639400024414062500e+02
4.189760131835937500e+02 3.218479919433593750e+01 4.129960021972656250e+02 2.447500038146972656e+01
5.356810302734375000e+02 2.881380004882812500e+02 5.280830078125000000e+02 2.877940063476562500e+02
5.675629882812500000e+02 2.611770019531250000e+02 5.792709960937500000e+02 2.517460021972656250e+02
1.294369964599609375e+02 2.979719924926757812e+01 1.320850067138671875e+02 3.724480056762695312e+01
2.575549926757812500e+02 3.256640014648437500e+02 2.584030151367187500e+02 3.381059875488281250e+02
5.907670288085937500e+02 3.283590087890625000e+02 6.017680053710937500e+02 3.216990051269531250e+02
6.294320068359375000e+02 1.319129943847656250e+02 6.233939819335937500e+02 1.408079986572265625e+02
3.266359863281250000e+02 3.093859863281250000e+02 3.357699890136718750e+02 3.076260070800781250e+02
1.956349945068359375e+02 3.066180114746093750e+02 2.256439971923828125e+02 3.063219909667968750e+02
1.945119934082031250e+02 3.427900085449218750e+02 1.843650054931640625e+02 3.443099975585937500e+02
5.080989990234375000e+02 1.578580017089843750e+02 5.267899780273437500e+02 1.560110015869140625e+02
5.181770019531250000e+02 2.818259887695312500e+02 5.078550109863281250e+02 2.708800048828125000e+02
1.833849945068359375e+02 3.764400024414062500e+02 2.006860046386718750e+02 3.867730102539062500e+02
3.619570159912109375e+01 3.246559906005859375e+01 4.019530105590820312e+01 3.592729949951171875e+01
6.216929931640625000e+02 2.116950073242187500e+02 6.130020141601562500e+02 2.205030059814453125e+02
6.385440063476562500e+02 4.661910095214843750e+02 5.566370239257812500e+02 4.484540100097656250e+02
5.620709838867187500e+02 3.392439880371093750e+02 5.659240112304687500e+02 3.450109863281250000e+02
1.095650024414062500e+02 5.811050033569335938e+01 1.103300018310546875e+02 6.814749908447265625e+01
3.708599853515625000e+02 8.969650268554687500e+01 3.595780029296875000e+02 9.794180297851562500e+01
3.558770141601562500e+02 3.280620117187500000e+02 3.583859863281250000e+02 3.380589904785156250e+02
4.268009948730468750e+02 5.521440124511718750e+01 2.631900024414062500e+02 8.473739624023437500e+01
2.631799926757812500e+02 2.110350036621093750e+02 2.731690063476562500e+02 2.097059936523437500e+02
5.807039794921875000e+02 1.255650024414062500e+02 5.656049804687500000e+02 1.265670013427734375e+02
3.406199951171875000e+02 3.593580017089843750e+02 3.281199951171875000e+02 3.631090087890625000e+02
8.471669769287109375e+01 2.508079986572265625e+02 8.075900268554687500e+01 2.581969909667968750e+02
1.681699981689453125e+02 2.381649932861328125e+02 1.623289947509765625e+02 2.447760009765625000e+02
2.924280090332031250e+02 3.631130065917968750e+02 2.921520080566406250e+02 3.793800048828125000e+02
1.897140045166015625e+02 3.158450012207031250e+02 1.951940002441406250e+02 3.074070129394531250e+02
4.905220031738281250e+02 2.550910034179687500e+02 4.981319885253906250e+02 2.554880065917968750e+02
2.268699951171875000e+02 3.273919982910156250e+02 2.443690032958984375e+02 3.275509948730468750e+02
2.512469940185546875e+02 1.131190032958984375e+02 2.510169982910156250e+02 9.062100219726562500e+01
1.506470031738281250e+02 3.199270019531250000e+02 9.438529968261718750e+01 3.221369934082031250e+02
4.893659973144531250e+02 4.592940063476562500e+02 4.542369995117187500e+02 4.631069946289062500e+02
4.005599975585937500e+02 1.138659973144531250e+02 4.505490112304687500e+02 1.075230026245117188e+02
1.956269989013671875e+02 1.006299972534179688e+02 2.142290039062500000e+02 9.513210296630859375e+01
9.340689849853515625e+01 5.360279846191406250e+01 9.718879699707031250e+01 5.880550003051757812e+01
6.001399993896484375e+01 1.172549972534179688e+02 6.173030090332031250e+01 1.256549987792968750e+02
4.824649963378906250e+02 3.456010131835937500e+02 4.828250122070312500e+02 3.543359985351562500e+02
2.394239959716796875e+02 2.488529968261718750e+02 2.305180053710937500e+02 2.480200042724609375e+02
3.330390014648437500e+02 3.177709960937500000e+02 3.394700012207031250e+02 3.183900146484375000e+02
3.367109985351562500e+02 1.596710052490234375e+02 3.450029907226562500e+02 1.642510070800781250e+02
5.761409912109375000e+02 3.548999938964843750e+02 5.824489746093750000e+02 3.487099914550781250e+02
2.006260070800781250e+02 3.268110046386718750e+02 2.218670043945312500e+02 3.272510070800781250e+02
5.886500244140625000e+02 3.230629882812500000e+02 5.873569946289062500e+02 3.381659851074218750e+02
3.570310058593750000e+02 2.518320007324218750e+02 3.573020019531250000e+02 2.606499938964843750e+02
5.005710144042968750e+02 2.033529968261718750e+02 5.107409973144531250e+02 2.028119964599609375e+02
4.716149902343750000e+02 7.890679931640625000e+01 4.907170104980468750e+02 6.829080200195312500e+01
3.045169982910156250e+02 9.951509857177734375e+01 2.943630065917968750e+02 9.821690368652343750e+01
4.873089904785156250e+02 1.829969940185546875e+02 4.886770019531250000e+02 1.742660064697265625e+02
4.134089965820312500e+02 2.132120056152343750e+02 4.126050109863281250e+02 2.043090057373046875e+02
4.912309875488281250e+02 1.506390075683593750e+02 4.909259948730468750e+02 1.368679962158203125e+02
4.891010131835937500e+02 1.368509979248046875e+02 4.894769897460937500e+02 1.518719940185546875e+02
2.028209991455078125e+02 3.063659973144531250e+02 2.129429931640625000e+02 3.003200073242187500e+02
1.756820068359375000e+02 1.483309936523437500e+02 1.832920074462890625e+02 1.462299957275390625e+02
5.207899780273437500e+02 3.709389953613281250e+02 4.981130065917968750e+02 3.669400024414062500e+02
6.069030151367187500e+02 3.047900085449218750e+02 5.981209716796875000e+02 3.044979858398437500e+02
3.380519866943359375e+01 2.876329956054687500e+02 3.789459991455078125e+01 2.932919921875000000e+02
2.187500000000000000e+01 2.618729858398437500e+02 2.940349960327148438e+01 2.616679992675781250e+02
6.011810302734375000e+02 3.306409912109375000e+02 6.109450073242187500e+02 3.263550109863281250e+02
2.219080047607421875e+02 3.435520019531250000e+02 2.018910064697265625e+02 3.427399902343750000e+02
4.530740051269531250e+02 3.639460144042968750e+02 4.631130065917968750e+02 3.645639953613281250e+02
5.514840087890625000e+02 2.780790100097656250e+02 5.503189697265625000e+02 2.880889892578125000e+02
3.435830078125000000e+02 1.038539962768554688e+02 3.568200073242187500e+02 9.553739929199218750e+01
3.597409820556640625e+01 2.124539947509765625e+02 4.490810012817382812e+01 2.171000061035156250e+02
4.806950073242187500e+02 4.159869995117187500e+02 4.508399963378906250e+02 4.217380065917968750e+02
5.504400024414062500e+02 3.375440063476562500e+02 5.609639892578125000e+02 3.364809875488281250e+02
5.590560302734375000e+02 3.093429870605468750e+02 5.594420166015625000e+02 3.206229858398437500e+02
1.936170005798339844e+01 3.626210021972656250e+02 1.606560058593750000e+02 3.651329956054687500e+02
4.455239868164062500e+02 4.200849914550781250e+02 4.806929931640625000e+02 4.134849853515625000e+02
5.813389892578125000e+02 2.250919952392578125e+02 5.882269897460937500e+02 2.182279968261718750e+02
4.281740112304687500e+02 4.843019866943359375e+01 3.916679992675781250e+02 5.434519958496093750e+01
5.218859863281250000e+02 4.614849853515625000e+02 4.918399963378906250e+02 4.606629943847656250e+02
2.749850082397460938e+01 1.479360046386718750e+02 2.944709968566894531e+01 1.543529968261718750e+02
2.094290008544921875e+02 1.277259979248046875e+02 1.993899993896484375e+02 1.283630065917968750e+02
4.556019897460937500e+02 4.584790039062500000e+02 5.281339721679687500e+02 4.576969909667968750e+02
2.435160064697265625e+02 2.268809967041015625e+02 2.437100067138671875e+02 2.131159973144531250e+02
5.593920288085937500e+02 1.847640075683593750e+02 5.681250000000000000e+02 1.843769989013671875e+02
4.580459899902343750e+02 1.620149993896484375e+02 4.793659973144531250e+02 1.604960021972656250e+02
5.232700195312500000e+02 4.075549926757812500e+02 4.853599853515625000e+02 3.979159851074218750e+02
7.464050292968750000e+01 1.724459991455078125e+02 8.609510040283203125e+01 1.769219970703125000e+02
4.719360046386718750e+02 4.721530151367187500e+01 4.393699951171875000e+02 5.309469985961914062e+01
3.597420043945312500e+02 3.118880004882812500e+02 3.602900085449218750e+02 2.968630065917968750e+02
4.406180114746093750e+02 5.059579849243164062e+01 4.688380126953125000e+02 4.349179840087890625e+01
5.218619995117187500e+02 1.867590026855468750e+02 5.130830078125000000e+02 1.877530059814453125e+02
3.460989990234375000e+02 3.618290100097656250e+02 3.455050048828125000e+02 3.718680114746093750e+02
5.419279785156250000e+02 3.346229858398437500e+02 5.343170166015625000e+02 3.342170104980468750e+02
2.251889953613281250e+02 2.231390075683593750e+02 2.253350067138671875e+02 2.143699951171875000e+02
2.694620056152343750e+02 8.743319702148437500e+01 2.530249938964843750e+02 8.998249816894531250e+01
5.742449951171875000e+02 1.525229949951171875e+02 5.816699829101562500e+02 1.509250030517578125e+02
1.939329986572265625e+02 3.692070007324218750e+02 1.909689941406250000e+02 3.770060119628906250e+02
3.758059997558593750e+02 3.231950073242187500e+02 3.770209960937500000e+02 3.418659973144531250e+02
5.555040283203125000e+02 2.690740051269531250e+02 5.658419799804687500e+02 2.649150085449218750e+02
3.551709899902343750e+02 1.918869934082031250e+02 3.549169921875000000e+02 1.818609924316406250e+02
3.843909912109375000e+02 2.243760070800781250e+02 3.851659851074218750e+02 2.081029968261718750e+02
2.998420104980468750e+02 2.821919860839843750e+02 3.010799865722656250e+02 2.754779968261718750e+02
4.928110046386718750e+02 7.012249755859375000e+01 4.780870056152343750e+02 7.931430053710937500e+01
3.230509948730468750e+02 1.237979965209960938e+02 3.980960083007812500e+02 1.141510009765625000e+02
4.718859863281250000e+02 2.693439941406250000e+02 4.637210083007812500e+02 2.664460144042968750e+02
3.681930160522460938e+01 3.237200012207031250e+02 2.058040046691894531e+01 3.251010131835937500e+02
2.006170043945312500e+02 3.359079895019531250e+02 2.218860015869140625e+02 3.364819946289062500e+02
3.602260131835937500e+02 3.369020080566406250e+02 3.594429931640625000e+02 3.255339965820312500e+02
2.872699890136718750e+02 3.729769897460937500e+02 2.863590087890625000e+02 3.782520141601562500e+02
9.761920166015625000e+01 1.091900024414062500e+02 9.564389801025390625e+01 1.012480010986328125e+02
6.354459838867187500e+02 5.149399948120117188e+01 6.228049926757812500e+02 5.744649887084960938e+01
4.931130065917968750e+02 1.937790069580078125e+02 5.018840026855468750e+02 1.936080017089843750e+02
5.981300048828125000e+02 2.118119964599609375e+02 6.106500244140625000e+02 2.128090057373046875e+02
4.281170043945312500e+02 4.690230102539062500e+02 4.418770141601562500e+02 4.691480102539062500e+02
6.384310302734375000e+02 1.239490032196044922e+01 5.705800170898437500e+02 2.411170005798339844e+01
4.913439941406250000e+02 1.656369934082031250e+02 4.910599975585937500e+02 1.531150054931640625e+02
3.409960021972656250e+02 9.221829986572265625e+01 3.253869934082031250e+02 9.585099792480468750e+01
6.236510009765625000e+02 2.850260009765625000e+02 6.354929809570312500e+02 2.754609985351562500e+02
4.119209899902343750e+02 8.202539825439453125e+01 4.005859985351562500e+02 8.155290222167968750e+01
1.477129974365234375e+02 3.097529907226562500e+02 1.531119995117187500e+02 3.156369934082031250e+02
4.381140136718750000e+02 2.556380004882812500e+02 4.477000122070312500e+02 2.638340148925781250e+02
4.805960083007812500e+02 1.702350006103515625e+02 4.081289978027343750e+02 1.756779937744140625e+02
5.693649902343750000e+02 3.409209899902343750e+02 5.806439819335937500e+02 3.412839965820312500e+02
6.338430175781250000e+02 3.016260070800781250e+02 6.288800048828125000e+02 3.122279968261718750e+02
4.030870056152343750e+02 3.566780090332031250e+02 4.356350097656250000e+02 3.578460083007812500e+02
5.878629760742187500e+02 5.375159835815429688e+01 5.805969848632812500e+02 5.680759811401367188e+01
5.368430175781250000e+02 6.211019897460937500e+01 5.256329956054687500e+02 6.056969833374023438e+01
4.928540039062500000e+02 1.981139984130859375e+02 4.924299926757812500e+02 2.081479949951171875e+02
3.560069885253906250e+02 9.994609832763671875e+01 3.439070129394531250e+02 1.080439987182617188e+02
4.335220031738281250e+02 7.764849853515625000e+01 4.166940002441406250e+02 8.095420074462890625e+01
4.293180084228515625e+01 2.525809936523437500e+02 4.853820037841796875e+01 2.541159973144531250e+02
4.357349853515625000e+02 4.322510070800781250e+02 4.469639892578125000e+02 4.336650085449218750e+02
4.123309936523437500e+02 1.209759998321533203e+01 4.151109924316406250e+02 2.201910018920898438e+01
2.543679962158203125e+02 1.869060058593750000e+02 1.992250061035156250e+02 1.750749969482421875e+02
2.218959960937500000e+02 3.251229858398437500e+02 2.006320037841796875e+02 3.242179870605468750e+02
1.735390014648437500e+02 3.599540100097656250e+02 1.821119995117187500e+02 3.652409973144531250e+02
4.785710144042968750e+02 3.068940124511718750e+02 4.878110046386718750e+02 3.102420043945312500e+02
5.185390014648437500e+02 3.071149902343750000e+02 5.235980224609375000e+02 2.983989868164062500e+02
2.143760070800781250e+02 2.916239929199218750e+02 2.406260070800781250e+02 2.917760009765625000e+02
4.668359985351562500e+02 3.610740051269531250e+02 4.793580017089843750e+02 3.613619995117187500e+02
3.629700012207031250e+02 2.956270141601562500e+02 3.631220092773437500e+02 3.093750000000000000e+02
6.306560058593750000e+02 1.584949951171875000e+02 6.106890258789062500e+02 1.601510009765625000e+02
3.600280151367187500e+02 1.481199951171875000e+02 3.597959899902343750e+02 1.781280059814453125e+02
2.018560028076171875e+02 3.160499877929687500e+02 2.169380035400390625e+02 3.167290039062500000e+02
1.427790069580078125e+02 3.101319885253906250e+02 1.326170043945312500e+02 3.054849853515625000e+02
5.244060058593750000e+02 1.690370025634765625e+02 5.381400146484375000e+02 1.685670013427734375e+02
5.993460083007812500e+02 3.784079895019531250e+02 5.780629882812500000e+02 3.762369995117187500e+02
6.381849975585937500e+02 3.825310058593750000e+02 6.118270263671875000e+02 3.798479919433593750e+02
5.874990234375000000e+02 1.629739990234375000e+02 5.853720092773437500e+02 1.718139953613281250e+02
5.054479980468750000e+02 3.016530151367187500e+02 4.943129882812500000e+02 3.105480041503906250e+02
5.244069824218750000e+02 4.702120056152343750e+02 5.093999938964843750e+02 4.690490112304687500e+02
5.976799926757812500e+02 1.701589965820312500e+02 6.060079956054687500e+02 1.622160034179687500e+02
2.631250000000000000e+02 1.318730010986328125e+02 3.181440124511718750e+02 1.245149993896484375e+02
4.759219970703125000e+02 7.094730377197265625e+01 4.578850097656250000e+02 7.435800170898437500e+01
4.468190002441406250e+02 7.630400085449218750e+01 4.341950073242187500e+02 7.753859710693359375e+01
6.296099853515625000e+02 1.939929962158203125e+02 6.234349975585937500e+02 2.045559997558593750e+02
3.233099975585937500e+02 9.562819671630859375e+01 3.082699890136718750e+02 9.785410308837890625e+01
3.257420043945312500e+02 3.054460144042968750e+02 3.181889953613281250e+02 3.005270080566406250e+02
4.905209960937500000e+02 3.165870056152343750e+02 5.031440124511718750e+02 3.179500122070312500e+02
6.158829956054687500e+02 6.243230056762695312e+01 6.062210083007812500e+02 6.691000366210937500e+01
6.162869873046875000e+02 4.972340011596679688e+01 5.967230224609375000e+02 5.506850051879882812e+01
6.081060180664062500e+02 9.558959960937500000e+01 5.992080078125000000e+02 1.003099975585937500e+02
4.757210083007812500e+02 2.016849975585937500e+02 4.643380126953125000e+02 2.027180023193359375e+02
3.546019897460937500e+02 9.041549682617187500e+01 3.428219909667968750e+02 9.298619842529296875e+01
5.293629760742187500e+02 1.666690063476562500e+02 5.106040039062500000e+02 1.677649993896484375e+02
1.006250000000000000e+02 3.682850036621093750e+02 7.937550354003906250e+01 3.683349914550781250e+02
5.742570190429687500e+02 1.443600006103515625e+02 5.734479980468750000e+02 1.506660003662109375e+02
1.981000061035156250e+02 3.446470031738281250e+02 2.118500061035156250e+02 3.458970031738281250e+02
2.369559936523437500e+02 3.166950073242187500e+02 2.441309967041015625e+02 3.199179992675781250e+02
4.287590026855468750e+02 3.012630004882812500e+02 4.355000000000000000e+02 3.082460021972656250e+02
5.700490112304687500e+02 1.756360015869140625e+02 5.698510131835937500e+02 1.656159973144531250e+02
6.254890136718750000e+02 2.803770141601562500e+02 6.181450195312500000e+02 2.844110107421875000e+02
2.324309997558593750e+02 8.095500183105468750e+01 2.039900054931640625e+02 6.376110076904296875e+01
6.006119995117187500e+02 4.206889953613281250e+02 6.294219970703125000e+02 4.266459960937500000e+02
4.983580017089843750e+01 3.430910034179687500e+02 5.053829956054687500e+01 3.268169860839843750e+02
4.736870117187500000e+02 8.129519653320312500e+01 4.642430114746093750e+02 8.921800231933593750e+01
2.581950073242187500e+02 1.391430053710937500e+02 2.154459991455078125e+02 1.262160034179687500e+02
6.119219970703125000e+02 3.776319885253906250e+02 6.381710205078125000e+02 3.801489868164062500e+02
4.317070007324218750e+02 9.513369750976562500e+01 4.166149902343750000e+02 9.180120086669921875e+01
5.977440185546875000e+02 1.087180023193359375e+02 5.799559936523437500e+02 1.347720031738281250e+02
5.331909790039062500e+02 3.100869941711425781e+01 5.068609924316406250e+02 3.554470062255859375e+01
5.570239868164062500e+02 2.915409851074218750e+02 5.581690063476562500e+02 3.006199951171875000e+02
3.094270019531250000e+02 4.177959899902343750e+02 3.244479980468750000e+02 4.201579895019531250e+02
3.828820037841796875e+01 4.560480041503906250e+02 2.434149932861328125e+01 4.532950134277343750e+02
2.575350036621093750e+02 1.843619995117187500e+02 2.584970092773437500e+02 1.418549957275390625e+02
1.593520050048828125e+02 3.690339965820312500e+02 1.418630065917968750e+02 3.685960083007812500e+02
5.523469848632812500e+02 2.255579986572265625e+02 5.548309936523437500e+02 2.430599975585937500e+02
6.280910034179687500e+02 2.420299911499023438e+01 6.131799926757812500e+02 2.715159988403320312e+01
4.001910095214843750e+02 3.421189880371093750e+02 4.028980102539062500e+02 3.330570068359375000e+02
1.630299987792968750e+02 3.461530151367187500e+02 1.669329986572265625e+02 3.560929870605468750e+02
5.361660156250000000e+02 4.343609924316406250e+02 5.366459960937500000e+02 4.093710021972656250e+02
6.031240234375000000e+02 1.606119995117187500e+02 5.894069824218750000e+02 1.621569976806640625e+02
4.747529907226562500e+02 1.481190032958984375e+02 4.748999938964843750e+02 1.581170043945312500e+02
3.582529907226562500e+02 1.756230010986328125e+02 3.578720092773437500e+02 1.443630065917968750e+02
4.593689880371093750e+02 1.908710021972656250e+02 4.756400146484375000e+02 1.912610015869140625e+02
2.801740074157714844e+01 4.500580139160156250e+02 4.181869888305664062e+01 4.522319946289062500e+02
2.392579956054687500e+02 1.259980010986328125e+02 2.596090087890625000e+02 1.323800048828125000e+02
4.255679931640625000e+02 4.122449951171875000e+02 4.418150024414062500e+02 4.147619934082031250e+02
4.568750000000000000e+02 1.418750000000000000e+02 4.568750000000000000e+02 1.606250000000000000e+02
1.293789978027343750e+02 3.688139953613281250e+02 1.118710021972656250e+02 3.686919860839843750e+02
3.894479980468750000e+02 3.168729858398437500e+02 3.890580139160156250e+02 3.018829956054687500e+02
5.743460083007812500e+02 4.065159912109375000e+02 5.518759765625000000e+02 4.069219970703125000e+02
6.190219879150390625e+01 3.960039978027343750e+02 4.680059814453125000e+01 3.970899963378906250e+02
4.531919860839843750e+02 4.366640014648437500e+02 4.671170043945312500e+02 4.411180114746093750e+02
4.785230102539062500e+02 1.581260070800781250e+02 4.785599975585937500e+02 1.481219940185546875e+02
5.432269897460937500e+02 4.356380004882812500e+02 5.404539794921875000e+02 4.568529968261718750e+02
2.980320129394531250e+02 6.514309692382812500e+01 3.918959960937500000e+02 4.698249816894531250e+01
5.819160156250000000e+02 3.740490112304687500e+02 6.080609741210937500e+02 3.773760070800781250e+02
5.006839904785156250e+02 3.641010131835937500e+02 5.205709838867187500e+02 3.683739929199218750e+02
3.380950012207031250e+02 4.099549865722656250e+02 3.693389892578125000e+02 4.085690002441406250e+02
2.056009979248046875e+02 3.891380004882812500e+02 2.181009979248046875e+02 3.878829956054687500e+02
6.007069702148437500e+02 4.050369873046875000e+02 6.182160034179687500e+02 4.074710083007812500e+02
6.017880249023437500e+02 2.885779953002929688e+01 5.843590087890625000e+02 3.177840042114257812e+01
3.588219909667968750e+02 1.093759994506835938e+02 3.588070068359375000e+02 1.006240005493164062e+02
4.020599975585937500e+02 3.080339965820312500e+02 4.118399963378906250e+02 3.170230102539062500e+02
3.306289978027343750e+02 1.794770050048828125e+02 3.493489990234375000e+02 1.787319946289062500e+02
4.312990188598632812e+01 3.674590148925781250e+02 2.438120079040527344e+01 3.676149902343750000e+02
3.868359985351562500e+02 4.003999938964843750e+02 4.018250122070312500e+02 3.978320007324218750e+02
4.393760070800781250e+02 3.931329956054687500e+02 4.168999938964843750e+02 3.970180053710937500e+02
2.656499938964843750e+02 1.847460021972656250e+02 2.893779907226562500e+02 1.831690063476562500e+02
5.313560104370117188e+01 4.520799865722656250e+02 6.310900115966796875e+01 4.515650024414062500e+02
6.270250244140625000e+02 2.719899902343750000e+02 6.182440185546875000e+02 2.729559936523437500e+02
2.151009979248046875e+02 3.455790100097656250e+02 2.157310028076171875e+02 3.555390014648437500e+02
2.006239929199218750e+02 1.731280059814453125e+02 2.180800018310546875e+02 1.770740051269531250e+02
5.252039794921875000e+02 4.356310119628906250e+02 5.248579711914062500e+02 4.093689880371093750e+02
4.968619995117187500e+02 3.802369995117187500e+02 5.106380004882812500e+02 3.797749938964843750e+02
5.031709899902343750e+02 4.255130004882812500e+02 5.218250122070312500e+02 4.332470092773437500e+02
