399 176 628 164
519 317 602 321
406 137 639 117
127 323 204 315
9 326 26 325
463 124 621 110
72 308 87 308
96 301 108 301
295 183 355 179
140 329 155 328
566 164 576 164
311 309 393 315
247 316 264 318
434 312 468 313
127 308 137 308
293 300 314 299
0 264 23 264
444 323 554 331
426 291 500 294
508 163 578 159
232 256 244 256
399 154 629 138
286 312 326 316
412 140 530 130
578 265 590 265
131 210 161 209
97 253 126 253
0 88 246 140
294 304 336 305
273 209 273 167
157 231 157 201
489 254 503 254
61 66 112 55
283 316 304 318
334 314 382 318
247 317 258 318
324 288 351 288
473 289 485 289
9 322 26 321
399 174 449 171
234 311 268 314
515 261 562 261
570 345 599 348
80 263 109 263
312 302 353 303
284 328 342 333
398 292 414 294
68 121 245 152
139 189 161 189
186 404 228 392
174 301 194 300
78 268 102 268
0 195 13 195
265 318 310 321
494 395 517 397
286 311 299 311
143 298 160 295
18 287 64 290
491 319 502 320
55 199 79 198
409 207 431 207
101 216 152 223
134 269 149 268
480 331 539 335
1 105 160 135
63 53 251 7
41 192 55 192
208 310 261 315
575 313 595 313
220 309 243 309
319 300 335 300
169 264 205 265
469 264 555 265
65 370 77 370
37 275 59 274
398 290 414 289
118 379 135 376
382 258 414 263
58 259 79 262
71 302 90 305
269 379 293 372
0 276 28 276
283 318 294 319
208 314 270 320
111 303 123 303
383 305 398 306
124 65 279 109
216 213 245 212
465 353 485 353
297 265 297 156
69 220 69 241
512 299 526 299
223 194 239 194
57 252 97 256
118 365 162 358
392 275 392 162
7 309 25 310
232 35 396 0
138 295 151 295
206 264 225 266
509 337 535 336
149 305 159 305
128 235 160 241
432 318 474 320
71 276 84 274
202 270 244 274
14 304 32 309
205 41 294 22
362 325 406 329
215 272 244 276
511 318 525 319
240 307 262 307
289 457 310 461
191 338 201 339
528 313 564 312
296 142 323 139
131 301 173 302
25 317 53 315
146 326 162 327
409 293 425 293
411 200 439 200
397 367 426 369
512 289 524 290
197 214 228 220
384 423 400 427
113 293 127 293
143 356 169 356
110 262 206 261
45 204 79 214
501 204 589 203
617 393 635 395
415 306 509 312
48 319 65 317
215 356 291 367
553 399 583 404
204 308 225 306
362 261 375 262
192 305 225 302
530 295 629 300
428 287 446 287
611 157 628 156
298 293 298 265
0 80 95 58
561 356 580 357
194 331 206 333
520 398 554 405
365 337 376 337
61 202 79 205
569 351 596 353
291 109 319 117
0 215 46 216
0 68 134 35
415 355 427 355
168 307 181 306
138 376 165 380
294 205 335 203
0 315 17 317
335 285 352 284
152 340 162 340
7 307 64 304
2 256 17 257
447 288 471 288
205 346 237 346
103 267 205 267
501 258 501 135
553 376 595 376
103 388 119 386
261 406 283 411
111 197 161 193
98 374 131 375
144 342 156 342
627 298 628 236
389 276 390 317
244 381 265 380
30 198 51 197
501 354 546 354
419 205 438 204
568 347 610 350
151 371 183 377
210 354 211 317
212 255 228 260
388 254 388 220
0 321 34 318
473 334 484 334
352 287 363 287
423 388 437 388
566 340 589 339
201 331 214 333
39 277 54 277
163 388 186 387
54 268 78 269
329 177 346 177
143 387 156 390
160 265 160 315
454 436 514 440
375 416 375 373
415 367 415 335
300 197 300 146
139 230 160 238
144 331 164 333
124 50 321 8
149 308 174 305
469 441 493 443
168 271 205 271
411 470 411 459
571 388 609 390
568 398 589 401
467 169 477 169
426 307 429 356
305 256 305 165
332 467 348 471
424 349 424 377
229 404 245 406
526 277 540 277
131 232 157 240
82 322 111 322
432 206 454 206
120 119 223 139
286 140 462 125
188 377 207 382
2 108 74 121
160 255 160 216
398 463 413 467
121 387 152 395
375 370 426 381
328 146 402 141
216 233 216 144
119 313 129 314
294 293 294 194
388 153 389 198
74 247 74 197
6 324 47 322
493 260 493 223
210 405 231 410
305 145 376 140
153 188 153 146
96 316 138 318
74 406 198 436
198 320 214 322
432 315 445 316
559 313 580 312
572 288 597 289
327 209 344 209
311 290 331 290
449 438 468 441
126 58 194 42
71 301 90 303
179 338 190 339
482 338 498 338
9 330 32 330
45 375 64 371
225 249 225 214
416 202 416 169
172 322 186 325
135 383 160 381
436 459 436 469
371 205 390 205
451 349 469 346
79 242 79 192
339 301 352 302
606 284 618 284
398 259 431 260
365 308 378 306
131 340 143 341
566 339 585 338
567 401 585 404
177 354 197 355
599 387 609 389
314 160 382 155
146 387 172 385
236 385 248 386
573 392 609 398
133 311 151 312
214 232 231 234
568 302 589 302
211 354 224 354
498 228 498 148
418 358 430 356
241 323 275 327
99 315 109 313
628 229 628 200
151 207 151 133
320 360 345 357
435 436 458 440
56 306 78 307
244 310 318 317
143 275 177 279
27 269 55 269
166 134 215 144
473 332 491 331
111 260 131 259
399 365 437 366
561 277 580 278
311 282 352 282
66 346 105 350
29 320 49 327
271 318 272 210
598 347 610 347
583 343 598 341
8 294 20 294
295 193 295 111
139 241 157 246
86 351 96 351
375 288 391 287
308 260 309 210
631 336 631 346
29 365 47 363
114 63 114 53
561 199 613 199
424 336 448 330
592 404 605 406
457 206 479 205
517 315 537 315
245 238 245 146
189 312 190 298
4 287 19 290
124 312 137 313
409 388 450 393
352 261 353 176
107 362 118 362
111 259 111 209
337 306 384 309
123 356 142 355
223 260 223 165
377 417 396 420
398 224 398 257
16 269 26 269
596 375 606 375
225 384 235 386
23 327 66 323
67 241 67 156
181 298 203 299
57 360 71 362
622 302 635 302
548 280 558 277
314 362 324 362
307 436 333 443
71 292 87 292
613 304 636 304
75 364 86 366
630 275 630 289
512 340 551 336
242 408 256 407
617 358 630 360
99 191 128 190
181 400 197 403
512 286 537 286
245 379 268 379
457 362 471 363
352 145 352 135
292 368 302 367
376 365 390 365
375 293 391 293
619 352 635 353
419 395 432 395
143 310 171 311
41 263 72 263
72 310 91 312
141 66 281 106
167 297 186 297
138 268 162 272
570 381 598 384
350 253 350 209
112 111 245 139
14 194 28 194
226 303 244 300
584 395 598 397
65 394 94 400
379 384 443 393
434 389 445 390
584 335 610 335
158 200 158 138
103 318 120 320
35 312 56 311
203 407 225 412
561 266 577 266
39 257 57 257
195 326 214 328
134 67 319 120
307 433 307 443
572 286 584 287
243 405 259 408
202 325 214 327
407 314 425 311
149 260 160 260
593 294 621 294
134 274 157 275
522 341 539 343
171 380 181 382
401 434 436 443
299 198 299 217
573 173 628 170
418 261 419 204
463 297 486 297
90 370 121 373
145 340 170 338
341 355 359 355
503 242 503 231
568 315 582 314
241 282 241 264
84 68 115 60
42 318 81 323
439 353 452 353
185 408 222 415
189 356 203 356
198 354 208 355
583 341 598 340
398 291 415 290
320 465 338 463
118 295 130 296
489 260 489 205
545 311 557 310
99 378 109 378
354 302 365 302
165 135 177 137
327 261 351 262
222 394 235 394
223 140 224 168
147 272 167 271
473 316 516 314
378 382 390 382
379 373 389 374
325 271 339 271
0 354 17 357
618 357 635 357
8 295 22 297
210 275 223 274
628 193 628 171
36 300 54 303
308 185 347 183
477 345 494 344
2 351 21 354
439 357 455 358
45 207 58 209
58 258 78 258
310 312 331 315
461 351 484 351
199 421 214 422
0 251 18 251
29 193 42 193
573 259 573 206
418 362 418 350
424 332 442 331
453 260 514 260
407 354 417 352
225 142 226 173
68 245 85 256
161 215 161 148
399 462 419 467
308 380 308 368
193 337 204 339
75 163 75 196
11 292 40 292
212 288 225 288
486 273 501 274
211 343 222 338
179 336 199 334
399 169 439 167
349 257 378 258
606 285 628 285
245 313 255 314
468 393 481 394
23 362 43 367
74 303 85 305
300 255 300 218
577 163 627 161
346 209 357 209
228 143 244 146
418 194 418 172
391 161 391 139
212 281 225 281
379 383 397 382
120 65 193 51
200 350 215 348
612 364 624 364
415 213 415 262
603 316 616 316
196 343 219 345
592 195 610 194
221 407 232 408
156 399 181 394
102 368 120 370
37 398 113 416
214 351 224 351
344 334 356 335
30 196 65 193
319 464 332 471
112 295 142 298
132 244 151 246
212 313 239 315
185 279 203 277
395 445 405 448
585 354 597 356
294 308 310 308
181 357 197 357
541 277 559 277
354 409 367 412
408 427 441 434
553 436 565 434
231 304 244 304
173 403 198 406
4 219 37 219
592 266 610 266
385 312 425 315
390 453 428 469
399 205 413 204
435 361 446 360
143 375 175 381
71 374 86 372
486 291 501 288
402 374 426 379
183 183 196 182
424 324 442 320
41 392 58 392
180 322 195 323
363 469 386 458
57 302 89 318
81 195 115 193
79 191 80 124
0 281 14 283
187 395 197 397
0 103 54 113
172 329 186 328
157 331 167 332
513 335 536 335
369 261 388 262
229 248 241 250
506 322 517 321
212 282 225 282
527 300 567 301
111 273 123 274
576 286 616 289
139 229 157 233
81 214 105 214
118 216 152 215
206 39 218 36
204 314 225 317
501 290 501 278
228 238 228 213
497 308 513 311
370 306 393 307
72 313 82 315
340 271 350 273
189 361 199 361
615 373 626 373
149 258 160 258
398 423 409 457
189 352 199 351
97 369 107 369
78 301 78 270
309 389 310 370
36 301 56 310
517 201 535 200
241 254 242 196
101 315 121 315
25 284 35 286
18 255 18 197
338 291 353 291
625 339 635 339
516 285 532 282
310 288 311 260
171 137 217 146
184 346 216 340
215 259 243 260
317 361 329 361
499 336 513 336
64 325 64 275
399 373 429 379
66 255 88 256
598 158 610 157
114 226 130 229
7 313 37 318
32 297 49 299
68 152 79 152
165 330 175 331
571 386 584 386
610 354 610 322
327 458 348 468
81 217 98 217
231 322 245 324
93 310 103 311
497 292 497 273
469 337 481 337
442 434 453 435
426 374 437 374
86 384 97 383
101 373 115 373
465 198 485 198
149 269 149 307
431 356 443 356
559 127 579 126
295 13 336 2
370 303 381 303
607 362 607 322
324 450 346 478
395 442 415 446
158 129 173 133
577 205 577 233
417 433 438 437
296 307 296 265
388 366 406 366
93 393 112 392
37 379 49 379
371 351 376 366
212 276 225 280
596 402 607 403
31 367 42 367
457 315 485 314
391 276 392 303
392 452 430 464
191 434 207 438
80 110 129 121
356 179 366 179
182 415 182 403
399 461 432 467
139 228 152 230
110 367 122 369
629 322 629 290
307 260 326 261
0 288 16 290
164 51 196 43
600 202 617 202
127 254 157 254
404 356 414 357
212 289 225 292
390 422 404 425
321 433 334 439
401 364 437 365
324 433 334 438
228 147 229 180
394 436 407 443
192 391 206 390
20 52 64 40
192 321 208 325
113 256 113 227
207 394 224 390
13 358 25 358
595 360 610 359
120 251 120 219
93 398 103 395
292 0 294 13
338 356 349 356
217 253 217 237
224 317 225 278
264 310 283 311
400 448 407 469
585 380 598 382
297 111 297 138
550 316 561 316
244 311 244 257
204 305 218 305
228 359 272 365
478 169 497 168
335 433 347 413
307 220 307 184
405 458 422 461
590 124 638 121
282 411 299 420
435 377 446 379
389 208 389 219
429 263 441 263
27 290 41 297
236 233 244 216
91 381 101 381
359 479 384 474
399 177 399 137
536 333 554 332
72 317 87 319
635 356 635 333
149 257 160 257
240 295 240 310
526 284 545 284
163 309 179 310
402 475 421 479
218 236 218 203
581 200 581 173
406 352 421 350
45 206 55 206
529 324 539 325
482 394 493 394
354 410 364 412
214 242 214 219
322 433 334 437
477 357 500 355
110 368 122 367
320 257 338 257
440 167 469 165
105 391 119 390
191 333 197 320
337 258 353 257
110 353 121 353
593 262 613 262
540 314 552 315
311 287 323 287
345 10 391 0
306 164 306 148
172 361 182 359
576 197 576 169
247 131 282 129
138 236 150 238
507 170 507 152
394 448 396 429
252 255 262 257
20 402 33 401
66 261 74 274
83 345 95 346
47 218 47 252
553 397 565 398
98 256 114 256
163 331 182 335
36 299 48 301
194 245 196 214
214 260 227 265
406 231 416 229
212 448 225 461
196 255 217 255
592 394 609 397
512 291 527 285
425 330 443 324
71 272 71 300
408 374 418 374
166 159 214 154
309 2 324 2
515 294 525 295
139 378 157 376
589 315 599 315
237 387 248 387
305 12 321 9
137 374 148 372
153 207 153 190
138 246 157 247
400 144 411 143
624 337 636 338
592 390 609 384
68 244 83 253
186 333 197 334
325 432 335 434
389 403 400 400
273 317 290 312
390 427 402 430
161 265 175 265
358 208 387 208
317 131 317 121
183 421 206 413
392 470 424 463
189 37 219 29
404 449 409 469
332 430 345 415
293 139 298 154
394 468 404 470
396 424 406 459
321 460 348 479
376 416 394 419
194 406 214 410
497 229 497 241
493 221 493 172
119 361 129 359
417 238 418 250
430 258 443 259
455 178 486 177
11 287 26 289
311 284 322 284
75 151 75 141
204 425 215 421
88 291 111 292
491 318 510 315
232 410 243 404
378 381 388 381
44 252 45 220
57 260 68 262
567 411 580 413
185 347 197 348
612 110 639 108
311 271 322 270
518 321 537 317
323 285 334 285
589 293 600 287
420 181 432 177
416 251 416 233
55 326 75 324
208 144 242 151
585 159 605 157
419 172 420 202
220 278 236 278
627 165 629 142
88 307 98 308
193 391 206 391
212 296 222 296
275 2 293 13
273 143 273 130
566 262 576 258
325 459 349 475
392 451 407 455
330 469 345 478
150 216 150 243
19 252 56 252
68 155 68 139
458 166 490 164
171 335 185 336
631 303 631 315
104 73 136 66
409 431 425 435
129 221 144 223
15 197 15 211
606 290 628 288
337 283 352 283
38 218 69 218
422 177 422 198
184 345 203 347
146 306 156 308
0 236 15 236
371 355 373 339
220 265 236 271
212 285 222 286
23 53 45 52
406 260 417 261
417 320 430 315
345 418 358 409
141 198 143 209
314 178 328 178
70 130 70 158
144 231 157 234
353 293 366 292
598 290 612 287
208 423 221 413
124 58 166 48
61 303 61 275
24 290 40 291
159 315 171 314
307 1 323 1
339 3 351 1
405 230 418 231
88 318 106 319
