2.475196533203125000e+02 1.587310638427734375e+02 2.800025634765625000e+02 1.594578704833984375e+02
2.178210144042968750e+02 1.912534942626953125e+02 2.176765441894531250e+02 2.100011596679687500e+02
1.700004272460937500e+02 1.293968391418457031e+01 1.670204925537109375e+02 3.256225967407226562e+01
4.517172241210937500e+02 1.652218627929687500e+02 4.550000000000000000e+02 1.327492370605468750e+02
4.779300537109375000e+02 1.595106201171875000e+02 5.000063781738281250e+02 1.538910064697265625e+02
3.564704589843750000e+02 1.302988586425781250e+02 3.566014099121093750e+02 1.650002441406250000e+02
1.487675933837890625e+02 3.882676696777343750e+02 1.003782577514648438e+02 3.890541381835937500e+02
1.064375915527343750e+02 2.353137512207031250e+02 8.350170135498046875e+01 2.349596710205078125e+02
5.359895019531250000e+02 1.477376861572265625e+02 5.000063781738281250e+02 1.538910064697265625e+02
1.670204925537109375e+02 3.256225967407226562e+01 1.650009460449218750e+02 5.752112579345703125e+01
2.178210144042968750e+02 1.912534942626953125e+02 2.179872894287109375e+02 1.749286499023437500e+02
5.967682495117187500e+02 8.801828002929687500e+01 5.550040893554687500e+02 1.012510070800781250e+02
8.000697326660156250e+01 3.900000000000000000e+02 1.003782577514648438e+02 3.890541381835937500e+02
4.517172241210937500e+02 1.652218627929687500e+02 4.287571411132812500e+02 1.715541534423828125e+02
5.021177368164062500e+02 1.180848999023437500e+02 5.311516723632812500e+02 1.087501525878906250e+02
8.500397491455078125e+01 5.318355178833007812e+01 1.135349273681640625e+02 5.440288162231445312e+01
5.920277099609375000e+02 2.296404113769531250e+02 5.760993652343750000e+02 2.290158386230468750e+02
5.967682495117187500e+02 8.801828002929687500e+01 5.961544189453125000e+02 1.340527801513671875e+02
5.311516723632812500e+02 1.087501525878906250e+02 5.550040893554687500e+02 1.012510070800781250e+02
8.350170135498046875e+01 2.349596710205078125e+02 6.254133605957031250e+01 2.353043365478515625e+02
1.135349273681640625e+02 5.440288162231445312e+01 1.287312927246093750e+02 5.527886962890625000e+01
3.800009155273437500e+02 1.565695495605468750e+02 3.566014099121093750e+02 1.650002441406250000e+02
3.100021057128906250e+02 6.837225341796875000e+01 3.087321166992187500e+02 8.418801879882812500e+01
2.687186584472656250e+02 2.988276367187500000e+02 2.552259826660156250e+02 3.140722656250000000e+02
2.466420745849609375e+02 3.839039001464843750e+02 2.287459106445312500e+02 3.862500610351562500e+02
1.064375915527343750e+02 2.353137512207031250e+02 1.211311950683593750e+02 2.352913360595703125e+02
2.461664123535156250e+02 3.422628784179687500e+02 2.287459106445312500e+02 3.862500610351562500e+02
2.081298828125000000e+02 4.470949401855468750e+02 2.832236938476562500e+02 4.434211120605468750e+02
6.028292236328125000e+02 3.225102539062500000e+02 6.264267578125000000e+02 3.244889221191406250e+02
6.500001525878906250e+01 3.757418441772460938e+01 6.371830368041992188e+01 5.531040573120117188e+01
4.537467956542968750e+02 3.838722610473632812e+01 4.260711364746093750e+02 2.096450996398925781e+01
1.537716522216796875e+02 1.125013351440429688e+02 1.400001068115234375e+02 1.115726394653320312e+02
8.824738311767578125e+01 1.604126548767089844e+01 9.107677459716796875e+01 2.907425880432128906e+01
2.785121765136718750e+02 2.598818664550781250e+02 2.976973266601562500e+02 2.672510681152343750e+02
1.687560729980468750e+02 2.367456970214843750e+02 1.687677001953125000e+02 2.184362487792968750e+02
2.687186584472656250e+02 2.988276367187500000e+02 2.960342407226562500e+02 3.103120727539062500e+02
1.110021591186523438e+02 9.654676818847656250e+01 1.252526473999023438e+02 9.750000762939453125e+01
3.234391784667968750e+01 4.546249084472656250e+02 8.882582187652587891e-04 4.558019409179687500e+02
1.229734725952148438e+02 3.243530883789062500e+02 1.550001983642578125e+02 3.235983276367187500e+02
5.262073364257812500e+02 2.534691162109375000e+02 5.502376708984375000e+02 2.550005493164062500e+02
2.461664123535156250e+02 3.422628784179687500e+02 2.552259826660156250e+02 3.140722656250000000e+02
6.500002288818359375e+01 2.761658477783203125e+01 6.503123474121093750e+01 1.404257488250732422e+01
4.209016723632812500e+02 1.438788757324218750e+02 4.550000000000000000e+02 1.327492370605468750e+02
4.287571411132812500e+02 1.715541534423828125e+02 4.087432250976562500e+02 1.753062133789062500e+02
1.563551483154296875e+02 3.129453125000000000e+02 1.037588195800781250e+02 3.131357421875000000e+02
9.107677459716796875e+01 2.907425880432128906e+01 9.376927185058593750e+01 4.003713226318359375e+01
5.359895019531250000e+02 1.477376861572265625e+02 5.714161376953125000e+02 1.395569763183593750e+02
2.573360290527343750e+02 1.209371871948242188e+02 2.579432983398437500e+02 9.510207366943359375e+01
2.966661987304687500e+02 1.585310516357421875e+02 2.800025634765625000e+02 1.594578704833984375e+02
8.500397491455078125e+01 5.318355178833007812e+01 6.371830368041992188e+01 5.531040573120117188e+01
2.178210144042968750e+02 1.912534942626953125e+02 1.884016723632812500e+02 1.902924804687500000e+02
4.209016723632812500e+02 1.438788757324218750e+02 4.058911437988281250e+02 1.480431365966796875e+02
2.111998291015625000e+02 3.862531433105468750e+02 2.287459106445312500e+02 3.862500610351562500e+02
8.824738311767578125e+01 1.604126548767089844e+01 8.369124603271484375e+01 6.183374673128128052e-02
1.400024261474609375e+02 9.760678100585937500e+01 1.252526473999023438e+02 9.750000762939453125e+01
3.234391784667968750e+01 4.546249084472656250e+02 5.501087188720703125e+01 4.537501220703125000e+02
2.351132202148437500e+02 9.417981719970703125e+01 2.350000762939453125e+02 1.190606384277343750e+02
1.537716522216796875e+02 1.125013351440429688e+02 1.550000152587890625e+02 9.885901641845703125e+01
1.687624511718750000e+02 2.053095092773437500e+02 1.687677001953125000e+02 2.184362487792968750e+02
2.081298828125000000e+02 4.470949401855468750e+02 1.518215637207031250e+02 4.505857849121093750e+02
1.876603851318359375e+02 2.371056671142578125e+02 1.687560729980468750e+02 2.367456970214843750e+02
1.250073928833007812e+02 1.104502410888671875e+02 1.400001068115234375e+02 1.115726394653320312e+02
3.981295471191406250e+02 3.729072875976562500e+02 4.000000610351562500e+02 3.094069213867187500e+02
4.058911437988281250e+02 1.480431365966796875e+02 4.083350219726562500e+02 1.050001525878906250e+02
4.187310485839843750e+02 8.762963867187500000e+01 4.587289733886718750e+02 6.571078491210937500e+01
1.100826110839843750e+02 1.095754089355468750e+02 1.250073928833007812e+02 1.104502410888671875e+02
1.211311950683593750e+02 2.352913360595703125e+02 1.687560729980468750e+02 2.367456970214843750e+02
1.400024261474609375e+02 9.760678100585937500e+01 1.550000152587890625e+02 9.885901641845703125e+01
1.678669128417968750e+02 1.875202178955078125e+02 1.687624511718750000e+02 2.053095092773437500e+02
2.800025634765625000e+02 1.594578704833984375e+02 2.805851745605468750e+02 1.940680541992187500e+02
1.700004272460937500e+02 1.293968391418457031e+01 1.703703613281250000e+02 2.748146653175354004e-03
1.187430419921875000e+02 2.035178680419921875e+02 1.201920776367187500e+02 1.537500305175781250e+02
6.500002288818359375e+01 2.761658477783203125e+01 6.500001525878906250e+01 3.757418441772460938e+01
3.800009155273437500e+02 1.565695495605468750e+02 3.813021545410156250e+02 1.340710754394531250e+02
3.815173950195312500e+02 1.052945022583007812e+02 3.628657226562500000e+02 1.171378936767578125e+02
2.200000152587890625e+02 2.803143920898437500e+02 2.552259826660156250e+02 3.140722656250000000e+02
2.785121765136718750e+02 2.598818664550781250e+02 2.800090332031250000e+02 2.128085479736328125e+02
1.840442419052124023e-03 3.115325622558593750e+02 6.000005340576171875e+01 3.124721374511718750e+02
2.081298828125000000e+02 4.470949401855468750e+02 2.113730773925781250e+02 4.050003967285156250e+02
6.603684997558593750e+01 1.629218459129333496e-02 6.503123474121093750e+01 1.404257488250732422e+01
1.687491760253906250e+02 1.739496917724609375e+02 1.678669128417968750e+02 1.875202178955078125e+02
5.021177368164062500e+02 1.180848999023437500e+02 5.000063781738281250e+02 1.538910064697265625e+02
3.234391784667968750e+01 4.546249084472656250e+02 5.000425720214843750e+01 4.200002136230468750e+02
3.064841918945312500e+02 4.561585083007812500e+02 3.000066223144531250e+02 4.790513610839843750e+02
5.920277099609375000e+02 2.296404113769531250e+02 5.937814941406250000e+02 2.100000305175781250e+02
5.359895019531250000e+02 1.477376861572265625e+02 5.311516723632812500e+02 1.087501525878906250e+02
5.714161376953125000e+02 1.395569763183593750e+02 5.961544189453125000e+02 1.340527801513671875e+02
3.712933654785156250e+02 2.984123535156250000e+02 4.000000610351562500e+02 3.094069213867187500e+02
2.162974700927734375e+02 2.587788391113281250e+02 2.200000152587890625e+02 2.803143920898437500e+02
1.518215637207031250e+02 4.505857849121093750e+02 7.247036743164062500e+01 4.528092651367187500e+02
1.650009460449218750e+02 5.752112579345703125e+01 1.287312927246093750e+02 5.527886962890625000e+01
4.550000000000000000e+02 1.327492370605468750e+02 4.587289733886718750e+02 6.571078491210937500e+01
2.687186584472656250e+02 2.988276367187500000e+02 2.683132629394531250e+02 2.812572021484375000e+02
2.832236938476562500e+02 4.434211120605468750e+02 3.366631469726562500e+02 4.398070678710937500e+02
5.024538879394531250e+02 1.725001373291015625e+02 5.310936889648437500e+02 1.687500305175781250e+02
1.472393188476562500e+02 5.630522537231445312e+01 1.650009460449218750e+02 5.752112579345703125e+01
1.037588195800781250e+02 3.131357421875000000e+02 1.050100631713867188e+02 2.803249511718750000e+02
8.235919952392578125e+01 2.794479980468750000e+02 8.326843261718750000e+01 3.000000305175781250e+02
3.502611999511718750e+02 4.583625488281250000e+02 3.487127990722656250e+02 4.790568847656250000e+02
1.187430419921875000e+02 2.035178680419921875e+02 1.300043029785156250e+02 2.034918212890625000e+02
1.050100631713867188e+02 2.803249511718750000e+02 8.326843261718750000e+01 3.000000305175781250e+02
1.300043029785156250e+02 2.034918212890625000e+02 1.687624511718750000e+02 2.053095092773437500e+02
5.920277099609375000e+02 2.296404113769531250e+02 5.919089355468750000e+02 2.577926025390625000e+02
3.362315063476562500e+02 1.302993316650390625e+02 3.350032348632812500e+02 1.640800018310546875e+02
6.028292236328125000e+02 3.225102539062500000e+02 5.900137939453125000e+02 3.188067932128906250e+02
1.100826110839843750e+02 1.095754089355468750e+02 9.624493408203125000e+01 1.087532653808593750e+02
4.300090026855468750e+02 2.118411560058593750e+02 4.100014648437500000e+02 2.108948059082031250e+02
1.350265197753906250e+02 2.812500305175781250e+02 1.050100631713867188e+02 2.803249511718750000e+02
4.111884765625000000e+02 4.618219604492187500e+02 3.929236145019531250e+02 4.638547973632812500e+02
4.300090026855468750e+02 2.118411560058593750e+02 4.287571411132812500e+02 1.715541534423828125e+02
4.209016723632812500e+02 1.438788757324218750e+02 3.986952209472656250e+02 1.511656951904296875e+02
1.563551483154296875e+02 3.129453125000000000e+02 1.550001983642578125e+02 3.235983276367187500e+02
6.017628173828125000e+02 3.365521240234375000e+02 5.875582275390625000e+02 3.328059082031250000e+02
2.186872253417968750e+02 3.131081848144531250e+02 2.552259826660156250e+02 3.140722656250000000e+02
3.087577514648437500e+02 9.559666442871093750e+01 3.087321166992187500e+02 8.418801879882812500e+01
2.785121765136718750e+02 2.598818664550781250e+02 2.213961944580078125e+02 2.374028320312500000e+02
2.780625610351562500e+02 3.852867431640625000e+02 2.961631164550781250e+02 3.825235900878906250e+02
1.064375915527343750e+02 2.353137512207031250e+02 1.050100631713867188e+02 2.803249511718750000e+02
4.100014648437500000e+02 2.108948059082031250e+02 4.087432250976562500e+02 1.753062133789062500e+02
2.113730773925781250e+02 4.050003967285156250e+02 2.419570922851562500e+02 4.030055541992187500e+02
6.631265258789062500e+01 3.890704956054687500e+02 8.000697326660156250e+01 3.900000000000000000e+02
1.472393188476562500e+02 5.630522537231445312e+01 1.287312927246093750e+02 5.527886962890625000e+01
1.518215637207031250e+02 4.505857849121093750e+02 5.501087188720703125e+01 4.537501220703125000e+02
5.967682495117187500e+02 8.801828002929687500e+01 5.311516723632812500e+02 1.087501525878906250e+02
3.815173950195312500e+02 1.052945022583007812e+02 3.813021545410156250e+02 1.340710754394531250e+02
1.481833343505859375e+02 2.812505798339843750e+02 1.350265197753906250e+02 2.812500305175781250e+02
3.312854614257812500e+02 2.821985473632812500e+02 2.976973266601562500e+02 2.672510681152343750e+02
1.959189772605895996e-02 4.098313293457031250e+02 4.500054168701171875e+01 4.040610656738281250e+02
6.603684997558593750e+01 1.629218459129333496e-02 8.369124603271484375e+01 6.183374673128128052e-02
5.967682495117187500e+02 8.801828002929687500e+01 5.987050781250000000e+02 3.946200013160705566e-04
1.229734725952148438e+02 3.243530883789062500e+02 1.037466049194335938e+02 3.240989074707031250e+02
1.487675933837890625e+02 3.882676696777343750e+02 1.487469787597656250e+02 3.702661743164062500e+02
6.000140762329101562e+01 2.775039978027343750e+02 6.000005340576171875e+01 3.124721374511718750e+02
8.643685913085937500e+01 3.140515747070312500e+02 1.037588195800781250e+02 3.131357421875000000e+02
1.187430419921875000e+02 2.035178680419921875e+02 1.687624511718750000e+02 2.053095092773437500e+02
1.836082305908203125e+02 1.472130279541015625e+02 2.059481964111328125e+02 1.482689514160156250e+02
2.461664123535156250e+02 3.422628784179687500e+02 2.287437133789062500e+02 3.238048706054687500e+02
3.963730468750000000e+02 4.486782836914062500e+02 3.968185424804687500e+02 3.991577453613281250e+02
3.214893188476562500e+02 1.658845672607421875e+02 3.213510131835937500e+02 1.470603179931640625e+02
1.050276336669921875e+02 3.053013916015625000e+02 1.037588195800781250e+02 3.131357421875000000e+02
5.375758056640625000e+02 1.883781127929687500e+02 5.513444824218750000e+02 1.875000762939453125e+02
2.081298828125000000e+02 4.470949401855468750e+02 1.871657104492187500e+02 4.476921386718750000e+02
6.017628173828125000e+02 3.365521240234375000e+02 6.268551635742187500e+02 3.412515869140625000e+02
1.050276336669921875e+02 3.053013916015625000e+02 1.050100631713867188e+02 2.803249511718750000e+02
2.200000152587890625e+02 2.803143920898437500e+02 1.800957641601562500e+02 2.803197631835937500e+02
5.900137939453125000e+02 3.188067932128906250e+02 5.686823120117187500e+02 3.134899902343750000e+02
3.981295471191406250e+02 3.729072875976562500e+02 3.968185424804687500e+02 3.991577453613281250e+02
5.021177368164062500e+02 1.180848999023437500e+02 4.884809875488281250e+02 1.218676452636718750e+02
5.269654541015625000e+02 1.894648284912109375e+02 5.513444824218750000e+02 1.875000762939453125e+02
2.176765441894531250e+02 2.100011596679687500e+02 2.384241485595703125e+02 2.119188842773437500e+02
3.087577514648437500e+02 9.559666442871093750e+01 2.858690185546875000e+02 9.541962432861328125e+01
1.650009460449218750e+02 5.752112579345703125e+01 1.135349273681640625e+02 5.440288162231445312e+01
1.876603851318359375e+02 2.371056671142578125e+02 1.882194366455078125e+02 2.070186614990234375e+02
3.929236145019531250e+02 4.638547973632812500e+02 3.963730468750000000e+02 4.486782836914062500e+02
3.583499145507812500e+02 7.298000335693359375e+01 3.803089904785156250e+02 8.530908203125000000e+01
2.785121765136718750e+02 2.598818664550781250e+02 3.312854614257812500e+02 2.821985473632812500e+02
1.502483825683593750e+02 1.548216247558593750e+02 1.201920776367187500e+02 1.537500305175781250e+02
1.110021591186523438e+02 9.654676818847656250e+01 9.645138549804687500e+01 9.573471832275390625e+01
1.876603851318359375e+02 2.371056671142578125e+02 2.213961944580078125e+02 2.374028320312500000e+02
3.234391784667968750e+01 4.546249084472656250e+02 7.247036743164062500e+01 4.528092651367187500e+02
6.500001525878906250e+01 3.757418441772460938e+01 9.376927185058593750e+01 4.003713226318359375e+01
1.836082305908203125e+02 1.472130279541015625e+02 1.878164825439453125e+02 1.290485534667968750e+02
4.100014648437500000e+02 2.108948059082031250e+02 4.100030822753906250e+02 2.264673767089843750e+02
3.312854614257812500e+02 2.821985473632812500e+02 3.712933654785156250e+02 2.984123535156250000e+02
3.815173950195312500e+02 1.052945022583007812e+02 4.083350219726562500e+02 1.050001525878906250e+02
2.780625610351562500e+02 3.852867431640625000e+02 2.765832214355468750e+02 4.059898681640625000e+02
8.740945434570312500e+01 8.156454467773437500e+01 8.375038909912109375e+01 1.250716781616210938e+02
2.579432983398437500e+02 9.510207366943359375e+01 2.351132202148437500e+02 9.417981719970703125e+01
8.643685913085937500e+01 3.140515747070312500e+02 8.326843261718750000e+01 3.000000305175781250e+02
5.960244750976562500e+02 1.578077850341796875e+02 5.961544189453125000e+02 1.340527801513671875e+02
3.564704589843750000e+02 1.302988586425781250e+02 3.362315063476562500e+02 1.302993316650390625e+02
1.520376129150390625e+02 3.552989196777343750e+02 1.211179351806640625e+02 3.553097229003906250e+02
5.919089355468750000e+02 2.577926025390625000e+02 5.909500732421875000e+02 3.000232849121093750e+02
4.300090026855468750e+02 2.118411560058593750e+02 4.462962646484375000e+02 2.126878204345703125e+02
2.780625610351562500e+02 3.852867431640625000e+02 2.622473754882812500e+02 3.664432373046875000e+02
6.500002288818359375e+01 2.761658477783203125e+01 6.371830368041992188e+01 5.531040573120117188e+01
1.687560729980468750e+02 2.367456970214843750e+02 1.409633178710937500e+02 2.362500305175781250e+02
2.579432983398437500e+02 9.510207366943359375e+01 2.858690185546875000e+02 9.541962432861328125e+01
2.111998291015625000e+02 3.862531433105468750e+02 2.113730773925781250e+02 4.050003967285156250e+02
6.254133605957031250e+01 2.353043365478515625e+02 6.015243148803710938e+01 2.662503051757812500e+02
2.809709167480468750e+02 2.025021972656250000e+02 2.800090332031250000e+02 2.128085479736328125e+02
5.954631347656250000e+02 1.800000305175781250e+02 5.752525634765625000e+02 1.818231201171875000e+02
5.000063781738281250e+02 1.538910064697265625e+02 5.024538879394531250e+02 1.725001373291015625e+02
4.550000000000000000e+02 1.327492370605468750e+02 4.332400817871093750e+02 1.390772399902343750e+02
3.312854614257812500e+02 2.821985473632812500e+02 3.568706970214843750e+02 2.932908630371093750e+02
1.513810272216796875e+02 4.068288269042968750e+02 9.516810607910156250e+01 4.087510681152343750e+02
1.876603851318359375e+02 2.371056671142578125e+02 1.884016723632812500e+02 1.902924804687500000e+02
4.111884765625000000e+02 4.618219604492187500e+02 4.111327514648437500e+02 4.790478210449218750e+02
2.832236938476562500e+02 4.434211120605468750e+02 3.024265747070312500e+02 4.425001525878906250e+02
2.059481964111328125e+02 1.482689514160156250e+02 2.279846343994140625e+02 1.490606536865234375e+02
3.800009155273437500e+02 1.565695495605468750e+02 3.827629089355468750e+02 1.713313293457031250e+02
5.870679931640625000e+02 1.665204763412475586e-04 5.062639770507812500e+02 4.181581115722656250e+01
8.824738311767578125e+01 1.604126548767089844e+01 9.376927185058593750e+01 4.003713226318359375e+01
2.805851745605468750e+02 1.940680541992187500e+02 2.800090332031250000e+02 2.128085479736328125e+02
6.000005340576171875e+01 3.124721374511718750e+02 5.876383209228515625e+01 2.988105163574218750e+02
2.832236938476562500e+02 4.434211120605468750e+02 2.765832214355468750e+02 4.059898681640625000e+02
1.882194366455078125e+02 2.070186614990234375e+02 1.884016723632812500e+02 1.902924804687500000e+02
2.785121765136718750e+02 2.598818664550781250e+02 3.107672119140625000e+02 2.728031616210937500e+02
5.502376708984375000e+02 2.550005493164062500e+02 5.505600585937500000e+02 2.448421630859375000e+02
4.537467956542968750e+02 3.838722610473632812e+01 4.180058593750000000e+02 1.632892417907714844e+01
3.968185424804687500e+02 3.991577453613281250e+02 4.000000610351562500e+02 3.094069213867187500e+02
2.800025634765625000e+02 1.594578704833984375e+02 2.810644226074218750e+02 1.785685424804687500e+02
3.312854614257812500e+02 2.821985473632812500e+02 3.107672119140625000e+02 2.728031616210937500e+02
1.518215637207031250e+02 4.505857849121093750e+02 1.871657104492187500e+02 4.476921386718750000e+02
3.214893188476562500e+02 1.658845672607421875e+02 3.350032348632812500e+02 1.640800018310546875e+02
3.929236145019531250e+02 4.638547973632812500e+02 3.910390625000000000e+02 4.790642395019531250e+02
3.087577514648437500e+02 9.559666442871093750e+01 3.085023498535156250e+02 1.359897613525390625e+02
4.058911437988281250e+02 1.480431365966796875e+02 4.550000000000000000e+02 1.327492370605468750e+02
6.015243148803710938e+01 2.662503051757812500e+02 6.000005340576171875e+01 3.124721374511718750e+02
1.037588195800781250e+02 3.131357421875000000e+02 1.236865081787109375e+02 3.130475769042968750e+02
4.517172241210937500e+02 1.652218627929687500e+02 4.536863403320312500e+02 1.488641662597656250e+02
6.503123474121093750e+01 1.404257488250732422e+01 6.500001525878906250e+01 3.757418441772460938e+01
3.100021057128906250e+02 6.837225341796875000e+01 2.882596130371093750e+02 6.616064453125000000e+01
6.000140762329101562e+01 2.775039978027343750e+02 5.876383209228515625e+01 2.988105163574218750e+02
6.017628173828125000e+02 3.365521240234375000e+02 6.385189819335937500e+02 3.433579406738281250e+02
3.366631469726562500e+02 4.398070678710937500e+02 3.024265747070312500e+02 4.425001525878906250e+02
1.550001983642578125e+02 3.235983276367187500e+02 1.537359313964843750e+02 3.375737915039062500e+02
3.815173950195312500e+02 1.052945022583007812e+02 3.800009155273437500e+02 1.565695495605468750e+02
4.550000000000000000e+02 1.327492370605468750e+02 4.536863403320312500e+02 1.488641662597656250e+02
5.960244750976562500e+02 1.578077850341796875e+02 5.954631347656250000e+02 1.800000305175781250e+02
5.501087188720703125e+01 4.537501220703125000e+02 7.247036743164062500e+01 4.528092651367187500e+02
1.050100631713867188e+02 2.803249511718750000e+02 1.250053100585937500e+02 2.812506713867187500e+02
1.211311950683593750e+02 2.352913360595703125e+02 1.409633178710937500e+02 2.362500305175781250e+02
5.311516723632812500e+02 1.087501525878906250e+02 4.884809875488281250e+02 1.218676452636718750e+02
4.321554870605468750e+02 8.024877929687500000e+01 4.587289733886718750e+02 6.571078491210937500e+01
5.919089355468750000e+02 2.577926025390625000e+02 5.911890258789062500e+02 2.907289428710937500e+02
2.014105377197265625e+02 3.639092407226562500e+02 1.809798889160156250e+02 3.646076965332031250e+02
1.703703613281250000e+02 2.748146653175354004e-03 1.670204925537109375e+02 3.256225967407226562e+01
2.976973266601562500e+02 2.672510681152343750e+02 3.107672119140625000e+02 2.728031616210937500e+02
4.000000610351562500e+02 3.094069213867187500e+02 3.568706970214843750e+02 2.932908630371093750e+02
8.350170135498046875e+01 2.349596710205078125e+02 8.235919952392578125e+01 2.794479980468750000e+02
3.981295471191406250e+02 3.729072875976562500e+02 3.963730468750000000e+02 4.486782836914062500e+02
2.785121765136718750e+02 2.598818664550781250e+02 2.587679748535156250e+02 2.522118835449218750e+02
3.100021057128906250e+02 6.837225341796875000e+01 1.650009460449218750e+02 5.752112579345703125e+01
2.785121765136718750e+02 2.598818664550781250e+02 2.809709167480468750e+02 2.025021972656250000e+02
2.186872253417968750e+02 3.131081848144531250e+02 2.020527038574218750e+02 3.120385437011718750e+02
1.187430419921875000e+02 2.035178680419921875e+02 1.211479873657226562e+02 1.435756378173828125e+02
3.502611999511718750e+02 4.583625488281250000e+02 3.707748718261718750e+02 4.790664062500000000e+02
5.875582275390625000e+02 3.328059082031250000e+02 6.268551635742187500e+02 3.412515869140625000e+02
1.836082305908203125e+02 1.472130279541015625e+02 1.616317749023437500e+02 1.462506561279296875e+02
3.312854614257812500e+02 2.821985473632812500e+02 2.683132629394531250e+02 2.812572021484375000e+02
5.269654541015625000e+02 1.894648284912109375e+02 5.262497558593750000e+02 2.083056945800781250e+02
1.513810272216796875e+02 4.068288269042968750e+02 1.487675933837890625e+02 3.882676696777343750e+02
1.840442419052124023e-03 3.115325622558593750e+02 5.023651504516601562e+01 3.116006469726562500e+02
2.805851745605468750e+02 1.940680541992187500e+02 2.810644226074218750e+02 1.785685424804687500e+02
4.902890014648437500e+02 6.375260925292968750e+01 4.884809875488281250e+02 1.218676452636718750e+02
2.466420745849609375e+02 3.839039001464843750e+02 2.533591461181640625e+02 3.683701477050781250e+02
2.213961944580078125e+02 2.374028320312500000e+02 2.426481933593750000e+02 2.457160034179687500e+02
2.213961944580078125e+02 2.374028320312500000e+02 2.176765441894531250e+02 2.100011596679687500e+02
5.870679931640625000e+02 1.665204763412475586e-04 5.318975219726562500e+02 2.852003479003906250e+01
1.201920776367187500e+02 1.537500305175781250e+02 1.211479873657226562e+02 1.435756378173828125e+02
6.603684997558593750e+01 1.629218459129333496e-02 6.500002288818359375e+01 2.761658477783203125e+01
5.375758056640625000e+02 1.883781127929687500e+02 5.269654541015625000e+02 1.894648284912109375e+02
5.262497558593750000e+02 2.083056945800781250e+02 5.264133300781250000e+02 1.958145446777343750e+02
1.355377807617187500e+02 2.643588562011718750e+02 1.200031661987304688e+02 2.634975280761718750e+02
5.756686401367187500e+02 2.090608978271484375e+02 5.937814941406250000e+02 2.100000305175781250e+02
4.187310485839843750e+02 8.762963867187500000e+01 4.083350219726562500e+02 1.050001525878906250e+02
1.135349273681640625e+02 5.440288162231445312e+01 1.070923233032226562e+02 7.771175354719161987e-02
1.518215637207031250e+02 4.505857849121093750e+02 1.513810272216796875e+02 4.068288269042968750e+02
6.264267578125000000e+02 3.244889221191406250e+02 6.374393920898437500e+02 3.252299804687500000e+02
3.929236145019531250e+02 4.638547973632812500e+02 3.664865417480468750e+02 4.396137084960937500e+02
7.715348052978515625e+01 4.067938842773437500e+02 5.776602172851562500e+01 4.078204650878906250e+02
1.869979858398437500e+02 3.132099304199218750e+02 1.857722778320312500e+02 3.248551635742187500e+02
5.954631347656250000e+02 1.800000305175781250e+02 5.950002441406250000e+02 1.959806213378906250e+02
2.832236938476562500e+02 4.434211120605468750e+02 2.551210784912109375e+02 4.450652465820312500e+02
1.809798889160156250e+02 3.646076965332031250e+02 1.687385711669921875e+02 3.637599487304687500e+02
4.209016723632812500e+02 1.438788757324218750e+02 4.332400817871093750e+02 1.390772399902343750e+02
2.014105377197265625e+02 3.639092407226562500e+02 2.024544982910156250e+02 3.525093383789062500e+02
1.211179351806640625e+02 3.553097229003906250e+02 1.037374877929687500e+02 3.566864929199218750e+02
2.213961944580078125e+02 2.374028320312500000e+02 2.329891967773437500e+02 2.411403198242187500e+02
6.000140762329101562e+01 2.775039978027343750e+02 6.015243148803710938e+01 2.662503051757812500e+02
1.350265197753906250e+02 2.812500305175781250e+02 1.250053100585937500e+02 2.812506713867187500e+02
8.824738311767578125e+01 1.604126548767089844e+01 6.503123474121093750e+01 1.404257488250732422e+01
5.961544189453125000e+02 1.340527801513671875e+02 5.961947631835937500e+02 1.479242553710937500e+02
2.785121765136718750e+02 2.598818664550781250e+02 2.426481933593750000e+02 2.457160034179687500e+02
5.760993652343750000e+02 2.290158386230468750e+02 5.756686401367187500e+02 2.090608978271484375e+02
5.900137939453125000e+02 3.188067932128906250e+02 5.909500732421875000e+02 3.000232849121093750e+02
4.517172241210937500e+02 1.652218627929687500e+02 4.462962646484375000e+02 2.126878204345703125e+02
2.200000152587890625e+02 2.803143920898437500e+02 2.683132629394531250e+02 2.812572021484375000e+02
8.643685913085937500e+01 3.140515747070312500e+02 8.737018585205078125e+01 3.245585937500000000e+02
2.419570922851562500e+02 4.030055541992187500e+02 2.765832214355468750e+02 4.059898681640625000e+02
1.678669128417968750e+02 1.875202178955078125e+02 1.884016723632812500e+02 1.902924804687500000e+02
6.015243148803710938e+01 2.662503051757812500e+02 6.000329971313476562e+01 2.489976043701171875e+02
5.262073364257812500e+02 2.534691162109375000e+02 5.257570800781250000e+02 2.455850830078125000e+02
1.513810272216796875e+02 4.068288269042968750e+02 7.715348052978515625e+01 4.067938842773437500e+02
2.800090332031250000e+02 2.128085479736328125e+02 2.384241485595703125e+02 2.119188842773437500e+02
5.919089355468750000e+02 2.577926025390625000e+02 5.915069580078125000e+02 2.717240905761718750e+02
6.385189819335937500e+02 3.433579406738281250e+02 6.268551635742187500e+02 3.412515869140625000e+02
6.385189819335937500e+02 3.433579406738281250e+02 5.875582275390625000e+02 3.328059082031250000e+02
4.902890014648437500e+02 6.375260925292968750e+01 4.587289733886718750e+02 6.571078491210937500e+01
1.513810272216796875e+02 4.068288269042968750e+02 1.700645446777343750e+02 4.050003967285156250e+02
2.113730773925781250e+02 4.050003967285156250e+02 1.916947937011718750e+02 4.030955505371093750e+02
2.113730773925781250e+02 4.050003967285156250e+02 2.765832214355468750e+02 4.059898681640625000e+02
4.209016723632812500e+02 1.438788757324218750e+02 4.287571411132812500e+02 1.715541534423828125e+02
1.878164825439453125e+02 1.290485534667968750e+02 2.350327148437500000e+02 1.303008117675781250e+02
2.805851745605468750e+02 1.940680541992187500e+02 2.650002746582031250e+02 1.933989105224609375e+02
2.785121765136718750e+02 2.598818664550781250e+02 2.329891967773437500e+02 2.411403198242187500e+02
1.563551483154296875e+02 3.129453125000000000e+02 1.236865081787109375e+02 3.130475769042968750e+02
1.100826110839843750e+02 1.095754089355468750e+02 1.110021591186523438e+02 9.654676818847656250e+01
8.882582187652587891e-04 4.558019409179687500e+02 5.501087188720703125e+01 4.537501220703125000e+02
1.672155456542968750e+02 3.120711364746093750e+02 1.700000000000000000e+02 3.268519897460937500e+02
6.028292236328125000e+02 3.225102539062500000e+02 5.686823120117187500e+02 3.134899902343750000e+02
2.014105377197265625e+02 3.639092407226562500e+02 2.004815063476562500e+02 3.862563781738281250e+02
2.976973266601562500e+02 2.672510681152343750e+02 3.203128051757812500e+02 2.792536926269531250e+02
4.500054168701171875e+01 4.040610656738281250e+02 5.000425720214843750e+01 4.200002136230468750e+02
1.300043029785156250e+02 2.034918212890625000e+02 1.425978393554687500e+02 2.039559173583984375e+02
3.312854614257812500e+02 2.821985473632812500e+02 3.203128051757812500e+02 2.792536926269531250e+02
3.986952209472656250e+02 1.511656951904296875e+02 3.968237915039062500e+02 1.763515319824218750e+02
1.650009460449218750e+02 5.752112579345703125e+01 1.661630096435546875e+02 4.220148086547851562e+01
2.466420745849609375e+02 3.839039001464843750e+02 2.765832214355468750e+02 4.059898681640625000e+02
1.869979858398437500e+02 3.132099304199218750e+02 1.911506805419921875e+02 3.000392761230468750e+02
3.087321166992187500e+02 8.418801879882812500e+01 3.085023498535156250e+02 1.359897613525390625e+02
7.711633300781250000e+01 4.181006469726562500e+02 5.000425720214843750e+01 4.200002136230468750e+02
5.915069580078125000e+02 2.717240905761718750e+02 5.911890258789062500e+02 2.907289428710937500e+02
2.081298828125000000e+02 4.470949401855468750e+02 2.551210784912109375e+02 4.450652465820312500e+02
5.909500732421875000e+02 3.000232849121093750e+02 5.911890258789062500e+02 2.907289428710937500e+02
6.264267578125000000e+02 3.244889221191406250e+02 5.900137939453125000e+02 3.188067932128906250e+02
2.805851745605468750e+02 1.940680541992187500e+02 2.809709167480468750e+02 2.025021972656250000e+02
4.260711364746093750e+02 2.096450996398925781e+01 3.818598937988281250e+02 5.490146577358245850e-03
5.550040893554687500e+02 1.012510070800781250e+02 5.600342407226562500e+02 1.368114318847656250e+02
4.083350219726562500e+02 1.050001525878906250e+02 3.986952209472656250e+02 1.511656951904296875e+02
2.014105377197265625e+02 3.639092407226562500e+02 2.024908294677734375e+02 3.451198730468750000e+02
2.785121765136718750e+02 2.598818664550781250e+02 3.203128051757812500e+02 2.792536926269531250e+02
2.461664123535156250e+02 3.422628784179687500e+02 2.586960144042968750e+02 3.562669982910156250e+02
6.500002288818359375e+01 2.761658477783203125e+01 9.107677459716796875e+01 2.907425880432128906e+01
1.187430419921875000e+02 2.035178680419921875e+02 1.211311950683593750e+02 2.352913360595703125e+02
2.683132629394531250e+02 2.812572021484375000e+02 3.203128051757812500e+02 2.792536926269531250e+02
5.756686401367187500e+02 2.090608978271484375e+02 5.750086669921875000e+02 1.950163574218750000e+02
4.332400817871093750e+02 1.390772399902343750e+02 3.986952209472656250e+02 1.511656951904296875e+02
1.037588195800781250e+02 3.131357421875000000e+02 1.037466049194335938e+02 3.240989074707031250e+02
1.687624511718750000e+02 2.053095092773437500e+02 1.425978393554687500e+02 2.039559173583984375e+02
2.176765441894531250e+02 2.100011596679687500e+02 2.800090332031250000e+02 2.128085479736328125e+02
5.062639770507812500e+02 4.181581115722656250e+01 5.318975219726562500e+02 2.852003479003906250e+01
2.426481933593750000e+02 2.457160034179687500e+02 2.587679748535156250e+02 2.522118835449218750e+02
2.059481964111328125e+02 1.482689514160156250e+02 2.087243347167968750e+02 1.351531982421875000e+02
6.376185302734375000e+02 7.629302978515625000e+01 6.318115844726562500e+02 6.094696807861328125e+01
1.229734725952148438e+02 3.243530883789062500e+02 1.211179351806640625e+02 3.553097229003906250e+02
4.500054168701171875e+01 4.040610656738281250e+02 4.500056838989257812e+01 3.863441162109375000e+02
4.902890014648437500e+02 6.375260925292968750e+01 4.750678710937500000e+02 6.187319946289062500e+01
1.520376129150390625e+02 3.552989196777343750e+02 1.537359313964843750e+02 3.375737915039062500e+02
5.954631347656250000e+02 1.800000305175781250e+02 5.952301635742187500e+02 1.688293304443359375e+02
1.869979858398437500e+02 3.132099304199218750e+02 1.672155456542968750e+02 3.120711364746093750e+02
2.081298828125000000e+02 4.470949401855468750e+02 5.501087188720703125e+01 4.537501220703125000e+02
2.213961944580078125e+02 2.374028320312500000e+02 2.587679748535156250e+02 2.522118835449218750e+02
2.162974700927734375e+02 2.587788391113281250e+02 2.213961944580078125e+02 2.374028320312500000e+02
6.254133605957031250e+01 2.353043365478515625e+02 6.000329971313476562e+01 2.489976043701171875e+02
2.020527038574218750e+02 3.120385437011718750e+02 2.552259826660156250e+02 3.140722656250000000e+02
1.487675933837890625e+02 3.882676696777343750e+02 1.687614746093750000e+02 3.862514038085937500e+02
4.058911437988281250e+02 1.480431365966796875e+02 4.332400817871093750e+02 1.390772399902343750e+02
1.878164825439453125e+02 1.290485534667968750e+02 2.107898254394531250e+02 1.297635192871093750e+02
2.573360290527343750e+02 1.209371871948242188e+02 2.350000762939453125e+02 1.190606384277343750e+02
1.700645446777343750e+02 4.050003967285156250e+02 1.687614746093750000e+02 3.862514038085937500e+02
3.566014099121093750e+02 1.650002441406250000e+02 3.350032348632812500e+02 1.640800018310546875e+02
3.929236145019531250e+02 4.638547973632812500e+02 3.968185424804687500e+02 3.991577453613281250e+02
4.100014648437500000e+02 2.108948059082031250e+02 4.100033874511718750e+02 1.923126983642578125e+02
4.487242126464843750e+02 3.018397521972656250e+02 4.468756408691406250e+02 2.907695007324218750e+02
4.087432250976562500e+02 1.753062133789062500e+02 4.100033874511718750e+02 1.923126983642578125e+02
3.366631469726562500e+02 4.398070678710937500e+02 3.664865417480468750e+02 4.396137084960937500e+02
1.252526473999023438e+02 9.750000762939453125e+01 1.550000152587890625e+02 9.885901641845703125e+01
5.937814941406250000e+02 2.100000305175781250e+02 5.950002441406250000e+02 1.959806213378906250e+02
5.909500732421875000e+02 3.000232849121093750e+02 5.915069580078125000e+02 2.717240905761718750e+02
4.058911437988281250e+02 1.480431365966796875e+02 3.986952209472656250e+02 1.511656951904296875e+02
2.461664123535156250e+02 3.422628784179687500e+02 2.186872253417968750e+02 3.131081848144531250e+02
1.481833343505859375e+02 2.812505798339843750e+02 1.629046325683593750e+02 2.812604064941406250e+02
3.929236145019531250e+02 4.638547973632812500e+02 3.981295471191406250e+02 3.729072875976562500e+02
6.350467529296875000e+02 2.089541405439376831e-02 6.318115844726562500e+02 6.094696807861328125e+01
8.326843261718750000e+01 3.000000305175781250e+02 6.000005340576171875e+01 3.124721374511718750e+02
6.015243148803710938e+01 2.662503051757812500e+02 5.876383209228515625e+01 2.988105163574218750e+02
5.262497558593750000e+02 2.083056945800781250e+02 5.274036865234375000e+02 2.235705261230468750e+02
2.113730773925781250e+02 4.050003967285156250e+02 2.564425048828125000e+02 4.036837768554687500e+02
4.187310485839843750e+02 8.762963867187500000e+01 4.321554870605468750e+02 8.024877929687500000e+01
5.262073364257812500e+02 2.534691162109375000e+02 5.262497558593750000e+02 2.083056945800781250e+02
5.024538879394531250e+02 1.725001373291015625e+02 5.025014648437500000e+02 1.826932067871093750e+02
5.752525634765625000e+02 1.818231201171875000e+02 5.750086669921875000e+02 1.950163574218750000e+02
1.687491760253906250e+02 1.739496917724609375e+02 1.687624511718750000e+02 2.053095092773437500e+02
5.900137939453125000e+02 3.188067932128906250e+02 5.911890258789062500e+02 2.907289428710937500e+02
4.180058593750000000e+02 1.632892417907714844e+01 3.818598937988281250e+02 5.490146577358245850e-03
6.625973510742187500e+01 3.388771667480468750e+02 6.713949584960937500e+01 3.242891235351562500e+02
5.714161376953125000e+02 1.395569763183593750e+02 5.752525634765625000e+02 1.818231201171875000e+02
5.023651504516601562e+01 3.116006469726562500e+02 6.000005340576171875e+01 3.124721374511718750e+02
2.960342407226562500e+02 3.103120727539062500e+02 3.083080444335937500e+02 2.980192565917968750e+02
1.869979858398437500e+02 3.132099304199218750e+02 2.020527038574218750e+02 3.120385437011718750e+02
3.712933654785156250e+02 2.984123535156250000e+02 3.568706970214843750e+02 2.932908630371093750e+02
5.954631347656250000e+02 1.800000305175781250e+02 5.961947631835937500e+02 1.479242553710937500e+02
3.100021057128906250e+02 6.837225341796875000e+01 1.135349273681640625e+02 5.440288162231445312e+01
3.107672119140625000e+02 2.728031616210937500e+02 3.203128051757812500e+02 2.792536926269531250e+02
5.262073364257812500e+02 2.534691162109375000e+02 5.274036865234375000e+02 2.235705261230468750e+02
5.269654541015625000e+02 1.894648284912109375e+02 5.264133300781250000e+02 1.958145446777343750e+02
5.960244750976562500e+02 1.578077850341796875e+02 5.952301635742187500e+02 1.688293304443359375e+02
1.211479873657226562e+02 1.435756378173828125e+02 1.400064392089843750e+02 1.452871093750000000e+02
2.785121765136718750e+02 2.598818664550781250e+02 2.683132629394531250e+02 2.812572021484375000e+02
1.481833343505859375e+02 2.812505798339843750e+02 1.800957641601562500e+02 2.803197631835937500e+02
4.287571411132812500e+02 1.715541534423828125e+02 3.968237915039062500e+02 1.763515319824218750e+02
2.081298828125000000e+02 4.470949401855468750e+02 3.024265747070312500e+02 4.425001525878906250e+02
5.513444824218750000e+02 1.875000762939453125e+02 5.505600585937500000e+02 2.448421630859375000e+02
5.961544189453125000e+02 1.340527801513671875e+02 5.952301635742187500e+02 1.688293304443359375e+02
5.960244750976562500e+02 1.578077850341796875e+02 5.961947631835937500e+02 1.479242553710937500e+02
4.100030822753906250e+02 2.264673767089843750e+02 4.086675415039062500e+02 2.826837768554687500e+02
4.517172241210937500e+02 1.652218627929687500e+02 4.087432250976562500e+02 1.753062133789062500e+02
6.713949584960937500e+01 3.242891235351562500e+02 6.505667114257812500e+01 3.450028076171875000e+02
1.481833343505859375e+02 2.812505798339843750e+02 1.250053100585937500e+02 2.812506713867187500e+02
1.110021591186523438e+02 9.654676818847656250e+01 1.400024261474609375e+02 9.760678100585937500e+01
3.100021057128906250e+02 6.837225341796875000e+01 1.287312927246093750e+02 5.527886962890625000e+01
1.650009460449218750e+02 5.752112579345703125e+01 2.882596130371093750e+02 6.616064453125000000e+01
1.187430419921875000e+02 2.035178680419921875e+02 1.425978393554687500e+02 2.039559173583984375e+02
2.020527038574218750e+02 3.120385437011718750e+02 1.911506805419921875e+02 3.000392761230468750e+02
1.350265197753906250e+02 2.812500305175781250e+02 1.355377807617187500e+02 2.643588562011718750e+02
1.800957641601562500e+02 2.803197631835937500e+02 1.629046325683593750e+02 2.812604064941406250e+02
1.670204925537109375e+02 3.256225967407226562e+01 1.661630096435546875e+02 4.220148086547851562e+01
3.100021057128906250e+02 6.837225341796875000e+01 1.472393188476562500e+02 5.630522537231445312e+01
2.350327148437500000e+02 1.303008117675781250e+02 2.107898254394531250e+02 1.297635192871093750e+02
1.250073928833007812e+02 1.104502410888671875e+02 9.624493408203125000e+01 1.087532653808593750e+02
3.064841918945312500e+02 4.561585083007812500e+02 3.502611999511718750e+02 4.583625488281250000e+02
1.871657104492187500e+02 4.476921386718750000e+02 2.832236938476562500e+02 4.434211120605468750e+02
5.359895019531250000e+02 1.477376861572265625e+02 5.600342407226562500e+02 1.368114318847656250e+02
1.563551483154296875e+02 3.129453125000000000e+02 1.672155456542968750e+02 3.120711364746093750e+02
1.037466049194335938e+02 3.240989074707031250e+02 1.037374877929687500e+02 3.566864929199218750e+02
2.350000762939453125e+02 1.190606384277343750e+02 2.350327148437500000e+02 1.303008117675781250e+02
1.550001983642578125e+02 3.235983276367187500e+02 1.520376129150390625e+02 3.552989196777343750e+02
6.000140762329101562e+01 2.775039978027343750e+02 6.000329971313476562e+01 2.489976043701171875e+02
5.900137939453125000e+02 3.188067932128906250e+02 6.374393920898437500e+02 3.252299804687500000e+02
2.809709167480468750e+02 2.025021972656250000e+02 2.810644226074218750e+02 1.785685424804687500e+02
2.765832214355468750e+02 4.059898681640625000e+02 2.564425048828125000e+02 4.036837768554687500e+02
4.902890014648437500e+02 6.375260925292968750e+01 5.062639770507812500e+02 4.181581115722656250e+01
1.700004272460937500e+02 1.293968391418457031e+01 1.661630096435546875e+02 4.220148086547851562e+01
1.670204925537109375e+02 3.256225967407226562e+01 1.287312927246093750e+02 5.527886962890625000e+01
1.537716522216796875e+02 1.125013351440429688e+02 1.912057189941406250e+02 1.107328948974609375e+02
2.024544982910156250e+02 3.525093383789062500e+02 2.024908294677734375e+02 3.451198730468750000e+02
5.686823120117187500e+02 3.134899902343750000e+02 4.974716491699218750e+02 2.990344543457031250e+02
5.257570800781250000e+02 2.455850830078125000e+02 5.274036865234375000e+02 2.235705261230468750e+02
2.426481933593750000e+02 2.457160034179687500e+02 2.329891967773437500e+02 2.411403198242187500e+02
1.064375915527343750e+02 2.353137512207031250e+02 1.409633178710937500e+02 2.362500305175781250e+02
1.616317749023437500e+02 1.462506561279296875e+02 1.400064392089843750e+02 1.452871093750000000e+02
5.359895019531250000e+02 1.477376861572265625e+02 5.310936889648437500e+02 1.687500305175781250e+02
1.487675933837890625e+02 3.882676696777343750e+02 8.000697326660156250e+01 3.900000000000000000e+02
2.329891967773437500e+02 2.411403198242187500e+02 2.587679748535156250e+02 2.522118835449218750e+02
5.262073364257812500e+02 2.534691162109375000e+02 5.264133300781250000e+02 1.958145446777343750e+02
1.563551483154296875e+02 3.129453125000000000e+02 1.869979858398437500e+02 3.132099304199218750e+02
3.502611999511718750e+02 4.583625488281250000e+02 3.366631469726562500e+02 4.398070678710937500e+02
4.111884765625000000e+02 4.618219604492187500e+02 3.963730468750000000e+02 4.486782836914062500e+02
4.779300537109375000e+02 1.595106201171875000e+02 4.884809875488281250e+02 1.218676452636718750e+02
3.800009155273437500e+02 1.565695495605468750e+02 3.986952209472656250e+02 1.511656951904296875e+02
8.235919952392578125e+01 2.794479980468750000e+02 1.050100631713867188e+02 2.803249511718750000e+02
2.785121765136718750e+02 2.598818664550781250e+02 2.162974700927734375e+02 2.587788391113281250e+02
2.279846343994140625e+02 1.490606536865234375e+02 2.350327148437500000e+02 1.303008117675781250e+02
2.287459106445312500e+02 3.862500610351562500e+02 2.004815063476562500e+02 3.862563781738281250e+02
4.087432250976562500e+02 1.753062133789062500e+02 3.968237915039062500e+02 1.763515319824218750e+02
4.587289733886718750e+02 6.571078491210937500e+01 4.750678710937500000e+02 6.187319946289062500e+01
3.234391784667968750e+01 4.546249084472656250e+02 5.776602172851562500e+01 4.078204650878906250e+02
