1.868146972656250000e+02 3.648300781250000000e+02 1.367174072265625000e+02 3.668819885253906250e+02
2.979761962890625000e+02 1.859288177490234375e+02 2.711213989257812500e+02 1.853262786865234375e+02
6.082824707031250000e+02 3.807009887695312500e+02 5.880370483398437500e+02 3.742601318359375000e+02
5.133886718750000000e+02 2.087202148437500000e+02 5.130231323242187500e+02 2.526915588378906250e+02
5.443206176757812500e+02 2.078285675048828125e+02 5.443430175781250000e+02 2.521564941406250000e+02
1.868627624511718750e+02 2.503981018066406250e+02 2.611770629882812500e+02 2.643428955078125000e+02
3.025678710937500000e+02 3.574786682128906250e+02 2.588730468750000000e+02 3.588778991699218750e+02
6.333469390869140625e+01 2.650576782226562500e+02 6.305520629882812500e+01 2.054499206542968750e+02
1.860180511474609375e+02 1.662799072265625000e+02 1.358426055908203125e+02 1.644700012207031250e+02
1.287177429199218750e+02 4.115659484863281250e+02 2.660185546875000000e+02 4.022412414550781250e+02
1.765354156494140625e+02 1.816136932373046875e+02 1.456800537109375000e+02 1.812708435058593750e+02
4.770263061523437500e+02 3.950632019042968750e+02 4.757546691894531250e+02 4.638419189453125000e+02
1.867309265136718750e+02 2.112996368408203125e+02 2.618446655273437500e+02 2.052020874023437500e+02
3.718594665527343750e+02 2.130013275146484375e+02 3.717304992675781250e+02 2.410561218261718750e+02
4.855997924804687500e+02 2.092079772949218750e+02 4.841401977539062500e+02 2.488148956298828125e+02
1.565289306640625000e+02 4.793510742187500000e+02 1.566068725585937500e+02 4.680908508300781250e+02
5.880370483398437500e+02 3.742601318359375000e+02 5.863396606445312500e+02 3.127136535644531250e+02
5.187592163085937500e+02 1.783233337402343750e+02 5.190528564453125000e+02 1.882040100097656250e+02
2.783499755859375000e+02 1.235597515106201172e+01 2.887177734375000000e+02 8.895499110221862793e-01
1.566068725585937500e+02 4.680908508300781250e+02 2.981236267089843750e+02 4.544680175781250000e+02
5.793648681640625000e+02 2.073161010742187500e+02 5.789763793945312500e+02 2.568906250000000000e+02
2.618681030273437500e+02 1.697279052734375000e+02 3.061939697265625000e+02 1.713588867187500000e+02
1.868146972656250000e+02 3.648300781250000000e+02 1.860180511474609375e+02 1.662799072265625000e+02
9.411111450195312500e+01 2.461559753417968750e+02 1.338321838378906250e+02 2.645017700195312500e+02
2.618681030273437500e+02 1.697279052734375000e+02 2.588730468750000000e+02 3.588778991699218750e+02
1.865502777099609375e+02 2.312372589111328125e+02 2.585179443359375000e+02 2.349118652343750000e+02
6.853425502777099609e-01 4.289187316894531250e+02 7.647521972656250000e+01 4.227016906738281250e+02
1.869594421386718750e+02 2.707111816406250000e+02 2.579797973632812500e+02 2.917523803710937500e+02
1.456800537109375000e+02 1.812708435058593750e+02 1.444394073486328125e+02 1.980578765869140625e+02
7.339832782745361328e+00 1.887131347656250000e+02 7.534189224243164062e+00 2.091779022216796875e+02
4.186569519042968750e+02 2.113980102539062500e+02 4.181249389648437500e+02 2.451557312011718750e+02
3.681171035766601562e+01 2.417936859130859375e+02 6.267713546752929688e+01 2.419468383789062500e+02
3.128356018066406250e+02 3.773138427734375000e+02 3.986584167480468750e+02 3.723435058593750000e+02
9.624947357177734375e+01 2.301035156250000000e+02 1.340047149658203125e+02 2.345683593750000000e+02
1.367174072265625000e+02 3.668819885253906250e+02 1.358426055908203125e+02 1.644700012207031250e+02
3.025678710937500000e+02 3.574786682128906250e+02 3.061939697265625000e+02 1.713588867187500000e+02
6.153141260147094727e-01 3.647927551269531250e+02 6.600178527832031250e+01 3.615343627929687500e+02
1.765354156494140625e+02 1.816136932373046875e+02 1.763010406494140625e+02 1.981668243408203125e+02
4.566083984375000000e+02 1.824364166259765625e+02 4.560563964843750000e+02 2.462766571044921875e+02
6.912350654602050781e-01 3.846095581054687500e+02 6.687857055664062500e+01 3.809607849121093750e+02
6.037796630859375000e+02 1.822880249023437500e+02 4.707290649414062500e+02 1.916495361328125000e+02
3.180305480957031250e+02 4.104203491210937500e+02 3.484727172851562500e+02 4.365701904296875000e+02
4.383175964355468750e+02 2.110257720947265625e+02 4.384688110351562500e+02 2.485118560791015625e+02
4.076362609863281250e+02 3.504265136718750000e+02 4.610692138671875000e+02 3.691279296875000000e+02
5.507507324218750000e+02 1.855557250976562500e+02 5.507109375000000000e+02 1.748812408447265625e+02
3.647735977172851562e+01 2.052490692138671875e+02 6.305520629882812500e+01 2.054499206542968750e+02
1.331157531738281250e+02 2.038243560791015625e+02 9.609813690185546875e+01 2.123926544189453125e+02
3.249921417236328125e+01 1.829658966064453125e+02 1.071934356689453125e+02 1.846186981201171875e+02
3.128356018066406250e+02 3.773138427734375000e+02 3.130037841796875000e+02 4.414233398437500000e+02
4.372750549316406250e+02 2.976797790527343750e+02 4.368859252929687500e+02 3.199932861328125000e+02
4.663847045898437500e+02 2.107254943847656250e+02 4.658235168457031250e+02 2.462740478515625000e+02
1.867705688476562500e+02 2.896277160644531250e+02 2.575030212402343750e+02 3.207867431640625000e+02
3.709714508056640625e+01 2.670778198242187500e+02 7.361301422119140625e+01 2.654586486816406250e+02
7.594557189941406250e+01 3.950163574218750000e+02 7.139633893966674805e-01 3.965976562500000000e+02
5.381649780273437500e+02 9.921899414062500000e+01 5.374780883789062500e+02 2.109872627258300781e+01
3.130037841796875000e+02 4.414233398437500000e+02 2.660185546875000000e+02 4.022412414550781250e+02
9.664167785644531250e+01 1.929351501464843750e+02 3.392168426513671875e+01 1.921880340576171875e+02
9.419861602783203125e+01 2.636601562500000000e+02 1.333386077880859375e+02 2.939429931640625000e+02
6.082824707031250000e+02 3.807009887695312500e+02 6.394834594726562500e+02 3.778866271972656250e+02
3.520510253906250000e+02 4.036562194824218750e+02 3.534752807617187500e+02 4.776957092285156250e+02
4.711698608398437500e+02 1.825513763427734375e+02 4.707290649414062500e+02 1.916495361328125000e+02
1.690768585205078125e+02 1.998136749267578125e+02 1.695327911376953125e+02 2.190847167968750000e+02
4.711698608398437500e+02 1.825513763427734375e+02 6.037713012695312500e+02 1.701334381103515625e+02
6.032752075195312500e+02 2.053155517578125000e+02 4.569925537109375000e+02 2.095338745117187500e+02
2.757071495056152344e+01 1.678312530517578125e+02 1.283693084716796875e+02 1.704295501708984375e+02
4.233303527832031250e+02 1.865859222412109375e+02 4.234327392578125000e+02 1.944387207031250000e+02
4.814421386718750000e+02 2.461128997802734375e+01 3.022898254394531250e+02 7.931578159332275391e-01
4.478520202636718750e+02 2.109752655029296875e+02 3.641152954101562500e+02 2.129174194335937500e+02
2.024000701904296875e+02 1.518105010986328125e+02 3.223215103149414062e+01 1.415628356933593750e+02
3.123335876464843750e+02 4.422001647949218750e+02 3.534752807617187500e+02 4.776957092285156250e+02
7.594367861747741699e-01 4.447832641601562500e+02 7.121900177001953125e+01 4.395699462890625000e+02
3.065174865722656250e+02 1.972630767822265625e+02 3.538171691894531250e+02 1.981187896728515625e+02
6.020421752929687500e+02 3.085956726074218750e+02 5.863396606445312500e+02 3.127136535644531250e+02
3.536851196289062500e+02 2.412581024169921875e+02 3.565482177734375000e+02 1.628451538085937500e+02
4.480480651855468750e+02 1.931479949951171875e+02 3.767222595214843750e+02 1.979754943847656250e+02
6.332185668945312500e+02 3.140290832519531250e+02 6.294748535156250000e+02 3.777887573242187500e+02
2.588730468750000000e+02 3.588778991699218750e+02 1.872014770507812500e+02 3.087311096191406250e+02
4.709147338867187500e+02 2.878745422363281250e+02 4.707683715820312500e+02 2.761390686035156250e+02
6.082824707031250000e+02 3.807009887695312500e+02 6.081866455078125000e+02 3.239280700683593750e+02
3.512865905761718750e+02 2.789241027832031250e+02 3.676127929687500000e+02 2.785779724121093750e+02
1.835341644287109375e+02 2.191828002929687500e+02 1.695327911376953125e+02 2.190847167968750000e+02
5.293336181640625000e+02 2.917759399414062500e+02 5.273869628906250000e+02 3.624645996093750000e+02
7.534189224243164062e+00 2.091779022216796875e+02 2.218654632568359375e+01 2.090917510986328125e+02
6.020421752929687500e+02 3.085956726074218750e+02 6.056444091796875000e+02 9.977232360839843750e+01
5.588593750000000000e+02 2.522678375244140625e+02 5.587127685546875000e+02 2.079766693115234375e+02
7.846762084960937500e+01 4.790554809570312500e+02 7.594557189941406250e+01 3.950163574218750000e+02
7.339832782745361328e+00 1.887131347656250000e+02 2.273081207275390625e+01 1.891187133789062500e+02
3.839126586914062500e+02 2.122800903320312500e+02 3.834856872558593750e+02 2.389687652587890625e+02
3.065681457519531250e+02 1.899025115966796875e+02 3.632020568847656250e+02 1.903013916015625000e+02
4.770263061523437500e+02 3.950632019042968750e+02 3.520510253906250000e+02 4.036562194824218750e+02
3.581367187500000000e+02 8.039898681640625000e+01 1.608089637756347656e+01 5.127857971191406250e+01
4.368859252929687500e+02 3.199932861328125000e+02 4.515561523437500000e+02 3.214998779296875000e+02
1.524171600341796875e+02 1.998631744384765625e+02 1.520267639160156250e+02 2.188342895507812500e+02
2.988490905761718750e+02 4.790427246093750000e+02 2.981236267089843750e+02 4.544680175781250000e+02
2.416724243164062500e+02 1.742193908691406250e+02 1.863778533935546875e+02 1.729399108886718750e+02
3.309412231445312500e+02 3.178124084472656250e+02 3.310308837890625000e+02 2.756429748535156250e+02
2.750482940673828125e+01 1.172043075561523438e+02 2.483010864257812500e+02 1.283152618408203125e+02
1.468672027587890625e+02 4.793149108886718750e+02 1.469179077148437500e+02 4.634436950683593750e+02
3.631762390136718750e+02 6.541594696044921875e+01 1.234942626953125000e+01 3.253659820556640625e+01
4.288201904296875000e+02 4.717298507690429688e+01 4.308039855957031250e+02 3.245192337036132812e+01
6.081866455078125000e+02 3.239280700683593750e+02 5.863396606445312500e+02 3.127136535644531250e+02
6.225719604492187500e+02 1.228640317916870117e+00 6.226216430664062500e+02 9.520295715332031250e+01
4.515561523437500000e+02 3.214998779296875000e+02 4.514636840820312500e+02 3.016660461425781250e+02
3.130037841796875000e+02 4.414233398437500000e+02 3.130182189941406250e+02 4.414362792968750000e+02
4.263840026855468750e+02 2.916357116699218750e+02 4.425644226074218750e+02 2.900232238769531250e+02
6.081866455078125000e+02 3.239280700683593750e+02 6.332185668945312500e+02 3.140290832519531250e+02
1.287177429199218750e+02 4.115659484863281250e+02 1.367545166015625000e+02 4.792962646484375000e+02
4.732965393066406250e+02 3.020242309570312500e+02 4.731487426757812500e+02 3.204674682617187500e+02
3.020755920410156250e+02 2.533713579177856445e+00 2.887177734375000000e+02 8.895499110221862793e-01
9.664167785644531250e+01 1.929351501464843750e+02 9.356330871582031250e+01 2.976022338867187500e+02
4.757546691894531250e+02 4.638419189453125000e+02 3.775764770507812500e+02 4.785361328125000000e+02
4.732965393066406250e+02 3.020242309570312500e+02 5.120850830078125000e+02 3.008367309570312500e+02
4.566083984375000000e+02 1.824364166259765625e+02 4.710592346191406250e+02 1.812283172607421875e+02
1.763010406494140625e+02 1.981668243408203125e+02 1.444394073486328125e+02 1.980578765869140625e+02
3.176216735839843750e+02 4.289775085449218750e+02 3.482602539062500000e+02 4.554365234375000000e+02
4.482382202148437500e+02 1.851216888427734375e+02 4.474435729980468750e+02 1.851819915771484375e+02
4.042021484375000000e+02 1.898485870361328125e+02 4.041598815917968750e+02 1.914101715087890625e+02
4.014738159179687500e+02 3.207476806640625000e+02 4.061093750000000000e+02 2.762723388671875000e+02
4.414676818847656250e+02 2.949759216308593750e+02 4.732965393066406250e+02 3.020242309570312500e+02
3.249921417236328125e+01 1.829658966064453125e+02 2.757071495056152344e+01 1.678312530517578125e+02
2.776277542114257812e+01 1.295954132080078125e+02 2.279473876953125000e+02 1.380260467529296875e+02
2.625924072265625000e+02 4.710470886230468750e+02 2.622290039062500000e+02 4.582098083496093750e+02
1.619616317749023438e+01 1.451126861572265625e+02 7.138639688491821289e-01 9.924931335449218750e+01
1.287177429199218750e+02 4.115659484863281250e+02 1.469179077148437500e+02 4.634436950683593750e+02
1.520267639160156250e+02 2.188342895507812500e+02 1.370375976562500000e+02 2.189734344482421875e+02
6.687857055664062500e+01 3.809607849121093750e+02 6.600178527832031250e+01 3.615343627929687500e+02
7.611647033691406250e+01 2.045615997314453125e+02 7.361301422119140625e+01 2.654586486816406250e+02
3.768062438964843750e+02 1.989983215332031250e+02 3.634585876464843750e+02 2.000944213867187500e+02
2.618681030273437500e+02 1.697279052734375000e+02 1.866621246337890625e+02 1.898538055419921875e+02
3.636724243164062500e+02 2.417363281250000000e+02 3.632020568847656250e+02 1.903013916015625000e+02
3.061939697265625000e+02 1.713588867187500000e+02 6.038759765625000000e+02 1.102140121459960938e+02
3.986711120605468750e+02 3.725737304687500000e+02 4.610692138671875000e+02 3.691279296875000000e+02
3.512865905761718750e+02 2.789241027832031250e+02 3.310308837890625000e+02 2.756429748535156250e+02
4.424680786132812500e+02 2.757273559570312500e+02 4.425644226074218750e+02 2.900232238769531250e+02
6.020421752929687500e+02 3.085956726074218750e+02 6.332185668945312500e+02 3.140290832519531250e+02
4.577566528320312500e+02 3.637873840332031250e+01 1.773127899169921875e+02 6.829646229743957520e-01
4.480678710937500000e+02 1.923120727539062500e+02 4.482363586425781250e+02 1.852007751464843750e+02
4.426038818359375000e+02 2.907290954589843750e+02 5.017630615234375000e+02 2.874223937988281250e+02
2.024000701904296875e+02 1.518105010986328125e+02 2.022748565673828125e+02 1.850266265869140625e+02
4.482374572753906250e+02 1.851908416748046875e+02 4.475561218261718750e+02 2.462521057128906250e+02
4.707276916503906250e+02 1.916301727294921875e+02 4.568380126953125000e+02 1.926054229736328125e+02
3.660308227539062500e+02 5.823428344726562500e+01 2.154814529418945312e+01 2.440440559387207031e+01
3.249921417236328125e+01 1.829658966064453125e+02 3.392168426513671875e+01 1.921880340576171875e+02
4.263840026855468750e+02 2.916357116699218750e+02 4.239485473632812500e+02 3.204685058593750000e+02
5.374780883789062500e+02 2.109872627258300781e+01 5.776066284179687500e+02 8.452233076095581055e-01
3.771770324707031250e+02 4.750103759765625000e+02 3.534752807617187500e+02 4.776957092285156250e+02
3.061787414550781250e+02 2.873700561523437500e+02 3.210384521484375000e+02 2.865327758789062500e+02
3.537429504394531250e+02 1.996113281250000000e+02 3.634585876464843750e+02 2.000944213867187500e+02
4.061093750000000000e+02 2.762723388671875000e+02 4.273762512207031250e+02 2.759752807617187500e+02
4.424680786132812500e+02 2.757273559570312500e+02 4.273759155273437500e+02 2.759535827636718750e+02
5.293336181640625000e+02 2.917759399414062500e+02 5.565876464843750000e+02 2.939420471191406250e+02
3.632008056640625000e+02 1.904337310791015625e+02 3.765816955566406250e+02 1.905592346191406250e+02
3.766492919921875000e+02 1.941253662109375000e+02 3.766564025878906250e+02 1.945011901855468750e+02
7.611647033691406250e+01 2.045615997314453125e+02 6.304373168945312500e+01 2.047883148193359375e+02
4.570062561035156250e+02 2.099648132324218750e+02 4.478291625976562500e+02 2.102565155029296875e+02
1.469179077148437500e+02 4.634436950683593750e+02 3.130037841796875000e+02 4.414233398437500000e+02
5.475225219726562500e+02 8.585969209671020508e-01 2.024000701904296875e+02 1.518105010986328125e+02
2.147701454162597656e+01 2.514508628845214844e+01 1.174050903320312500e+01 2.421004295349121094e+01
4.610692138671875000e+02 3.691279296875000000e+02 4.584667358398437500e+02 3.920321960449218750e+02
6.392882080078125000e+02 9.206845855712890625e+01 3.047322082519531250e+02 1.646180877685546875e+02
4.372750549316406250e+02 2.976797790527343750e+02 4.410861511230468750e+02 2.981394042968750000e+02
2.633195495605468750e+02 1.212783508300781250e+02 2.486833801269531250e+02 1.205571365356445312e+02
5.019345092773437500e+02 3.238272705078125000e+02 5.023154296875000000e+02 3.580730590820312500e+02
3.512865905761718750e+02 2.789241027832031250e+02 3.531489562988281250e+02 3.021369018554687500e+02
9.664167785644531250e+01 1.929351501464843750e+02 1.358426055908203125e+02 1.644700012207031250e+02
4.710487976074218750e+02 1.825504150390625000e+02 4.711698608398437500e+02 1.825513763427734375e+02
2.696564483642578125e+01 8.372754669189453125e+01 2.975621948242187500e+02 1.066689758300781250e+02
4.332386016845703125e+01 2.895807495117187500e+02 5.811768341064453125e+01 2.893549194335937500e+02
1.368537597656250000e+02 3.271240844726562500e+02 9.395368957519531250e+01 2.824572448730468750e+02
3.217101440429687500e+02 2.562751159667968750e+02 3.381789855957031250e+02 2.562140197753906250e+02
3.709714508056640625e+01 2.670778198242187500e+02 3.647735977172851562e+01 2.052490692138671875e+02
3.183410644531250000e+02 9.849255371093750000e+01 2.656041336059570312e+01 7.627660369873046875e+01
3.484585876464843750e+02 3.015506591796875000e+02 3.471556396484375000e+02 3.119754333496093750e+02
4.575752258300781250e+02 4.793150024414062500e+02 4.568735351562500000e+02 4.666601867675781250e+02
3.763286132812500000e+02 1.886031036376953125e+02 6.037701416015625000e+02 1.591771240234375000e+02
4.836738281250000000e+02 2.877354431152343750e+02 4.836204833984375000e+02 2.786220092773437500e+02
4.368859252929687500e+02 3.199932861328125000e+02 4.239485473632812500e+02 3.204685058593750000e+02
4.424690246582031250e+02 2.761973876953125000e+02 4.707683715820312500e+02 2.761390686035156250e+02
4.610692138671875000e+02 3.691279296875000000e+02 4.732998352050781250e+02 3.812344970703125000e+02
3.831629028320312500e+02 2.712611083984375000e+02 4.061093750000000000e+02 2.762723388671875000e+02
7.611647033691406250e+01 2.045615997314453125e+02 9.564618682861328125e+01 1.914521331787109375e+02
1.619616317749023438e+01 1.451126861572265625e+02 5.213267803192138672e-01 1.455256195068359375e+02
4.566112365722656250e+02 1.824705047607421875e+02 3.764668579101562500e+02 1.891893615722656250e+02
4.263840026855468750e+02 2.916357116699218750e+02 4.038458862304687500e+02 2.908739013671875000e+02
3.675812683105468750e+02 2.715166320800781250e+02 3.688414916992187500e+02 2.715109863281250000e+02
6.024558105468750000e+02 2.951007995605468750e+02 5.565876464843750000e+02 2.939420471191406250e+02
7.594557189941406250e+01 3.950163574218750000e+02 6.687857055664062500e+01 3.809607849121093750e+02
4.038458862304687500e+02 2.908739013671875000e+02 3.833116149902343750e+02 2.976458740234375000e+02
4.566911315917968750e+02 1.833568878173828125e+02 3.765816955566406250e+02 1.905592346191406250e+02
1.137446498870849609e+01 1.406091594696044922e+01 4.123866577148437500e+02 5.710760879516601562e+01
5.588593750000000000e+02 2.522678375244140625e+02 5.010861206054687500e+02 2.530934143066406250e+02
4.570137939453125000e+02 2.101731872558593750e+02 4.478355102539062500e+02 2.104780120849609375e+02
3.831629028320312500e+02 2.712611083984375000e+02 3.833116149902343750e+02 2.976458740234375000e+02
4.266926269531250000e+02 3.511160888671875000e+02 4.518557739257812500e+02 3.510870056152343750e+02
2.626403503417968750e+02 2.198972625732421875e+02 2.758128051757812500e+02 2.197530822753906250e+02
2.376208190917968750e+02 3.362799682617187500e+02 2.391875000000000000e+02 3.005844726562500000e+02
4.014738159179687500e+02 3.207476806640625000e+02 4.239485473632812500e+02 3.204685058593750000e+02
3.676127929687500000e+02 2.785779724121093750e+02 3.681573791503906250e+02 2.916005554199218750e+02
1.562979583740234375e+02 4.628868713378906250e+02 1.469179077148437500e+02 4.634436950683593750e+02
1.779972839355468750e+01 1.035583972930908203e+00 4.288201904296875000e+02 4.717298507690429688e+01
3.039998168945312500e+02 1.610587005615234375e+02 2.618681030273437500e+02 1.697279052734375000e+02
2.024000701904296875e+02 1.518105010986328125e+02 5.360556030273437500e+02 1.756337547302246094e+01
4.273762817382812500e+02 2.759752807617187500e+02 4.273762512207031250e+02 2.759752807617187500e+02
6.084328613281250000e+02 3.239287414550781250e+02 6.084512329101562500e+02 3.170022583007812500e+02
4.518557739257812500e+02 3.510870056152343750e+02 4.516210327148437500e+02 3.214993591308593750e+02
4.076362609863281250e+02 3.504265136718750000e+02 3.986584167480468750e+02 3.723435058593750000e+02
3.671256303787231445e+00 9.845542144775390625e+01 8.950686454772949219e-01 8.811367797851562500e+01
2.623903465270996094e+01 3.622264709472656250e+02 2.273081207275390625e+01 1.891187133789062500e+02
3.831629028320312500e+02 2.712611083984375000e+02 3.688414916992187500e+02 2.715109863281250000e+02
2.757071495056152344e+01 1.678312530517578125e+02 1.619616317749023438e+01 1.451126861572265625e+02
4.568800048828125000e+02 1.931724395751953125e+02 3.768141479492187500e+02 1.991048583984375000e+02
2.813956069946289062e+01 1.096981506347656250e+02 2.789891815185546875e+01 1.096778030395507812e+02
3.035008850097656250e+02 1.591035156250000000e+02 5.381649780273437500e+02 9.921899414062500000e+01
3.647735977172851562e+01 2.052490692138671875e+02 3.392168426513671875e+01 1.921880340576171875e+02
4.707174377441406250e+02 1.914813385009765625e+02 4.568294677734375000e+02 1.924408569335937500e+02
7.361301422119140625e+01 2.654586486816406250e+02 1.364898834228515625e+02 3.543698730468750000e+02
4.266926269531250000e+02 3.511160888671875000e+02 4.239485473632812500e+02 3.204685058593750000e+02
3.523838500976562500e+02 4.071022338867187500e+02 3.180305480957031250e+02 4.104203491210937500e+02
3.581367187500000000e+02 8.039898681640625000e+01 3.631762390136718750e+02 6.541594696044921875e+01
9.580756378173828125e+01 1.916991882324218750e+02 9.582632446289062500e+01 1.916869354248046875e+02
4.482382202148437500e+02 1.851216888427734375e+02 4.560563964843750000e+02 2.462766571044921875e+02
4.424680786132812500e+02 2.757273559570312500e+02 4.424758911132812500e+02 2.757274780273437500e+02
3.208390426635742188e+01 1.456841735839843750e+02 1.619616317749023438e+01 1.451126861572265625e+02
4.273762512207031250e+02 2.759752807617187500e+02 4.261710510253906250e+02 2.916192932128906250e+02
5.010861206054687500e+02 2.530934143066406250e+02 5.012811279296875000e+02 2.349640197753906250e+02
3.590614013671875000e+02 1.906753234863281250e+02 3.565482177734375000e+02 1.628451538085937500e+02
3.632033691406250000e+02 1.903014221191406250e+02 3.632020568847656250e+02 1.903013916015625000e+02
6.076843872070312500e+02 3.170094604492187500e+02 6.076048583984375000e+02 3.085434570312500000e+02
3.636724243164062500e+02 2.417363281250000000e+02 3.644566650390625000e+02 2.389836883544921875e+02
3.310308837890625000e+02 2.756429748535156250e+02 3.064456481933593750e+02 2.718093872070312500e+02
6.499743938446044922e+00 9.805706024169921875e+01 6.140863895416259766e-01 6.949462890625000000e+01
3.210384521484375000e+02 2.865327758789062500e+02 3.217101440429687500e+02 2.562751159667968750e+02
1.779972839355468750e+01 1.035583972930908203e+00 2.306116104125976562e+01 3.480329895019531250e+01
4.841401977539062500e+02 2.488148956298828125e+02 4.560563964843750000e+02 2.462766571044921875e+02
4.707683715820312500e+02 2.761390686035156250e+02 4.836204833984375000e+02 2.786220092773437500e+02
1.234942626953125000e+01 3.253659820556640625e+01 1.174050903320312500e+01 2.421004295349121094e+01
4.425644226074218750e+02 2.900232238769531250e+02 4.425728454589843750e+02 2.900228271484375000e+02
1.367174072265625000e+02 3.668819885253906250e+02 1.310387115478515625e+02 3.577653808593750000e+02
2.776277542114257812e+01 1.295954132080078125e+02 2.750482940673828125e+01 1.172043075561523438e+02
6.081081542968750000e+02 3.170061645507812500e+02 6.080119628906250000e+02 3.085279846191406250e+02
1.730319023132324219e+01 6.072187042236328125e+01 1.840248489379882812e+01 6.895290374755859375e+01
6.084512329101562500e+02 3.170022583007812500e+02 6.083415527343750000e+02 3.085142822265625000e+02
3.531489562988281250e+02 3.021369018554687500e+02 3.521399536132812500e+02 3.037932434082031250e+02
3.652661132812500000e+02 2.730208129882812500e+02 3.677699584960937500e+02 2.719634704589843750e+02
1.333386077880859375e+02 2.939429931640625000e+02 1.284043273925781250e+02 3.166532897949218750e+02
2.776277542114257812e+01 1.295954132080078125e+02 1.619616317749023438e+01 1.451126861572265625e+02
4.432909545898437500e+02 2.903069152832031250e+02 4.425716247558593750e+02 2.900260314941406250e+02
2.484271087646484375e+02 1.210210571289062500e+02 2.486752929687500000e+02 1.210253448486328125e+02
4.568345642089843750e+02 1.926056976318359375e+02 4.568380126953125000e+02 1.926054229736328125e+02
3.520510253906250000e+02 4.036562194824218750e+02 3.517120971679687500e+02 4.037236022949218750e+02
1.524171600341796875e+02 1.998631744384765625e+02 1.509129791259765625e+02 1.957121124267578125e+02
4.566083984375000000e+02 1.824364166259765625e+02 4.560602722167968750e+02 1.863005218505859375e+02
3.083854866027832031e+01 1.835592651367187500e+02 2.548506736755371094e+01 1.685764770507812500e+02
2.776277542114257812e+01 1.295954132080078125e+02 3.223215103149414062e+01 1.415628356933593750e+02
5.789763793945312500e+02 2.568906250000000000e+02 6.027417602539062500e+02 2.598504333496093750e+02
4.515561523437500000e+02 3.214998779296875000e+02 4.515561828613281250e+02 3.215000000000000000e+02
1.662832641601562500e+01 1.940246963500976562e+01 1.137446498870849609e+01 1.406091594696044922e+01
2.784745597839355469e+01 1.172066497802734375e+02 2.789878845214843750e+01 1.096965026855468750e+02
1.215822906494140625e+02 3.325908508300781250e+02 1.284043273925781250e+02 3.166532897949218750e+02
3.688404235839843750e+02 2.714114379882812500e+02 3.677642822265625000e+02 2.714227294921875000e+02
3.632020874023437500e+02 1.903016357421875000e+02 3.671493835449218750e+02 2.137927703857421875e+02
2.698615646362304688e+01 1.891370697021484375e+02 2.738930511474609375e+01 9.573760986328125000e+01
4.570217895507812500e+02 2.103783111572265625e+02 4.478423461914062500e+02 2.106960601806640625e+02
1.293960571289062500e+02 4.175999450683593750e+02 1.266907653808593750e+02 4.179040832519531250e+02
