252 169 270 169
273.885 175 273.916 196
529.769 122.038 515.542 408.977
252.001 199.085 272.011 198.811
245 142 245 172
229 136 229 219
284.61 207.036 287.225 234.979
311.331 204.912 309.211 221.028
260.007 99.649 324.001 100.94
374.988 200.51 404.994 199.774
370.606 109.014 365.648 320.992
473.483 220.965 472.259 239.018
340.228 202.257 359.274 208.109
533.055 22.0022 531.129 71.0051
531.157 77.007 529.198 121.009
261 106.075 324 106.05
244.784 191.015 246.119 209.992
261.194 143.988 260.907 162.999
443.037 174 443.096 214
298.903 173.002 299.358 193.015
315.097 201.018 312.678 213.94
416.048 33.8092 428.99 37.0405
92.9719 36.1946 108.928 38.4969
374.081 108.997 375.338 138.986
457 157 479 157
251.011 223.262 275.011 222.275
365.911 218.997 363.536 284.983
454.019 210.74 471.997 212.044
251 227 285 227
286.224 168.007 285.463 193.014
376.006 140.741 442.994 142.263
334 174 365 174
261 200 261 237
494.772 167.01 495.595 186.018
323.007 202.787 344.017 203.505
423.945 201.567 440.979 203.214
467.019 98.0007 465.672 134.988
465.161 142.007 463.58 178.982
380.99 204.753 406.988 203.706
430.652 204.942 427.797 221.966
232.021 34.3295 252.999 32.9811
374.213 176.007 373.526 198.016
268 208 283 208
326.988 221.765 361.011 222.308
458.156 97.0092 454.714 154.983
425.016 157.501 443.997 156.899
229 228 244 228
156.006 88.4893 453 92.0296
386.011 222.684 419.007 223.787
375.001 156.15 424 155.93
440.249 174.017 438.594 198.973
215.944 107 216.008 317
367 141 367 174
457.017 141.784 473.993 143.09
491.743 121.03 487.791 217.992
264 139 264 168
292.992 228.357 332.998 227.834
229 230 229 248
190.514 333.432 142.565 390.475
392.002 217.026 417.004 215.05
411.072 41.4355 424.05 39.3011
376.041 173.668 399.922 176.628
245 229 245 244
377.008 118.641 443.999 120.065
298.593 114.985 299.182 137.995
300.007 139.698 364.997 141.15
373.386 217.01 371.027 311.001
35.3399 77.0216 44.5846 359.014
287 117 287 138
481.488 94.0206 478.284 170.012
474.817 159.003 475.037 171.999
451.323 110.012 446.865 234.031
298.014 223.677 332.993 225.162
163 145 163 168
508.289 174.012 507.192 201.008
401.032 174.763 421.926 177.551
326.998 106.894 407 107.052
441.697 231.989 438.683 312.988
442 203 442 224
195.983 326.569 383.992 332.271
218.354 141.983 217.625 169.017
583.696 175.987 584.144 199.997
452.459 226.01 450.618 307.014
142.001 391.955 406.984 399.549
582.154 183.01 578.029 244.002
167.007 203.622 190.999 204.04
364.996 323.368 444.008 324.321
443.792 149.017 445.368 167.969
476.605 229.029 472.809 308.991
211.064 162 211.014 309
491.992 120.216 522.989 121.307
468 172 468 188
163.998 154.91 209.991 153.672
613.033 201.657 637.996 204.044
262.698 205.013 264.065 236.997
219.98 169.999 218.659 194.982
211.781 108.992 210.692 137.988
318.989 214.128 358.959 217.487
478.052 190.002 476.67 226.988
306.05 172 305.851 198.999
175.963 214.648 191.005 213.048
143.649 172.003 144.997 308
271 140 286 140
41.5621 76.0135 49.2281 325.024
165.001 139.785 210 139.97
569.565 258.033 565.228 332.013
300 155 361 155
32.7927 78.0069 42.0943 357.997
542.509 21.023 531.015 275.956
302.008 117.646 365.998 119.096
318.019 210.823 356.002 214.979
610.01 43.2366 628.02 42.4434
28.0104 83.0328 36.7536 347.008
567.215 234.017 565.736 252.979
386.144 332.95 402.615 380.134
466.239 174.008 465.456 198.015
248 140 261 140
576.016 149.17 636.958 143.544
610.762 201.954 605.501 229.097
455.402 175.038 452.859 201.987
409.012 172.262 429.016 171.359
575.902 149.994 571.002 233
180.005 319.258 225.008 318.401
565.958 333.061 638.348 382.491
47 154 70 154
142.663 117.009 143.872 163.003
467.225 144.989 466.916 165.999
448.532 307.981 447.042 344.002
371 314 438 314
457 145 474 145
25.6285 154.017 28.0724 207.997
86.9472 92.0012 92.2546 327.017
121.995 317.302 177.996 318.244
605.334 296.367 625.886 307.216
295.006 85.6389 382.999 87.0705
391 144 422 144
431 145 443 145
455.882 157.989 454.693 170.972
607 174 628 174
183.745 169.02 185.139 186.989
487.687 92.9814 482.335 183.079
526.087 62.0036 524.63 96.9846
219.267 200.022 218.259 212.022
342.02 323.703 358.015 324.77
294.349 109.005 292.835 224.998
522.061 174.004 518.917 224.995
143.006 115.731 209.995 117.236
314 177 314 200
518.159 190.007 516.722 221.988
1.14615 406.206 95.5526 339.368
219.007 116.673 284.996 118.162
619.98 192.634 635.995 193.149
218.005 104.754 257.009 105.561
321.011 114.69 358.999 116.041
379 231.021 441 230.94
192 166 210 166
383.001 214.089 404.011 213.814
218.836 216 219.086 324
589.971 323.464 601.986 324.226
211 139 211 153
601.785 193.017 603.264 211.979
498.981 158.389 516.994 157.823
290.438 205.006 288.933 320.999
154.678 160.98 152.919 189.995
227.005 318.851 339.977 322.679
291.72 110.997 290.694 201.997
547.893 109.039 541.748 248.989
288.126 141.018 286.411 153.059
466.357 94.6328 524.049 62.0873
350 322 362 322
351 177 351 190
179.008 141.816 208.991 143.188
168.452 176.979 169.228 193.99
285.301 240.004 284.247 311.004
590.034 176.002 580.691 317.98
397.713 243.261 436.287 285.739
84.4072 92.0138 89.8613 326.003
145.037 219.52 174.02 221.743
515.691 409.982 512.885 457.993
265.761 201.015 266.988 220.001
50.9011 327 50.969 369
511.07 458.818 523.204 463.467
502 143 522 143
169.999 208.985 188.977 207.674
516.402 233.014 514.686 284.023
577.125 260.008 573.861 313.992
299.994 112.322 352.999 111.858
300 142.958 358.002 143.094
131.434 94.0099 135.219 311.014
163.764 200.004 164.079 217.999
461.028 310.974 512.286 365.732
125 414 138 414
193.001 81.9213 382.997 84.2195
486.439 243.022 482.974 312.999
1.29678 387.449 43.6378 359.452
292.061 254 291.862 314
512.294 367.014 510.864 395.993
131.934 321.699 151.984 320.678
449.764 330.436 509.135 410.901
598.013 170.747 630.975 172.475
147.021 309.25 164.98 307.759
157.001 322.092 248.997 321.561
466.994 432.264 508.993 433.29
402.935 255.059 427.24 281.782
638 314 638 332
325 109 364 109
179.016 157.856 198.994 160.054
532.588 277.034 522.599 448.035
313.01 325.686 360.994 327.188
376 162 417 162
583.307 201.03 582.234 212.023
395.985 234.015 436.991 275.009
456.91 471.192 472.719 478.599
1.97843 153.482 17.9911 154.199
584 172 596 172
617.69 256.01 619.536 313.983
524.116 122.009 522.696 140.977
21.35 124.027 25.2996 217.987
230.986 242.917 243.958 240.747
453.934 291.066 488.55 325.453
398.997 421.094 506.995 424.168
461.831 225.995 459.889 294.997
164.981 308.521 209.993 310.191
297.669 238.996 296.72 309.996
396 179 425 179
295.993 311.211 333.999 310.869
48 140 69 140
608.637 237.037 611.381 263.961
490 325 505 325
108.097 221.998 110.657 336.008
509.882 416.993 507.775 451.986
96.4248 234.014 98.9424 335.001
219.997 111.132 285.993 112.379
16.2216 107.99 24.9114 303.96
96 183 96 225
489 93 524 93
70.7671 204.014 71.9726 224.002
467.192 434.266 494.867 441.508
484.254 94.0197 483.245 107.019
582.397 213.024 576.241 313.954
94 79 94 123
181 172 181 198
300 286 321 286
57 322 57 336
50.4055 98.0181 52.3562 162.02
0.777503 54.6357 89.7301 85.771
539.314 161.022 537.911 180.994
163.682 229.008 165.091 282.998
222 309 240 309
1.14404 66.5568 26.1071 74.6706
472.01 441.785 488.022 442.5
105.698 80.0063 107.174 150.996
91.4981 93.0098 95.414 292.992
136.643 107.007 139.544 259.009
363.689 294.987 362.71 317.988
260.006 310.907 281.983 312.276
257.004 93.7522 451.003 96.7946
299 161 365 161
199 85 285 85
52 316 72 316
45.0627 80.7831 85.8354 92.5693
302 136 318 136
370.006 325.706 418.005 326.75
386.004 328.828 442.996 330.187
354 89 379 89
454.421 295.577 513.036 353.964
245 108 258 108
221.001 108.969 285.992 110.355
454.115 331.914 510.142 406.894
221 107 233 107
1.01506 321.683 31.9926 323.156
185.984 463.184 215.027 465.693
88.9949 45.5905 157.998 46.1833
240 324 273 324
518.787 253.988 515.286 316.016
52.1689 351.255 89.4123 326.623
5.01736 440.295 29.9898 438.827
105.911 156.004 108.749 213.013
2.25909 251.978 3.26669 263.978
1.93372 44.1753 93.1284 78.6604
123.118 171.996 122.936 217
17.9977 446.992 45.8843 438.615
481.395 242.018 478.79 299.991
27 244 27 257
307 88 319 88
16.7052 277.028 18.1153 291.989
173.906 287.847 196.098 274.16
529.436 288.025 521.234 429.014
129.977 411.172 145.963 413.283
414.05 388.866 425.005 392.988
414.883 410.52 432.876 414.552
547.948 60.9999 547.89 94.9998
54.1031 353.155 90.7997 328.699
30.9829 411.56 50.9915 410.781
466.006 448.956 483.939 451.442
476.028 466.16 507.923 460.561
80.6752 173.986 82.3325 252.993
53.8864 225.004 56.4242 304.987
474.128 469.663 503.016 464.081
482.83 199.995 481.678 236.99
147 293 162 293
44.0659 419.521 94.8838 413.083
0.984596 457.471 38.0104 458.682
571 238 571 251
414.001 255.999 436.999 279.001
462.678 324.278 509.518 378.553
85.9878 398.865 112.95 396.441
141.021 105.67 161.999 107.019
95 135 95 161
95.3522 301.981 97.0453 333.998
61.9872 410.949 86.9252 404.701
71.9838 412.641 91.9882 411.738
231 87 259 87
78.7776 109.007 80.2692 158.992
366.002 420.12 393.011 419.727
90.321 420.248 78.0985 436.076
0.813309 464.449 26.8805 475.287
421 108 434 108
336.017 227.661 362.999 229.023
223.151 417.304 250.928 423.33
116.932 463.598 132.951 465.429
63.0423 471.842 78.035 475.87
95.971 357.247 114.944 359.474
1.02256 384.035 41.1193 358.185
201.296 466.161 217.983 472.048
402.003 471.888 450.991 473.32
448.081 247.003 446.733 285.991
272 237 284 237
571.276 418.821 579.123 430.92
71.9937 443.898 91.9801 442.675
125 91 125 106
208 161 208 178
1.09002 369.151 36.1206 348.202
632.77 266.011 634.287 298.987
111.22 339.323 122.676 331.524
428.046 419.399 449 417.001
392 109.897 454 109.971
451 311 451 329
382 448.998 398.976 447.687
304.084 460.651 317.052 463.783
522.148 103.005 520.036 167.001
446.488 229.018 442.987 322
70.9821 378.474 98.0191 379.494
0.725756 402.612 45.1556 371.22
354.2 438.381 368.949 443.159
276.865 458.621 306.959 465.189
481.071 408.588 506.991 413.051
453.257 113.01 451.734 150.989
223.013 268.253 248.994 266.888
85 361 103 361
433.008 372.223 476.99 370.698
1.00889 425.729 77.9917 428.253
90.0454 425.824 108.824 430.68
202.018 454.693 221.011 455.814
329 103 383 103
49 225 71 225
338 312 360 312
235.018 445.206 251.978 443.74
272.013 441.714 334.019 444.595
156.966 471.133 175.993 476.028
168.924 164.992 167.691 175.965
21.6143 308.974 20.7896 320.986
307.045 127.654 324.02 129.843
1.12416 338.263 27.8455 325.672
454.005 406.767 497.008 407.6
373.007 458.629 420.009 459.489
167.066 470.731 186.852 475.6
544.201 20.2771 563.958 5.94199
135 109 135 149
56 253 69 253
584.438 417.103 580.721 432.935
109.019 449.159 127.005 447.046
274.978 451.533 315.99 453.24
222.828 458.386 236.734 464.595
182.984 106.641 202.996 107.151
122 119 122 151
450.333 197.013 449.096 228.004
406.009 376.148 428.981 374.694
180.095 422.359 212.964 427.242
392.176 254.87 433.405 310.701
134 377 150 377
26.974 406.598 39.9843 405.757
376.959 436.349 391.989 438.098
200.998 476.025 226.999 478.018
230 29 244 29
247.002 417.919 299.991 419.321
100 420 119 420
204.972 416.097 235.031 424.894
47 439 71 439
443.013 374.609 480.005 375.85
316.012 428.854 344.99 431.133
284.933 464.372 302.888 467.621
386.022 282.215 399.981 280.815
34.9881 395.695 62.997 396.174
162.969 412.235 185.962 415.286
95.0573 421.653 109.007 423.957
182 228 209 228
376.853 234.113 391.234 252.82
21.0138 422.845 36.977 424.259
201.912 399.848 216.956 401.418
98 183 98 202
464.327 226.009 462.833 282.996
139.766 278.006 140.594 308.011
458.981 386.343 475.985 387.267
110.055 406.719 125.063 409.68
346 430 360 430
618.003 449.997 637.998 470.002
300 163.036 350 163.021
127.799 162.002 128.461 235.996
492.008 328.992 513.991 351.009
535 362 535 379
56.9838 362.978 92.0607 337.082
280.967 468.226 295.941 470.407
90 377 115 377
41 423 53 423
127.944 446.16 150.975 444.623
69 95 69 113
403.044 347.342 421.988 344.909
178 449 196 449
402 83 437 83
373 109 387 109
402.337 263.747 435.376 307.717
403.014 371.239 428.984 369.731
404.022 423.698 419.014 424.805
136.697 230.005 138.18 313.997
406 366 419 366
177.052 418.647 206.992 423.053
633.016 432.993 638.416 445.825
536.259 52.0124 533.716 104.986
183 94 209 94
398 104 438 104
336.014 434.288 361.004 433.091
136 171 136 212
630.386 289.978 631.245 304.986
82.6942 269.008 84.1936 322.995
432.015 460.288 452.014 459.28
162 463 178 463
201 100.984 255.993 102.299
468 121 468 134
342 168 364 168
37 403 56 403
329.014 437.699 353.008 438.825
556.831 450.139 579.406 477.667
635.635 214.008 636.101 235.998
1 314 18 314
101.017 385.281 118.016 384.267
376.992 466.805 397.001 466.013
569.851 5.86568 558.001 19.001
478.282 266.015 476.734 294.986
148.013 328.236 166.012 327.208
581.817 334.321 616.091 353.84
25.0152 415.149 38.9719 413.724
281.102 429.541 296.984 433.07
638 230 638 251
630.729 237.016 632.124 259.992
258.018 422.834 305.007 427.931
36.0035 449.978 55.9799 453.128
46.0019 105.882 67.0125 106.216
617.028 209.005 612.393 234.891
602.796 332.378 635.12 349.776
242.996 407.979 259.922 404.609
271 326 287 326
314 427 330 427
157.916 433.359 170.908 436.392
538 187 538 199
346.032 448.693 358.008 449.926
389 114 402 114
191 119 191 131
333 59 377 59
603.01 431.99 628.989 458.011
157 396 173 396
490.174 49.5154 503.956 44.8709
181.449 424.322 192.318 431.519
