92 442 351 460
575 70 597 53
290 157 405 159
290 311 336 281
17 145 58 153
263 116 446 116
317 190 352 194
557 129 567 125
479 206 503 208
238 309 259 302
591 121 601 118
604 60 637 32
378 213 451 162
70 380 91 371
485 215 514 214
480 302 505 302
293 216 328 236
361 275 438 198
517 161 600 114
390 169 413 166
228 377 304 308
272 210 327 248
264 389 356 297
261 182 282 182
510 201 525 196
374 201 410 202
350 232 371 220
354 201 397 195
1 1 86 50
218 312 246 298
368 275 382 264
358 299 438 219
74 0 194 84
86 81 103 93
273 346 286 335
381 230 402 213
134 288 182 289
362 246 435 200
477 296 512 296
196 343 212 335
55 119 75 123
74 59 94 72
266 335 322 291
391 191 451 194
352 156 393 156
160 373 180 374
105 239 131 239
164 185 187 185
411 240 426 241
357 203 402 202
118 183 150 181
16 45 36 65
113 143 124 147
345 163 438 163
501 209 515 207
350 240 369 230
284 298 364 263
362 257 422 234
529 129 562 108
143 125 167 142
509 153 570 121
304 84 358 83
303 167 336 185
467 421 568 426
216 114 254 112
392 226 422 232
242 206 243 122
96 134 112 136
232 355 259 356
551 245 606 247
473 178 542 109
291 312 324 309
309 332 405 236
375 286 431 230
197 350 227 331
251 101 263 101
218 407 259 381
563 137 574 134
397 225 411 234
533 193 546 188
260 219 291 228
298 204 349 189
518 199 586 195
198 235 251 235
502 132 524 110
0 76 96 109
408 225 430 213
301 423 306 412
321 225 368 215
471 273 490 281
517 138 548 109
541 155 564 143
445 225 461 210
200 233 251 232
484 159 506 153
224 413 316 351
141 350 167 339
24 143 139 163
501 126 521 110
556 120 576 107
547 296 558 294
138 116 171 138
429 192 439 193
266 291 283 280
371 251 399 239
235 326 251 315
147 115 187 143
393 214 429 194
323 274 336 267
237 291 249 287
16 250 73 254
317 296 370 297
71 238 84 239
370 197 432 165
296 167 338 191
432 296 511 300
60 234 78 234
301 271 328 260
144 116 146 133
598 106 638 86
365 245 444 199
415 230 438 220
8 0 129 72
215 185 236 183
305 326 333 324
279 205 294 216
472 280 501 290
386 168 399 165
302 209 408 189
514 161 542 133
276 207 308 198
367 195 377 190
399 260 417 261
540 93 582 59
485 226 514 221
299 224 314 226
567 432 577 440
549 400 561 409
35 201 54 200
548 162 581 141
399 284 440 285
214 286 250 250
148 191 187 191
498 143 547 109
249 299 281 280
261 189 296 200
503 309 513 308
16 248 33 248
371 281 399 301
0 40 23 51
397 363 491 367
608 115 618 110
194 343 258 300
194 329 214 320
215 275 250 256
313 336 324 327
0 391 35 375
150 144 187 169
146 231 158 232
227 231 251 228
301 259 334 244
530 146 584 122
89 84 112 94
394 182 451 184
361 256 390 245
259 249 280 252
364 462 536 471
474 129 504 125
17 162 52 161
230 347 275 340
381 208 421 206
161 158 187 164
466 110 506 111
169 121 182 125
171 236 187 234
198 364 222 360
547 298 557 299
115 145 162 173
0 312 102 293
273 155 362 155
260 225 280 229
0 187 106 196
194 323 230 310
246 113 247 129
275 206 328 239
247 252 247 219
248 387 249 349
260 404 272 392
417 221 438 213
42 55 85 94
306 113 334 113
508 161 555 109
324 284 363 286
25 258 72 258
231 306 232 278
351 105 417 105
259 265 279 265
79 467 126 465
371 260 382 260
371 259 394 246
540 175 587 155
56 223 73 225
392 187 415 186
329 108 395 108
183 322 216 305
145 278 163 281
375 283 402 301
92 117 105 118
458 202 458 158
266 329 282 324
579 76 597 66
72 386 84 387
168 155 187 162
418 233 430 237
16 271 36 271
209 420 238 409
323 316 336 319
77 378 99 381
170 186 187 190
215 293 257 280
592 272 607 272
500 339 535 356
343 175 365 173
342 78 376 78
338 307 350 304
261 186 321 180
498 346 536 392
216 155 237 164
465 203 493 202
261 266 280 267
408 271 429 263
612 88 639 71
16 255 31 252
562 150 580 148
0 53 15 73
215 194 251 213
34 37 50 48
51 256 72 257
371 253 383 257
519 375 534 392
247 140 247 130
259 266 280 268
94 242 115 244
213 291 228 293
348 289 358 290
372 416 414 418
141 147 156 158
283 296 335 258
558 202 592 204
101 216 118 219
10 392 57 385
132 196 160 195
396 386 456 388
563 311 639 341
21 94 34 107
278 297 316 298
276 113 301 113
117 159 130 159
118 141 132 148
156 206 181 203
35 128 46 129
301 261 362 255
343 271 357 282
227 302 231 278
261 184 308 200
157 163 174 164
197 421 208 413
555 96 595 68
301 250 323 248
262 105 284 104
317 229 352 222
236 390 255 378
508 304 523 304
68 113 103 108
69 456 80 456
27 123 37 122
150 86 166 93
173 304 174 286
4 67 4 34
295 422 300 412
350 243 392 252
330 180 356 181
474 146 492 143
388 245 404 218
204 410 207 444
484 241 513 246
267 220 312 214
534 206 555 206
381 199 403 199
298 362 316 343
215 193 236 192
543 302 558 300
146 249 167 243
379 114 446 114
491 340 536 367
572 438 585 448
301 276 315 276
488 213 501 203
545 203 576 186
531 304 552 305
179 168 179 120
41 194 57 195
381 227 399 224
548 86 563 77
204 345 224 331
57 468 91 441
119 383 130 379
350 215 364 201
381 184 400 183
16 264 61 260
9 72 9 33
587 470 628 477
551 96 569 75
82 251 83 147
546 162 580 135
187 477 187 451
260 236 291 222
525 293 553 294
3 391 38 378
241 354 270 348
580 94 597 77
408 224 438 232
319 236 334 245
390 235 400 229
16 233 31 238
221 155 221 165
545 453 562 460
382 282 398 284
204 331 221 329
143 145 154 148
379 264 401 278
267 387 290 377
226 317 256 299
244 88 288 81
236 190 236 154
527 141 538 134
381 212 396 213
222 284 250 268
390 257 401 255
83 237 118 238
96 140 111 140
425 288 453 303
2 287 3 247
289 360 316 362
268 242 291 230
47 342 85 330
146 179 187 178
345 256 364 238
466 111 530 0
242 468 242 454
242 419 262 400
130 371 141 370
592 275 593 203
34 56 53 67
21 385 48 389
276 371 288 363
507 333 518 335
312 428 327 413
302 313 317 304
222 375 225 360
262 165 307 174
341 192 374 188
255 308 293 292
591 62 616 34
624 58 637 50
509 130 530 116
188 475 191 456
484 161 536 129
176 176 187 183
409 209 424 198
381 345 402 337
18 102 44 110
362 275 427 274
58 396 93 398
295 318 316 297
563 167 573 167
121 380 131 381
37 438 49 438
216 365 230 357
208 262 219 263
528 205 548 198
259 264 273 258
479 335 481 295
116 171 140 171
575 169 587 168
515 153 539 138
557 173 578 173
391 346 405 346
553 189 568 191
131 376 180 383
198 363 212 352
505 160 549 115
259 254 280 256
325 279 336 272
175 399 241 409
462 324 484 329
215 181 236 194
490 291 500 295
194 380 214 363
198 344 226 335
44 251 73 252
595 241 596 166
610 249 622 249
602 293 637 303
535 175 569 160
595 40 623 16
313 261 364 268
350 239 366 229
292 356 325 327
282 353 301 380
474 131 522 116
468 81 506 1
456 447 478 450
201 366 230 349
592 84 611 78
505 137 545 109
245 291 247 263
181 458 217 459
551 412 571 427
618 475 628 475
357 205 372 211
131 199 157 198
228 155 252 165
54 243 73 251
174 325 174 303
1 34 1 66
392 250 420 239
235 212 251 207
107 294 141 280
234 328 248 326
490 234 533 190
342 414 370 416
177 108 193 108
319 179 343 176
150 351 166 351
574 113 587 106
122 145 175 149
521 148 536 145
297 302 315 286
549 409 574 427
318 189 336 187
273 147 312 147
451 145 451 173
84 121 106 120
105 473 125 462
428 206 451 202
523 153 565 131
470 246 498 244
181 74 196 74
8 287 41 282
612 67 613 48
151 118 187 144
262 161 302 162
102 373 116 376
399 235 409 238
38 238 56 238
314 420 324 422
587 184 587 156
298 342 310 342
244 107 246 97
362 262 378 264
93 90 105 95
412 206 422 202
544 453 571 456
365 207 410 203
585 474 595 475
121 140 140 142
234 420 236 380
156 229 188 243
390 264 440 269
378 238 410 253
272 213 291 227
141 116 171 137
104 188 118 218
261 268 277 274
203 198 221 196
230 208 231 188
235 300 274 281
230 398 249 401
283 347 300 347
211 319 212 306
73 390 85 388
283 198 324 224
154 123 171 135
197 367 241 335
54 247 70 250
215 280 250 266
0 43 21 56
236 327 249 325
66 73 94 74
43 235 55 234
215 191 234 188
550 130 573 108
316 175 358 171
287 280 337 295
145 236 170 236
209 364 209 345
402 200 419 189
16 195 17 155
279 180 296 194
100 348 117 348
56 380 84 371
146 126 165 138
199 350 236 340
565 95 603 65
86 49 111 64
70 378 97 368
554 409 570 421
202 60 215 78
80 465 102 458
18 121 84 117
485 225 502 211
563 95 575 83
261 175 285 175
260 210 278 222
259 348 287 343
582 70 594 56
2 54 26 67
568 95 597 74
611 460 622 461
299 235 327 257
487 200 487 101
319 207 331 212
613 41 623 33
282 140 292 150
140 115 159 115
202 368 242 336
54 242 73 243
566 128 587 107
273 187 304 196
446 141 446 104
531 138 558 112
485 214 498 201
19 29 38 42
240 292 254 295
432 176 451 178
203 469 213 468
238 311 272 321
427 288 440 288
296 299 336 260
227 295 227 278
295 303 314 305
272 180 282 183
535 162 566 134
29 281 94 271
209 287 234 262
568 157 580 156
95 200 118 203
485 217 514 216
17 197 36 199
277 174 303 185
589 461 603 475
84 383 96 385
367 312 390 312
159 443 176 443
335 229 382 247
185 408 208 411
495 160 507 146
349 196 376 182
507 336 527 337
147 343 218 316
236 304 246 306
95 202 96 110
194 382 208 382
245 317 264 307
120 400 133 401
266 281 277 285
308 279 364 250
466 119 466 147
615 118 633 119
134 282 178 288
7 362 17 363
504 288 514 293
0 89 39 101
347 192 373 189
554 186 570 183
374 345 396 332
427 264 440 266
224 353 248 364
299 218 316 218
269 344 283 342
348 248 392 267
289 390 299 380
553 96 571 75
209 402 219 395
574 289 586 293
74 371 86 371
483 192 484 136
148 292 176 293
88 82 104 89
336 262 364 264
275 373 287 364
543 456 572 460
569 147 582 138
604 298 607 191
236 373 251 368
293 178 318 176
418 249 438 226
356 207 372 212
226 181 232 155
16 247 44 242
220 213 244 224
68 70 91 93
473 336 488 336
80 377 93 374
318 253 336 266
16 254 53 257
146 203 159 203
553 283 554 243
216 139 216 125
88 155 104 159
302 367 317 352
399 252 413 246
392 228 411 236
260 220 271 216
502 241 514 241
220 212 226 188
301 292 315 297
567 199 586 197
146 255 146 188
331 170 356 172
299 225 323 243
409 213 431 200
262 420 273 422
398 257 409 215
260 240 275 237
303 427 322 432
275 301 286 301
235 335 237 313
447 225 458 223
132 283 148 287
215 271 240 275
208 210 222 226
542 127 554 127
16 54 27 61
512 371 522 374
532 159 565 126
201 294 256 298
6 71 38 77
60 74 89 101
259 248 280 245
38 276 72 270
262 147 316 144
558 289 582 296
484 109 506 108
568 110 598 110
224 420 241 419
362 224 378 220
269 106 296 104
406 173 422 165
232 190 233 179
584 292 584 255
48 44 71 59
146 145 163 161
258 324 273 322
336 1 346 20
515 337 534 367
437 185 451 185
559 182 591 165
361 299 371 301
580 204 590 204
514 160 514 146
399 279 410 274
135 153 157 173
352 461 368 461
149 229 162 232
250 1 260 1
163 383 179 385
192 463 203 453
537 188 568 189
328 198 366 235
457 389 500 390
305 200 328 194
363 191 388 192
566 449 585 449
229 234 230 217
533 175 573 150
280 328 293 325
51 62 70 76
7 172 7 123
317 380 328 360
203 465 238 463
305 78 333 78
208 172 208 190
251 244 251 205
462 101 474 105
609 208 624 207
562 95 580 76
571 295 589 293
271 325 283 315
316 212 339 198
169 123 187 137
476 453 492 456
363 168 375 170
6 246 6 175
292 186 306 191
400 156 428 156
223 466 244 464
301 263 319 256
219 370 259 352
290 182 302 181
312 265 328 253
529 376 541 379
247 382 258 375
237 329 265 308
211 257 212 199
271 411 285 413
419 221 431 222
420 184 448 171
37 266 53 267
220 404 238 407
237 415 257 401
535 327 546 327
231 410 248 412
342 229 353 224
73 155 75 126
417 60 453 77
2 381 23 382
250 127 252 97
92 467 118 456
85 210 85 165
226 229 228 198
200 414 244 415
304 256 309 220
327 173 363 184
534 405 547 414
185 323 185 313
204 347 223 347
179 467 182 453
290 422 326 428
389 280 402 274
192 472 209 456
85 98 96 104
196 367 207 332
61 74 88 92
526 159 545 140
176 163 187 170
399 266 418 253
467 308 513 309
194 348 197 330
412 204 448 173
275 211 294 218
415 185 445 162
166 445 208 417
18 120 18 140
449 348 500 350
565 451 590 455
262 166 276 145
258 361 258 344
266 326 292 327
101 198 129 199
51 350 62 348
421 219 431 214
254 412 282 387
282 359 316 352
19 207 19 164
49 377 59 378
488 222 488 200
484 235 514 234
551 195 573 184
135 321 156 321
335 184 347 182
278 1 312 1
28 60 42 66
19 88 73 106
218 401 238 405
545 129 566 108
394 176 451 195
296 422 316 425
546 175 575 150
138 334 153 334
127 73 139 74
283 390 295 380
81 58 94 73
4 245 4 174
313 319 334 322
288 310 326 287
148 311 149 276
25 74 47 85
511 229 511 212
328 314 341 305
234 208 235 239
209 423 211 447
149 242 162 242
157 117 187 140
274 154 277 169
277 151 307 150
291 380 303 373
72 390 98 378
302 245 335 232
604 46 614 35
569 299 582 300
411 227 426 230
485 228 524 198
420 217 430 212
341 217 352 220
547 155 560 150
282 142 310 141
214 312 246 314
288 6 337 17
175 240 176 198
202 244 234 249
386 287 438 231
241 247 250 258
259 262 260 282
283 411 305 412
484 238 504 211
323 319 343 305
234 261 250 262
353 208 368 213
491 86 505 86
189 466 204 456
201 384 215 387
44 105 75 115
307 295 345 272
332 224 342 227
4 139 20 140
258 328 269 324
624 39 639 28
36 107 59 114
218 155 218 195
588 127 610 113
398 224 428 207
195 386 208 381
449 63 465 7
502 301 516 302
616 269 626 269
200 427 203 412
111 61 159 88
261 262 279 264
178 292 185 304
365 345 390 345
215 363 240 342
545 162 566 116
384 206 400 226
139 148 150 158
381 336 391 340
335 228 355 235
502 146 553 110
502 344 513 346
556 194 576 184
218 321 231 316
230 172 233 155
594 273 594 253
378 342 389 341
325 335 329 325
326 198 357 211
259 289 292 293
78 381 102 375
198 438 209 434
104 154 114 153
36 383 57 386
215 196 236 193
568 175 582 161
543 454 573 457
86 78 112 91
258 334 273 333
201 431 212 425
379 451 389 451
75 450 90 441
164 114 183 112
320 382 345 383
212 245 220 233
472 278 486 270
330 7 337 20
187 242 187 133
572 435 588 446
84 232 84 222
235 324 248 313
624 49 639 38
572 62 582 54
475 283 490 275
549 293 552 201
248 181 249 163
245 345 263 346
117 255 117 294
115 156 131 163
350 244 364 251
593 474 611 478
471 325 481 324
44 381 57 374
328 200 365 235
284 216 310 187
325 20 337 1
353 110 393 110
275 372 297 381
162 383 179 386
92 472 117 470
142 171 156 183
165 195 183 192
69 243 71 210
289 81 306 82
0 377 12 376
417 269 427 260
334 267 345 275
554 177 566 174
47 461 121 458
513 188 513 176
490 339 505 346
355 320 370 320
194 340 209 340
16 267 50 270
309 279 336 279
43 124 75 122
470 245 470 234
30 79 67 85
568 298 582 298
161 140 176 150
374 245 410 278
503 132 523 116
230 400 251 404
576 161 586 161
469 454 479 454
457 446 468 446
515 186 525 187
238 361 256 358
259 255 272 248
391 278 405 263
18 363 62 366
279 210 297 191
503 147 513 122
344 232 368 223
485 223 499 211
493 248 513 248
438 235 438 203
214 336 220 348
386 301 400 293
106 226 118 229
183 165 184 204
403 85 446 91
189 313 189 323
378 332 446 334
608 69 635 55
94 199 94 252
341 220 357 217
179 238 179 263
116 320 131 314
319 314 330 309
277 119 277 102
109 117 127 117
225 412 275 376
191 319 204 319
357 204 396 179
382 283 404 299
60 196 73 213
554 183 572 180
399 274 410 264
80 375 104 379
197 323 207 325
55 250 66 247
5 173 5 120
85 78 99 94
318 182 330 170
180 360 181 336
288 390 298 380
606 290 618 290
413 445 423 447
541 309 562 311
477 199 478 127
557 473 573 473
293 328 331 326
266 311 267 292
431 302 441 292
275 102 308 102
115 279 115 224
109 392 118 380
304 228 331 245
6 107 20 107
592 61 610 42
508 340 513 351
330 291 341 310
215 189 216 140
535 392 592 463
349 244 368 233
353 344 364 343
550 458 561 460
525 369 534 379
73 253 73 186
262 154 282 154
237 145 238 117
462 448 488 453
225 349 227 333
171 466 185 455
270 223 293 198
611 59 637 45
263 115 264 104
271 108 299 108
592 294 639 308
230 463 245 462
57 90 115 92
215 272 226 265
287 10 370 17
364 273 401 273
457 444 469 443
264 334 265 353
238 410 263 413
170 304 187 295
267 228 267 242
452 434 465 445
452 141 454 123
246 161 246 186
455 303 456 275
197 443 229 445
511 299 512 276
298 424 320 429
272 389 288 397
436 174 448 165
158 235 160 252
158 322 182 322
197 446 201 411
493 343 510 341
92 386 109 389
234 172 234 162
262 126 265 111
455 265 459 215
117 320 134 320
230 460 244 460
155 183 179 203
352 282 364 265
51 72 65 72
303 183 321 193
177 401 177 376
482 130 509 110
616 79 634 71
519 359 523 344
185 403 216 406
211 310 249 291
472 99 472 116
260 233 280 248
88 399 109 399
601 472 615 472
213 228 234 247
311 256 327 251
323 20 340 11
286 21 360 20
472 270 486 267
162 277 175 277
191 376 207 375
20 165 20 105
322 9 369 13
48 467 67 466
296 358 322 369
283 203 289 233
163 342 197 334
344 204 360 197
242 388 272 388
236 395 255 397
348 168 377 165
571 129 588 115
262 136 262 149
411 462 422 462
476 280 476 291
532 147 543 139
84 109 90 119
312 266 336 270
72 278 86 276
542 400 562 408
484 114 512 115
472 201 474 143
232 396 251 399
437 236 437 260
402 176 422 166
280 263 280 228
236 301 249 295
284 78 304 78
97 236 118 207
262 163 303 168
232 388 243 382
118 142 134 142
53 86 67 94
278 134 294 136
268 393 283 402
388 242 394 231
226 281 240 282
455 439 468 441
371 321 393 321
523 348 527 369
550 131 567 118
441 304 451 303
469 207 496 206
281 373 310 373
335 290 355 293
257 272 279 273
311 318 314 328
269 464 280 464
565 420 582 421
149 376 166 380
200 368 208 338
80 331 120 332
333 281 345 269
0 239 0 191
506 368 522 384
310 329 320 341
253 158 253 118
0 434 35 437
420 314 445 314
423 302 434 302
465 439 481 451
299 207 326 207
568 72 584 54
473 210 490 208
394 322 422 322
411 453 435 449
389 271 432 227
274 242 275 263
503 380 537 381
500 146 526 123
448 299 449 275
301 258 317 251
208 66 211 79
547 154 563 144
256 55 256 66
289 420 300 421
178 250 178 238
295 280 305 283
301 274 316 268
205 309 244 319
467 108 467 92
439 303 441 289
152 134 153 117
575 76 588 62
38 35 50 55
159 239 161 251
17 392 54 395
471 213 484 204
327 360 389 362
489 131 504 118
352 275 362 265
306 353 317 368
428 167 439 188
374 459 384 459
508 301 508 289
271 408 282 409
252 396 252 383
178 320 210 335
546 149 569 146
310 344 312 358
609 121 639 109
294 235 304 230
63 67 103 94
525 373 537 377
384 287 410 260
322 413 332 414
76 57 95 71
64 221 64 211
161 141 176 152
401 277 418 259
352 261 357 291
312 264 322 261
599 60 610 52
569 107 579 107
420 211 432 200
302 234 312 234
575 198 586 193
148 249 162 249
309 302 324 305
166 304 176 285
265 217 265 149
581 74 592 66
368 4 387 4
112 196 128 196
493 160 504 155
283 197 286 207
350 238 362 229
157 276 175 281
395 175 416 173
369 201 380 215
466 148 466 173
5 388 17 381
417 202 436 202
298 320 308 318
488 69 514 23
455 335 482 335
66 256 68 232
81 469 96 461
468 450 480 452
174 463 184 463
13 235 23 236
575 94 602 83
279 217 279 178
224 440 229 451
232 413 243 413
49 35 56 56
504 355 534 357
182 344 183 330
377 247 401 225
239 381 251 400
307 183 321 169
570 450 585 450
255 83 271 80
627 72 637 64
187 313 199 317
619 102 636 95
168 187 186 202
379 238 411 235
378 450 389 449
224 325 228 301
152 285 165 279
242 301 255 295
198 419 208 412
308 347 322 338
469 312 482 314
572 249 594 244
114 148 124 156
161 142 174 152
382 287 415 287
552 150 580 155
271 115 275 101
227 181 227 168
548 85 559 85
58 196 86 199
382 335 395 338
329 182 346 191
415 458 426 459
252 299 269 321
321 162 340 162
237 324 269 315
569 291 581 290
34 244 46 244
10 70 23 70
295 16 310 9
2 384 40 369
109 469 122 461
96 469 117 469
23 13 33 23
410 200 429 179
252 100 262 100
306 245 328 246
166 188 188 208
401 253 418 248
237 117 239 99
412 464 414 448
577 167 597 159
407 230 420 224
214 308 214 319
514 240 515 206
14 53 32 69
163 289 181 288
321 8 334 0
391 81 435 87
272 416 283 406
288 181 345 205
77 441 89 441
84 277 84 240
36 34 46 55
277 393 295 419
423 463 432 443
529 135 549 109
225 297 226 283
218 400 244 405
218 75 259 53
363 176 371 186
162 290 173 292
249 135 249 145
112 262 113 206
33 272 50 272
275 210 285 218
506 142 554 109
143 171 156 173
580 84 598 72
458 124 459 134
165 376 180 378
158 412 170 414
203 330 223 327
560 159 583 164
262 260 272 254
88 457 102 457
82 263 83 277
602 106 612 106
484 231 510 231
205 70 215 71
542 152 588 111
514 125 526 116
156 239 157 252
219 375 220 365
218 0 259 52
216 267 240 273
96 464 125 463
8 60 24 67
411 216 421 207
100 463 111 457
391 102 407 102
145 277 156 277
264 419 285 401
146 118 160 120
353 240 367 229
415 167 422 178
204 471 215 460
66 223 67 211
247 215 248 203
76 346 98 347
479 457 492 458
70 104 78 118
556 145 572 131
566 427 580 427
269 391 283 379
479 275 493 275
275 395 286 397
37 35 52 34
623 161 638 157
195 374 206 369
17 388 30 384
170 367 180 366
484 232 509 210
278 370 290 370
149 170 152 192
352 277 368 286
149 196 149 235
445 196 445 140
185 457 214 455
91 383 110 385
509 278 510 230
68 276 80 274
437 70 443 57
362 221 377 220
160 285 181 286
274 407 287 409
511 329 511 318
367 291 382 278
534 202 548 194
333 257 355 274
270 169 289 178
224 345 224 334
555 242 555 194
310 332 319 342
81 274 95 272
55 74 69 77
196 442 213 442
79 234 93 234
309 185 355 227
148 163 161 171
490 133 507 118
272 394 272 382
408 195 444 197
371 248 401 234
203 464 223 463
219 155 235 155
343 275 364 266
324 319 335 321
301 255 316 264
181 101 182 128
325 212 340 208
218 1 243 33
315 0 329 8
524 205 535 194
552 172 578 151
225 208 231 177
608 184 608 144
15 242 67 268
220 403 236 406
515 129 535 113
399 280 418 263
344 294 355 288
229 352 240 343
468 90 469 78
111 387 124 382
306 374 319 363
226 90 236 90
487 288 489 300
198 236 216 237
551 199 563 192
352 270 364 259
553 203 572 192
219 267 219 250
532 331 541 342
162 96 165 63
315 282 358 282
259 476 271 476
150 280 157 296
50 344 51 356
2 43 32 57
46 462 61 462
175 163 176 177
341 111 393 111
609 120 634 110
213 244 224 242
565 450 580 452
302 238 321 227
148 350 161 344
241 258 241 234
165 414 182 416
519 205 538 190
84 368 102 369
537 131 548 124
412 183 425 174
395 248 407 252
605 38 609 27
398 266 408 255
254 76 255 56
547 165 562 156
61 121 73 127
259 251 260 208
93 198 118 225
252 370 257 390
145 245 145 258
348 250 371 236
200 353 213 351
283 129 298 144
414 464 416 448
569 145 588 131
605 89 615 82
513 275 513 242
228 349 238 348
204 437 207 420
419 347 435 347
374 301 385 301
269 293 308 321
290 4 309 7
475 127 497 117
530 138 552 115
371 201 389 194
183 342 194 336
448 163 448 174
362 107 393 107
121 279 145 281
242 160 252 160
297 105 310 105
356 183 366 182
247 355 257 345
32 98 71 110
244 217 247 206
262 271 272 281
621 36 630 21
329 293 342 294
389 241 408 250
172 155 172 168
50 86 72 87
520 161 533 143
274 157 274 172
220 218 232 228
58 121 70 130
269 469 279 469
330 196 353 219
420 236 434 234
283 392 299 378
483 269 490 282
551 405 565 418
11 43 44 58
132 144 143 155
300 432 313 419
82 462 95 455
513 129 526 119
266 115 280 118
147 125 166 138
106 462 121 459
345 226 357 230
419 444 433 447
51 259 65 259
89 383 101 381
328 291 341 293
275 382 289 367
210 346 225 341
214 89 251 83
504 149 515 148
83 378 98 375
490 283 494 301
325 278 344 263
220 231 223 205
376 385 394 385
617 64 636 54
15 281 28 281
399 244 411 248
219 325 229 319
497 54 504 42
591 276 591 294
192 461 211 460
283 139 298 138
305 264 315 272
3 379 19 378
339 223 353 233
582 206 586 190
308 304 326 312
537 472 561 472
239 308 267 313
51 346 64 345
114 286 126 287
268 190 297 209
148 185 161 189
21 192 39 193
546 112 571 113
67 380 80 383
19 239 34 242
446 208 453 220
556 205 561 189
175 471 193 456
217 113 235 116
408 188 411 178
464 425 475 423
590 470 615 470
485 222 498 211
517 133 543 159
285 300 295 311
375 169 401 165
300 235 313 244
165 382 175 383
534 162 553 153
550 147 576 134
583 52 604 39
7 94 18 108
316 169 336 178
315 274 328 264
185 303 185 292
557 169 579 151
581 122 602 113
430 267 440 261
36 148 95 160
418 224 434 230
410 206 436 185
567 132 581 115
136 241 148 251
362 248 374 243
210 233 210 243
556 189 580 175
267 226 278 220
209 147 209 161
593 293 608 295
450 420 460 420
277 161 300 174
528 338 541 340
371 114 387 113
245 402 250 412
48 464 49 447
466 324 479 325
377 460 385 435
22 135 41 132
146 122 169 138
494 134 523 110
472 277 478 265
260 410 274 412
186 313 207 322
313 417 324 419
289 167 299 173
333 309 350 311
79 84 98 97
184 296 211 296
44 42 60 53
505 211 517 202
618 293 618 281
557 153 560 121
522 354 530 366
106 294 119 294
278 378 295 378
607 29 618 21
268 236 278 231
338 414 348 415
350 242 369 232
464 424 477 426
85 461 96 455
224 292 226 275
376 224 387 227
604 50 614 51
137 148 141 163
27 256 62 266
137 371 151 372
42 62 52 70
300 380 320 364
551 136 565 115
348 249 364 237
422 224 434 219
494 117 504 109
511 372 519 341
214 371 224 373
601 48 601 36
55 469 75 459
63 464 85 452
216 243 227 245
166 160 178 169
604 89 617 79
53 81 80 98
413 185 432 170
325 315 341 313
271 424 280 414
500 160 522 135
17 223 55 223
456 434 467 436
106 375 118 377
449 244 453 227
515 370 539 374
497 228 509 227
162 195 165 208
224 268 240 271
530 125 544 109
351 13 370 16
457 227 461 205
276 183 302 193
216 261 216 251
462 27 463 15
265 348 276 346
481 455 493 467
289 11 311 13
587 154 589 119
501 110 529 110
545 151 556 133
141 149 155 158
532 392 536 374
81 98 84 72
412 179 432 166
237 0 249 0
56 471 69 470
595 159 595 143
629 46 639 39
157 338 171 332
16 392 26 386
431 323 443 322
375 210 389 202
389 197 400 186
171 117 172 131
301 191 312 189
16 253 29 257
197 320 217 308
159 117 162 141
102 188 113 197
280 8 308 5
572 90 589 81
585 245 585 219
394 298 405 299
271 157 282 163
365 188 389 182
233 385 257 347
264 231 275 226
170 155 180 162
10 52 43 73
171 187 172 199
329 189 341 201
184 163 184 152
371 171 384 164
8 35 19 35
574 474 592 474
471 101 492 63
105 159 123 141
216 270 217 259
414 446 426 443
538 109 559 109
87 79 102 96
539 148 555 133
606 457 616 458
299 429 311 428
136 152 153 158
511 420 529 419
467 442 493 462
199 57 209 78
352 173 375 164
68 94 81 92
118 289 145 290
347 299 357 292
345 191 359 170
382 269 392 263
575 60 594 48
597 169 597 123
606 59 612 48
444 74 450 50
561 191 576 183
466 447 482 449
24 260 37 263
222 175 232 181
312 272 328 281
416 456 427 456
247 380 257 375
70 459 82 451
456 24 465 10
217 110 217 124
223 322 249 321
77 78 89 90
175 252 176 280
5 99 23 99
334 183 345 181
151 343 162 342
118 462 119 449
280 176 290 181
418 230 429 218
1 284 16 280
85 83 98 99
448 420 460 430
205 356 208 367
561 131 583 114
220 227 221 199
274 295 288 291
6 68 24 69
51 469 68 469
282 385 293 371
57 82 63 93
315 289 325 289
410 271 420 264
192 459 194 475
444 417 460 431
38 120 50 126
92 468 117 468
282 148 292 158
264 237 265 251
192 456 214 438
554 181 568 178
10 193 20 196
273 157 285 174
292 172 304 178
531 175 548 175
296 209 314 223
334 304 344 299
477 295 502 295
203 398 210 413
379 457 389 456
264 230 278 238
275 225 291 229
474 271 492 297
271 465 271 475
376 446 387 445
350 220 365 209
343 113 370 113
113 149 120 161
251 72 252 83
300 231 325 250
31 388 49 390
56 161 74 162
343 269 354 277
390 262 409 249
557 80 583 59
444 88 446 100
320 198 340 198
216 373 226 364
579 94 595 77
163 145 167 134
161 312 173 312
172 325 177 335
511 335 523 338
556 178 575 174
421 199 439 184
394 179 408 177
389 337 406 343
394 210 410 199
205 395 210 406
254 99 254 109
164 338 169 352
216 115 229 116
225 400 258 379
310 183 321 182
223 358 242 343
370 256 380 257
623 14 634 5
582 89 599 79
509 417 527 418
454 435 467 437
125 240 135 241
165 186 166 208
625 297 635 297
234 358 253 347
589 458 602 469
46 232 59 234
43 268 54 270
485 216 503 203
243 374 271 391
174 129 180 117
346 216 356 208
491 209 501 202
239 358 244 371
139 51 139 75
384 443 389 455
29 131 43 129
339 0 358 0
397 190 414 179
64 210 64 196
143 127 153 133
264 475 281 460
554 289 570 294
614 29 626 16
228 310 238 301
227 467 239 466
391 313 422 313
0 92 21 100
561 124 580 112
547 297 559 297
60 270 62 245
583 429 608 425
147 319 147 305
37 21 89 51
537 313 549 311
297 282 312 274
82 113 86 126
545 124 555 114
510 202 525 202
401 52 402 15
365 296 375 298
492 367 521 370
349 246 359 254
280 304 280 317
588 461 596 475
69 216 70 199
329 266 345 276
401 276 427 276
205 400 219 390
230 387 241 379
0 62 10 63
50 439 62 439
175 469 204 446
329 232 340 223
549 238 549 219
2 59 10 72
467 456 483 455
51 281 61 280
543 457 555 460
368 189 378 182
308 297 319 288
209 146 209 128
301 81 322 81
539 162 557 140
227 465 243 450
215 352 240 334
42 58 50 71
194 99 194 85
325 10 346 12
202 358 223 344
507 128 519 118
523 359 533 361
486 288 486 261
184 334 194 334
191 327 197 313
104 378 118 378
274 396 276 419
419 205 438 196
18 252 38 232
345 174 367 165
160 378 178 375
320 212 332 205
133 146 152 166
147 336 147 347
493 65 530 1
484 134 500 121
57 121 68 130
298 282 301 297
363 165 381 167
419 192 439 178
16 261 31 262
8 51 24 64
417 205 429 195
293 166 305 173
84 146 88 158
199 444 202 455
261 194 261 169
553 120 563 108
218 298 242 285
609 111 635 99
265 246 278 239
556 249 566 249
564 206 574 206
202 420 216 420
428 66 444 66
188 239 189 227
2 38 12 37
305 363 322 370
304 310 317 305
300 191 304 203
411 451 435 448
275 209 287 218
32 122 48 127
291 300 302 309
143 128 156 135
344 107 359 106
17 57 31 69
183 294 185 277
571 121 580 108
324 277 334 277
86 388 96 386
184 338 194 337
157 239 163 251
148 150 163 162
289 297 299 293
501 149 517 132
261 264 273 260
555 165 573 151
307 17 331 15
401 243 411 231
424 194 439 182
259 307 262 322
392 232 413 226
400 209 422 181
286 167 293 185
475 299 490 300
49 199 59 198
242 362 256 360
495 345 509 349
502 352 513 358
549 456 569 459
45 153 46 164
407 270 419 260
272 192 301 196
395 210 429 187
594 203 594 166
549 84 565 72
507 319 508 332
320 11 341 13
240 306 254 299
392 270 423 239
25 14 35 22
591 67 603 60
310 174 351 169
25 391 39 382
42 37 49 52
207 305 223 307
229 266 250 253
310 189 321 194
546 203 557 198
560 140 573 140
105 203 118 209
483 115 496 107
267 224 270 237
275 396 286 398
156 117 171 129
425 179 435 170
507 329 522 343
204 434 215 425
276 178 276 202
145 264 145 274
222 186 236 191
27 259 54 263
272 223 272 233
178 114 178 101
301 251 312 242
65 440 76 440
238 353 256 342
98 157 119 156
263 117 286 141
201 344 211 337
444 202 452 216
616 35 638 21
376 223 394 220
152 152 165 168
585 50 596 43
501 142 514 133
574 118 585 115
97 204 113 203
158 117 170 117
52 56 65 56
282 166 298 174
548 165 562 154
105 386 116 386
246 159 246 148
556 289 569 290
196 385 205 374
263 82 275 80
401 237 411 242
153 182 159 204
171 444 183 436
159 235 176 249
381 233 392 230
95 479 99 462
223 289 226 278
62 71 72 71
325 0 359 1
456 25 463 9
134 401 144 402
236 289 249 290
97 479 107 475
274 406 290 382
16 251 48 253
174 114 177 128
183 460 196 460
418 169 429 170
214 376 224 374
269 170 270 180
113 274 114 285
534 337 545 338
308 249 321 241
319 8 339 8
406 269 420 262
197 325 207 324
162 283 164 296
606 474 617 476
167 122 181 133
164 238 174 239
240 264 250 259
233 169 234 158
542 162 556 153
21 48 35 62
82 72 86 85
265 420 278 421
176 241 176 254
491 35 507 0
462 315 475 315
101 470 113 460
180 454 200 455
276 158 291 158
524 126 534 119
568 172 580 169
456 46 459 22
48 260 58 260
74 185 74 170
418 223 430 211
273 129 285 141
611 49 624 40
163 195 174 206
155 89 167 95
275 216 287 225
61 158 78 156
63 69 68 84
175 145 176 155
520 357 538 366
102 479 115 471
157 147 168 151
557 118 564 108
190 323 205 314
18 208 20 239
101 212 118 216
38 154 49 154
220 417 231 417
476 271 477 303
178 456 188 456
282 174 299 170
289 218 298 198
17 230 17 220
141 127 151 133
285 18 306 8
449 86 449 76
336 16 346 17
524 376 534 374
270 157 273 181
337 299 348 299
462 434 478 436
602 103 616 96
612 161 639 164
206 248 216 247
493 45 497 30
208 336 222 341
171 133 181 134
240 283 240 272
518 156 535 154
336 293 352 280
28 158 41 158
353 217 375 197
55 63 75 84
220 200 222 156
195 424 209 415
527 135 540 118
143 246 162 247
277 305 280 320
228 190 228 178
291 363 301 366
343 260 358 272
158 244 169 244
477 456 488 459
301 252 312 258
609 108 622 101
13 67 25 76
201 459 211 459
72 273 72 255
270 168 292 173
383 204 397 194
85 7 133 40
107 400 118 400
318 183 328 182
1 77 24 85
