249.714 304.993 254.408 99.9864
240.647 276.993 244.231 97.9846
550.01 292 552.743 207.992
92.9613 117.127 0.951714 89.1589
214.995 199.08 179 196.999
67.0035 232.881 18.9862 231.472
66.9963 224.136 20.0037 222.864
24.002 199 176 199
553.058 204 480.984 204
277.991 273.973 257.111 281.315
114.887 277.979 116.329 199.988
445 204 507.021 204
512.487 291.984 515.069 207.002
335 243 335 226
530.925 0.955727 467.6 108.765
553.671 281.989 556.245 205.008
637.944 98.8706 614.094 109.218
636.932 109.831 611.967 119.917
300.911 281.997 302.396 233.981
12.0812 47.8096 0.970329 43.0695
186.101 337.402 169.077 334.541
509.683 275.991 511.688 204.991
143.03 280.426 120.985 279.293
112.995 235.114 87.9992 234.019
264.121 305.471 299.017 286.037
90.7703 272.913 97.2415 122.045
147.005 182.877 117 183.059
194.959 324.049 117.003 319.949
337 1.89453 266 2.05848
630.002 247.882 557.992 246.407
112.025 274.277 80.0282 273.179
620.946 63.7223 604.19 66.978
283.448 122.629 268.012 103.99
391.291 2.53552 375.114 5.60144
19.9992 84.9998 20.0002 186.998
638.146 94.3107 610.648 107.253
175.005 117.101 91.0546 121.135
145.77 275.998 146.47 201.995
285.03 17.984 276.597 2.21541
44.9907 59.0196 13.0467 43.9012
96.0942 109.725 0.964348 77.104
0.998633 93.0115 85.2694 118.099
265.517 107.105 257.788 276.981
148.999 197.014 149 258
279.769 270.993 280.772 238.993
637.993 120.176 619.981 119.484
143 171 119 171
338.148 317.377 317.626 345.458
110.964 196.498 7.01482 187.789
80.009 197.902 20.0552 192.399
67.0415 203.264 22.0155 200.726
314.959 342.076 279.029 343.654
80.0265 153.865 24.0249 142.873
178.714 194.996 179.718 114.996
552.002 188.957 517.011 187.685
78.9744 274.797 19.0439 282.348
263.484 351.946 267.65 312.068
561.991 426.171 285.069 411.684
48.9794 67.2166 23.9209 64.8304
238.001 278.003 238 115.003
240 294 240 281
605.933 476.112 279.966 456.561
368.999 19.9283 286.02 21.2613
23.7633 51.4926 12.0626 45.8696
446.064 88.5218 357.176 76.6775
525.009 201.656 603.973 204.233
479.008 298.899 447.958 296.565
34.9787 60.0682 11.1238 52.6045
4.99933 97.9914 5.0002 185.998
175.003 155.131 89.0249 157.092
112.999 237.008 18.9847 239.247
548.007 293.209 513.001 292.902
74.293 106.077 23.057 89.8205
115 196 174.009 196
280.009 455.876 0.91571 435.134
40.0739 77.7409 26.0725 73.7459
553.004 175.846 510.008 174.707
358.999 77.8422 280.996 78.3237
83.8546 272.975 86.2471 162.99
211.022 287.563 177.955 288.875
599.132 477.096 516.037 366.194
219.824 421.445 164.906 414.772
609.147 477.876 568.824 430.148
486.863 205.12 481.882 281.043
79.9928 236 2.00228 236
83.0006 273 82.9999 201
638.054 307.814 575.128 289.557
162.548 413.936 144.43 405.18
86.943 153 87.1195 121.995
81.1236 157.352 21.021 145.89
278.312 241.008 280.266 160.006
113 240 113 202
211 314.08 185 313.988
20.747 70.5456 2.05664 61.8779
292.944 77.6316 217.991 88.939
637.975 102.941 597.577 119.997
175.999 201.992 176 268.992
585.608 241.993 586.168 211.003
275.094 291.998 274.795 274.986
552.028 305.576 510.005 304.755
536.009 392.817 320.989 382.229
402 2 402 50.0082
446.009 159.639 283.003 158.545
436.002 163.631 283.996 162.641
264.723 237.005 265.25 164.002
258.221 319.105 241.105 322.525
556.975 370.553 328.997 360.057
328.4 359.673 316.834 380.91
592.749 65.6995 569.87 84.8443
86.0559 122.078 82.7724 191.993
583.923 285.997 585.288 254.012
445 288.985 329.989 285.355
630.238 150.901 588.944 161.789
614.933 204.591 559.009 202.766
275.993 241.888 261.059 242.881
17.3055 245.011 15.9345 282.035
509.139 291.005 507.649 328.986
338.036 342.367 500.028 350.212
590.979 161.528 487.98 157.498
301.017 235.53 278.01 234.707
604.103 289.867 609.23 167.01
68.9953 274.077 22.9856 271.234
78.9527 277.656 1.04881 288.355
570.123 312.717 545.065 310.316
439.017 334.587 346.006 330.852
259.809 53.3543 218.009 0.992714
444.999 156.401 286.001 155.809
235.002 158.075 218.011 158.481
450.985 199 452.777 124.995
598.563 118.988 595.127 246.003
347.996 213.217 307.991 212.514
18.9995 202 19.0001 268.034
108.74 292.595 0.912415 312.526
440.007 323.831 339.973 319.633
515.07 366.939 499.813 349.297
178.038 374.442 1.97459 362.371
193.397 83.4355 76.0418 0.940529
96.5681 104.136 40.6651 82.8809
65.736 115.942 23.9374 104.223
144.03 402.613 0.958847 391.531
198.974 406.119 177.889 401.507
633.633 32.4817 623.674 39.5397
175.983 114.604 95.0047 118.11
69.9168 118.197 24.9848 122.853
16.999 104.99 17.0001 223
215.424 198.01 217.946 90.9987
638.045 271.699 616.084 268.436
637.98 303.077 597.185 292.299
440.005 314.877 335.97 310.767
488 336 470 336
523.488 8.28243 491.855 62.916
76.9598 89.3693 50.9416 86.536
185.615 102.063 182.765 196.977
237.017 161.771 222.002 162.103
275.684 238.995 276.929 159.999
587.256 249.861 637.982 256.106
265 283 251 283
150.166 299.356 218.986 295.793
197.046 343.002 197.773 321.992
309.382 349.546 271.334 401.245
46.0431 73.8694 9.70892 61.8823
443 114.008 278 113.979
244.779 237.995 247.524 105.011
233.997 155.122 215.984 154.72
5.00056 222.003 4.9998 144.992
238.995 282.183 212.013 281.5
440.959 285.353 332.997 282.114
504.98 289.349 480.004 287.927
118.096 288.917 172.914 294.074
638.161 340.585 561.133 310.658
167.987 352.214 37.0564 344.091
630.753 44.6873 608.315 62.399
42.9998 62.0059 11.9678 61.0757
283.057 153 282.88 121.995
173.987 237.212 152.006 235.905
70.0378 271.336 23.0193 268.66
175.971 277.239 148.986 276.617
143.955 288.504 118.888 286.251
544.999 301.861 501.993 302.311
513.977 309.629 464.969 307.849
442.999 117.224 281.004 116.287
483.77 209.998 484.398 119.003
67.0264 221.002 68.2221 206.018
582.01 290.295 554.002 289.887
201 304.867 187 304.867
228.981 321.993 200.991 321.445
147.013 88.9025 132.003 86.9745
71.9628 192.91 75.2303 118.976
281.818 214.005 282.092 169.001
444.879 201.998 446.353 92.0047
510.018 201.319 487.98 200.729
349.822 251.999 350.063 217
191.006 239.464 148.989 238.987
618.546 292.02 619.184 275.007
272.086 325.93 312.993 329.136
180.984 336.298 82.0049 330.91
629.16 78.2589 613.84 87.7411
589.953 86.843 570.221 92.7386
245.668 306.991 250.972 100.999
187 197 187 158
440.001 284.996 440 166.008
125.997 73.0052 1.07368 0.872391
341.99 16.0026 338.059 0.984481
236.993 114.201 218.98 113.613
208.333 198.005 209.305 130.004
590.417 285.97 595.242 167.046
255.99 353.399 197.976 351.951
175.995 157.81 97.9994 159.977
119 227 119 204
7.00055 270.014 6.9998 194.002
72.2806 272.979 73.2492 240.007
144.62 310.753 116.768 319.239
314.984 326.322 274.983 324.352
179.617 400.024 181.758 343.953
273.264 400.495 244.115 405.65
356.185 12.9632 354.006 1.99879
588.07 122.775 490.986 117.239
611.106 122.046 607.768 202.031
594.043 165.048 488.033 160.274
390.999 181.877 348.002 182.265
424.988 184.205 403.006 182.905
70.0001 221 69.9999 201
244 314.011 244 250.001
338.967 315.671 289.939 313.228
326.939 319.879 283.937 316.915
316.009 321.884 280.917 319.019
269 334 269 323
312.648 16.1412 307.811 4.07558
509.988 82.7744 494.977 83.5447
582.001 108.027 485.039 111.963
584.985 119.303 490.973 114.523
473.186 200.004 474.572 128.992
582.993 207.127 558.014 205.745
506.934 248.741 471.945 245.618
298.994 283.087 281.015 281.786
289.402 311.848 284.147 297.944
172.013 312.733 151.013 311.723
588 143 588 126
454.951 199 455.175 133.001
432 174 404 174
222.854 181.081 218.773 267.988
3.10586 265.005 4.21325 242.01
508 245 487 245
582.986 250.285 551.017 248.659
638.994 251.118 611.015 249.71
472.273 270.101 469.09 247.126
218.304 277.974 220.228 237.009
143.388 331.023 144.976 303.999
80.003 332.01 22.969 349.901
487.133 199.989 488.243 113.003
596.906 126.037 593.784 202.992
370.999 166 318.001 166
418.005 179 349.002 179
118 276 118 245
197.156 423.166 170.372 448.395
40 197 23 197
74.0736 222.966 73.3427 200.021
542.038 297.414 518.01 295.843
283.216 316.294 276.427 298.215
296.726 360.809 271.18 397.428
262.008 32.0005 263.306 8.01656
75.0528 160.461 23.0123 162.34
383.992 174 330 174
6.99952 166.002 7.0002 234.992
424.993 192 319.995 192
394.98 298.693 318.985 296.51
115 316 115 297
258.024 343.155 238.182 346.19
300.914 346.929 283.835 367.687
204.601 419.572 177.712 444.692
152.764 85.4033 10.8724 2.21761
259 53.9998 214.657 78.3761
194.076 104.999 193.837 82.9909
294.898 81.2942 220.01 92.0674
440.017 171.524 395.966 169.98
324.987 183.205 285.014 180.77
391.002 201.766 310.99 201.014
547.999 211.001 548 280
339.021 304.942 309.014 305.614
70.9907 157.742 32.0053 159.147
638.019 158.085 611.981 163.915
354 169.99 282 170.009
476.991 197.97 479.162 125.005
227.051 269 226.88 238.995
341.002 264 388 264
110.97 328.023 111.978 286.023
318 189 302 189
638.023 204.308 612.016 206.216
334 210 312 210
296.841 307.056 291.903 293.034
510.343 354.009 511.5 311.013
551.794 341.995 552.103 328.002
178.994 111.154 121.003 108.925
8.00008 139 7.99993 124
65.0001 221 64.9999 204
402.11 224.001 401.743 253.009
442.001 286.015 442 211.002
232.993 346.82 213.983 347.548
303.749 349.786 278.012 379.866
356.01 31.6881 292.01 32.6591
203.269 110.112 205.741 82.0654
637.999 167.065 616.991 166.837
360.009 207.299 336.999 207.963
408.998 257.144 362.993 256.466
399 282 399 264
507.554 0.785797 468.461 82.2214
87.0334 66.9341 22.4269 34.1585
195.099 152.005 198.406 82.9715
72.0054 123.122 50.049 124.1
291 198 347.001 198
411 255 411 222
392.283 257.001 392.399 227.002
438.987 303.3 402.012 301.717
608.969 394.826 563.957 393.134
637 475.941 613.995 475.802
446.127 92.0516 408.989 87.0836
318.942 180.455 298.026 177.797
16.8109 363.061 19.3562 329.027
488.862 456.05 483.453 441.199
466.957 158 467.08 108.998
637.04 321.875 612.937 314.198
545.009 338.57 504.006 337.706
486.163 455.549 474.273 424.894
587.484 1.56337 565.98 26.9828
