5.018261108398437500e+02 2.870075988769531250e+02 4.434606933593750000e+02 2.993401794433593750e+02
4.111425476074218750e+02 1.893743743896484375e+02 4.108090820312500000e+02 2.555139465332031250e+02
4.434606933593750000e+02 2.993401794433593750e+02 3.858442993164062500e+02 2.948381958007812500e+02
2.631632385253906250e+02 1.549624938964843750e+02 2.243693695068359375e+02 1.514965820312500000e+02
4.436921997070312500e+02 1.508621978759765625e+02 3.861418151855468750e+02 1.544737396240234375e+02
3.985151672363281250e+02 6.519094848632812500e+01 3.979578247070312500e+02 1.136170959472656250e+02
2.631632385253906250e+02 1.549624938964843750e+02 2.629845581054687500e+02 1.772068176269531250e+02
7.619030475616455078e-01 1.143801422119140625e+02 5.673104858398437500e+01 1.207281188964843750e+02
4.108090820312500000e+02 2.555139465332031250e+02 3.858831176757812500e+02 2.541731567382812500e+02
5.673104858398437500e+01 1.207281188964843750e+02 5.817065811157226562e+01 2.536025390625000000e+02
4.111425476074218750e+02 1.893743743896484375e+02 3.857197875976562500e+02 1.900080108642578125e+02
5.526013793945312500e+02 1.671063690185546875e+02 4.436921997070312500e+02 1.508621978759765625e+02
2.315602416992187500e+02 1.830612030029296875e+02 2.315745391845703125e+02 1.959417114257812500e+02
3.840182189941406250e+02 3.135099182128906250e+02 3.858432006835937500e+02 1.396567993164062500e+02
1.877227172851562500e+02 2.563506164550781250e+02 1.860083007812500000e+02 2.005713500976562500e+02
2.580353088378906250e+02 3.283841552734375000e+02 2.564678344726562500e+02 2.039807281494140625e+02
2.956485595703125000e+02 1.822103881835937500e+02 2.963418884277343750e+02 1.267066955566406250e+02
4.691423950195312500e+02 3.050329284667968750e+02 5.510134277343750000e+02 3.130443725585937500e+02
1.074999809265136719e+00 4.640998535156250000e+02 3.788540344238281250e+02 3.532687683105468750e+02
5.529500122070312500e+02 1.474986572265625000e+02 4.794661254882812500e+02 1.317405395507812500e+02
1.459258422851562500e+02 1.297226257324218750e+02 2.964893188476562500e+02 1.455769653320312500e+02
3.219041442871093750e+02 1.858751983642578125e+02 3.232530517578125000e+02 3.201481323242187500e+02
3.985151672363281250e+02 6.519094848632812500e+01 1.970877838134765625e+02 9.055269360542297363e-01
1.378905029296875000e+02 3.585653076171875000e+02 8.302816772460937500e+01 3.461112060546875000e+02
2.243693695068359375e+02 1.514965820312500000e+02 2.242928314208984375e+02 1.745001525878906250e+02
2.570120239257812500e+02 2.039762420654296875e+02 2.569537353515625000e+02 1.968882141113281250e+02
3.609858703613281250e+02 1.885283508300781250e+02 3.608612060546875000e+02 3.133674316406250000e+02
5.531490478515625000e+02 1.150079421997070312e+02 4.811272888183593750e+02 9.180035400390625000e+01
1.983630981445312500e+02 2.566200561523437500e+02 1.518346405029296875e+02 2.596509094238281250e+02
2.629845581054687500e+02 1.772068176269531250e+02 2.242928314208984375e+02 1.745001525878906250e+02
8.905814886093139648e-01 3.148987770080566406e+01 3.979578247070312500e+02 1.136170959472656250e+02
8.210893249511718750e+01 3.547922668457031250e+02 1.375466156005859375e+02 3.686093750000000000e+02
3.018515625000000000e+02 2.829988403320312500e+02 2.775523071289062500e+02 2.831318359375000000e+02
3.372871704101562500e+02 4.790986633300781250e+02 5.336767578125000000e+02 3.773455200195312500e+02
1.337281799316406250e+02 1.066364669799804688e+02 5.673104858398437500e+01 1.207281188964843750e+02
1.071072578430175781e+01 2.219822692871093750e+02 2.948942184448242188e+01 2.217257537841796875e+02
5.018261108398437500e+02 2.870075988769531250e+02 5.028467407226562500e+02 2.610434875488281250e+02
1.337281799316406250e+02 1.066364669799804688e+02 1.375466156005859375e+02 3.686093750000000000e+02
2.935115966796875000e+02 2.278147125244140625e+02 2.937001342773437500e+02 2.784020385742187500e+02
3.840182189941406250e+02 3.135099182128906250e+02 3.712076110839843750e+02 3.160167541503906250e+02
5.336767578125000000e+02 3.773455200195312500e+02 3.788540344238281250e+02 3.532687683105468750e+02
4.794661254882812500e+02 1.317405395507812500e+02 4.811054077148437500e+02 7.029450225830078125e+01
5.226078491210937500e+02 2.906973876953125000e+02 5.233800659179687500e+02 2.612291564941406250e+02
4.418956909179687500e+02 1.338649444580078125e+02 3.858432006835937500e+02 1.396567993164062500e+02
3.985151672363281250e+02 6.519094848632812500e+01 4.129469604492187500e+02 5.856887435913085938e+01
3.121213150024414062e+01 2.486000671386718750e+02 2.948942184448242188e+01 2.217257537841796875e+02
2.015461578369140625e+02 1.940456237792968750e+02 2.010866088867187500e+02 3.400563659667968750e+02
5.028467407226562500e+02 2.610434875488281250e+02 5.233800659179687500e+02 2.612291564941406250e+02
3.610834045410156250e+02 2.725356445312500000e+02 3.464362182617187500e+02 2.767284240722656250e+02
5.529500122070312500e+02 1.474986572265625000e+02 5.736191406250000000e+02 1.486714782714843750e+02
2.769162902832031250e+02 2.448288879394531250e+02 2.931408996582031250e+02 2.443200531005859375e+02
2.933051147460937500e+02 2.600191650390625000e+02 2.768423767089843750e+02 2.612897338867187500e+02
4.691423950195312500e+02 3.050329284667968750e+02 5.512694702148437500e+02 2.823379821777343750e+02
1.378905029296875000e+02 3.585653076171875000e+02 1.482786407470703125e+02 3.574104309082031250e+02
3.829545288085937500e+02 1.396744842529296875e+02 3.828897705078125000e+02 1.290954132080078125e+02
6.678426265716552734e-01 3.317124633789062500e+02 1.300697517395019531e+01 3.310630187988281250e+02
3.712076110839843750e+02 3.160167541503906250e+02 3.691197509765625000e+02 1.406081695556640625e+02
4.418956909179687500e+02 1.338649444580078125e+02 4.434606933593750000e+02 2.993401794433593750e+02
1.337281799316406250e+02 1.066364669799804688e+02 9.134184122085571289e-01 8.751513671875000000e+01
1.339240112304687500e+02 1.051603317260742188e+02 2.963418884277343750e+02 1.267066955566406250e+02
6.175985717773437500e+02 4.791701049804687500e+02 6.264234619140625000e+02 1.030661344528198242e+00
1.990297698974609375e+02 3.400209045410156250e+02 1.988446960449218750e+02 3.507569274902343750e+02
5.511920776367187500e+02 3.501460266113281250e+02 5.712260131835937500e+02 3.536518554687500000e+02
5.526013793945312500e+02 1.671063690185546875e+02 5.735526733398437500e+02 1.665737457275390625e+02
2.468514709472656250e+02 2.987573547363281250e+02 2.023641204833984375e+02 3.053898620605468750e+02
5.518031005859375000e+02 2.604865112304687500e+02 5.723640747070312500e+02 2.599574584960937500e+02
5.489097900390625000e+02 3.764793395996093750e+02 5.025708007812500000e+02 3.236785583496093750e+02
5.226078491210937500e+02 2.906973876953125000e+02 5.018261108398437500e+02 2.870075988769531250e+02
3.608612060546875000e+02 3.133674316406250000e+02 3.712076110839843750e+02 3.160167541503906250e+02
4.689835510253906250e+02 3.107757873535156250e+02 4.689361877441406250e+02 3.124883117675781250e+02
3.610163574218750000e+02 2.405867156982421875e+02 3.431837768554687500e+02 2.411329650878906250e+02
5.530217285156250000e+02 1.038617477416992188e+02 5.738533935546875000e+02 1.021174087524414062e+02
3.021414184570312500e+02 2.276714935302734375e+02 3.025107116699218750e+02 2.747640380859375000e+02
2.472256317138671875e+02 3.085424499511718750e+02 2.069756927490234375e+02 3.142888488769531250e+02
2.472256317138671875e+02 3.085424499511718750e+02 2.461967620849609375e+02 2.038954772949218750e+02
5.677460327148437500e+02 4.597282104492187500e+02 5.476970825195312500e+02 4.548818664550781250e+02
5.730164794921875000e+02 2.277971038818359375e+02 5.525605468750000000e+02 2.275252685546875000e+02
4.679603881835937500e+02 4.790371093750000000e+02 4.667379150390625000e+02 4.290942687988281250e+02
5.482988281250000000e+02 4.403292541503906250e+02 5.681610717773437500e+02 4.446555786132812500e+02
1.739922790527343750e+02 2.986035461425781250e+02 1.619066467285156250e+02 2.992529907226562500e+02
3.108579101562500000e+02 3.062009887695312500e+02 3.107224731445312500e+02 2.911270141601562500e+02
3.609626464843750000e+02 2.540497436523437500e+02 3.460955200195312500e+02 2.554915161132812500e+02
2.734323120117187500e+02 3.356670532226562500e+02 2.476744995117187500e+02 3.322998962402343750e+02
2.964893188476562500e+02 1.455769653320312500e+02 3.691197509765625000e+02 1.406081695556640625e+02
2.253560066223144531e+01 2.908840332031250000e+02 6.370499730110168457e-01 2.934498291015625000e+02
5.818427276611328125e+01 8.085002136230468750e+01 3.164045715332031250e+01 9.093577575683593750e+01
5.527021484375000000e+02 1.696256446838378906e+01 4.071503295898437500e+02 4.282224655151367188e+01
2.315602416992187500e+02 1.830612030029296875e+02 2.762882080078125000e+02 1.824352722167968750e+02
8.295160531997680664e-01 5.138976287841796875e+01 5.525556640625000000e+02 1.546310729980468750e+02
3.018947143554687500e+02 2.747608032226562500e+02 3.018515625000000000e+02 2.829988403320312500e+02
5.734149780273437500e+02 1.813793792724609375e+02 5.531243286132812500e+02 1.823597259521484375e+02
5.503374633789062500e+02 3.201892700195312500e+02 5.512407836914062500e+02 3.202747192382812500e+02
1.337281799316406250e+02 1.066364669799804688e+02 1.338062133789062500e+02 1.066426696777343750e+02
5.687080078125000000e+02 4.293479309082031250e+02 5.489105224609375000e+02 4.249250183105468750e+02
4.811054077148437500e+02 7.029450225830078125e+01 5.524325561523437500e+02 6.077840423583984375e+01
5.689090576171875000e+02 3.992319030761718750e+02 5.489699096679687500e+02 3.955993652343750000e+02
5.512407836914062500e+02 3.202747192382812500e+02 5.715856323242187500e+02 3.205899658203125000e+02
1.533730468750000000e+02 2.186198425292968750e+02 1.860285034179687500e+02 2.181826171875000000e+02
1.071072578430175781e+01 2.219822692871093750e+02 1.109251976013183594e+01 2.496281738281250000e+02
5.531490478515625000e+02 1.150079421997070312e+02 5.739605712890625000e+02 1.174595794677734375e+02
5.732016601562500000e+02 1.972225952148437500e+02 5.528391723632812500e+02 1.977415771484375000e+02
5.713872680664062500e+02 3.385440063476562500e+02 5.512639770507812500e+02 3.354786987304687500e+02
3.431870117187500000e+02 2.263804931640625000e+02 3.464362182617187500e+02 2.767284240722656250e+02
3.235123291015625000e+02 2.759952697753906250e+02 3.464362182617187500e+02 2.767284240722656250e+02
6.264234619140625000e+02 1.030661344528198242e+00 5.737880859375000000e+02 1.217104721069335938e+01
5.725781860351562500e+02 2.448760070800781250e+02 5.523529663085937500e+02 2.446520233154296875e+02
3.108579101562500000e+02 3.062009887695312500e+02 2.939220581054687500e+02 3.102860717773437500e+02
6.640475988388061523e-01 2.686496582031250000e+02 3.192816543579101562e+01 2.679125671386718750e+02
1.739922790527343750e+02 2.986035461425781250e+02 1.742476806640625000e+02 2.793252258300781250e+02
1.615316467285156250e+02 2.801643676757812500e+02 1.742476806640625000e+02 2.793252258300781250e+02
1.277175712585449219e+01 3.162937011718750000e+02 7.135410308837890625e-01 3.166967163085937500e+02
2.762882080078125000e+02 1.824352722167968750e+02 2.734323120117187500e+02 3.356670532226562500e+02
1.706590843200683594e+01 3.733965759277343750e+02 6.818108558654785156e-01 3.764559326171875000e+02
5.518364868164062500e+02 2.750978088378906250e+02 5.720647583007812500e+02 2.753936157226562500e+02
8.762709045410156250e+01 2.613811950683593750e+02 3.192816543579101562e+01 2.679125671386718750e+02
3.858432006835937500e+02 1.396567993164062500e+02 3.691300964355468750e+02 1.407641296386718750e+02
1.615316467285156250e+02 2.801643676757812500e+02 1.619066467285156250e+02 2.992529907226562500e+02
3.431870117187500000e+02 2.263804931640625000e+02 3.611811828613281250e+02 2.262578125000000000e+02
5.517972412109375000e+02 2.899590759277343750e+02 5.720360107421875000e+02 2.905072937011718750e+02
5.680057983398437500e+02 4.792458801269531250e+02 5.737880859375000000e+02 1.217104721069335938e+01
2.687476158142089844e+01 3.654810180664062500e+02 1.706590843200683594e+01 3.733965759277343750e+02
5.730681762695312500e+02 2.129274139404296875e+02 5.528690795898437500e+02 2.127563323974609375e+02
5.510039062500000000e+02 3.657645263671875000e+02 5.710291748046875000e+02 3.690464172363281250e+02
8.210893249511718750e+01 3.547922668457031250e+02 8.762709045410156250e+01 2.613811950683593750e+02
2.963418884277343750e+02 1.267066955566406250e+02 3.280189819335937500e+02 1.248174591064453125e+02
2.734323120117187500e+02 3.356670532226562500e+02 3.608612060546875000e+02 3.133674316406250000e+02
5.488172607421875000e+02 4.107600097656250000e+02 5.688313598632812500e+02 4.145919189453125000e+02
5.817065811157226562e+01 2.536025390625000000e+02 5.907523632049560547e-01 2.530100402832031250e+02
4.172318725585937500e+02 1.363550109863281250e+02 4.184032592773437500e+02 1.518484497070312500e+02
5.817065811157226562e+01 2.536025390625000000e+02 8.762709045410156250e+01 2.613811950683593750e+02
3.275254516601562500e+02 1.317119026184082031e+01 3.875053405761718750e+02 8.516669869422912598e-01
8.090977668762207031e-01 4.075131530761718750e+02 7.751329040527343750e+01 4.409307861328125000e+02
3.275254516601562500e+02 1.317119026184082031e+01 3.263563537597656250e+02 9.550541639328002930e-01
5.526268310546875000e+02 1.131797313690185547e+00 3.816135253906250000e+02 3.293992614746093750e+01
3.460696716308593750e+02 2.551380767822265625e+02 3.021315307617187500e+02 2.583489379882812500e+02
5.489097900390625000e+02 3.764793395996093750e+02 5.708824462890625000e+02 3.848909606933593750e+02
1.457637329101562500e+02 1.075927963256835938e+02 1.482786407470703125e+02 3.574104309082031250e+02
2.322360534667968750e+02 2.635841674804687500e+02 2.061332855224609375e+02 2.651482543945312500e+02
2.762882080078125000e+02 1.824352722167968750e+02 3.709418029785156250e+02 1.861960449218750000e+02
4.129469604492187500e+02 5.856887435913085938e+01 4.809304504394531250e+02 8.093611907958984375e+01
1.860083007812500000e+02 2.005713500976562500e+02 1.532922515869140625e+02 2.005356750488281250e+02
3.021968078613281250e+02 2.591075439453125000e+02 2.932926330566406250e+02 2.598739013671875000e+02
5.526268310546875000e+02 1.131797313690185547e+00 5.461806640625000000e+02 4.791601562500000000e+02
8.282247924804687500e+01 2.842815551757812500e+02 5.622051239013671875e+01 2.872303771972656250e+02
5.515606689453125000e+02 3.049535217285156250e+02 5.717302246093750000e+02 3.062980957031250000e+02
1.467275543212890625e+02 1.928486328125000000e+02 2.015461578369140625e+02 1.940456237792968750e+02
2.767619018554687500e+02 2.271622772216796875e+02 2.935115966796875000e+02 2.278147125244140625e+02
1.531083374023437500e+02 2.339137573242187500e+02 1.983876342773437500e+02 2.331182861328125000e+02
2.010866088867187500e+02 3.400563659667968750e+02 1.524929046630859375e+02 3.507877197265625000e+02
2.975822143554687500e+02 1.368544769287109375e+02 3.828897705078125000e+02 1.290954132080078125e+02
3.431870117187500000e+02 2.263804931640625000e+02 3.378291015625000000e+02 2.710932006835937500e+02
2.476744995117187500e+02 3.322998962402343750e+02 2.476635131835937500e+02 3.404273681640625000e+02
2.570081176757812500e+02 2.187656250000000000e+02 2.459256591796875000e+02 2.188949890136718750e+02
2.564678344726562500e+02 2.039807281494140625e+02 2.461967620849609375e+02 2.038954772949218750e+02
3.164045715332031250e+01 9.093577575683593750e+01 3.644891357421875000e+01 1.174404754638671875e+02
1.375466156005859375e+02 3.686093750000000000e+02 2.476635131835937500e+02 3.404273681640625000e+02
2.687476158142089844e+01 3.654810180664062500e+02 2.657989692687988281e+01 3.023742370605468750e+02
5.518031005859375000e+02 2.604865112304687500e+02 5.233800659179687500e+02 2.612291564941406250e+02
4.826218261718750000e+02 9.115456342697143555e-01 3.575246887207031250e+02 2.436652565002441406e+01
5.061035461425781250e+02 3.209550170898437500e+02 5.024066772460937500e+02 3.161597900390625000e+02
2.320193786621093750e+02 2.305750885009765625e+02 1.983876342773437500e+02 2.331182861328125000e+02
4.129469604492187500e+02 5.856887435913085938e+01 4.086160583496093750e+02 1.258958663940429688e+02
2.015169830322265625e+02 1.948459625244140625e+02 2.315745391845703125e+02 1.959417114257812500e+02
4.276752929687500000e+02 5.020904159545898438e+01 5.527375488281250000e+02 2.899381828308105469e+01
1.706590843200683594e+01 3.733965759277343750e+02 1.569505310058593750e+02 4.184269104003906250e+02
2.931253051757812500e+02 2.440112762451171875e+02 3.432015686035156250e+02 2.414853210449218750e+02
2.324453430175781250e+02 2.485849609375000000e+02 2.039009704589843750e+02 2.493880767822265625e+02
3.107224731445312500e+02 2.911270141601562500e+02 2.959334716796875000e+02 2.940605163574218750e+02
3.611811828613281250e+02 2.262578125000000000e+02 3.709899902343750000e+02 2.267644042968750000e+02
2.015164337158203125e+02 1.948565521240234375e+02 2.569537353515625000e+02 1.968882141113281250e+02
2.287860260009765625e+02 2.220650939941406250e+02 2.028131408691406250e+02 2.222649841308593750e+02
4.135701293945312500e+02 5.682774734497070312e+01 2.571393432617187500e+02 8.409128785133361816e-01
6.317733526229858398e-01 6.518722534179687500e+01 3.178441162109375000e+02 1.190901260375976562e+02
1.464620971679687500e+02 3.539998779296875000e+02 1.524929046630859375e+02 3.507877197265625000e+02
3.691212158203125000e+02 1.406080780029296875e+02 3.691197509765625000e+02 1.406081695556640625e+02
2.935026855468750000e+02 2.269829101562500000e+02 3.431877746582031250e+02 2.264505920410156250e+02
1.706590843200683594e+01 3.733965759277343750e+02 1.277175712585449219e+01 3.162937011718750000e+02
3.013374328613281250e+01 3.025583190917968750e+02 3.192816543579101562e+01 2.679125671386718750e+02
5.526268310546875000e+02 1.131797313690185547e+00 5.737880859375000000e+02 1.217104721069335938e+01
5.680057983398437500e+02 4.792458801269531250e+02 5.470064086914062500e+02 4.696230773925781250e+02
3.575246887207031250e+02 2.436652565002441406e+01 3.560899353027343750e+02 9.338986396789550781e+00
2.468987121582031250e+02 2.990914611816406250e+02 2.569389038085937500e+02 2.976715087890625000e+02
5.025130615234375000e+02 3.210333862304687500e+02 5.025708007812500000e+02 3.236785583496093750e+02
2.459469604492187500e+02 2.603751525878906250e+02 2.573600463867187500e+02 2.596924743652343750e+02
5.530217285156250000e+02 1.038617477416992188e+02 4.810431213378906250e+02 8.058762359619140625e+01
5.049597778320312500e+02 2.673758239746093750e+02 5.031580810546875000e+02 2.679770202636718750e+02
3.431896057128906250e+02 2.268817901611328125e+02 3.611835021972656250e+02 2.268058166503906250e+02
5.738365478515625000e+02 1.239522552490234375e+01 5.527021484375000000e+02 1.696256446838378906e+01
3.025107116699218750e+02 2.747640380859375000e+02 3.231612854003906250e+02 2.726177062988281250e+02
3.603864440917968750e+02 2.375567321777343750e+02 3.712530517578125000e+02 2.352976989746093750e+02
2.010866088867187500e+02 3.400563659667968750e+02 2.580353088378906250e+02 3.283841552734375000e+02
2.687476158142089844e+01 3.654810180664062500e+02 5.274047851562500000e+01 3.663210754394531250e+02
3.270870056152343750e+02 1.316978302001953125e+02 3.695785217285156250e+02 1.374536285400390625e+02
5.622051239013671875e+01 2.872303771972656250e+02 5.155795288085937500e+01 2.688110961914062500e+02
2.959334716796875000e+02 2.940605163574218750e+02 2.939220581054687500e+02 3.102860717773437500e+02
2.931055908203125000e+02 2.435612487792968750e+02 2.463993225097656250e+02 2.456070098876953125e+02
2.468514709472656250e+02 2.987573547363281250e+02 2.468626251220703125e+02 2.987561340332031250e+02
1.534639282226562500e+02 3.546531677246093750e+02 2.017089385986328125e+02 3.425336914062500000e+02
5.523234252929687500e+02 8.707515716552734375e+01 5.276466674804687500e+02 8.905563354492187500e+01
5.530217285156250000e+02 1.038617477416992188e+02 4.811054077148437500e+02 7.029450225830078125e+01
4.815982055664062500e+02 7.899339294433593750e+01 4.140422973632812500e+02 5.547165298461914062e+01
2.012202301025390625e+02 3.407922973632812500e+02 2.012878265380859375e+02 3.407733154296875000e+02
4.166394653320312500e+02 4.901364135742187500e+01 2.975240478515625000e+02 1.109636783599853516e+00
4.071503295898437500e+02 4.282224655151367188e+01 4.032075195312500000e+02 3.126192474365234375e+01
1.532777709960937500e+02 3.567526550292968750e+02 1.537322998046875000e+02 3.566928405761718750e+02
3.413911743164062500e+02 2.978322448730468750e+02 3.503151245117187500e+02 2.960397644042968750e+02
5.497233886718750000e+02 3.199930114746093750e+02 5.503522338867187500e+02 3.201097717285156250e+02
1.074280166625976562e+02 8.794712829589843750e+01 7.741432952880859375e+01 9.649607086181640625e+01
1.341981353759765625e+02 1.092991104125976562e+02 1.457637329101562500e+02 1.075927963256835938e+02
5.377795410156250000e+02 2.827001953125000000e+02 5.380111083984375000e+02 2.647883300781250000e+02
2.316847076416015625e+02 1.959406433105468750e+02 2.320193786621093750e+02 2.305750885009765625e+02
1.534623413085937500e+02 3.548398132324218750e+02 1.535060729980468750e+02 3.548293457031250000e+02
2.724842834472656250e+02 1.261794815063476562e+02 2.956925659179687500e+02 1.225522232055664062e+02
8.210893249511718750e+01 3.547922668457031250e+02 5.165010452270507812e+01 3.606865844726562500e+02
3.229651489257812500e+02 2.759631958007812500e+02 3.235123291015625000e+02 2.759952697753906250e+02
5.340714111328125000e+02 3.744540710449218750e+02 5.489097900390625000e+02 3.764793395996093750e+02
5.845965957641601562e+01 3.242740783691406250e+02 7.244303131103515625e+01 3.216289672851562500e+02
4.248189544677734375e+01 3.938357543945312500e+01 4.295092010498046875e+01 8.988302350044250488e-01
3.021414184570312500e+02 2.276714935302734375e+02 2.937001342773437500e+02 2.784020385742187500e+02
3.177965698242187500e+02 1.193684844970703125e+02 4.172318725585937500e+02 1.363550109863281250e+02
2.015461578369140625e+02 1.940456237792968750e+02 2.015674285888671875e+02 1.940469665527343750e+02
2.026045074462890625e+02 2.974223632812500000e+02 2.020767059326171875e+02 2.974064331054687500e+02
2.472256317138671875e+02 3.085424499511718750e+02 2.574285583496093750e+02 3.060354003906250000e+02
2.931258850097656250e+02 2.439248352050781250e+02 3.431837768554687500e+02 2.411329650878906250e+02
2.321534729003906250e+01 3.025699462890625000e+02 2.253560066223144531e+01 2.908840332031250000e+02
4.522187500000000000e+02 6.136879348754882812e+01 5.526029052734375000e+02 4.981447219848632812e+01
2.724842834472656250e+02 1.261794815063476562e+02 2.619726562500000000e+02 1.413750152587890625e+02
2.958605651855468750e+02 1.300446472167968750e+02 3.266844787597656250e+02 1.344892578125000000e+02
