2.750000000000000000e+00 2.500000000000000000e-01 1.055000000000000000e+02 5.875000000000000000e+01
7.575000000000000000e+01 2.500000000000000000e-01 1.842500000000000000e+02 7.575000000000000000e+01
2.182500000000000000e+02 2.500000000000000000e-01 2.592500000000000000e+02 5.325000000000000000e+01
4.347500000000000000e+02 2.500000000000000000e-01 4.247500000000000000e+02 6.275000000000000000e+01
5.292500000000000000e+02 2.500000000000000000e-01 4.922500000000000000e+02 6.525000000000000000e+01
2.612500000000000000e+02 7.500000000000000000e-01 2.607500000000000000e+02 2.475000000000000000e+01
3.067500000000000000e+02 7.500000000000000000e-01 2.752500000000000000e+02 1.250000000000000000e+00
4.032500000000000000e+02 7.500000000000000000e-01 4.022500000000000000e+02 3.175000000000000000e+01
4.662500000000000000e+02 7.500000000000000000e-01 4.472500000000000000e+02 7.375000000000000000e+01
2.757500000000000000e+02 1.250000000000000000e+00 2.867500000000000000e+02 2.175000000000000000e+01
3.692500000000000000e+02 4.250000000000000000e+00 3.712500000000000000e+02 2.075000000000000000e+01
6.385000000000000000e+02 5.250000000000000000e+00 6.055000000000000000e+02 3.175000000000000000e+01
3.142500000000000000e+02 2.025000000000000000e+01 3.412500000000000000e+02 2.025000000000000000e+01
3.412500000000000000e+02 2.025000000000000000e+01 3.717500000000000000e+02 2.025000000000000000e+01
3.157500000000000000e+02 2.075000000000000000e+01 2.875000000000000000e+02 2.125000000000000000e+01
3.717500000000000000e+02 2.075000000000000000e+01 3.722500000000000000e+02 3.175000000000000000e+01
2.607500000000000000e+02 2.325000000000000000e+01 2.607500000000000000e+02 3.375000000000000000e+01
3.430000000000000000e+02 3.100000000000000000e+01 3.732500000000000000e+02 3.125000000000000000e+01
3.447500000000000000e+02 3.100000000000000000e+01 3.187500000000000000e+02 3.125000000000000000e+01
3.737500000000000000e+02 3.125000000000000000e+01 3.742500000000000000e+02 7.875000000000000000e+01
3.187500000000000000e+02 3.175000000000000000e+01 2.905000000000000000e+02 3.225000000000000000e+01
4.027500000000000000e+02 3.175000000000000000e+01 4.017500000000000000e+02 5.125000000000000000e+01
6.067500000000000000e+02 3.175000000000000000e+01 5.927500000000000000e+02 4.475000000000000000e+01
2.602500000000000000e+02 3.325000000000000000e+01 2.587500000000000000e+02 5.375000000000000000e+01
5.935000000000000000e+02 4.425000000000000000e+01 5.415000000000000000e+02 9.350000000000000000e+01
4.015000000000000000e+02 5.125000000000000000e+01 3.982500000000000000e+02 8.275000000000000000e+01
4.012500000000000000e+02 5.150000000000000000e+01 4.257500000000000000e+02 6.325000000000000000e+01
2.595000000000000000e+02 5.250000000000000000e+01 2.375000000000000000e+02 6.425000000000000000e+01
2.372500000000000000e+02 6.450000000000000000e+01 2.135000000000000000e+02 7.750000000000000000e+01
4.927500000000000000e+02 6.525000000000000000e+01 4.807500000000000000e+02 8.525000000000000000e+01
2.125000000000000000e+01 7.275000000000000000e+01 2.075000000000000000e+01 8.475000000000000000e+01
4.472500000000000000e+02 7.375000000000000000e+01 4.685000000000000000e+02 8.225000000000000000e+01
4.487500000000000000e+02 7.475000000000000000e+01 4.477500000000000000e+02 9.075000000000000000e+01
1.847500000000000000e+02 7.575000000000000000e+01 1.962500000000000000e+02 8.375000000000000000e+01
2.500000000000000000e-01 7.675000000000000000e+01 2.075000000000000000e+01 8.425000000000000000e+01
2.132500000000000000e+02 7.725000000000000000e+01 2.042500000000000000e+02 8.075000000000000000e+01
2.137500000000000000e+02 7.775000000000000000e+01 2.162500000000000000e+02 9.075000000000000000e+01
3.732500000000000000e+02 7.875000000000000000e+01 3.972500000000000000e+02 8.275000000000000000e+01
2.052500000000000000e+02 8.050000000000000000e+01 1.962500000000000000e+02 8.350000000000000000e+01
3.972500000000000000e+02 8.225000000000000000e+01 4.477500000000000000e+02 8.950000000000000000e+01
4.682500000000000000e+02 8.250000000000000000e+01 4.807500000000000000e+02 8.450000000000000000e+01
1.962500000000000000e+02 8.275000000000000000e+01 1.957500000000000000e+02 1.107500000000000000e+02
2.075000000000000000e+01 8.325000000000000000e+01 1.975000000000000000e+01 1.017500000000000000e+02
1.952500000000000000e+02 8.375000000000000000e+01 2.177500000000000000e+02 8.950000000000000000e+01
2.617500000000000000e+02 8.375000000000000000e+01 2.467500000000000000e+02 8.575000000000000000e+01
5.072500000000000000e+02 8.375000000000000000e+01 4.902500000000000000e+02 8.525000000000000000e+01
4.802500000000000000e+02 8.425000000000000000e+01 4.902500000000000000e+02 8.425000000000000000e+01
4.902500000000000000e+02 8.425000000000000000e+01 4.862500000000000000e+02 1.157500000000000000e+02
9.950000000000000000e+01 8.575000000000000000e+01 9.750000000000000000e+01 1.107500000000000000e+02
2.452500000000000000e+02 8.625000000000000000e+01 2.172500000000000000e+02 8.950000000000000000e+01
2.162500000000000000e+02 8.925000000000000000e+01 2.172500000000000000e+02 1.157500000000000000e+02
4.477500000000000000e+02 8.925000000000000000e+01 4.467500000000000000e+02 1.147500000000000000e+02
2.452500000000000000e+02 9.875000000000000000e+01 2.557500000000000000e+02 9.925000000000000000e+01
2.547500000000000000e+02 9.975000000000000000e+01 2.632500000000000000e+02 1.002500000000000000e+02
2.632500000000000000e+02 1.007500000000000000e+02 2.632500000000000000e+02 1.167500000000000000e+02
1.925000000000000000e+01 1.012500000000000000e+02 1.925000000000000000e+01 1.202500000000000000e+02
7.325000000000000000e+01 1.032500000000000000e+02 8.675000000000000000e+01 1.072500000000000000e+02
7.425000000000000000e+01 1.042500000000000000e+02 7.425000000000000000e+01 1.187500000000000000e+02
8.625000000000000000e+01 1.062500000000000000e+02 8.575000000000000000e+01 1.187500000000000000e+02
8.525000000000000000e+01 1.067500000000000000e+02 9.775000000000000000e+01 1.097500000000000000e+02
5.972500000000000000e+02 1.072500000000000000e+02 6.117500000000000000e+02 1.072500000000000000e+02
5.982500000000000000e+02 1.075000000000000000e+02 5.882500000000000000e+02 1.105000000000000000e+02
5.972500000000000000e+02 1.077500000000000000e+02 5.957500000000000000e+02 1.627500000000000000e+02
6.102500000000000000e+02 1.077500000000000000e+02 6.097500000000000000e+02 1.207500000000000000e+02
9.725000000000000000e+01 1.092500000000000000e+02 9.675000000000000000e+01 1.197500000000000000e+02
1.962500000000000000e+02 1.097500000000000000e+02 1.782500000000000000e+02 1.152500000000000000e+02
1.952500000000000000e+02 1.107500000000000000e+02 2.177500000000000000e+02 1.155000000000000000e+02
5.887500000000000000e+02 1.107500000000000000e+02 5.887500000000000000e+02 1.217500000000000000e+02
2.167500000000000000e+02 1.142500000000000000e+02 2.167500000000000000e+02 1.577500000000000000e+02
4.452500000000000000e+02 1.142500000000000000e+02 4.877500000000000000e+02 1.142500000000000000e+02
4.465000000000000000e+02 1.142500000000000000e+02 4.435000000000000000e+02 1.587500000000000000e+02
4.872500000000000000e+02 1.142500000000000000e+02 4.857500000000000000e+02 1.597500000000000000e+02
2.162500000000000000e+02 1.147500000000000000e+02 2.387500000000000000e+02 1.152500000000000000e+02
2.377500000000000000e+02 1.147500000000000000e+02 2.537500000000000000e+02 1.162500000000000000e+02
4.467500000000000000e+02 1.147500000000000000e+02 2.807500000000000000e+02 1.152500000000000000e+02
1.782500000000000000e+02 1.152500000000000000e+02 9.625000000000000000e+01 1.187500000000000000e+02
1.792500000000000000e+02 1.152500000000000000e+02 1.792500000000000000e+02 1.282500000000000000e+02
2.527500000000000000e+02 1.152500000000000000e+02 2.517500000000000000e+02 1.585000000000000000e+02
2.630000000000000000e+02 1.152500000000000000e+02 2.632500000000000000e+02 1.577500000000000000e+02
2.817500000000000000e+02 1.152500000000000000e+02 2.807500000000000000e+02 1.577500000000000000e+02
4.862500000000000000e+02 1.152500000000000000e+02 5.882500000000000000e+02 1.202500000000000000e+02
2.522500000000000000e+02 1.157500000000000000e+02 2.642500000000000000e+02 1.162500000000000000e+02
2.632500000000000000e+02 1.157500000000000000e+02 2.817500000000000000e+02 1.157500000000000000e+02
8.525000000000000000e+01 1.172500000000000000e+02 9.625000000000000000e+01 1.187500000000000000e+02
8.625000000000000000e+01 1.172500000000000000e+02 8.475000000000000000e+01 1.567500000000000000e+02
8.675000000000000000e+01 1.172500000000000000e+02 7.425000000000000000e+01 1.182500000000000000e+02
7.525000000000000000e+01 1.182500000000000000e+02 7.475000000000000000e+01 1.557500000000000000e+02
9.725000000000000000e+01 1.182500000000000000e+02 9.525000000000000000e+01 1.582500000000000000e+02
6.102500000000000000e+02 1.192500000000000000e+02 6.077500000000000000e+02 1.632500000000000000e+02
6.102500000000000000e+02 1.197500000000000000e+02 5.882500000000000000e+02 1.202500000000000000e+02
1.925000000000000000e+01 1.202500000000000000e+02 1.925000000000000000e+01 1.447500000000000000e+02
5.882500000000000000e+02 1.202500000000000000e+02 5.877500000000000000e+02 1.637500000000000000e+02
1.792500000000000000e+02 1.282500000000000000e+02 1.782500000000000000e+02 1.577500000000000000e+02
7.500000000000000000e-01 1.402500000000000000e+02 1.975000000000000000e+01 1.442500000000000000e+02
1.925000000000000000e+01 1.432500000000000000e+02 1.875000000000000000e+01 1.617500000000000000e+02
1.825000000000000000e+01 1.437500000000000000e+02 7.575000000000000000e+01 1.545000000000000000e+02
7.425000000000000000e+01 1.542500000000000000e+02 8.575000000000000000e+01 1.562500000000000000e+02
7.425000000000000000e+01 1.542500000000000000e+02 7.325000000000000000e+01 1.967500000000000000e+02
1.787500000000000000e+02 1.562500000000000000e+02 1.472500000000000000e+02 1.572500000000000000e+02
2.637500000000000000e+02 1.562500000000000000e+02 2.612500000000000000e+02 2.407500000000000000e+02
1.787500000000000000e+02 1.565000000000000000e+02 1.777500000000000000e+02 1.987500000000000000e+02
8.575000000000000000e+01 1.567500000000000000e+02 9.575000000000000000e+01 1.572500000000000000e+02
1.487500000000000000e+02 1.567500000000000000e+02 1.152500000000000000e+02 1.572500000000000000e+02
1.772500000000000000e+02 1.567500000000000000e+02 2.087500000000000000e+02 1.577500000000000000e+02
2.817500000000000000e+02 1.567500000000000000e+02 2.632500000000000000e+02 1.577500000000000000e+02
8.525000000000000000e+01 1.572500000000000000e+02 8.375000000000000000e+01 1.977500000000000000e+02
9.425000000000000000e+01 1.572500000000000000e+02 1.167500000000000000e+02 1.572500000000000000e+02
9.525000000000000000e+01 1.572500000000000000e+02 9.475000000000000000e+01 1.977500000000000000e+02
1.167500000000000000e+02 1.572500000000000000e+02 1.157500000000000000e+02 1.712500000000000000e+02
1.482500000000000000e+02 1.572500000000000000e+02 1.472500000000000000e+02 1.717500000000000000e+02
2.072500000000000000e+02 1.572500000000000000e+02 2.177500000000000000e+02 1.572500000000000000e+02
2.162500000000000000e+02 1.572500000000000000e+02 2.377500000000000000e+02 1.572500000000000000e+02
2.362500000000000000e+02 1.572500000000000000e+02 2.522500000000000000e+02 1.582500000000000000e+02
2.525000000000000000e+02 1.572500000000000000e+02 2.485000000000000000e+02 2.817500000000000000e+02
2.642500000000000000e+02 1.577500000000000000e+02 2.512500000000000000e+02 1.582500000000000000e+02
2.802500000000000000e+02 1.577500000000000000e+02 4.427500000000000000e+02 1.592500000000000000e+02
2.802500000000000000e+02 1.577500000000000000e+02 2.782500000000000000e+02 2.387500000000000000e+02
4.422500000000000000e+02 1.582500000000000000e+02 4.522500000000000000e+02 1.597500000000000000e+02
4.437500000000000000e+02 1.582500000000000000e+02 4.412500000000000000e+02 2.045000000000000000e+02
4.862500000000000000e+02 1.582500000000000000e+02 4.847500000000000000e+02 2.037500000000000000e+02
4.852500000000000000e+02 1.587500000000000000e+02 5.167500000000000000e+02 1.597500000000000000e+02
4.867500000000000000e+02 1.587500000000000000e+02 4.767500000000000000e+02 1.592500000000000000e+02
4.522500000000000000e+02 1.592500000000000000e+02 4.752500000000000000e+02 1.592500000000000000e+02
5.162500000000000000e+02 1.592500000000000000e+02 5.152500000000000000e+02 1.732500000000000000e+02
5.167500000000000000e+02 1.597500000000000000e+02 5.557500000000000000e+02 1.612500000000000000e+02
1.875000000000000000e+01 1.602500000000000000e+02 1.825000000000000000e+01 1.907500000000000000e+02
5.552500000000000000e+02 1.607500000000000000e+02 5.547500000000000000e+02 1.757500000000000000e+02
5.962500000000000000e+02 1.612500000000000000e+02 5.947500000000000000e+02 2.057500000000000000e+02
5.952500000000000000e+02 1.617500000000000000e+02 6.082500000000000000e+02 1.632500000000000000e+02
5.967500000000000000e+02 1.617500000000000000e+02 5.867500000000000000e+02 1.622500000000000000e+02
5.872500000000000000e+02 1.622500000000000000e+02 5.867500000000000000e+02 2.067500000000000000e+02
6.082500000000000000e+02 1.622500000000000000e+02 6.067500000000000000e+02 2.057500000000000000e+02
1.162500000000000000e+02 1.702500000000000000e+02 1.157500000000000000e+02 1.837500000000000000e+02
1.472500000000000000e+02 1.702500000000000000e+02 1.472500000000000000e+02 1.827500000000000000e+02
1.477500000000000000e+02 1.707500000000000000e+02 1.152500000000000000e+02 1.712500000000000000e+02
5.152500000000000000e+02 1.732500000000000000e+02 5.147500000000000000e+02 1.872500000000000000e+02
5.142500000000000000e+02 1.737500000000000000e+02 5.552500000000000000e+02 1.752500000000000000e+02
5.547500000000000000e+02 1.747500000000000000e+02 5.542500000000000000e+02 1.882500000000000000e+02
1.472500000000000000e+02 1.822500000000000000e+02 1.472500000000000000e+02 1.987500000000000000e+02
1.157500000000000000e+02 1.827500000000000000e+02 1.147500000000000000e+02 1.982500000000000000e+02
5.142500000000000000e+02 1.872500000000000000e+02 5.137500000000000000e+02 2.042500000000000000e+02
5.542500000000000000e+02 1.882500000000000000e+02 5.537500000000000000e+02 2.057500000000000000e+02
7.500000000000000000e-01 1.892500000000000000e+02 1.875000000000000000e+01 1.905000000000000000e+02
1.825000000000000000e+01 1.892500000000000000e+02 1.825000000000000000e+01 2.007500000000000000e+02
1.725000000000000000e+01 1.905000000000000000e+02 7.375000000000000000e+01 1.952500000000000000e+02
7.325000000000000000e+01 1.952500000000000000e+02 7.275000000000000000e+01 2.247500000000000000e+02
7.225000000000000000e+01 1.957500000000000000e+02 8.475000000000000000e+01 1.962500000000000000e+02
8.425000000000000000e+01 1.962500000000000000e+02 8.325000000000000000e+01 2.367500000000000000e+02
8.325000000000000000e+01 1.965000000000000000e+02 9.525000000000000000e+01 1.972500000000000000e+02
9.425000000000000000e+01 1.967500000000000000e+02 1.157500000000000000e+02 1.972500000000000000e+02
9.475000000000000000e+01 1.972500000000000000e+02 9.375000000000000000e+01 2.367500000000000000e+02
1.142500000000000000e+02 1.972500000000000000e+02 1.485000000000000000e+02 1.972500000000000000e+02
1.152500000000000000e+02 1.972500000000000000e+02 1.152500000000000000e+02 2.377500000000000000e+02
1.472500000000000000e+02 1.972500000000000000e+02 1.467500000000000000e+02 2.787500000000000000e+02
1.482500000000000000e+02 1.972500000000000000e+02 1.467500000000000000e+02 2.382500000000000000e+02
1.782500000000000000e+02 1.972500000000000000e+02 1.767500000000000000e+02 2.387500000000000000e+02
1.472500000000000000e+02 1.977500000000000000e+02 1.787500000000000000e+02 1.987500000000000000e+02
1.862500000000000000e+02 1.982500000000000000e+02 1.997500000000000000e+02 1.992500000000000000e+02
1.772500000000000000e+02 1.987500000000000000e+02 1.877500000000000000e+02 1.987500000000000000e+02
1.825000000000000000e+01 1.992500000000000000e+02 1.775000000000000000e+01 2.237500000000000000e+02
1.987500000000000000e+02 1.992500000000000000e+02 2.127500000000000000e+02 1.992500000000000000e+02
4.725000000000000000e+02 2.022500000000000000e+02 4.705000000000000000e+02 2.447500000000000000e+02
4.852500000000000000e+02 2.022500000000000000e+02 4.842500000000000000e+02 2.467500000000000000e+02
4.737500000000000000e+02 2.027500000000000000e+02 4.592500000000000000e+02 2.037500000000000000e+02
4.402500000000000000e+02 2.032500000000000000e+02 4.592500000000000000e+02 2.032500000000000000e+02
4.402500000000000000e+02 2.032500000000000000e+02 4.397500000000000000e+02 2.877500000000000000e+02
4.722500000000000000e+02 2.032500000000000000e+02 4.857500000000000000e+02 2.032500000000000000e+02
4.842500000000000000e+02 2.032500000000000000e+02 5.137500000000000000e+02 2.032500000000000000e+02
5.135000000000000000e+02 2.032500000000000000e+02 5.122500000000000000e+02 2.477500000000000000e+02
5.127500000000000000e+02 2.037500000000000000e+02 5.547500000000000000e+02 2.042500000000000000e+02
5.537500000000000000e+02 2.042500000000000000e+02 5.517500000000000000e+02 2.477500000000000000e+02
5.532500000000000000e+02 2.047500000000000000e+02 5.867500000000000000e+02 2.052500000000000000e+02
6.202500000000000000e+02 2.052500000000000000e+02 6.182500000000000000e+02 2.497500000000000000e+02
6.062500000000000000e+02 2.055000000000000000e+02 6.057500000000000000e+02 2.497500000000000000e+02
5.942500000000000000e+02 2.057500000000000000e+02 6.075000000000000000e+02 2.062500000000000000e+02
5.957500000000000000e+02 2.057500000000000000e+02 5.855000000000000000e+02 2.062500000000000000e+02
6.062500000000000000e+02 2.057500000000000000e+02 6.207500000000000000e+02 2.062500000000000000e+02
6.192500000000000000e+02 2.057500000000000000e+02 6.387500000000000000e+02 2.062500000000000000e+02
5.862500000000000000e+02 2.062500000000000000e+02 5.847500000000000000e+02 2.497500000000000000e+02
3.507500000000000000e+02 2.122500000000000000e+02 3.497500000000000000e+02 2.572500000000000000e+02
3.052500000000000000e+02 2.125000000000000000e+02 3.037500000000000000e+02 2.362500000000000000e+02
3.507500000000000000e+02 2.127500000000000000e+02 3.060000000000000000e+02 2.130000000000000000e+02
1.825000000000000000e+01 2.222500000000000000e+02 1.775000000000000000e+01 2.387500000000000000e+02
1.725000000000000000e+01 2.227500000000000000e+02 7.275000000000000000e+01 2.242500000000000000e+02
7.275000000000000000e+01 2.232500000000000000e+02 7.275000000000000000e+01 2.367500000000000000e+02
7.275000000000000000e+01 2.352500000000000000e+02 7.325000000000000000e+01 2.747500000000000000e+02
8.375000000000000000e+01 2.352500000000000000e+02 8.275000000000000000e+01 2.757500000000000000e+02
9.425000000000000000e+01 2.352500000000000000e+02 9.375000000000000000e+01 2.757500000000000000e+02
3.032500000000000000e+02 2.352500000000000000e+02 3.030000000000000000e+02 2.640000000000000000e+02
7.375000000000000000e+01 2.357500000000000000e+02 1.725000000000000000e+01 2.377500000000000000e+02
8.475000000000000000e+01 2.357500000000000000e+02 7.225000000000000000e+01 2.362500000000000000e+02
9.325000000000000000e+01 2.357500000000000000e+02 1.157500000000000000e+02 2.362500000000000000e+02
9.475000000000000000e+01 2.357500000000000000e+02 8.375000000000000000e+01 2.362500000000000000e+02
3.022500000000000000e+02 2.357500000000000000e+02 2.782500000000000000e+02 2.377500000000000000e+02
1.155000000000000000e+02 2.362500000000000000e+02 1.147500000000000000e+02 2.777500000000000000e+02
1.142500000000000000e+02 2.367500000000000000e+02 1.477500000000000000e+02 2.372500000000000000e+02
1.825000000000000000e+01 2.372500000000000000e+02 1.725000000000000000e+01 2.707500000000000000e+02
1.472500000000000000e+02 2.372500000000000000e+02 1.467500000000000000e+02 2.787500000000000000e+02
1.762500000000000000e+02 2.372500000000000000e+02 1.887500000000000000e+02 2.372500000000000000e+02
1.772500000000000000e+02 2.372500000000000000e+02 1.757500000000000000e+02 2.757500000000000000e+02
1.462500000000000000e+02 2.377500000000000000e+02 1.777500000000000000e+02 2.377500000000000000e+02
1.872500000000000000e+02 2.377500000000000000e+02 1.982500000000000000e+02 2.377500000000000000e+02
1.982500000000000000e+02 2.377500000000000000e+02 2.107500000000000000e+02 2.382500000000000000e+02
4.250000000000000000e+00 2.382500000000000000e+02 1.875000000000000000e+01 2.382500000000000000e+02
5.250000000000000000e+00 2.382500000000000000e+02 3.750000000000000000e+00 2.692500000000000000e+02
2.797500000000000000e+02 2.385000000000000000e+02 2.602500000000000000e+02 2.415000000000000000e+02
4.717500000000000000e+02 2.445000000000000000e+02 4.857500000000000000e+02 2.452500000000000000e+02
4.842500000000000000e+02 2.455000000000000000e+02 4.837500000000000000e+02 2.887500000000000000e+02
4.842500000000000000e+02 2.457500000000000000e+02 5.127500000000000000e+02 2.462500000000000000e+02
5.122500000000000000e+02 2.462500000000000000e+02 5.107500000000000000e+02 2.907500000000000000e+02
5.512500000000000000e+02 2.462500000000000000e+02 5.507500000000000000e+02 2.917500000000000000e+02
5.112500000000000000e+02 2.467500000000000000e+02 5.527500000000000000e+02 2.472500000000000000e+02
5.512500000000000000e+02 2.475000000000000000e+02 5.855000000000000000e+02 2.482500000000000000e+02
5.842500000000000000e+02 2.482500000000000000e+02 5.837500000000000000e+02 2.707500000000000000e+02
6.057500000000000000e+02 2.482500000000000000e+02 6.057500000000000000e+02 2.707500000000000000e+02
5.842500000000000000e+02 2.487500000000000000e+02 5.942500000000000000e+02 2.487500000000000000e+02
5.932500000000000000e+02 2.487500000000000000e+02 6.067500000000000000e+02 2.492500000000000000e+02
6.052500000000000000e+02 2.487500000000000000e+02 6.192500000000000000e+02 2.492500000000000000e+02
6.182500000000000000e+02 2.487500000000000000e+02 6.387500000000000000e+02 2.497500000000000000e+02
6.182500000000000000e+02 2.492500000000000000e+02 6.180000000000000000e+02 2.680000000000000000e+02
3.032500000000000000e+02 2.622500000000000000e+02 3.027500000000000000e+02 2.852500000000000000e+02
3.750000000000000000e+00 2.687500000000000000e+02 1.775000000000000000e+01 2.702500000000000000e+02
6.182500000000000000e+02 2.687500000000000000e+02 6.180000000000000000e+02 2.900000000000000000e+02
1.725000000000000000e+01 2.692500000000000000e+02 1.675000000000000000e+01 2.847500000000000000e+02
6.057500000000000000e+02 2.692500000000000000e+02 6.047500000000000000e+02 2.962500000000000000e+02
1.625000000000000000e+01 2.695000000000000000e+02 7.375000000000000000e+01 2.735000000000000000e+02
6.172500000000000000e+02 2.695000000000000000e+02 6.387500000000000000e+02 2.722500000000000000e+02
5.832500000000000000e+02 2.697500000000000000e+02 5.935000000000000000e+02 2.702500000000000000e+02
6.057500000000000000e+02 2.697500000000000000e+02 5.922500000000000000e+02 2.702500000000000000e+02
6.187500000000000000e+02 2.697500000000000000e+02 6.042500000000000000e+02 2.702500000000000000e+02
5.837500000000000000e+02 2.707500000000000000e+02 5.825000000000000000e+02 2.917500000000000000e+02
7.225000000000000000e+01 2.747500000000000000e+02 8.375000000000000000e+01 2.752500000000000000e+02
1.752500000000000000e+02 2.752500000000000000e+02 1.752500000000000000e+02 2.862500000000000000e+02
1.767500000000000000e+02 2.752500000000000000e+02 1.452500000000000000e+02 2.772500000000000000e+02
8.225000000000000000e+01 2.757500000000000000e+02 9.375000000000000000e+01 2.757500000000000000e+02
9.225000000000000000e+01 2.757500000000000000e+02 1.157500000000000000e+02 2.767500000000000000e+02
1.142500000000000000e+02 2.762500000000000000e+02 1.142500000000000000e+02 2.947500000000000000e+02
1.142500000000000000e+02 2.767500000000000000e+02 1.467500000000000000e+02 2.777500000000000000e+02
1.467500000000000000e+02 2.772500000000000000e+02 1.467500000000000000e+02 2.957500000000000000e+02
2.162500000000000000e+02 2.802500000000000000e+02 2.482500000000000000e+02 2.802500000000000000e+02
1.775000000000000000e+01 2.832500000000000000e+02 1.825000000000000000e+01 3.087500000000000000e+02
3.272500000000000000e+02 2.842500000000000000e+02 3.482500000000000000e+02 2.842500000000000000e+02
3.287500000000000000e+02 2.847500000000000000e+02 3.037500000000000000e+02 2.852500000000000000e+02
3.497500000000000000e+02 2.847500000000000000e+02 4.397500000000000000e+02 2.872500000000000000e+02
1.752500000000000000e+02 2.862500000000000000e+02 1.752500000000000000e+02 2.952500000000000000e+02
4.482500000000000000e+02 2.862500000000000000e+02 4.477500000000000000e+02 3.127500000000000000e+02
4.482500000000000000e+02 2.867500000000000000e+02 4.847500000000000000e+02 2.872500000000000000e+02
4.487500000000000000e+02 2.867500000000000000e+02 4.392500000000000000e+02 2.872500000000000000e+02
4.835000000000000000e+02 2.872500000000000000e+02 4.815000000000000000e+02 3.087500000000000000e+02
4.832500000000000000e+02 2.882500000000000000e+02 5.117500000000000000e+02 2.895000000000000000e+02
5.107500000000000000e+02 2.892500000000000000e+02 5.107500000000000000e+02 3.047500000000000000e+02
5.102500000000000000e+02 2.902500000000000000e+02 5.507500000000000000e+02 2.912500000000000000e+02
5.507500000000000000e+02 2.902500000000000000e+02 5.507500000000000000e+02 3.127500000000000000e+02
5.822500000000000000e+02 2.902500000000000000e+02 5.807500000000000000e+02 3.172500000000000000e+02
5.492500000000000000e+02 2.912500000000000000e+02 5.837500000000000000e+02 2.917500000000000000e+02
5.822500000000000000e+02 2.915000000000000000e+02 5.915000000000000000e+02 2.935000000000000000e+02
6.180000000000000000e+02 2.920000000000000000e+02 6.177500000000000000e+02 3.002500000000000000e+02
1.147500000000000000e+02 2.932500000000000000e+02 1.875000000000000000e+01 3.072500000000000000e+02
1.132500000000000000e+02 2.935000000000000000e+02 1.127500000000000000e+02 3.207500000000000000e+02
5.912500000000000000e+02 2.937500000000000000e+02 6.047500000000000000e+02 2.965000000000000000e+02
1.467500000000000000e+02 2.942500000000000000e+02 1.457500000000000000e+02 3.127500000000000000e+02
1.752500000000000000e+02 2.952500000000000000e+02 1.747500000000000000e+02 3.137500000000000000e+02
6.042500000000000000e+02 2.965000000000000000e+02 6.177500000000000000e+02 2.997500000000000000e+02
6.172500000000000000e+02 2.997500000000000000e+02 6.387500000000000000e+02 3.062500000000000000e+02
5.107500000000000000e+02 3.032500000000000000e+02 5.097500000000000000e+02 3.377500000000000000e+02
1.925000000000000000e+01 3.072500000000000000e+02 1.775000000000000000e+01 3.622500000000000000e+02
4.812500000000000000e+02 3.072500000000000000e+02 4.792500000000000000e+02 3.367500000000000000e+02
1.975000000000000000e+01 3.075000000000000000e+02 7.500000000000000000e-01 3.115000000000000000e+02
1.462500000000000000e+02 3.112500000000000000e+02 1.457500000000000000e+02 3.222500000000000000e+02
4.482500000000000000e+02 3.112500000000000000e+02 4.477500000000000000e+02 3.242500000000000000e+02
5.502500000000000000e+02 3.112500000000000000e+02 5.497500000000000000e+02 3.407500000000000000e+02
1.747500000000000000e+02 3.122500000000000000e+02 1.737500000000000000e+02 3.227500000000000000e+02
1.125000000000000000e+02 3.192500000000000000e+02 1.117500000000000000e+02 3.327500000000000000e+02
1.122500000000000000e+02 3.195000000000000000e+02 1.467500000000000000e+02 3.215000000000000000e+02
1.462500000000000000e+02 3.212500000000000000e+02 1.452500000000000000e+02 3.357500000000000000e+02
1.747500000000000000e+02 3.212500000000000000e+02 1.712500000000000000e+02 3.352500000000000000e+02
1.452500000000000000e+02 3.217500000000000000e+02 1.747500000000000000e+02 3.227500000000000000e+02
1.732500000000000000e+02 3.217500000000000000e+02 1.857500000000000000e+02 3.222500000000000000e+02
1.852500000000000000e+02 3.217500000000000000e+02 1.952500000000000000e+02 3.227500000000000000e+02
4.482500000000000000e+02 3.232500000000000000e+02 4.477500000000000000e+02 3.357500000000000000e+02
8.225000000000000000e+01 3.307500000000000000e+02 9.225000000000000000e+01 3.317500000000000000e+02
3.437500000000000000e+02 3.307500000000000000e+02 4.487500000000000000e+02 3.352500000000000000e+02
1.117500000000000000e+02 3.312500000000000000e+02 1.122500000000000000e+02 3.497500000000000000e+02
9.225000000000000000e+01 3.317500000000000000e+02 1.127500000000000000e+02 3.322500000000000000e+02
1.112500000000000000e+02 3.322500000000000000e+02 1.447500000000000000e+02 3.347500000000000000e+02
1.452500000000000000e+02 3.342500000000000000e+02 1.447500000000000000e+02 3.512500000000000000e+02
4.482500000000000000e+02 3.342500000000000000e+02 4.477500000000000000e+02 3.487500000000000000e+02
1.442500000000000000e+02 3.347500000000000000e+02 1.702500000000000000e+02 3.352500000000000000e+02
4.472500000000000000e+02 3.347500000000000000e+02 4.692500000000000000e+02 3.357500000000000000e+02
4.802500000000000000e+02 3.352500000000000000e+02 4.787500000000000000e+02 3.497500000000000000e+02
4.705000000000000000e+02 3.357500000000000000e+02 4.805000000000000000e+02 3.362500000000000000e+02
4.792500000000000000e+02 3.357500000000000000e+02 5.095000000000000000e+02 3.372500000000000000e+02
5.092500000000000000e+02 3.362500000000000000e+02 5.087500000000000000e+02 3.507500000000000000e+02
5.082500000000000000e+02 3.375000000000000000e+02 5.507500000000000000e+02 3.402500000000000000e+02
5.492500000000000000e+02 3.392500000000000000e+02 5.492500000000000000e+02 3.512500000000000000e+02
3.377500000000000000e+02 3.427500000000000000e+02 4.485000000000000000e+02 3.482500000000000000e+02
3.177500000000000000e+02 3.437500000000000000e+02 3.387500000000000000e+02 3.437500000000000000e+02
4.482500000000000000e+02 3.472500000000000000e+02 4.472500000000000000e+02 3.662500000000000000e+02
1.122500000000000000e+02 3.482500000000000000e+02 1.117500000000000000e+02 3.702500000000000000e+02
4.792500000000000000e+02 3.482500000000000000e+02 4.787500000000000000e+02 3.677500000000000000e+02
1.112500000000000000e+02 3.487500000000000000e+02 1.442500000000000000e+02 3.507500000000000000e+02
4.487500000000000000e+02 3.487500000000000000e+02 4.797500000000000000e+02 3.492500000000000000e+02
4.785000000000000000e+02 3.487500000000000000e+02 5.087500000000000000e+02 3.507500000000000000e+02
5.087500000000000000e+02 3.492500000000000000e+02 5.157500000000000000e+02 3.697500000000000000e+02
1.442500000000000000e+02 3.507500000000000000e+02 1.785000000000000000e+02 3.522500000000000000e+02
5.077500000000000000e+02 3.507500000000000000e+02 5.497500000000000000e+02 3.512500000000000000e+02
5.497500000000000000e+02 3.512500000000000000e+02 5.487500000000000000e+02 3.702500000000000000e+02
1.800000000000000000e+02 3.530000000000000000e+02 1.787500000000000000e+02 3.747500000000000000e+02
3.282500000000000000e+02 3.602500000000000000e+02 3.382500000000000000e+02 3.602500000000000000e+02
3.382500000000000000e+02 3.602500000000000000e+02 3.902500000000000000e+02 3.632500000000000000e+02
7.500000000000000000e-01 3.617500000000000000e+02 1.625000000000000000e+01 3.622500000000000000e+02
3.902500000000000000e+02 3.622500000000000000e+02 3.882500000000000000e+02 3.857500000000000000e+02
1.625000000000000000e+01 3.627500000000000000e+02 1.125000000000000000e+02 3.697500000000000000e+02
3.907500000000000000e+02 3.632500000000000000e+02 4.477500000000000000e+02 3.657500000000000000e+02
4.462500000000000000e+02 3.657500000000000000e+02 4.787500000000000000e+02 3.672500000000000000e+02
4.787500000000000000e+02 3.662500000000000000e+02 4.792500000000000000e+02 3.907500000000000000e+02
4.775000000000000000e+02 3.667500000000000000e+02 5.167500000000000000e+02 3.687500000000000000e+02
5.157500000000000000e+02 3.682500000000000000e+02 5.357500000000000000e+02 3.927500000000000000e+02
5.152500000000000000e+02 3.687500000000000000e+02 5.497500000000000000e+02 3.702500000000000000e+02
5.487500000000000000e+02 3.692500000000000000e+02 5.492500000000000000e+02 3.935000000000000000e+02
1.112500000000000000e+02 3.697500000000000000e+02 1.442500000000000000e+02 3.722500000000000000e+02
5.482500000000000000e+02 3.705000000000000000e+02 6.382500000000000000e+02 3.737500000000000000e+02
1.447500000000000000e+02 3.717500000000000000e+02 1.787500000000000000e+02 3.742500000000000000e+02
1.787500000000000000e+02 3.737500000000000000e+02 1.777500000000000000e+02 4.007500000000000000e+02
3.152500000000000000e+02 3.812500000000000000e+02 3.272500000000000000e+02 3.812500000000000000e+02
3.287500000000000000e+02 3.822500000000000000e+02 3.887500000000000000e+02 3.855000000000000000e+02
3.885000000000000000e+02 3.842500000000000000e+02 3.865000000000000000e+02 4.177500000000000000e+02
3.877500000000000000e+02 3.855000000000000000e+02 4.467500000000000000e+02 3.882500000000000000e+02
4.467500000000000000e+02 3.887500000000000000e+02 4.797500000000000000e+02 3.892500000000000000e+02
4.782500000000000000e+02 3.897500000000000000e+02 5.102500000000000000e+02 3.907500000000000000e+02
5.102500000000000000e+02 3.907500000000000000e+02 5.342500000000000000e+02 3.922500000000000000e+02
2.500000000000000000e-01 3.912500000000000000e+02 1.422500000000000000e+02 4.027500000000000000e+02
5.342500000000000000e+02 3.912500000000000000e+02 5.647500000000000000e+02 4.267500000000000000e+02
5.342500000000000000e+02 3.917500000000000000e+02 5.492500000000000000e+02 3.932500000000000000e+02
5.482500000000000000e+02 3.925000000000000000e+02 6.385000000000000000e+02 3.952500000000000000e+02
1.777500000000000000e+02 3.997500000000000000e+02 1.782500000000000000e+02 4.167500000000000000e+02
1.772500000000000000e+02 4.007500000000000000e+02 1.422500000000000000e+02 4.022500000000000000e+02
2.992500000000000000e+02 4.127500000000000000e+02 3.867500000000000000e+02 4.172500000000000000e+02
1.775000000000000000e+02 4.162500000000000000e+02 2.017500000000000000e+02 4.192500000000000000e+02
3.855000000000000000e+02 4.167500000000000000e+02 4.757500000000000000e+02 4.225000000000000000e+02
3.867500000000000000e+02 4.172500000000000000e+02 5.637500000000000000e+02 4.262500000000000000e+02
3.857500000000000000e+02 4.177500000000000000e+02 3.827500000000000000e+02 4.627500000000000000e+02
4.747500000000000000e+02 4.215000000000000000e+02 4.925000000000000000e+02 4.682500000000000000e+02
4.742500000000000000e+02 4.217500000000000000e+02 5.647500000000000000e+02 4.262500000000000000e+02
5.637500000000000000e+02 4.262500000000000000e+02 6.055000000000000000e+02 4.752500000000000000e+02
5.645000000000000000e+02 4.267500000000000000e+02 6.382500000000000000e+02 4.307500000000000000e+02
7.500000000000000000e-01 4.342500000000000000e+02 1.737500000000000000e+02 4.475000000000000000e+02
1.747500000000000000e+02 4.472500000000000000e+02 2.747500000000000000e+02 4.542500000000000000e+02
2.742500000000000000e+02 4.547500000000000000e+02 3.835000000000000000e+02 4.622500000000000000e+02
3.837500000000000000e+02 4.622500000000000000e+02 4.927500000000000000e+02 4.685000000000000000e+02
4.927500000000000000e+02 4.685000000000000000e+02 6.057500000000000000e+02 4.745000000000000000e+02
