287 197 302 194
536 162 557 159
422 198 600 179
30 289 50 281
51 39 94 63
104 275 142 265
52 24 92 31
4 51 69 137
106 261 159 253
261 265 281 286
1 19 51 69
617 76 630 61
319 320 400 401
101 105 133 149
6 14 70 61
488 33 578 2
1 112 48 131
324 235 361 237
214 372 248 394
376 163 401 151
62 288 86 293
272 454 353 460
445 131 493 96
96 230 173 224
342 378 375 378
117 123 196 140
392 183 631 149
243 347 283 356
383 233 420 243
313 208 337 206
424 372 489 378
144 153 211 128
442 200 485 195
59 135 114 158
56 81 157 182
296 409 424 468
448 223 462 225
271 414 315 409
249 476 315 410
375 172 393 190
43 400 77 396
316 210 345 209
603 422 629 428
348 342 405 399
107 90 146 126
9 256 31 254
30 54 97 115
437 228 467 220
131 319 143 322
267 182 290 178
405 365 436 392
555 258 584 259
241 201 260 197
150 344 174 322
366 397 381 414
430 201 441 201
86 190 105 209
1 22 20 25
562 402 574 404
408 437 532 473
58 152 84 156
505 210 516 211
336 365 361 368
235 433 252 435
482 340 495 353
414 210 469 207
454 31 467 31
86 42 115 42
607 397 607 259
532 346 546 360
65 234 84 253
417 363 450 376
59 257 80 252
232 343 257 374
603 69 636 59
87 49 184 69
73 68 83 72
30 263 58 272
62 29 188 164
80 165 94 171
184 205 215 214
200 161 210 168
353 349 382 354
169 208 191 209
293 202 322 180
352 206 363 198
388 380 408 346
35 126 60 173
293 163 303 168
0 8 181 47
125 296 189 281
40 133 68 148
291 212 306 207
170 300 189 304
167 371 189 367
10 51 62 82
143 140 170 152
472 191 516 186
295 157 313 157
594 271 604 269
482 54 551 31
506 202 524 200
296 109 308 121
585 80 585 0
219 213 248 184
487 370 533 404
151 77 183 77
569 362 593 373
72 235 162 227
488 391 511 395
446 277 465 284
98 440 116 430
124 182 134 185
130 231 181 227
0 99 69 130
363 384 388 388
122 141 188 181
115 135 126 141
406 232 468 261
16 130 78 153
350 211 365 202
417 209 431 207
67 273 135 271
1 76 140 156
241 365 256 358
504 366 562 401
481 136 571 117
128 278 150 269
207 208 224 218
200 380 216 377
355 372 406 381
453 306 472 306
17 405 36 386
536 226 547 226
353 28 362 18
57 471 67 461
32 81 87 111
78 82 135 82
628 382 628 204
161 339 171 341
421 391 444 391
291 248 322 258
336 101 351 86
88 250 99 250
327 354 353 359
580 187 603 185
132 63 171 130
311 225 332 224
387 102 399 90
78 389 124 364
41 53 97 47
433 250 443 252
549 405 559 411
141 237 170 233
41 274 56 270
384 230 405 226
479 393 504 396
58 154 134 171
326 62 348 36
382 115 401 102
603 186 616 185
465 343 475 350
291 261 320 238
469 383 494 380
10 83 46 181
200 213 212 214
253 28 286 26
194 314 208 300
62 181 242 200
44 389 98 355
528 349 538 360
255 213 286 232
64 4 104 14
31 39 44 41
91 306 110 300
293 325 314 316
102 387 142 347
285 75 309 102
407 208 504 194
204 359 218 364
106 99 137 120
285 331 330 317
360 210 379 198
452 264 469 260
339 463 388 465
345 104 346 71
567 217 590 216
120 326 179 280
578 123 626 112
351 387 379 391
145 458 205 450
201 336 203 282
192 337 206 351
93 140 140 126
223 381 246 388
57 295 123 272
80 308 103 297
11 48 141 132
361 371 384 374
258 344 311 344
2 77 145 163
509 323 539 355
90 73 118 67
416 382 434 380
219 189 243 182
487 142 524 132
55 366 68 367
33 298 43 297
358 74 368 74
257 70 268 73
522 360 548 374
298 450 354 397
454 245 472 238
520 220 556 219
458 89 473 74
437 214 544 192
244 357 256 355
605 76 639 68
94 85 112 85
198 357 225 407
296 121 308 133
396 228 412 227
130 48 183 54
547 204 606 197
362 179 381 174
526 327 556 358
438 143 504 93
190 404 202 408
439 91 449 82
571 380 594 392
150 350 163 353
336 429 373 478
266 455 296 458
204 354 226 350
445 361 473 374
357 427 367 446
29 43 44 43
319 58 330 59
134 243 177 239
428 256 438 262
594 459 604 469
562 82 573 82
241 368 266 366
400 343 410 346
248 469 265 469
589 471 604 472
407 352 421 350
114 340 162 299
22 223 38 223
81 304 99 294
417 227 439 249
75 131 94 151
91 374 116 367
66 227 78 225
281 204 300 189
546 366 560 372
570 313 593 310
32 150 69 168
5 85 162 179
421 82 459 83
400 237 415 247
24 143 91 172
18 33 70 40
427 288 461 272
24 228 36 233
304 125 304 104
181 394 245 376
60 387 101 362
49 445 63 445
1 69 34 86
323 190 337 185
143 329 207 265
470 133 490 115
254 402 284 403
365 408 407 377
310 43 325 45
261 285 303 255
525 94 554 86
175 286 198 293
66 48 107 44
233 215 256 212
442 36 537 0
372 34 422 6
266 127 275 115
113 261 115 251
361 78 398 83
346 332 356 327
358 426 378 426
415 16 431 0
282 316 313 302
288 431 341 453
75 84 97 98
480 403 503 407
98 290 118 282
436 218 456 215
536 318 554 330
290 453 351 457
284 367 299 369
274 232 323 234
322 251 348 245
343 159 344 131
61 220 94 232
606 142 619 141
131 290 163 253
129 387 178 359
32 19 114 81
322 187 342 207
126 275 176 259
432 328 467 337
35 410 66 369
271 404 281 405
293 172 306 177
130 6 144 10
195 453 218 450
271 21 279 31
42 2 111 17
347 204 394 202
89 390 110 372
448 346 481 347
401 160 426 154
276 313 299 313
566 318 585 323
292 333 326 315
22 360 55 341
10 170 38 182
82 2 89 13
365 386 426 394
97 271 109 267
306 248 316 254
586 420 600 428
0 222 11 221
257 58 269 53
262 240 275 247
13 41 36 55
158 102 181 120
290 190 302 187
71 370 106 365
259 390 279 399
295 140 313 155
337 373 352 377
508 149 518 147
319 188 335 184
443 261 455 260
44 56 144 126
72 234 108 226
440 152 471 121
148 248 177 248
535 355 556 356
127 339 147 340
194 132 211 139
594 310 604 312
102 65 136 68
432 311 472 312
124 395 144 358
549 131 574 117
388 212 407 209
159 224 161 200
212 349 222 349
311 247 322 245
392 365 406 369
127 252 177 232
419 385 468 378
524 394 547 398
460 298 488 326
397 439 469 461
329 462 376 462
130 237 144 235
89 466 101 464
0 340 25 329
169 275 179 278
394 345 438 347
352 339 368 339
598 223 617 220
158 62 184 56
551 389 567 392
87 200 106 204
323 171 365 188
443 153 457 148
135 363 155 355
110 280 130 273
113 310 127 300
13 447 29 446
124 308 135 309
528 413 538 413
582 176 603 176
424 69 447 59
130 226 150 206
119 223 147 224
474 77 493 79
502 193 516 224
270 170 270 142
7 145 41 164
1 16 173 52
507 307 536 315
452 285 465 281
114 435 141 423
350 354 367 355
548 128 558 129
198 367 210 359
131 175 143 176
358 346 370 350
174 336 185 338
268 78 303 72
321 332 339 326
137 357 164 334
241 382 252 354
353 401 373 399
338 361 339 329
131 344 145 352
78 156 119 166
139 298 152 300
404 165 431 161
291 243 322 263
502 316 516 324
405 267 408 277
259 343 291 343
449 339 467 351
403 64 430 54
63 101 134 180
258 353 258 339
605 81 617 73
415 376 425 377
374 202 442 192
511 197 530 178
273 189 273 203
418 234 448 231
39 64 95 99
32 417 90 411
202 86 214 73
186 281 198 273
551 393 565 407
456 80 493 87
1 123 54 150
71 250 91 263
2 105 4 154
449 234 474 226
38 133 71 150
157 333 159 319
201 351 227 357
522 133 538 128
278 456 278 417
9 379 69 337
240 91 256 91
178 118 179 70
569 386 585 395
0 28 82 86
313 459 313 472
326 63 336 57
63 414 86 407
435 151 470 139
348 362 363 360
381 379 382 341
481 57 493 45
488 347 518 344
108 458 138 455
9 269 10 248
56 333 69 335
2 64 31 83
260 306 272 303
371 183 404 171
206 454 216 455
19 44 53 49
393 159 406 153
121 89 132 88
400 34 428 15
114 210 148 206
220 226 249 231
306 60 306 45
506 381 533 376
520 304 548 325
82 315 112 304
286 101 305 101
261 247 278 246
76 29 183 51
503 319 513 318
126 134 143 143
270 201 290 187
6 166 18 167
152 298 177 314
489 402 499 403
279 439 336 448
291 259 296 239
505 364 525 384
605 13 639 2
179 393 205 382
187 273 207 279
384 285 384 267
260 312 272 304
431 242 448 232
481 131 579 112
131 249 148 249
395 33 397 13
170 294 207 273
0 265 75 372
30 112 105 89
321 479 322 464
567 399 584 314
580 44 580 100
345 247 384 248
0 473 31 473
93 222 126 221
347 55 369 60
439 246 491 253
410 398 419 388
325 194 325 181
387 131 401 117
111 153 149 175
275 308 275 329
349 211 381 205
3 241 15 241
232 404 244 404
393 380 424 390
311 332 339 320
457 212 487 208
144 310 208 296
76 114 104 132
66 262 102 253
213 359 239 347
169 218 194 205
65 268 82 267
500 374 528 392
321 39 347 13
86 236 115 235
521 364 542 372
434 243 459 235
387 137 401 123
284 420 300 427
594 187 606 192
19 248 38 258
477 393 492 391
476 468 490 468
504 408 546 404
521 262 535 260
148 198 158 195
298 289 300 256
143 361 207 388
120 173 136 156
285 459 371 468
510 95 521 95
603 114 621 108
118 105 138 99
32 297 46 270
342 123 342 96
73 99 87 107
98 411 244 394
325 444 364 444
54 330 67 333
579 357 591 355
497 296 506 311
319 450 321 434
132 291 165 269
96 357 122 336
1 159 16 170
456 56 497 30
160 296 176 265
504 322 521 339
122 133 179 164
239 36 262 39
256 362 267 364
520 367 534 372
297 169 313 156
574 179 593 177
124 307 139 289
188 375 224 359
387 142 401 130
26 216 46 214
104 389 116 388
320 44 357 42
156 356 184 361
27 200 50 198
124 44 174 123
354 438 387 475
109 120 121 45
224 343 234 343
447 137 461 143
7 50 72 123
140 301 180 272
62 308 72 311
110 172 119 152
426 213 449 209
351 368 377 348
79 144 92 144
7 129 45 149
0 51 56 140
0 153 45 168
9 116 19 122
249 465 263 465
333 404 344 402
515 338 553 337
132 384 147 379
308 411 369 439
118 253 134 252
451 40 493 26
104 204 114 206
153 209 175 219
477 297 490 310
278 185 292 183
112 192 122 190
303 172 313 160
311 241 322 244
287 43 308 50
288 479 337 422
548 375 585 412
612 444 636 456
88 121 155 95
111 340 123 345
547 199 576 190
391 111 401 104
430 302 454 316
357 46 359 18
75 387 85 384
222 365 233 359
75 222 94 219
310 238 324 238
108 330 146 301
55 61 68 61
292 428 293 410
388 456 421 457
56 415 62 394
106 142 165 138
457 227 467 219
150 306 164 304
454 88 469 89
310 212 320 203
550 85 561 85
32 348 43 346
367 403 375 419
28 371 65 361
357 346 375 342
326 438 382 437
290 298 309 294
404 361 404 334
480 271 490 273
477 101 493 105
433 89 455 90
477 127 487 131
128 272 142 267
421 272 435 275
592 179 617 177
384 225 398 240
335 364 335 353
115 96 136 104
354 226 370 225
41 82 79 96
277 385 304 395
0 338 17 328
432 318 447 324
141 155 169 161
472 121 501 131
323 423 324 406
26 406 37 393
55 174 69 174
27 119 61 132
427 274 452 280
147 247 159 242
38 412 71 399
230 24 268 62
61 171 77 178
310 262 322 270
420 368 457 373
151 271 176 262
341 160 359 178
60 168 78 176
383 214 396 225
196 29 262 43
474 248 493 242
604 421 639 426
92 69 113 84
312 327 339 325
323 380 333 381
315 468 340 471
393 132 393 158
65 437 78 437
222 452 244 450
298 433 347 431
333 403 408 393
339 30 346 8
483 22 538 3
424 365 478 362
174 259 175 242
155 457 171 459
308 449 336 449
458 255 491 256
348 251 361 251
12 447 12 433
463 108 473 97
515 305 536 308
303 404 346 420
296 133 307 146
324 346 354 358
163 204 200 222
280 444 283 413
33 325 79 282
121 395 143 358
290 473 307 473
266 325 281 354
130 440 151 440
290 303 290 273
53 68 84 69
378 185 390 177
456 186 466 203
287 222 297 219
482 32 565 3
319 358 359 367
112 251 156 205
19 250 45 250
173 0 189 17
427 289 443 289
434 72 450 75
424 216 439 217
311 461 362 461
2 262 3 312
279 426 294 425
34 329 48 332
515 206 535 195
261 244 277 253
546 203 558 202
184 307 198 287
17 34 55 42
145 216 158 218
245 94 260 79
297 457 298 424
105 173 118 174
468 388 479 389
163 92 169 62
615 144 634 147
569 383 590 385
288 168 297 155
526 16 542 0
135 288 154 286
369 396 385 383
391 76 410 76
73 125 98 122
482 301 512 311
443 303 456 318
180 73 260 88
127 163 147 163
472 265 491 258
112 52 143 59
292 199 306 196
525 138 535 137
369 175 381 173
106 167 119 162
553 198 564 196
103 241 165 239
277 470 340 472
309 428 330 425
112 433 140 427
160 472 187 461
162 286 176 249
17 419 17 376
144 108 181 123
116 19 141 24
69 346 80 335
60 315 75 317
245 233 262 227
493 147 506 143
39 435 50 435
568 386 584 395
47 1 63 4
605 56 605 28
184 217 188 207
583 364 594 365
343 355 364 336
265 158 265 144
454 333 464 333
96 447 136 428
521 264 536 275
14 302 69 307
341 180 351 190
470 234 503 225
72 148 86 145
239 355 257 345
148 136 180 123
169 292 175 281
163 355 192 336
153 27 185 37
300 396 330 392
361 428 378 431
373 371 385 373
284 316 299 315
289 236 299 240
222 362 251 354
466 281 480 275
61 379 76 372
58 255 92 228
55 91 90 111
323 180 336 178
471 375 494 373
323 430 325 462
281 89 305 94
405 246 407 199
105 71 119 73
31 325 59 297
458 84 473 87
607 75 636 68
185 27 208 30
359 252 384 252
481 64 493 57
388 96 411 73
336 404 385 407
311 429 350 427
456 200 476 201
150 114 178 134
270 288 270 269
344 17 354 22
481 110 498 95
111 339 132 335
486 389 532 380
293 302 321 303
101 234 122 220
28 355 54 341
555 409 563 420
167 176 183 175
464 258 491 257
426 298 437 294
499 153 517 150
0 154 37 167
254 363 279 364
317 341 380 365
561 134 571 133
353 471 398 476
237 377 250 382
15 288 34 282
139 8 192 21
530 352 556 354
215 231 227 209
117 239 144 233
99 239 157 230
232 452 245 451
263 476 264 454
315 149 341 142
438 240 460 242
369 201 383 218
71 155 98 152
472 384 499 381
573 181 575 201
320 322 338 316
54 163 69 170
61 316 72 318
27 369 46 364
130 4 157 11
171 242 196 214
209 371 248 361
489 221 503 222
540 372 573 406
214 390 224 389
123 355 135 358
291 177 296 199
300 392 325 389
87 40 171 124
154 152 179 165
507 182 515 200
497 377 513 376
0 25 5 40
158 250 178 225
169 463 180 463
308 56 319 59
148 94 183 95
479 254 491 252
276 397 288 402
102 325 117 308
595 155 607 148
230 31 259 36
456 87 467 87
62 409 92 390
41 248 86 312
0 437 13 435
343 165 384 162
303 99 314 57
575 75 575 85
319 363 329 365
265 442 354 434
589 289 604 288
595 239 608 233
16 63 29 63
212 109 214 80
367 415 400 413
213 226 227 228
170 29 185 43
17 339 30 336
52 471 64 461
158 383 172 377
42 446 77 438
99 334 144 301
146 142 176 161
248 478 250 458
320 194 334 195
415 28 440 9
51 457 61 451
600 95 615 95
291 242 304 250
398 156 411 154
87 432 115 426
89 306 100 309
4 100 20 100
480 266 494 259
594 460 604 471
610 444 639 475
490 100 549 86
113 434 137 433
351 341 362 342
311 464 376 472
457 78 473 78
187 274 207 270
245 79 264 87
83 218 92 239
49 404 63 399
94 444 115 413
177 366 214 407
415 277 426 270
371 210 396 205
7 309 7 291
56 211 68 231
518 136 540 129
30 444 49 444
565 420 598 428
166 65 184 64
1 281 1 249
83 242 109 247
322 249 348 243
403 446 403 435
380 382 395 381
557 2 558 13
639 329 639 288
385 387 409 368
153 212 191 215
23 180 44 179
149 206 159 205
10 345 24 343
79 209 108 207
395 259 408 256
14 477 27 471
280 182 290 181
486 372 511 393
464 245 486 238
554 6 571 0
18 134 24 148
319 78 333 56
387 103 401 107
261 250 279 230
441 143 444 121
346 349 346 313
605 445 623 463
278 466 311 467
27 169 45 171
74 81 90 80
501 315 514 320
473 222 487 223
75 472 78 459
99 154 112 158
166 363 188 370
0 87 33 106
151 344 173 337
395 262 408 259
114 78 184 58
495 187 506 207
110 391 130 355
611 444 637 459
627 404 627 383
326 412 352 414
615 454 632 464
119 395 140 354
149 120 181 146
528 327 554 331
88 198 103 199
79 435 105 433
269 337 281 338
451 324 465 326
615 88 626 90
325 415 384 439
495 162 519 159
444 297 457 296
456 250 489 240
12 387 15 367
153 168 167 177
115 437 153 439
378 35 401 47
394 347 394 270
478 376 490 375
357 15 366 4
39 91 81 109
379 320 380 271
13 164 23 160
388 24 401 14
517 209 528 210
476 341 502 342
501 392 527 397
271 84 300 79
90 221 102 219
457 109 485 145
596 233 608 231
444 375 452 396
294 90 305 87
261 283 286 266
54 329 66 330
144 285 147 274
364 180 381 175
552 7 562 0
142 274 161 250
594 116 630 124
21 396 44 379
421 68 434 69
138 419 143 431
348 406 365 416
3 111 23 123
534 399 549 408
324 71 335 73
83 479 87 468
22 253 45 276
202 85 202 70
149 78 157 36
144 188 157 183
195 382 219 406
141 96 147 64
509 192 523 192
305 332 320 332
422 224 448 226
617 93 634 83
125 83 183 92
1 87 17 127
3 254 20 254
481 145 481 33
120 118 157 138
0 121 39 130
443 198 460 190
638 405 638 330
476 30 496 15
80 119 113 139
458 366 478 366
89 418 99 400
113 108 143 126
318 341 377 363
0 36 20 47
33 221 55 229
313 411 361 433
58 251 123 343
126 276 137 274
522 357 533 377
158 166 177 125
193 272 208 259
559 128 573 122
76 378 93 369
74 236 86 268
395 377 405 376
146 372 168 380
114 65 130 61
12 95 34 97
432 322 439 338
264 346 284 355
529 134 551 127
134 446 152 439
502 317 516 331
507 343 538 362
304 164 325 164
399 98 403 88
307 196 321 197
371 477 388 478
18 21 66 34
46 242 63 252
165 111 182 98
15 336 35 318
234 348 244 350
274 200 285 200
266 315 266 294
415 273 435 265
112 391 129 359
80 389 95 384
136 390 160 380
582 472 599 473
586 124 586 85
154 98 168 92
534 243 553 237
348 457 376 429
100 430 108 413
397 350 400 334
245 373 257 375
133 145 144 151
186 257 208 256
21 232 41 228
27 157 36 171
99 295 136 287
473 165 477 176
370 186 381 186
494 25 528 13
170 25 185 38
105 271 138 260
189 194 210 178
73 59 92 65
28 406 37 396
132 281 159 272
292 60 300 45
151 101 181 111
515 90 537 85
35 231 55 230
276 202 279 191
94 472 101 457
520 368 542 397
293 56 314 61
151 322 172 316
482 262 520 254
536 237 552 234
393 356 414 334
159 146 180 163
94 204 104 202
318 7 338 12
333 399 346 400
437 233 453 251
23 221 48 217
404 399 405 363
44 130 81 118
1 27 18 37
338 234 350 224
303 175 320 173
588 420 619 457
274 169 275 103
182 332 199 323
506 327 518 339
20 93 33 90
519 184 521 194
457 241 472 237
346 192 359 188
559 188 570 189
26 57 82 67
596 132 597 120
40 180 50 181
150 78 183 78
10 176 22 177
108 110 137 106
234 218 260 221
227 407 238 411
416 84 417 71
461 215 477 213
43 342 54 340
255 31 269 46
370 112 384 115
299 260 299 238
289 307 299 305
53 462 140 453
458 135 474 127
407 384 418 386
4 441 14 431
271 226 271 215
104 16 114 20
24 232 41 232
470 49 493 43
182 334 205 340
255 403 273 411
187 279 207 264
266 113 266 133
585 401 589 411
273 335 277 389
327 406 366 416
452 311 472 309
203 463 207 448
570 391 590 411
497 288 514 315
401 446 403 466
48 346 63 342
499 20 540 4
229 476 271 475
558 367 565 399
554 353 554 238
277 266 277 256
568 223 584 224
295 19 306 26
279 166 313 162
119 384 154 327
125 309 141 299
128 118 171 101
436 223 460 226
594 421 595 432
97 444 103 432
591 383 593 410
69 257 85 301
332 168 343 160
524 185 558 179
182 335 199 324
439 31 448 59
376 238 393 229
251 368 267 368
518 373 528 372
418 359 447 366
249 385 255 352
99 226 114 224
441 315 455 308
317 23 336 9
287 41 317 7
126 335 154 312
233 55 245 52
540 217 575 215
17 276 40 269
384 257 384 237
531 127 531 139
69 199 85 200
16 243 31 249
536 236 551 232
479 213 495 211
289 27 312 25
308 452 312 424
251 52 256 33
37 24 105 76
209 453 233 455
37 149 54 157
110 271 134 265
368 179 380 191
379 377 414 372
607 113 631 106
309 470 322 470
377 202 394 219
529 9 540 5
98 292 112 288
271 110 271 137
98 268 127 297
55 150 76 143
448 254 467 251
477 177 489 199
606 141 617 140
571 396 574 381
583 375 584 353
519 243 553 236
611 226 616 189
502 372 525 386
117 349 127 351
272 441 290 424
80 468 94 468
0 201 0 186
59 387 75 371
100 179 111 184
447 148 459 144
27 44 28 18
7 159 18 163
380 11 392 33
308 139 308 129
338 246 348 246
355 374 372 377
625 113 637 110
526 13 566 0
433 68 451 50
160 161 179 169
329 206 331 193
530 86 530 127
10 174 24 175
60 165 73 159
406 205 423 205
43 312 69 287
299 384 300 361
135 106 157 118
595 151 624 149
98 430 114 413
596 234 607 235
428 255 441 253
128 249 164 241
433 84 470 56
53 87 70 83
44 393 45 403
405 204 433 193
301 168 328 167
49 442 74 442
2 193 29 198
136 363 207 392
432 315 472 304
580 222 580 236
415 201 435 202
14 157 26 157
88 272 109 256
3 193 29 197
122 79 183 86
435 324 457 324
52 466 70 467
9 97 57 124
145 312 159 309
136 155 153 148
288 421 313 428
342 30 359 3
485 346 485 324
380 376 412 381
377 457 429 464
306 297 321 294
79 356 92 343
291 430 326 442
183 326 206 319
213 72 258 82
190 212 208 208
301 11 301 0
99 263 111 251
62 391 86 364
345 22 361 18
73 418 91 411
112 152 122 144
576 193 595 193
289 199 304 188
290 457 301 468
455 259 495 242
121 158 156 177
119 326 141 306
490 146 506 142
200 232 212 226
628 105 639 102
364 34 385 12
536 326 537 267
96 334 136 290
541 224 557 221
223 210 241 212
536 206 567 196
405 398 421 398
239 35 257 40
73 275 85 262
341 84 361 54
382 6 403 0
355 60 368 65
5 72 5 50
19 59 55 81
432 312 442 314
601 442 612 455
604 107 621 100
172 321 175 306
594 268 601 225
350 57 361 52
212 229 227 232
198 255 208 250
7 146 18 152
183 79 212 85
479 315 480 263
309 306 325 309
163 75 188 75
57 24 62 52
331 453 349 453
427 24 431 14
52 400 78 384
505 335 553 336
106 170 119 161
500 164 512 161
26 171 36 172
63 242 74 245
344 46 361 46
262 405 278 405
283 446 308 460
95 447 109 435
387 101 401 101
122 42 128 19
147 75 166 70
487 386 501 394
206 401 258 403
12 79 28 87
132 208 142 213
195 264 208 258
283 439 358 433
485 106 527 97
24 51 25 99
94 157 122 162
497 390 507 391
255 185 278 181
427 368 455 385
454 123 466 112
321 440 322 430
598 101 639 93
492 349 511 346
428 200 431 172
401 201 430 199
201 457 235 472
3 364 14 364
261 474 261 456
430 74 457 45
44 276 71 314
71 353 86 335
260 297 276 292
272 94 299 88
65 184 83 175
75 206 95 203
17 144 64 171
373 384 394 387
513 409 525 412
54 111 64 117
110 258 124 254
17 338 29 333
89 253 119 265
8 133 68 160
604 74 605 61
513 330 536 353
259 439 275 442
371 227 396 224
585 346 585 310
170 299 194 294
69 234 72 221
357 72 384 74
140 295 166 269
18 192 31 193
56 173 69 173
404 88 415 84
563 408 565 393
258 22 274 35
79 380 106 362
429 23 434 13
551 224 562 224
510 207 520 202
405 313 405 303
393 353 409 355
105 157 125 152
59 314 84 301
515 226 528 226
84 271 109 251
536 242 547 238
502 207 569 178
251 42 268 61
154 118 176 140
7 66 21 75
565 201 595 189
445 359 462 359
3 237 16 259
285 88 317 85
14 381 38 362
101 68 102 39
185 384 203 385
289 416 321 421
603 155 620 152
154 295 172 280
280 34 308 9
124 93 134 73
448 239 458 240
194 262 208 254
504 221 515 218
615 229 623 191
257 69 265 53
399 131 399 77
46 411 56 408
225 357 241 361
501 384 537 403
326 28 338 18
296 126 297 93
349 174 351 112
496 376 507 383
519 393 542 392
55 71 92 71
137 444 158 447
0 156 0 89
567 435 583 473
161 207 187 234
150 455 159 471
306 298 321 295
492 187 504 210
377 216 394 217
68 404 86 403
53 400 65 402
151 120 163 124
444 395 465 399
1 51 26 48
485 58 498 48
462 67 478 65
17 154 71 134
446 117 459 148
112 118 124 87
175 209 195 214
271 191 283 189
130 98 157 114
165 225 177 230
501 242 507 259
337 405 368 412
378 25 390 19
25 173 44 173
329 465 364 469
84 51 117 78
455 237 465 238
534 201 559 190
194 263 207 266
126 239 178 228
295 212 307 206
434 293 435 262
564 228 584 229
335 30 341 9
150 385 169 376
28 244 52 240
472 44 495 49
276 448 315 450
166 154 181 124
8 272 50 262
31 438 42 431
449 33 459 34
225 348 267 371
75 99 93 109
3 450 14 441
80 127 86 141
157 167 170 167
0 448 17 444
295 167 295 156
104 96 124 96
293 477 293 461
375 5 401 3
276 472 314 479
396 446 400 408
159 259 177 240
268 252 277 271
98 229 110 227
617 148 628 147
225 381 242 375
297 14 309 7
350 172 362 170
29 407 42 407
609 71 610 38
430 237 447 234
1 33 34 40
452 115 463 133
293 296 303 294
260 294 261 278
132 239 138 215
584 269 584 218
303 26 314 31
125 266 136 263
525 334 548 354
6 255 6 240
590 386 603 393
15 350 33 340
502 337 515 337
280 23 311 21
219 29 229 30
424 351 437 352
125 126 140 135
40 296 50 299
143 444 158 445
235 342 252 342
89 469 99 459
137 458 169 453
218 213 234 196
271 449 341 454
461 337 479 334
7 143 22 151
54 75 75 119
326 362 332 324
73 414 93 416
90 98 91 76
218 388 247 377
257 68 264 53
433 372 443 380
393 361 409 357
373 400 386 404
451 74 452 64
0 226 10 229
367 382 382 384
100 424 106 411
491 378 503 383
56 154 69 158
87 131 128 111
42 75 57 101
4 110 45 114
109 189 122 191
101 368 111 368
357 381 383 378
35 446 43 434
479 261 481 221
518 348 538 359
388 444 388 461
296 17 332 20
52 93 64 100
337 20 361 17
114 364 124 362
0 227 11 226
56 252 75 249
161 260 175 255
309 220 319 221
433 292 443 290
509 241 519 242
515 158 526 155
414 300 414 286
125 135 145 147
514 206 530 206
198 26 213 29
208 354 209 367
497 201 518 189
324 439 398 442
86 271 99 255
203 182 215 182
290 32 312 28
302 419 329 430
454 122 503 136
467 203 486 203
173 325 174 335
303 93 306 72
384 129 394 123
435 367 447 367
160 278 170 268
261 270 274 263
78 93 89 91
507 473 525 479
409 367 410 384
302 248 314 251
407 317 407 289
189 303 197 291
82 295 123 278
245 36 269 43
42 340 63 327
304 202 314 195
608 226 608 208
1 362 1 343
464 80 474 74
261 275 271 273
64 372 92 356
32 446 44 437
255 41 270 25
64 266 75 257
257 187 268 209
273 18 297 10
220 399 240 400
65 41 103 49
157 207 174 206
315 36 329 34
84 241 112 246
148 358 174 365
114 148 157 172
309 46 365 44
558 240 570 241
381 247 381 269
92 237 106 237
538 181 540 224
575 122 576 89
431 294 442 308
321 412 355 425
534 231 534 218
85 202 95 202
33 358 56 343
257 410 276 412
4 268 4 284
359 404 387 400
573 391 583 395
58 335 70 338
125 241 136 242
148 71 165 67
185 286 207 278
40 56 53 56
259 337 283 339
97 113 117 111
173 101 174 115
127 298 137 294
386 0 388 32
77 180 107 117
41 95 50 111
99 431 119 428
344 11 356 11
2 447 15 439
140 24 155 29
16 337 27 333
300 75 316 73
400 80 413 69
33 156 52 165
379 455 380 428
172 134 186 136
197 280 207 274
121 185 132 184
356 211 368 201
574 344 580 313
22 224 51 266
464 389 474 390
593 389 605 411
326 324 339 322
138 50 153 56
425 237 435 247
530 392 542 407
201 398 227 370
50 29 112 41
253 478 307 476
104 205 115 204
203 128 211 138
457 315 484 312
407 375 407 364
357 152 358 137
334 194 350 184
194 454 212 456
402 169 412 168
332 447 333 421
96 315 110 309
82 440 97 424
487 369 503 378
96 314 106 299
506 259 520 257
458 362 477 371
261 255 290 232
438 134 459 114
171 71 173 94
59 102 84 113
438 142 469 128
207 137 209 126
545 182 571 180
142 392 156 343
122 207 134 206
273 370 281 352
297 175 322 171
245 209 262 195
383 298 383 340
328 164 341 164
0 35 15 37
315 476 331 476
130 343 144 339
71 264 90 290
137 285 157 273
117 115 132 86
312 240 324 239
112 47 148 57
328 73 340 69
487 68 487 34
433 291 433 236
416 170 428 169
162 340 177 349
547 301 547 268
123 448 143 412
332 169 343 168
19 378 51 367
2 166 18 168
11 15 12 33
293 170 303 169
297 159 298 122
596 449 638 459
575 327 576 317
331 101 353 76
126 413 132 437
418 355 434 368
364 23 374 20
182 342 183 320
35 91 38 107
199 311 199 327
504 343 534 360
306 443 316 442
31 324 33 297
65 300 75 316
560 156 572 154
257 414 257 400
352 175 371 162
24 439 36 434
256 57 259 42
119 284 121 300
106 109 134 104
354 63 368 67
6 177 23 179
74 385 93 375
262 390 267 378
369 461 384 443
383 11 392 1
256 37 282 10
67 139 87 157
197 344 197 320
130 377 140 356
142 297 154 287
82 239 85 221
146 260 167 254
164 12 193 20
441 204 461 205
62 304 77 298
297 312 298 290
378 204 395 203
312 10 328 10
345 363 376 361
485 67 485 39
334 8 337 18
626 171 636 170
355 233 388 236
439 82 448 66
18 261 38 259
2 475 16 475
64 150 96 170
324 468 350 472
164 357 176 353
14 449 25 449
413 322 416 345
146 342 163 329
407 35 422 20
341 34 355 40
142 113 147 87
45 387 67 388
350 475 369 475
112 139 123 112
293 333 300 320
80 76 97 76
169 14 171 31
98 291 117 283
453 274 466 278
524 410 538 412
267 100 279 102
216 181 227 180
35 352 37 364
86 113 111 100
503 348 513 350
288 87 304 79
47 439 72 441
625 100 638 97
122 86 152 110
195 137 196 149
358 126 360 107
120 87 134 90
301 189 321 187
338 85 363 57
322 55 340 61
261 252 272 253
283 193 295 192
2 81 10 103
79 436 122 446
160 336 186 341
186 228 200 224
121 65 132 81
126 170 133 160
72 328 82 330
186 259 199 248
482 84 493 76
108 120 135 135
189 0 189 12
396 222 396 239
413 26 424 52
40 138 44 150
570 405 583 406
19 256 31 295
133 62 140 74
389 185 402 182
347 403 383 404
351 404 363 416
1 447 11 439
452 340 465 345
480 195 494 194
93 254 108 253
366 392 389 396
184 461 196 461
296 18 307 15
585 388 604 390
427 357 441 369
126 164 147 175
129 222 140 239
448 213 458 206
128 178 138 177
134 210 153 207
127 226 139 226
384 221 395 222
473 265 484 263
61 390 71 391
291 237 302 236
161 365 226 390
352 340 373 341
322 259 332 248
65 232 78 234
20 373 30 369
444 144 452 134
421 394 433 396
477 143 489 139
238 382 248 385
245 188 255 187
348 455 370 432
250 53 263 36
28 44 38 44
13 81 30 103
172 54 178 94
15 386 37 387
73 286 84 283
193 339 211 343
121 385 137 386
297 407 313 407
136 159 158 149
208 196 219 194
262 439 300 430
8 140 8 124
94 276 107 273
160 171 173 146
597 229 612 228
532 255 548 261
148 458 155 468
115 220 124 236
499 227 509 227
568 166 568 156
322 254 322 277
340 37 355 36
401 400 402 379
338 205 351 206
259 392 271 391
35 272 45 270
17 312 31 307
363 334 374 345
293 330 293 289
276 237 295 235
115 257 123 247
1 163 17 164
331 303 339 286
122 45 148 49
233 442 248 432
194 71 207 74
416 49 428 38
84 246 95 246
467 105 471 119
141 428 170 431
7 70 52 66
232 357 245 360
25 400 44 380
464 240 473 252
487 85 487 136
335 321 337 361
162 206 174 204
383 211 394 210
354 411 367 437
446 376 481 379
327 329 337 329
490 302 503 315
31 261 43 253
592 117 592 127
55 465 84 466
166 458 175 471
11 315 31 308
395 384 420 390
527 107 527 120
415 279 417 265
60 178 74 178
236 233 248 230
339 239 349 238
279 363 303 359
134 453 153 443
146 139 173 130
365 394 375 396
141 239 164 277
123 92 129 76
271 170 289 168
225 464 271 457
206 29 234 34
8 51 13 76
599 116 614 112
408 372 418 375
11 92 14 103
112 57 128 58
295 444 314 448
395 479 395 469
41 122 45 148
98 145 114 151
523 268 533 254
218 350 220 364
61 322 73 316
603 111 616 107
439 114 439 58
475 385 491 387
408 377 420 380
389 32 406 13
1 199 12 198
166 30 185 35
9 31 13 51
458 361 469 362
507 329 546 347
566 419 579 421
137 258 165 254
63 343 73 343
44 76 51 27
520 305 546 350
218 217 238 197
307 58 325 57
261 251 277 252
365 393 387 398
521 333 551 333
516 202 531 202
330 29 342 27
378 214 400 216
477 466 487 467
155 1 158 19
458 314 472 316
260 203 272 201
178 312 178 291
45 47 59 44
448 343 461 349
415 271 426 269
57 55 59 65
444 63 455 54
415 32 415 4
492 302 506 316
0 221 10 220
395 258 408 254
131 256 141 254
115 202 134 204
475 168 493 168
33 169 38 183
310 320 324 320
349 351 362 351
109 17 120 17
43 234 57 232
75 108 79 91
111 279 128 273
295 94 296 107
141 227 177 241
291 60 298 46
343 84 355 71
608 115 608 100
510 388 520 389
374 226 384 227
584 473 598 477
122 412 141 422
397 22 402 43
20 263 45 249
185 1 187 26
193 260 208 252
24 94 45 106
82 99 95 109
186 329 196 330
118 395 128 376
311 341 327 342
555 123 568 118
584 410 599 411
73 291 99 265
108 437 124 439
137 457 141 437
353 321 360 338
530 176 542 181
106 413 112 445
608 91 625 87
139 375 143 365
76 258 95 253
176 355 178 340
196 304 208 292
546 361 553 372
596 446 621 451
446 254 467 248
12 284 32 279
485 104 534 91
85 51 90 31
51 448 58 436
123 18 163 28
174 101 177 116
269 203 281 201
278 0 279 17
451 192 464 192
282 391 298 396
107 371 117 375
94 117 121 137
72 196 85 201
111 50 130 76
0 81 22 79
91 257 101 256
478 315 491 302
443 368 451 358
151 162 162 166
116 52 133 80
264 23 264 0
155 24 176 31
438 123 450 115
115 282 121 272
1 141 12 146
15 273 26 270
18 277 29 280
100 386 111 367
506 333 532 329
365 390 382 392
268 253 278 248
425 214 436 214
84 442 100 433
51 84 65 89
408 288 408 258
551 391 568 399
5 284 6 262
3 147 15 152
153 173 164 179
231 474 259 474
373 29 389 7
582 376 582 411
494 307 503 296
105 104 115 101
24 360 31 337
348 31 358 10
30 402 43 402
574 196 592 172
22 127 32 154
372 450 385 451
238 407 251 405
438 125 462 108
341 474 374 474
411 80 433 73
464 334 475 349
374 184 386 179
61 261 64 246
35 368 45 360
528 405 559 410
388 369 406 375
416 55 422 41
599 99 617 92
23 115 65 130
55 308 73 314
343 8 357 16
290 85 299 95
383 166 387 150
291 247 301 252
450 56 469 52
206 309 206 326
415 261 427 265
184 298 195 290
181 103 181 119
25 273 40 261
472 149 496 138
290 222 310 224
343 207 356 208
171 140 186 164
404 378 417 380
422 225 441 228
249 464 259 464
500 185 522 184
466 340 478 346
391 78 405 78
384 121 394 113
152 319 161 306
299 406 302 426
509 221 520 222
18 283 33 280
370 453 384 453
5 25 29 30
363 372 384 375
186 266 187 220
191 214 210 211
326 78 340 78
523 347 546 345
145 463 201 456
453 394 464 396
494 204 508 204
393 220 393 234
430 303 447 313
282 199 292 186
326 354 358 361
268 55 269 84
72 75 86 75
413 202 425 203
106 304 118 298
168 357 183 360
10 178 24 199
273 17 274 0
570 124 580 121
155 85 176 87
12 51 39 78
457 100 468 104
376 192 388 180
74 298 105 349
597 331 599 317
83 310 91 322
279 463 308 462
142 454 144 441
366 440 384 440
354 454 369 459
440 45 450 42
596 420 597 432
335 417 351 418
101 363 144 384
443 144 454 134
493 202 504 196
312 454 323 457
385 234 417 243
346 23 404 17
168 274 179 269
33 77 46 85
48 126 62 144
438 140 450 145
484 310 505 310
462 362 474 369
69 118 83 116
330 358 356 363
105 242 124 242
101 282 114 304
103 94 120 89
544 196 562 193
143 93 159 91
62 393 73 385
167 191 177 192
193 102 194 82
455 239 471 241
119 441 153 441
52 367 64 360
99 98 100 73
103 240 116 241
361 47 373 47
71 272 92 266
190 253 204 251
44 110 56 121
580 22 580 40
138 63 148 66
17 342 34 342
13 446 24 426
305 466 318 466
139 146 167 160
195 151 197 165
74 131 82 163
248 200 260 202
315 43 315 31
493 70 493 53
284 361 296 358
1 133 14 139
239 361 262 365
550 185 566 192
470 282 484 281
443 59 452 47
435 331 436 341
379 214 391 214
344 57 355 58
606 445 633 451
58 35 90 41
339 464 354 464
142 63 183 71
103 141 120 149
112 206 127 204
628 66 638 63
450 358 463 357
145 308 165 305
316 431 334 425
118 290 134 285
81 289 97 287
152 336 165 332
347 12 356 33
401 152 401 95
200 449 208 465
494 141 506 138
4 99 5 116
464 374 477 373
112 379 129 370
209 466 253 457
63 298 70 309
265 443 308 448
455 44 493 16
152 312 167 309
278 468 289 468
148 375 167 382
78 410 93 406
157 79 183 84
36 175 51 180
227 465 239 472
93 142 95 132
274 192 289 189
603 116 603 97
335 346 351 346
386 381 401 384
83 445 95 425
137 439 145 427
56 147 75 153
399 437 427 447
42 95 79 131
87 136 100 149
43 398 57 398
426 294 445 308
308 72 322 49
70 352 87 340
88 262 109 255
452 223 464 224
555 353 571 353
259 336 261 295
134 157 155 129
50 157 60 162
455 262 465 280
405 77 425 71
28 237 52 232
307 404 326 406
365 387 386 390
22 222 48 218
308 306 310 283
426 359 436 359
501 165 522 164
43 235 57 233
26 403 38 391
85 86 106 90
149 467 183 467
451 270 462 268
80 169 98 169
39 251 52 241
77 177 84 151
577 257 579 239
593 464 603 466
89 440 101 433
157 165 174 174
416 459 430 464
473 327 501 298
336 374 345 388
139 166 150 162
99 268 109 266
405 202 419 195
253 29 263 32
68 80 70 65
58 415 66 405
456 305 469 304
157 353 171 356
12 346 22 334
588 271 597 225
280 387 291 391
140 210 150 208
600 107 613 102
534 85 534 110
123 317 132 304
336 353 346 353
27 71 40 78
497 292 506 305
137 100 146 81
32 442 51 434
622 198 633 195
611 220 613 206
476 169 486 169
91 160 94 147
463 244 475 243
157 92 168 71
408 15 426 4
304 211 314 212
335 445 363 445
295 178 306 178
351 448 364 450
317 232 329 227
509 400 525 399
97 384 111 385
322 54 326 8
13 155 37 165
235 57 241 41
135 351 145 353
311 313 321 316
357 466 388 466
321 278 322 328
364 479 388 479
220 375 247 369
456 204 477 205
129 371 139 354
111 234 123 233
291 421 308 412
62 32 93 40
595 456 604 468
86 157 96 166
292 76 304 74
90 121 105 129
80 174 107 166
20 265 38 263
141 213 151 212
160 173 170 160
55 384 65 385
229 364 240 367
45 38 77 46
311 298 316 268
429 166 440 165
159 60 169 61
89 229 115 224
32 296 42 293
575 186 586 184
387 371 397 373
169 147 181 143
29 167 45 170
406 362 408 350
303 156 314 152
144 243 155 227
90 149 111 159
177 1 182 16
160 14 173 15
9 51 13 69
56 103 71 112
331 74 344 71
126 76 147 71
425 25 439 19
197 294 198 283
277 469 300 469
155 386 170 396
118 299 132 280
134 89 160 92
368 382 386 384
395 243 409 239
249 477 284 475
98 385 109 378
208 402 226 407
70 93 88 104
76 354 91 343
314 256 332 250
88 270 111 263
77 282 101 316
0 381 11 376
166 174 176 173
435 368 436 384
560 122 578 114
627 194 629 184
15 38 35 61
458 124 472 130
138 132 182 106
88 174 88 160
124 123 147 114
327 409 343 414
142 141 163 154
559 133 570 130
547 370 552 386
441 85 446 95
159 52 163 70
29 292 39 290
20 403 34 390
331 375 341 377
418 378 429 379
611 110 630 104
593 372 596 357
452 128 462 119
598 175 616 173
18 278 18 290
463 37 474 26
87 262 93 276
143 282 153 270
91 276 102 273
125 145 138 131
139 51 149 59
582 191 603 184
323 388 345 394
208 166 211 142
171 398 183 405
95 184 118 164
471 190 492 206
74 401 88 401
407 213 419 214
113 395 125 395
604 96 615 90
195 395 206 394
268 244 278 239
115 290 134 307
569 358 596 359
124 419 136 412
331 406 342 407
215 381 238 367
269 80 294 75
506 27 518 23
312 440 327 440
531 86 576 75
384 372 401 375
293 171 303 171
99 301 131 289
108 50 118 48
28 115 47 118
115 410 133 419
131 125 170 150
466 303 476 297
426 354 436 355
36 67 53 69
335 233 349 239
159 126 165 113
168 74 171 91
389 391 400 392
387 370 398 371
94 38 106 47
35 65 37 78
155 64 167 61
50 57 68 60
510 194 527 194
274 418 285 422
300 331 311 330
527 134 538 140
53 104 92 111
415 46 420 56
43 338 66 331
20 124 25 140
75 61 85 60
274 307 276 297
618 91 628 93
350 382 362 383
521 365 534 373
178 18 184 3
124 449 138 443
395 458 397 445
374 411 384 413
560 434 572 436
191 460 205 460
493 198 500 211
124 368 134 357
264 347 266 333
198 266 208 262
327 321 337 318
72 84 83 91
567 157 579 156
293 24 313 24
276 342 290 342
38 155 64 161
529 258 539 256
83 440 110 424
228 399 239 399
319 13 325 28
543 397 555 398
432 200 448 193
66 137 96 125
143 101 158 112
142 25 143 13
334 433 346 433
10 161 11 141
495 302 507 314
134 449 145 448
34 270 37 260
605 79 627 74
432 332 450 332
466 90 478 81
256 196 268 195
72 472 81 461
521 44 531 37
149 469 164 469
456 73 473 57
46 74 55 84
294 46 294 32
119 403 130 399
533 197 554 189
53 139 90 151
523 241 538 240
474 368 496 378
458 365 475 374
246 378 257 376
498 303 508 303
25 286 41 281
76 475 92 460
168 190 178 190
478 221 493 222
145 54 162 52
556 215 571 215
127 43 141 67
21 248 32 246
357 29 365 19
51 456 62 449
64 54 78 64
490 393 506 395
29 222 39 225
551 131 564 135
195 158 210 170
57 310 72 314
171 0 182 1
124 304 159 274
60 410 72 399
52 135 53 155
185 47 186 23
51 89 75 104
328 8 347 43
377 429 387 444
490 378 497 345
111 62 129 60
605 26 606 0
276 90 286 92
4 443 15 432
128 382 142 354
30 31 40 32
353 10 354 0
163 392 176 392
506 29 534 19
126 168 140 175
29 138 29 95
569 361 590 362
159 149 184 163
382 378 396 380
505 378 517 377
105 434 137 436
55 160 70 167
133 211 143 210
149 140 160 146
35 264 50 273
590 419 602 419
62 400 74 399
268 347 281 347
521 386 529 400
80 51 95 52
80 170 92 172
12 144 22 150
69 201 80 200
195 69 241 79
96 110 102 91
458 303 469 302
139 270 165 262
24 239 36 255
243 472 266 471
169 231 186 227
0 418 13 417
384 125 398 136
453 271 474 279
128 425 139 425
342 127 344 115
344 449 358 435
526 326 531 336
384 126 394 118
458 309 470 321
250 479 274 479
117 348 127 350
439 252 456 249
316 422 331 430
617 171 619 155
105 429 113 418
415 0 421 13
155 260 163 250
31 265 39 248
235 350 245 346
33 356 45 358
264 410 274 411
342 84 364 58
374 34 383 23
361 28 397 33
308 404 317 435
371 478 381 478
556 458 559 421
275 167 285 166
123 294 140 289
432 198 436 179
348 449 377 420
365 388 387 395
519 372 529 376
273 225 284 222
345 71 355 73
289 464 303 479
36 438 46 434
339 398 355 398
107 94 110 83
65 266 77 275
366 202 378 199
198 77 253 88
109 111 134 124
52 244 59 258
2 125 18 139
600 338 604 310
184 309 194 301
162 272 176 267
373 10 397 25
211 132 212 114
84 436 91 425
360 15 377 25
53 365 64 363
251 393 266 394
279 433 281 422
12 316 29 309
413 195 414 184
150 111 160 117
169 458 178 472
123 149 141 152
603 423 616 426
451 311 456 321
366 433 386 455
279 470 290 470
452 391 462 392
591 358 605 355
149 46 152 60
275 446 287 452
312 61 320 51
136 430 154 430
149 58 155 82
135 390 145 390
300 460 351 460
122 57 136 79
327 37 336 49
461 71 471 61
79 146 89 149
40 30 43 51
294 20 304 12
307 156 307 141
37 81 47 92
51 458 62 452
44 27 54 34
464 308 471 297
213 27 226 29
345 36 367 34
415 263 415 244
245 473 258 473
400 87 408 74
175 211 187 211
120 248 136 246
437 71 461 62
16 89 16 102
169 117 180 134
65 91 68 66
277 357 288 359
196 138 211 122
474 371 490 372
91 155 113 168
0 259 17 245
160 108 175 102
362 236 372 238
265 250 278 244
426 299 436 298
439 243 470 249
309 322 319 322
463 119 478 109
220 358 246 366
370 366 380 367
390 131 390 147
209 375 224 390
134 51 145 70
36 285 46 282
337 222 358 224
328 414 340 415
440 95 453 91
469 364 485 372
41 84 51 82
293 416 303 416
430 377 440 378
604 104 616 94
522 264 527 274
16 367 27 364
67 269 81 265
80 111 111 125
163 144 174 151
595 452 615 456
200 0 214 6
198 70 217 74
296 419 310 426
398 133 398 149
323 325 337 319
357 359 375 345
566 176 579 182
360 366 375 365
518 221 531 218
63 126 73 131
67 225 77 224
260 436 277 432
525 271 538 269
583 203 601 198
226 433 237 434
349 404 367 408
321 447 341 455
403 387 417 390
183 365 204 373
129 142 140 148
459 69 462 79
20 394 40 375
169 71 184 63
154 114 169 106
99 416 130 420
384 122 394 114
0 54 3 68
83 98 89 109
85 141 88 130
569 363 595 364
35 268 51 264
565 26 575 22
64 47 72 58
65 223 77 221
23 72 35 84
524 264 536 261
263 397 264 387
525 274 537 272
134 378 146 374
500 304 515 306
450 201 460 203
358 451 370 457
609 155 620 154
399 384 412 387
59 236 71 234
492 200 499 215
4 332 14 333
472 49 473 67
266 282 274 295
466 191 480 185
78 144 84 123
112 115 169 150
107 63 110 53
339 430 352 428
330 422 340 426
569 121 579 116
86 443 118 444
23 111 42 104
543 338 553 338
351 107 352 89
79 439 94 426
521 334 531 334
486 201 499 196
9 129 35 141
426 24 436 17
148 125 154 135
490 187 501 186
521 266 536 263
49 130 49 144
82 117 95 125
328 71 340 73
364 349 379 349
14 154 39 165
513 468 532 474
358 446 379 446
449 39 459 29
439 47 457 30
421 46 431 68
172 299 179 288
394 393 408 394
104 438 117 426
610 37 610 13
133 157 148 166
156 64 161 52
541 330 551 329
60 350 79 335
165 475 175 475
154 104 173 115
22 104 37 112
359 450 374 458
72 291 88 289
579 387 593 392
43 70 57 85
140 211 159 208
256 378 259 362
322 472 339 477
20 395 37 383
516 332 527 332
503 331 514 333
536 204 546 197
282 328 305 328
19 39 31 41
443 68 458 70
462 382 477 379
93 61 110 64
1 13 72 27
1 160 2 175
66 158 80 164
443 387 461 365
489 386 499 392
197 307 198 295
126 431 137 428
507 389 524 399
96 306 108 299
331 23 342 12
176 98 184 108
294 267 294 286
327 8 336 30
475 207 486 207
325 8 347 9
92 30 94 15
386 443 397 443
94 446 107 438
140 51 152 51
114 143 134 153
501 94 522 89
400 464 421 464
1 105 1 132
217 360 228 363
297 352 322 354
93 38 109 61
45 44 58 44
164 155 176 162
63 86 63 97
139 423 144 411
73 37 94 58
584 407 594 408
295 144 296 132
286 428 289 450
183 142 194 138
101 141 118 152
50 469 60 457
91 417 97 406
7 144 17 149
70 56 99 56
108 99 119 107
489 27 489 43
164 74 176 70
471 106 474 120
75 88 90 83
422 375 434 374
88 136 110 125
64 38 75 40
269 38 269 52
95 170 107 158
24 144 41 152
448 119 455 134
7 54 23 64
365 395 387 401
339 12 355 2
146 117 159 105
245 35 245 11
296 354 317 354
55 134 66 139
101 149 115 156
158 43 174 46
387 387 405 389
7 101 7 83
128 39 130 51
575 421 600 426
108 47 110 37
88 119 100 126
142 119 150 105
161 338 174 340
105 123 125 137
294 464 306 468
398 454 399 424
446 44 462 28
71 265 98 238
261 57 261 44
440 44 446 34
359 447 376 448
463 341 480 348
350 73 363 58
370 34 382 36
43 0 54 2
162 54 184 65
268 236 279 231
54 451 69 444
85 15 87 1
208 388 218 378
428 74 433 87
290 402 314 412
398 436 408 438
311 273 321 270
12 20 14 30
127 56 144 57
12 131 25 137
71 54 93 55
132 64 134 79
181 141 181 126
418 19 423 7
272 431 287 419
295 478 318 478
110 61 114 51
181 62 183 72
334 422 352 425
66 256 71 271
34 417 44 407
358 23 385 26
240 471 251 471
196 0 207 4
39 95 51 101
70 157 86 164
40 446 50 438
444 146 454 142
188 449 206 449
547 257 552 270
333 401 344 401
20 130 31 134
516 378 532 385
458 368 465 383
284 438 284 427
458 76 469 67
289 432 301 442
504 321 514 321
95 271 107 267
491 50 491 36
168 345 181 342
43 409 53 408
91 247 107 244
21 356 31 354
595 451 613 455
62 123 63 112
246 53 258 56
376 435 393 453
39 82 49 89
134 88 149 88
30 26 42 29
347 51 369 61
351 209 363 206
152 114 174 129
388 98 400 88
31 65 41 71
252 40 263 34
349 32 358 20
1 158 13 163
224 48 236 52
432 317 443 317
123 126 137 134
135 254 148 250
284 366 299 368
156 15 158 29
397 4 398 15
9 28 9 15
605 421 617 424
536 268 550 266
136 38 138 56
627 424 627 449
554 218 566 218
135 357 145 358
15 64 26 64
120 113 130 119
6 109 16 113
16 44 43 62
289 415 309 414
375 22 384 11
516 338 543 340
164 313 174 305
599 428 604 442
379 471 390 477
92 168 97 157
68 133 68 147
137 424 142 410
141 134 153 130
352 447 362 451
529 197 552 187
150 79 168 83
343 35 350 25
264 350 275 352
9 98 16 114
155 135 159 122
53 43 73 60
43 341 58 336
485 136 496 135
65 85 77 94
393 460 403 475
113 158 126 162
345 47 359 32
156 454 164 465
315 459 317 442
151 270 168 264
607 237 608 258
66 42 85 57
343 432 345 446
486 248 486 235
473 52 474 67
380 469 394 477
98 425 105 412
571 309 571 343
132 115 150 101
25 76 42 78
47 27 58 38
318 459 335 469
106 74 119 74
348 426 358 441
131 44 141 54
114 149 120 137
128 160 141 156
333 208 344 205
239 39 252 42
608 71 618 68
122 85 123 72
154 362 157 350
326 356 327 346
165 150 175 156
38 19 53 26
107 391 119 392
428 206 445 205
400 81 408 71
33 355 48 347
386 29 389 17
368 388 380 390
417 364 427 363
37 119 44 138
113 73 117 62
31 81 47 97
120 126 132 133
350 465 371 465
98 77 100 94
497 289 501 301
155 56 184 57
24 123 36 129
203 94 213 96
127 86 140 96
281 417 293 423
341 159 341 140
104 264 114 261
127 100 127 115
468 344 480 349
290 426 301 429
474 41 475 52
485 105 485 132
432 314 438 327
132 452 150 463
400 472 408 457
405 294 405 281
31 132 46 140
110 88 131 106
297 361 297 375
294 86 302 73
639 420 639 396
305 451 328 451
535 403 545 404
235 35 239 21
58 108 68 111
9 85 15 102
49 113 59 110
309 459 322 458
499 289 505 299
561 419 571 422
291 467 292 456
394 122 394 112
