8.190929412841796875e+01 2.221406707763671875e+02 5.375418090820312500e+01 2.250079956054687500e+02
1.116657409667968750e+02 2.193037109375000000e+02 8.190929412841796875e+01 2.221406707763671875e+02
1.126120071411132812e+02 1.930032348632812500e+02 8.608261108398437500e+01 1.970161590576171875e+02
3.132377433776855469e+01 2.268623504638671875e+02 5.375418090820312500e+01 2.250079956054687500e+02
5.520913696289062500e+01 2.025000152587890625e+02 3.372931289672851562e+01 2.052938690185546875e+02
1.524645538330078125e+02 1.865650634765625000e+02 1.920611267089843750e+02 1.808342895507812500e+02
2.400463714599609375e+02 1.735718231201171875e+02 1.920611267089843750e+02 1.808342895507812500e+02
2.820966186523437500e+02 1.670037841796875000e+02 2.800000915527343750e+02 2.026546936035156250e+02
2.820966186523437500e+02 1.670037841796875000e+02 2.400463714599609375e+02 1.735718231201171875e+02
1.116657409667968750e+02 2.193037109375000000e+02 1.126120071411132812e+02 1.930032348632812500e+02
1.116657409667968750e+02 2.193037109375000000e+02 1.518979797363281250e+02 2.145746917724609375e+02
2.775116882324218750e+02 3.123975830078125000e+02 2.350037384033203125e+02 3.151694030761718750e+02
2.800000915527343750e+02 2.026546936035156250e+02 2.370349121093750000e+02 2.053103332519531250e+02
3.560542602539062500e+02 3.045554504394531250e+02 3.351772766113281250e+02 3.058702697753906250e+02
8.158943176269531250e+01 2.895968322753906250e+02 5.245940780639648438e+01 2.887500000000000000e+02
7.128925323486328125e+00 3.056077270507812500e+02 3.000396347045898438e+01 3.094045410156250000e+02
5.375418090820312500e+01 2.250079956054687500e+02 5.520913696289062500e+01 2.025000152587890625e+02
3.560542602539062500e+02 3.045554504394531250e+02 3.904416198730468750e+02 3.026054382324218750e+02
1.113843612670898438e+02 2.908076477050781250e+02 1.478783569335937500e+02 2.915650329589843750e+02
1.524645538330078125e+02 1.865650634765625000e+02 1.521539001464843750e+02 1.526080322265625000e+02
2.776266784667968750e+02 2.748101196289062500e+02 2.786507263183593750e+02 2.362502746582031250e+02
1.922211456298828125e+02 2.109263916015625000e+02 2.370349121093750000e+02 2.053103332519531250e+02
3.168567199707031250e+02 5.362396621704101562e+01 2.879130249023437500e+02 6.280202865600585938e+01
3.000396347045898438e+01 3.094045410156250000e+02 5.000137710571289062e+01 3.130707092285156250e+02
5.000137710571289062e+01 3.130707092285156250e+02 5.245940780639648438e+01 2.887500000000000000e+02
8.608261108398437500e+01 1.970161590576171875e+02 5.520913696289062500e+01 2.025000152587890625e+02
7.128925323486328125e+00 3.056077270507812500e+02 8.774984359741210938e+00 2.852914428710937500e+02
2.812449340820312500e+02 9.499105072021484375e+01 2.561826171875000000e+02 1.012507095336914062e+02
1.518979797363281250e+02 2.145746917724609375e+02 1.922211456298828125e+02 2.109263916015625000e+02
3.024865112304687500e+02 3.093025207519531250e+02 2.775116882324218750e+02 3.123975830078125000e+02
1.919587097167968750e+02 3.199170532226562500e+02 2.350037384033203125e+02 3.151694030761718750e+02
5.861062011718750000e+02 3.362406005859375000e+02 5.687575683593750000e+02 3.364915161132812500e+02
1.126120071411132812e+02 1.930032348632812500e+02 1.361784515380859375e+02 1.885583648681640625e+02
8.158943176269531250e+01 2.895968322753906250e+02 1.113843612670898438e+02 2.908076477050781250e+02
1.126120071411132812e+02 1.930032348632812500e+02 1.153133697509765625e+02 1.591314239501953125e+02
1.085001850128173828e+01 2.090581970214843750e+02 3.372931289672851562e+01 2.052938690185546875e+02
4.865786743164062500e+02 3.459152832031250000e+02 4.880167236328125000e+02 3.608413085937500000e+02
1.126120071411132812e+02 1.930032348632812500e+02 1.524645538330078125e+02 1.865650634765625000e+02
3.351772766113281250e+02 3.058702697753906250e+02 3.024865112304687500e+02 3.093025207519531250e+02
4.512478942871093750e+02 3.454113159179687500e+02 4.487308959960937500e+02 3.015819091796875000e+02
1.361784515380859375e+02 1.885583648681640625e+02 1.524645538330078125e+02 1.865650634765625000e+02
3.040207099914550781e+01 2.868706359863281250e+02 5.245940780639648438e+01 2.887500000000000000e+02
2.800000915527343750e+02 2.026546936035156250e+02 2.786507263183593750e+02 2.362502746582031250e+02
1.919587097167968750e+02 3.199170532226562500e+02 1.668499145507812500e+02 3.215424804687500000e+02
2.160828399658203125e+02 2.945419006347656250e+02 2.350862274169921875e+02 2.962501525878906250e+02
5.520913696289062500e+01 2.025000152587890625e+02 7.328352355957031250e+01 1.987525177001953125e+02
2.776266784667968750e+02 2.748101196289062500e+02 2.451572265625000000e+02 2.739536437988281250e+02
2.160828399658203125e+02 2.945419006347656250e+02 1.920186767578125000e+02 2.934669189453125000e+02
4.865786743164062500e+02 3.459152832031250000e+02 5.687575683593750000e+02 3.364915161132812500e+02
2.350037384033203125e+02 3.151694030761718750e+02 2.137377624511718750e+02 3.174648437500000000e+02
3.040207099914550781e+01 2.868706359863281250e+02 8.774984359741210938e+00 2.852914428710937500e+02
2.222698211669921875e+02 1.115473098754882812e+02 2.387623291015625000e+02 1.069239044189453125e+02
2.786507263183593750e+02 2.362502746582031250e+02 2.787386474609375000e+02 2.175715332031250000e+02
2.350862274169921875e+02 2.962501525878906250e+02 2.350037384033203125e+02 3.151694030761718750e+02
2.350862274169921875e+02 2.962501525878906250e+02 2.350000610351562500e+02 2.529587707519531250e+02
2.820966186523437500e+02 1.670037841796875000e+02 2.550606994628906250e+02 1.702776336669921875e+02
1.518979797363281250e+02 2.145746917724609375e+02 1.524645538330078125e+02 1.865650634765625000e+02
4.773857498168945312e+01 3.873139343261718750e+02 4.581063842773437500e+01 4.790709838867187500e+02
8.809566497802734375e-04 2.109748229980468750e+02 1.085001850128173828e+01 2.090581970214843750e+02
1.287304992675781250e+02 4.595213317871093750e+02 1.037835388183593750e+02 4.687507934570312500e+02
9.005042266845703125e+01 4.737245483398437500e+02 1.287304992675781250e+02 4.595213317871093750e+02
1.665863342285156250e+02 1.247721405029296875e+02 1.923230895996093750e+02 1.185350952148437500e+02
2.400463714599609375e+02 1.735718231201171875e+02 2.370349121093750000e+02 2.053103332519531250e+02
1.121211147308349609e+01 4.790622863769531250e+02 1.326981735229492188e+01 3.849900817871093750e+02
6.177704620361328125e+01 4.789579162597656250e+02 6.356693649291992188e+01 3.912143554687500000e+02
3.567479248046875000e+02 3.645497436523437500e+02 3.350480651855468750e+02 3.723520202636718750e+02
2.075068359375000000e+02 1.143807220458984375e+02 2.222698211669921875e+02 1.115473098754882812e+02
3.168567199707031250e+02 5.362396621704101562e+01 3.637515258789062500e+02 4.013336181640625000e+01
3.350480651855468750e+02 3.723520202636718750e+02 2.300088653564453125e+02 4.171590576171875000e+02
8.190929412841796875e+01 2.221406707763671875e+02 8.112183380126953125e+01 2.566843566894531250e+02
3.862658996582031250e+02 3.281110000610351562e+01 3.637515258789062500e+02 4.013336181640625000e+01
2.800000915527343750e+02 2.026546936035156250e+02 2.787386474609375000e+02 2.175715332031250000e+02
6.184703369140625000e+02 2.973157653808593750e+02 5.960733032226562500e+02 2.977622070312500000e+02
1.920186767578125000e+02 2.934669189453125000e+02 1.478783569335937500e+02 2.915650329589843750e+02
7.715727233886718750e+01 4.790639953613281250e+02 7.873585510253906250e+01 3.862986145019531250e+02
1.919587097167968750e+02 3.199170532226562500e+02 2.137377624511718750e+02 3.174648437500000000e+02
6.184703369140625000e+02 2.973157653808593750e+02 6.200001220703125000e+02 2.550009765625000000e+02
2.776266784667968750e+02 2.748101196289062500e+02 2.564859313964843750e+02 2.745167846679687500e+02
1.922211456298828125e+02 2.109263916015625000e+02 2.264186859130859375e+02 2.062606964111328125e+02
3.560542602539062500e+02 3.045554504394531250e+02 3.024865112304687500e+02 3.093025207519531250e+02
3.168567199707031250e+02 5.362396621704101562e+01 3.511185913085937500e+02 4.333421325683593750e+01
3.040207099914550781e+01 2.868706359863281250e+02 3.000396347045898438e+01 3.094045410156250000e+02
8.608261108398437500e+01 1.970161590576171875e+02 7.328352355957031250e+01 1.987525177001953125e+02
4.865786743164062500e+02 3.459152832031250000e+02 5.512592773437500000e+02 3.390075073242187500e+02
8.158943176269531250e+01 2.895968322753906250e+02 8.093368530273437500e+01 3.140782470703125000e+02
2.075068359375000000e+02 1.143807220458984375e+02 2.387623291015625000e+02 1.069239044189453125e+02
3.350480651855468750e+02 3.723520202636718750e+02 3.735090332031250000e+02 3.583664550781250000e+02
9.005042266845703125e+01 4.737245483398437500e+02 1.037835388183593750e+02 4.687507934570312500e+02
7.715727233886718750e+01 4.790639953613281250e+02 9.005042266845703125e+01 4.737245483398437500e+02
9.005042266845703125e+01 4.737245483398437500e+02 9.271831512451171875e+01 3.838782958984375000e+02
3.001859283447265625e+01 4.790563354492187500e+02 3.258196258544921875e+01 3.767708740234375000e+02
1.287304992675781250e+02 4.595213317871093750e+02 1.503008117675781250e+02 4.500007934570312500e+02
2.222698211669921875e+02 1.115473098754882812e+02 2.561826171875000000e+02 1.012507095336914062e+02
3.132377433776855469e+01 2.268623504638671875e+02 3.372931289672851562e+01 2.052938690185546875e+02
1.922211456298828125e+02 2.109263916015625000e+02 1.659948883056640625e+02 2.137613983154296875e+02
2.400463714599609375e+02 1.735718231201171875e+02 2.550606994628906250e+02 1.702776336669921875e+02
3.567479248046875000e+02 3.645497436523437500e+02 2.300088653564453125e+02 4.171590576171875000e+02
2.786507263183593750e+02 2.362502746582031250e+02 2.567819824218750000e+02 2.371635742187500000e+02
2.350000610351562500e+02 2.529587707519531250e+02 2.382515869140625000e+02 2.186760406494140625e+02
2.400463714599609375e+02 1.735718231201171875e+02 2.401931610107421875e+02 1.475451354980468750e+02
5.660242919921875000e+02 2.678661499023437500e+02 5.601138916015625000e+02 2.496259765625000000e+02
9.005042266845703125e+01 4.737245483398437500e+02 1.150241241455078125e+02 4.640599365234375000e+02
8.190929412841796875e+01 2.221406707763671875e+02 8.608261108398437500e+01 1.970161590576171875e+02
3.567479248046875000e+02 3.645497436523437500e+02 3.735090332031250000e+02 3.583664550781250000e+02
3.560542602539062500e+02 3.045554504394531250e+02 3.567479248046875000e+02 3.645497436523437500e+02
2.800000915527343750e+02 2.026546936035156250e+02 2.636864929199218750e+02 2.042982177734375000e+02
8.774984359741210938e+00 2.852914428710937500e+02 8.761411666870117188e+00 2.578123168945312500e+02
5.520913696289062500e+01 2.025000152587890625e+02 5.874428176879882812e+01 1.725125579833984375e+02
1.116657409667968750e+02 2.193037109375000000e+02 1.376943969726562500e+02 2.159792175292968750e+02
2.786507263183593750e+02 2.362502746582031250e+02 2.480629882812500000e+02 2.374106445312500000e+02
3.351772766113281250e+02 3.058702697753906250e+02 3.904416198730468750e+02 3.026054382324218750e+02
5.375418090820312500e+01 2.250079956054687500e+02 5.500001525878906250e+01 2.575356140136718750e+02
1.126120071411132812e+02 1.930032348632812500e+02 1.280240783691406250e+02 1.902152404785156250e+02
1.287304992675781250e+02 4.595213317871093750e+02 1.150241241455078125e+02 4.640599365234375000e+02
1.500001716613769531e+01 3.396372070312500000e+02 1.500027465820312500e+01 3.675007934570312500e+02
2.370349121093750000e+02 2.053103332519531250e+02 2.636864929199218750e+02 2.042982177734375000e+02
1.121211147308349609e+01 4.790622863769531250e+02 1.500027465820312500e+01 3.675007934570312500e+02
2.300088653564453125e+02 4.171590576171875000e+02 1.503008117675781250e+02 4.500007934570312500e+02
1.326981735229492188e+01 3.849900817871093750e+02 2.043992280960083008e-03 3.874207153320312500e+02
5.687575683593750000e+02 3.364915161132812500e+02 5.512592773437500000e+02 3.390075073242187500e+02
1.287304992675781250e+02 4.595213317871093750e+02 1.704116210937500000e+02 4.415541687011718750e+02
6.184703369140625000e+02 2.973157653808593750e+02 6.060321044921875000e+02 2.972330932617187500e+02
4.487308959960937500e+02 3.015819091796875000e+02 4.522053527832031250e+02 3.575190429687500000e+02
1.113843612670898438e+02 2.908076477050781250e+02 1.084308547973632812e+02 3.178110046386718750e+02
1.518979797363281250e+02 2.145746917724609375e+02 1.659948883056640625e+02 2.137613983154296875e+02
1.500001716613769531e+01 3.396372070312500000e+02 2.293288707733154297e-04 3.397510681152343750e+02
1.085001850128173828e+01 2.090581970214843750e+02 1.301698493957519531e+01 1.827961425781250000e+02
1.863851318359375000e+02 2.737514038085937500e+02 1.871112670898437500e+02 2.400224914550781250e+02
1.287304992675781250e+02 4.595213317871093750e+02 1.610336608886718750e+02 4.453211059570312500e+02
2.075068359375000000e+02 1.143807220458984375e+02 2.561826171875000000e+02 1.012507095336914062e+02
2.300088653564453125e+02 4.171590576171875000e+02 1.704116210937500000e+02 4.415541687011718750e+02
2.160828399658203125e+02 2.945419006347656250e+02 2.166164855957031250e+02 2.687311096191406250e+02
2.300088653564453125e+02 4.171590576171875000e+02 1.813234558105468750e+02 4.371599426269531250e+02
5.945688247680664062e+00 7.595300292968750000e+01 4.307925701141357422e-04 6.222971725463867188e+01
9.005042266845703125e+01 4.737245483398437500e+02 1.404382171630859375e+02 4.538712768554687500e+02
1.920186767578125000e+02 2.934669189453125000e+02 1.650021362304687500e+02 2.910750427246093750e+02
2.715604248046875000e+02 5.497075617313385010e-03 2.761668701171875000e+02 1.404071140289306641e+01
1.650021362304687500e+02 2.910750427246093750e+02 1.478783569335937500e+02 2.915650329589843750e+02
1.150241241455078125e+02 4.640599365234375000e+02 1.037835388183593750e+02 4.687507934570312500e+02
1.287304992675781250e+02 4.595213317871093750e+02 1.813234558105468750e+02 4.371599426269531250e+02
4.865786743164062500e+02 3.459152832031250000e+02 4.964118041992187500e+02 2.812953491210937500e+02
3.350480651855468750e+02 3.723520202636718750e+02 2.825859375000000000e+02 3.952567443847656250e+02
1.404382171630859375e+02 4.538712768554687500e+02 2.300088653564453125e+02 4.171590576171875000e+02
2.800000915527343750e+02 2.026546936035156250e+02 2.264186859130859375e+02 2.062606964111328125e+02
1.116657409667968750e+02 2.193037109375000000e+02 1.114883270263671875e+02 2.558085784912109375e+02
1.287304992675781250e+02 4.595213317871093750e+02 1.404382171630859375e+02 4.538712768554687500e+02
1.404382171630859375e+02 4.538712768554687500e+02 1.037835388183593750e+02 4.687507934570312500e+02
1.326981735229492188e+01 3.849900817871093750e+02 1.233162879943847656e+01 4.095428161621093750e+02
3.168567199707031250e+02 5.362396621704101562e+01 3.329411621093750000e+02 4.875128936767578125e+01
2.776266784667968750e+02 2.748101196289062500e+02 2.783172302246093750e+02 2.938834838867187500e+02
3.001859283447265625e+01 4.790563354492187500e+02 3.125229644775390625e+01 3.901159362792968750e+02
1.919587097167968750e+02 3.199170532226562500e+02 1.477402343750000000e+02 3.215677795410156250e+02
5.245940780639648438e+01 2.887500000000000000e+02 5.500001525878906250e+01 2.575356140136718750e+02
7.715727233886718750e+01 4.790639953613281250e+02 1.150241241455078125e+02 4.640599365234375000e+02
2.300088653564453125e+02 4.171590576171875000e+02 1.610336608886718750e+02 4.453211059570312500e+02
2.350000610351562500e+02 2.529587707519531250e+02 2.362560424804687500e+02 2.298495025634765625e+02
1.920611267089843750e+02 1.808342895507812500e+02 2.272056884765625000e+02 1.762510986328125000e+02
1.518979797363281250e+02 2.145746917724609375e+02 1.376943969726562500e+02 2.159792175292968750e+02
2.300088653564453125e+02 4.171590576171875000e+02 1.974372100830078125e+02 4.302869262695312500e+02
1.150241241455078125e+02 4.640599365234375000e+02 1.404382171630859375e+02 4.538712768554687500e+02
5.960733032226562500e+02 2.977622070312500000e+02 6.060321044921875000e+02 2.972330932617187500e+02
2.300088653564453125e+02 4.171590576171875000e+02 2.663562622070312500e+02 4.020371093750000000e+02
1.150241241455078125e+02 4.640599365234375000e+02 1.503008117675781250e+02 4.500007934570312500e+02
3.511185913085937500e+02 4.333421325683593750e+01 3.329411621093750000e+02 4.875128936767578125e+01
1.500001716613769531e+01 3.396372070312500000e+02 3.211102294921875000e+01 3.376102905273437500e+02
1.114883270263671875e+02 2.558085784912109375e+02 1.111785964965820312e+02 2.437524566650390625e+02
1.524645538330078125e+02 1.865650634765625000e+02 1.280240783691406250e+02 1.902152404785156250e+02
3.511185913085937500e+02 4.333421325683593750e+01 3.637515258789062500e+02 4.013336181640625000e+01
6.200001220703125000e+02 2.550009765625000000e+02 5.906082763671875000e+02 2.503018035888671875e+02
3.350480651855468750e+02 3.723520202636718750e+02 2.927526550292968750e+02 3.906347961425781250e+02
2.812449340820312500e+02 9.499105072021484375e+01 2.879130249023437500e+02 6.280202865600585938e+01
3.862658996582031250e+02 3.281110000610351562e+01 3.511185913085937500e+02 4.333421325683593750e+01
2.300088653564453125e+02 4.171590576171875000e+02 2.311468353271484375e+02 3.686700744628906250e+02
2.561826171875000000e+02 1.012507095336914062e+02 2.387623291015625000e+02 1.069239044189453125e+02
2.451572265625000000e+02 2.739536437988281250e+02 2.564859313964843750e+02 2.745167846679687500e+02
1.923230895996093750e+02 1.185350952148437500e+02 1.937566833496093750e+02 1.449455566406250000e+02
3.612484741210937500e+02 2.014996185302734375e+02 3.472477722167968750e+02 1.710085754394531250e+02
2.400463714599609375e+02 1.735718231201171875e+02 2.409468841552734375e+02 1.339797668457031250e+02
4.512478942871093750e+02 3.454113159179687500e+02 4.536694335937500000e+02 3.775097045898437500e+02
2.300088653564453125e+02 4.171590576171875000e+02 2.825859375000000000e+02 3.952567443847656250e+02
2.820966186523437500e+02 1.670037841796875000e+02 2.950005187988281250e+02 1.136270980834960938e+02
4.865786743164062500e+02 3.459152832031250000e+02 4.900841979980468750e+02 3.051269226074218750e+02
4.200000610351562500e+02 3.459381408691406250e+02 4.213409118652343750e+02 2.860549926757812500e+02
2.350862274169921875e+02 2.962501525878906250e+02 2.783172302246093750e+02 2.938834838867187500e+02
4.880167236328125000e+02 3.608413085937500000e+02 6.387329711914062500e+02 3.826304321289062500e+02
4.512478942871093750e+02 3.454113159179687500e+02 4.200000610351562500e+02 3.459381408691406250e+02
3.040207099914550781e+01 2.868706359863281250e+02 3.016328048706054688e+01 2.577072753906250000e+02
3.351772766113281250e+02 3.058702697753906250e+02 3.350480651855468750e+02 3.723520202636718750e+02
2.370349121093750000e+02 2.053103332519531250e+02 2.264186859130859375e+02 2.062606964111328125e+02
1.037835388183593750e+02 4.687507934570312500e+02 1.050135116577148438e+02 3.844585571289062500e+02
1.287304992675781250e+02 4.595213317871093750e+02 1.974372100830078125e+02 4.302869262695312500e+02
1.326981735229492188e+01 3.849900817871093750e+02 1.500027465820312500e+01 3.675007934570312500e+02
1.668499145507812500e+02 3.215424804687500000e+02 1.477402343750000000e+02 3.215677795410156250e+02
1.404382171630859375e+02 4.538712768554687500e+02 1.610336608886718750e+02 4.453211059570312500e+02
1.920186767578125000e+02 2.934669189453125000e+02 1.863851318359375000e+02 2.737514038085937500e+02
3.001859283447265625e+01 4.790563354492187500e+02 3.001781845092773438e+01 4.537584838867187500e+02
3.211102294921875000e+01 3.376102905273437500e+02 4.842930221557617188e+01 3.365630798339843750e+02
3.024865112304687500e+02 3.093025207519531250e+02 2.913847656250000000e+02 3.112503967285156250e+02
5.245940780639648438e+01 2.887500000000000000e+02 7.234634399414062500e+01 2.887858886718750000e+02
3.351772766113281250e+02 3.058702697753906250e+02 2.913847656250000000e+02 3.112503967285156250e+02
2.400463714599609375e+02 1.735718231201171875e+02 2.272056884765625000e+02 1.762510986328125000e+02
1.920611267089843750e+02 1.808342895507812500e+02 1.937566833496093750e+02 1.449455566406250000e+02
5.861062011718750000e+02 3.362406005859375000e+02 5.512592773437500000e+02 3.390075073242187500e+02
5.861062011718750000e+02 3.362406005859375000e+02 5.660242919921875000e+02 2.678661499023437500e+02
1.404382171630859375e+02 4.538712768554687500e+02 1.704116210937500000e+02 4.415541687011718750e+02
1.503008117675781250e+02 4.500007934570312500e+02 1.813234558105468750e+02 4.371599426269531250e+02
1.116657409667968750e+02 2.193037109375000000e+02 1.111785964965820312e+02 2.437524566650390625e+02
1.503008117675781250e+02 4.500007934570312500e+02 1.704116210937500000e+02 4.415541687011718750e+02
4.842930221557617188e+01 3.365630798339843750e+02 6.377500534057617188e+01 3.354288940429687500e+02
3.258196258544921875e+01 3.767708740234375000e+02 3.001781845092773438e+01 4.537584838867187500e+02
1.150241241455078125e+02 4.640599365234375000e+02 1.704116210937500000e+02 4.415541687011718750e+02
7.715727233886718750e+01 4.790639953613281250e+02 7.844944000244140625e+01 3.944635314941406250e+02
6.200001220703125000e+02 2.550009765625000000e+02 6.053170166015625000e+02 2.526206665039062500e+02
3.637515258789062500e+02 4.013336181640625000e+01 3.329411621093750000e+02 4.875128936767578125e+01
5.619142456054687500e+02 4.790757141113281250e+02 6.387270507812500000e+02 4.480169067382812500e+02
3.372931289672851562e+01 2.052938690185546875e+02 3.376843261718750000e+01 1.776837921142578125e+02
5.432868041992187500e+02 3.024765014648437500e+02 5.630711669921875000e+02 3.231159057617187500e+02
5.000137710571289062e+01 3.130707092285156250e+02 8.093368530273437500e+01 3.140782470703125000e+02
2.350037384033203125e+02 3.151694030761718750e+02 2.913847656250000000e+02 3.112503967285156250e+02
3.258196258544921875e+01 3.767708740234375000e+02 3.211102294921875000e+01 3.376102905273437500e+02
1.326981735229492188e+01 3.849900817871093750e+02 1.075136661529541016e+01 4.699504089355468750e+02
1.153133697509765625e+02 1.591314239501953125e+02 1.150244140625000000e+02 1.387505645751953125e+02
4.133947448730468750e+02 2.502907562255859375e+02 4.306849670410156250e+02 2.577218017578125000e+02
1.404382171630859375e+02 4.538712768554687500e+02 1.813234558105468750e+02 4.371599426269531250e+02
2.775116882324218750e+02 3.123975830078125000e+02 2.913847656250000000e+02 3.112503967285156250e+02
5.619142456054687500e+02 4.790757141113281250e+02 5.917223510742187500e+02 4.672805480957031250e+02
4.773857498168945312e+01 3.873139343261718750e+02 4.625148773193359375e+01 4.542879943847656250e+02
3.350480651855468750e+02 3.723520202636718750e+02 2.663562622070312500e+02 4.020371093750000000e+02
1.665863342285156250e+02 1.247721405029296875e+02 1.315690002441406250e+02 1.339786987304687500e+02
8.761411666870117188e+00 2.578123168945312500e+02 8.787718772888183594e+00 2.412072906494140625e+02
1.150241241455078125e+02 4.640599365234375000e+02 1.610336608886718750e+02 4.453211059570312500e+02
2.561826171875000000e+02 1.012507095336914062e+02 2.550606994628906250e+02 1.702776336669921875e+02
4.581063842773437500e+01 4.790709838867187500e+02 4.625148773193359375e+01 4.542879943847656250e+02
2.820966186523437500e+02 1.670037841796875000e+02 2.801202087402343750e+02 1.847962951660156250e+02
7.873585510253906250e+01 3.862986145019531250e+02 9.271831512451171875e+01 3.838782958984375000e+02
1.121211147308349609e+01 4.790622863769531250e+02 1.233162879943847656e+01 4.095428161621093750e+02
3.567479248046875000e+02 3.645497436523437500e+02 2.825859375000000000e+02 3.952567443847656250e+02
2.800000915527343750e+02 2.026546936035156250e+02 2.801202087402343750e+02 1.847962951660156250e+02
1.500027465820312500e+01 3.675007934570312500e+02 1.976013183593750000e-02 3.660721130371093750e+02
1.121211147308349609e+01 4.790622863769531250e+02 1.075136661529541016e+01 4.699504089355468750e+02
4.522053527832031250e+02 3.575190429687500000e+02 4.536694335937500000e+02 3.775097045898437500e+02
2.879130249023437500e+02 6.280202865600585938e+01 3.329411621093750000e+02 4.875128936767578125e+01
3.125229644775390625e+01 3.901159362792968750e+02 3.001781845092773438e+01 4.537584838867187500e+02
1.361784515380859375e+02 1.885583648681640625e+02 1.280240783691406250e+02 1.902152404785156250e+02
8.112183380126953125e+01 2.566843566894531250e+02 8.200968933105468750e+01 2.311854248046875000e+02
3.351772766113281250e+02 3.058702697753906250e+02 3.327785644531250000e+02 3.585830688476562500e+02
4.236787719726562500e+02 2.720585060119628906e+01 4.150640869140625000e+02 1.709606498479843140e-02
2.222698211669921875e+02 1.115473098754882812e+02 1.923230895996093750e+02 1.185350952148437500e+02
2.300088653564453125e+02 4.171590576171875000e+02 2.110166778564453125e+02 4.244768371582031250e+02
4.512478942871093750e+02 3.454113159179687500e+02 4.522053527832031250e+02 3.575190429687500000e+02
6.279181518554687500e+02 4.689892272949218750e+02 6.176511230468750000e+02 4.790285949707031250e+02
2.879130249023437500e+02 6.280202865600585938e+01 2.937868347167968750e+02 9.003741455078125000e+01
1.503008117675781250e+02 4.500007934570312500e+02 1.974372100830078125e+02 4.302869262695312500e+02
3.211102294921875000e+01 3.376102905273437500e+02 2.293288707733154297e-04 3.397510681152343750e+02
2.350000610351562500e+02 2.529587707519531250e+02 2.361147155761718750e+02 2.375655822753906250e+02
6.279181518554687500e+02 4.689892272949218750e+02 6.387672119140625000e+02 4.735644226074218750e+02
1.326981735229492188e+01 3.849900817871093750e+02 1.219001579284667969e+01 4.251525878906250000e+02
2.879130249023437500e+02 6.280202865600585938e+01 2.715604248046875000e+02 5.497075617313385010e-03
2.300088653564453125e+02 4.171590576171875000e+02 2.927526550292968750e+02 3.906347961425781250e+02
8.158943176269531250e+01 2.895968322753906250e+02 7.234634399414062500e+01 2.887858886718750000e+02
4.880167236328125000e+02 3.608413085937500000e+02 5.766168823242187500e+02 3.723829040527343750e+02
1.114883270263671875e+02 2.558085784912109375e+02 1.152195587158203125e+02 2.703089294433593750e+02
6.387270507812500000e+02 4.480169067382812500e+02 6.263487548828125000e+02 4.542000732421875000e+02
4.773857498168945312e+01 3.873139343261718750e+02 3.258196258544921875e+01 3.767708740234375000e+02
6.053170166015625000e+02 2.526206665039062500e+02 5.906082763671875000e+02 2.503018035888671875e+02
2.311468353271484375e+02 3.686700744628906250e+02 1.959347381591796875e+02 3.768581237792968750e+02
2.350862274169921875e+02 2.962501525878906250e+02 2.350015563964843750e+02 2.750605163574218750e+02
1.922211456298828125e+02 2.109263916015625000e+02 1.920611267089843750e+02 1.808342895507812500e+02
2.400463714599609375e+02 1.735718231201171875e+02 2.264186859130859375e+02 2.062606964111328125e+02
3.904416198730468750e+02 3.026054382324218750e+02 3.887404174804687500e+02 3.526499938964843750e+02
8.093368530273437500e+01 3.140782470703125000e+02 1.084308547973632812e+02 3.178110046386718750e+02
4.482970581054687500e+02 2.816160888671875000e+02 4.511357421875000000e+02 2.574983520507812500e+02
2.812449340820312500e+02 9.499105072021484375e+01 2.387623291015625000e+02 1.069239044189453125e+02
5.874428176879882812e+01 1.725125579833984375e+02 5.873505401611328125e+01 1.524438018798828125e+02
5.111294555664062500e+02 4.370484161376953125e+01 5.062294311523437500e+02 6.111927413940429688e+01
5.687575683593750000e+02 3.364915161132812500e+02 5.630711669921875000e+02 3.231159057617187500e+02
1.315690002441406250e+02 1.339786987304687500e+02 1.523504943847656250e+02 1.286614685058593750e+02
5.861062011718750000e+02 3.362406005859375000e+02 5.601138916015625000e+02 2.496259765625000000e+02
2.350862274169921875e+02 2.962501525878906250e+02 2.337401733398437500e+02 2.672248229980468750e+02
6.387329711914062500e+02 3.826304321289062500e+02 5.766168823242187500e+02 3.723829040527343750e+02
6.387270507812500000e+02 4.480169067382812500e+02 5.917223510742187500e+02 4.672805480957031250e+02
1.610336608886718750e+02 4.453211059570312500e+02 1.813234558105468750e+02 4.371599426269531250e+02
2.387623291015625000e+02 1.069239044189453125e+02 2.409468841552734375e+02 1.339797668457031250e+02
1.404382171630859375e+02 4.538712768554687500e+02 1.974372100830078125e+02 4.302869262695312500e+02
5.660242919921875000e+02 2.678661499023437500e+02 5.785983886718750000e+02 3.084624633789062500e+02
1.150244140625000000e+02 1.387505645751953125e+02 9.876045989990234375e+01 1.425077209472656250e+02
4.306849670410156250e+02 2.577218017578125000e+02 4.211077575683593750e+02 2.535284271240234375e+02
2.311468353271484375e+02 3.686700744628906250e+02 1.867161407470703125e+02 3.788142395019531250e+02
3.567479248046875000e+02 3.645497436523437500e+02 2.663562622070312500e+02 4.020371093750000000e+02
3.258196258544921875e+01 3.767708740234375000e+02 3.125229644775390625e+01 3.901159362792968750e+02
