0.264774 4.42015 163.103 78.7753
164.167 76.6378 0.406861 1.11775
0.253561 8.43246 158.495 79.1302
0.246012 18.4265 132.021 74.9512
0.30512 15.2981 149.024 79.9459
0.148124 24.6449 85.8396 60.3845
0.0614252 30.848 92.0021 67.9949
0.0496206 27.8792 129.061 80.8516
0.181261 36.5388 103.884 77.2962
0.073884 33.8139 117.782 80.5495
0.254934 44.3311 57.8871 66.2961
0.0975637 41.7481 44.953 59.1212
0.0659971 46.8235 83.933 78.1792
85.9484 77.1547 105.746 83.7613
108.259 81.3344 0.260507 39.3302
0.879646 128.075 596.94 103.547
610.446 100.041 612.554 76.9593
613.698 98.9808 616.428 56.0272
618.814 53.9884 619.086 72.9988
0.851676 134.61 158.926 124.8
163.3 127.758 197.02 135.919
196.498 140.101 149.28 128.826
157.984 129.652 45.9491 134.916
55.9619 134.679 -0.0802402 141.323
0.0322781 182.677 32.0127 185.873
32.927 226 32.9172 151
33.0006 226.99 6.15418e-06 227.01
33.2584 149.692 2.86428 143.687
0.0299053 188.653 32.0505 191.414
0 233 32 233
32.986 215 32.2956 269.004
32.0013 269.02 0.0152683 271.222
-0.0224972 276.752 30.9944 273.938
-0.0507164 286.475 301.934 257.317
294.214 273.298 233.065 283.395
221.972 299.927 222.967 285.998
0.0652275 289.655 227.005 267.053
0.0427017 315.292 90.018 302.123
90.8224 302.011 91.0822 282.001
38 310 38 287
-0.0349312 320.784 206.902 287.392
207.042 277.002 205.689 309.987
207.999 312.181 224.003 312.253
-0.0364571 389.374 501.871 438.328
491.981 436.231 638.983 448.211
0.126327 11.7134 148.505 77.1238
0.137362 21.6746 131.876 77.2934
0.0505276 57.8582 76.0275 84.9229
-0.0576935 361.763 206.854 311.402
3.93801 103.782 638.973 71.4725
3.95438 110.186 353.92 90.5742
344.03 92.6118 392.014 90.2893
367.962 90.2712 415.935 87.7591
239 97 239 112
609.961 98.0661 -0.102612 123.543
0.104546 344.503 213.047 300.227
8.26552 0.438435 172.055 77.883
173.178 75.6268 14.9783 0.0454445
11.9509 367.6 632.885 418.404
0.0197372 282.235 33.0391 279.466
11.912 141.47 33.1045 145.443
20.9848 59.0412 69.9627 77.1013
26.9781 307.432 -0.00335884 306.066
26.7882 225.992 28.0589 194.042
31.2896 -0.581947 187.041 76.9175
115.959 39.5492 136.967 37.6393
205.48 70.0363 65.16 -0.319061
217.101 74.8175 82.0763 -0.137527
223.648 71.8757 98.9683 0.0550919
36.231 194.021 34.9545 267.982
39.2552 138.003 37.7571 269.009
44.8774 268.151 127.976 262.642
129.045 263.022 130.353 202.008
216.989 209.115 99.0206 197.785
223.105 258.001 223.981 178
213.097 173.556 247.757 181.114
213.023 174.186 171.042 179.341
140.136 157.344 46.7935 137.996
247.951 179.688 271.011 176.068
212 174.019 474.997 169.838
198.698 265.999 199.053 179
98.896 162.999 97.706 262.996
99.1306 162.285 130.013 167.929
130.234 168.003 129.899 196.999
129.969 197.264 99.0377 193.675
97.9843 228.727 129.013 229.398
160 234.988 99.0024 233.869
161.127 178.019 159.745 259.996
160.04 260.516 140.004 262.052
139.682 261.998 140.089 202.994
91.7015 265.003 92.166 148.001
87.0213 198 85.766 263.996
87.1406 196.537 48.0212 192.779
47.3431 155.006 46.0556 225.983
49.0337 152.815 88.0191 159.895
48 228 85 228
34.9267 287.001 35.1568 310.008
150.152 318.662 31.0073 346.032
41 308 41 295
25.0076 232.388 85.9983 233.141
45.7847 234.004 46.6981 281.025
47.8031 147.004 86.0952 154.515
48.951 202.051 49.6772 217.016
61.8824 201 61.8824 217
47.9969 272.959 86.005 270.066
54.0001 290.938 82 290.993
54.9142 15.1771 24.7321 0.552915
48.0079 187.919 90.9877 192.126
63.0018 87.7255 79.0017 87.6863
61 253 80 253
49.0934 284.302 78.9597 288.301
64.0512 341.238 93.0035 335.016
77.1434 0.751816 110.545 20.0577
87 161 87 209
89 198 89 264
91.1938 -0.340588 221.956 74.0774
98.9586 269.437 128.022 267.297
99.8673 157.642 153.834 168.801
153.862 165.73 271.913 158.569
262.007 160.256 349.992 157.722
240.003 167.203 638.997 161.792
563.763 134.865 574.633 115.791
584.02 128.278 599.015 127.219
606.942 113.925 590.988 114.785
90.0072 61.983 121.803 75.4641
91.0759 32.844 183.587 77.8499
107.412 -0.695255 233.841 74.2675
236.284 72.5282 115.932 0.113792
108.856 186.514 127.953 180.842
99.1224 300.809 163.022 291.148
134.298 293.995 134.035 276.999
113.394 418.882 126.929 412.84
123.994 290.265 98.984 289.658
122 282 106 282
121.579 40.8303 192.199 76.6068
125.197 201.002 125.16 228
120.308 346.064 177.171 329.59
153.948 324.952 638.978 351.395
129 278 129 295
125.171 -0.274864 244.218 73.6494
246.301 71.5204 132.114 -0.181503
133.768 263.044 135.3 236.017
126.617 39.7342 196.043 75.9174
198.487 74.0824 134.435 40.0634
134.687 167.981 135.563 199.012
142.014 195.174 156.002 194.025
139.043 293.955 139.846 277.04
141 283 154 283
137.816 38.3418 207.914 76.16
144.929 164.124 250.886 155.588
240 157.019 638.998 149.911
142.179 -0.275307 253.115 71.8234
255.648 70.0141 149.048 -0.0722885
160.912 264.833 138.961 266.481
159.925 173.134 229.92 167.076
165 245 165 259
158.418 -0.6138 266.175 72.7424
268.292 70.5765 166.704 0.428421
171.01 230.502 210.994 231.304
212.102 257.002 212.794 210.012
187.352 207.007 186.384 258.007
170.03 263.444 215.027 260.392
168.935 235.181 185.907 233.832
169.345 274.01 168.904 288.997
150.914 292.43 188.952 286.683
189.772 287.017 190.103 272.002
165.922 175.093 234.924 169.118
173.984 124.534 592.958 109.811
176.769 0.322571 275.829 71.2395
278.426 69.4136 183.594 0.559349
181 211 181 229
165.026 129.668 346.986 122.648
346.791 123.29 375.16 143.778
304.149 124.728 319.062 132.887
317.998 135.114 304.984 134.885
304.932 134.125 289.963 126.068
195.384 200.99 194.775 176.98
185.962 318.734 638.954 341.901
199.253 -0.331581 290.051 68.9331
289.374 72.5064 193.86 0.185158
200.072 180.586 217.078 183.552
242.029 184.841 204.018 177.904
244.191 201.953 242.281 235.016
244.108 237.01 242.159 258.925
209.93 0.0884705 298.715 70.3605
301.364 68.5484 216.773 0.281105
290.977 146.012 207.998 147.911
230.689 75.0405 229.809 89.9888
234.46 255.989 235.37 209.988
230.94 308.097 271.029 305.435
273.07 301.254 470.991 309.221
485.83 319.967 490.368 296.876
491.029 295.828 639.013 299.478
233.125 -0.145729 311.776 67.261
310.14 70.026 226.85 0.178558
235.987 150.758 255.985 149.719
239.246 200.006 237.685 262.992
243.393 -0.437912 319.811 68.2109
323.135 66.7623 250.695 0.332748
254.031 193.754 390.966 188.174
379.999 189.907 639 190.117
250.896 210.995 250.713 254.999
245.029 460.034 268.932 439.919
250.97 182.234 638.99 178.086
557.001 169.198 638.999 168.826
259.251 211.04 261.627 195.941
256.095 291.399 298.083 281.349
259.84 202.999 259.783 270
265.405 211.012 263.918 259.997
264.789 297.021 311.765 286.909
302.996 288.46 372 289.017
363.005 285.914 387.985 287.277
378.008 286.919 402.952 289.466
267.183 -0.18779 335.065 65.9337
332.59 68.4295 261.467 0.558121
273.495 194.988 272.098 253.026
277.571 213.971 276.796 251.996
283.612 256.041 285.181 194.005
260.14 447.165 292.656 419.594
277.83 0.165405 343.409 67.6024
347.046 65.9561 284.718 0.26741
294.725 211.001 294.959 268
294.822 210.217 311.115 206.503
311.772 206.017 312.103 191.002
288.792 215.967 287.835 250.995
288.022 148.472 312.022 149.45
295.293 0.636475 354.526 66.4269
358.264 64.8944 301.709 0.254959
336 208.033 392.002 207.932
393.188 207.083 394.312 191.022
311.789 218.364 295.877 223.629
299.448 251.153 325.485 234.208
324.849 238.781 308.397 250.125
314.118 219.536 357.98 209.909
330.611 265.757 353.338 247.419
352.53 244.406 333.543 259.422
311.746 0.211823 365.897 65.0863
369.986 64.0116 318.725 0.221268
318.3 253.459 345.716 235.565
319.062 270.062 334.011 269.183
343.043 266.141 345.223 280.967
320.909 459.922 337.036 441.031
312.92 249.848 352.56 229.068
320.425 256.151 350.287 235.946
274.957 297.055 469.001 304.964
469.087 295.486 406.008 291.863
341.729 130.829 362.25 143.598
330.519 254.361 353.703 236.935
328.856 0.109268 377.99 65.0074
380.97 62.0219 335.875 0.0913391
325.813 130.323 352.208 145.641
310.796 235.44 364.591 215.874
329.761 231.283 373.859 216.577
316.843 243.689 347.968 227.936
333.1 317.227 357.268 306.611
358.154 138.767 336.643 124.539
342.004 198.84 364.99 199.41
366.027 194.243 331.999 193.036
352.752 259 352.766 287
345.762 0.16391 389.779 64.1522
393.845 63.0969 354.245 -0.153091
352.238 124.669 369.13 136.819
388.225 143.717 360.38 121.523
354.78 123.289 374.028 137.964
373.621 232.657 419.628 219.682
409.977 221.686 448.985 218.803
444.946 219.483 474.029 222.74
474.139 225.987 456.066 223.514
454.313 212.011 452.913 251.997
479.139 241.434 492.093 244.623
492.05 267.677 476.95 265.323
365.784 122.255 383.052 136.939
367.761 121.08 388.087 137.894
378.162 238.227 364.838 247.773
371.012 282.696 405.997 284.082
375.333 20.4076 401.987 64.0077
377.035 18.2789 400.048 15.3773
400.494 14.7757 393.817 0.0830841
406.057 61.9672 381.216 18.8754
401.401 140.554 381.956 123.049
383.311 120.665 406.146 141.842
390.149 136.828 374.647 123.407
375.903 121.109 391.747 135.283
341.001 158.089 639.002 153.127
380.563 478.77 390.99 458.995
370.008 279.818 404.989 281.269
391.454 120.546 413.463 142.537
410.345 142.643 389.505 122.513
389.328 232.379 422.136 224.569
390.101 18.4776 413.814 63.0989
418.259 60.8693 395.856 16.567
387.836 244.726 404.009 235.014
406 236 406 255
412 247 412 233
421.89 232.094 419.901 250.99
422.984 255.44 474.988 257.333
454 261 470 261
404.447 239.207 386.713 251.59
387.108 466.056 403.027 435.014
399.55 120.485 419.369 141.654
418.662 144.323 397.662 122.322
397.209 -0.0964203 425.883 62.0542
430.496 59.786 404.766 0.100739
423.001 252.805 458.999 253.086
449.751 253.01 450.106 226.001
408.961 121.032 427.039 142.968
424.951 144.043 405.683 122.281
398.984 215.609 419.99 214.755
449.185 209.965 395.124 200.304
413.844 0.0624237 438.156 60.9376
443.522 60.1742 421.639 0.131683
416.229 119.829 435.51 145.619
439.868 142.4 424.259 119.821
417 276.071 444 276.071
413.74 122.212 431.212 143.642
416.966 286.879 438.972 287.727
424.211 229.028 425.041 252.035
425.008 272.853 464.008 274.851
448.961 262.929 421.01 261.759
422.118 121.918 438.583 145.595
430.71 0.0967255 451 61
456.089 59.6833 438.757 0.0706024
429.628 121.244 443.947 143.035
431.203 118.826 441.785 131.184
442 131 455 131
453.071 119.6 436.013 118.738
447.858 0.036644 463.079 58.9795
468.714 58.0637 455.785 0.0478668
455.124 212.573 473.059 217.796
457.484 118.814 467.484 144.814
465.53 118.812 473.655 141.768
471.371 144.239 462.266 120.279
465.057 -0.0104599 475.976 59.0045
481.619 57.057 473.077 -0.0115585
464.488 294.045 465.883 278.989
473.801 118.77 480.441 141.873
478.113 144.28 470.505 120.156
482.155 299.018 480.323 314.922
486.205 117.753 491.177 141.964
494.003 141.863 491.021 119.997
478.543 119.11 484.063 141.985
487.066 141.787 482.69 119.862
482.157 -0.0179787 488.793 58.0237
494.675 57.8733 490.297 -0.0224342
487.961 320.638 514.982 322.287
495.417 118.958 497.86 143.014
500.871 142.951 499.525 118.971
484.879 222.271 510.179 233.601
510 234 510 253
491.381 269.978 492.242 284.986
491.645 218.716 518.895 232.212
495 243 509 243
499.667 0.0118313 501.724 58.0098
508 57 508 0
507.556 143.042 508.203 119.005
504.392 136.02 503.831 119.006
525.274 118.039 521.971 140.996
518.88 140.889 521.043 119.004
488.998 310.062 638.969 315.805
524.946 279.002 638.998 282.092
512.176 118.998 512.128 140.998
489.969 305.883 638.998 311.049
520.729 58.1217 524.823 -0.0124702
515.484 50.0134 516.869 -0.00363064
514.833 141.058 516.379 119.027
515.002 254.849 558.008 255.379
572.83 256.999 573.012 220
585.148 216.846 598.595 230.401
602.508 216.987 603.216 243.994
599.996 254 600.153 229.001
576.286 256.018 575.865 217.001
505.118 230.78 540.23 249.57
515.315 238.508 538.442 253.309
522.856 387.016 525.234 407.973
523.007 264.679 638.995 267.236
529.647 118.113 525.676 140.944
528.012 143.244 533.857 118.966
534.007 0.000667572 528.238 57.9241
534.307 57.1793 542.149 0.0203781
538.191 118.286 532.754 140.941
535.705 141.208 542.521 118.154
525.955 290.374 638.997 294.08
541.827 55.1425 551.318 0.0547256
555.327 119.131 546.986 139.995
548.989 142.437 559.651 118.288
546.727 58.3757 559.409 0.0890884
542.207 141.469 551.285 118.111
541.136 136.047 547.334 118.115
562.998 259.052 503.989 257.392
504.989 261.473 639.008 264.65
544.993 186.86 570.999 187.066
560.782 55.2237 576.539 0.154114
555.7 51.9257 568.514 0.127075
556.155 141.593 568.62 117.318
566.419 114.708 555.165 137.083
566.935 135.963 577.445 117.25
564.963 28.2861 573.336 0.099762
574.495 54.1778 593.956 -0.0158997
569.08 52.0258 585.972 -0.00924683
569.257 138.162 582.743 116.838
572.485 204.563 557.848 191.166
571.018 386.992 582.86 413.064
603 278 585 278
587.757 54.3294 611.344 0.149719
583.385 50.1533 603.326 0.129959
588.711 241.026 589.959 255.004
590.443 0.162338 580.863 26.3161
591.739 141.645 613.137 117.119
600.684 54.8684 628.768 0.395935
597.273 50.1295 621.015 0.00700378
596.419 446.269 603.758 462.112
597.776 138.793 619.879 114.888
598.751 141.706 622.948 115.951
605.026 256.61 590.956 255.655
606.777 140.775 631.896 115.904
606 138 628 116
605.996 201 606.005 235
639.005 200.632 579.002 199.823
607.754 260.037 610.596 202.029
607.551 0.249527 597.958 21.4337
603 187 631 187
614.857 53.5096 638.954 12.9725
613.15 46.0817 638.26 0.142151
612.038 104.107 638.972 103.178
637.034 257.001 638.287 202.007
612.105 139.11 635.145 117.152
613.265 141.288 638.79 117.772
620.092 138.107 638.464 122.374
627.848 53.6194 638.689 38.7728
627.343 46.2101 639.093 27.0573
639.002 98.1231 615.006 98.4369
638.985 108.694 586.018 111.363
638.61 125.566 622.805 139.783
