2.890734252929687500e+02 1.323815460205078125e+02 3.179531860351562500e+02 1.336996002197265625e+02
2.191181335449218750e+02 8.665534210205078125e+01 2.152733001708984375e+02 2.254042053222656250e+02
3.205573120117187500e+02 2.361535339355468750e+02 2.512963294982910156e+01 2.399244232177734375e+02
2.688711853027343750e+02 2.395476684570312500e+02 2.678754882812500000e+02 3.045219726562500000e+02
1.546387023925781250e+02 9.200406646728515625e+01 1.516233673095703125e+02 2.259148406982421875e+02
2.889129333496093750e+02 7.986942291259765625e+01 2.862502136230468750e+02 2.260978088378906250e+02
3.163044738769531250e+02 7.201028442382812500e+01 4.501985168457031250e+02 2.089918823242187500e+02
6.385883178710937500e+02 2.479259490966796875e+02 4.744363708496093750e+02 2.496141204833984375e+02
6.017207031250000000e+02 2.281616210937500000e+02 6.025408325195312500e+02 2.475283813476562500e+02
2.895362854003906250e+02 9.522080993652343750e+01 3.177213745117187500e+02 9.694204711914062500e+01
2.882163085937500000e+02 1.960845642089843750e+02 3.167837524414062500e+02 1.975471649169921875e+02
2.589279479980468750e+02 2.490388031005859375e+02 2.585909423828125000e+02 2.882460937500000000e+02
2.528700256347656250e+01 1.355193328857421875e+02 0.000000000000000000e+00 1.376708221435546875e+02
9.651638031005859375e+01 9.627716827392578125e+01 9.120054626464843750e+01 2.278952941894531250e+02
1.480521697998046875e+02 2.392710418701171875e+02 1.462474365234375000e+02 3.030341491699218750e+02
3.028272247314453125e+01 1.012872619628906250e+02 2.346885681152343750e+01 3.002713928222656250e+02
5.064252319335937500e+02 2.296436920166015625e+02 5.069956970214843750e+02 2.476398468017578125e+02
2.895130004882812500e+02 1.182611541748046875e+02 3.175645446777343750e+02 1.196000137329101562e+02
4.414317321777343750e+02 3.468665161132812500e+02 3.243741455078125000e+02 4.800000000000000000e+02
3.176694030761718750e+02 6.816941833496093750e+01 0.000000000000000000e+00 1.001010131835937500e+02
3.134977722167968750e+02 6.192659759521484375e+01 0.000000000000000000e+00 9.351711273193359375e+01
4.302971801757812500e+02 3.475661621093750000e+02 3.030939331054687500e+02 4.800000000000000000e+02
2.890623474121093750e+02 1.583527374267578125e+02 3.170573425292968750e+02 1.595802612304687500e+02
3.540473937988281250e+02 1.171646728515625000e+02 3.508319091796875000e+02 2.374629058837890625e+02
1.303972930908203125e+02 3.019969482421875000e+02 1.435407714843750000e+02 3.028948364257812500e+02
2.885777282714843750e+02 2.105100708007812500e+02 3.163997802734375000e+02 2.119826660156250000e+02
4.726074523925781250e+02 2.510922393798828125e+02 4.720158691406250000e+02 3.022588806152343750e+02
6.394524536132812500e+02 2.102860260009765625e+02 6.020173339843750000e+02 2.282928009033203125e+02
6.691699981689453125e+01 2.430175781250000000e+02 6.568411254882812500e+01 2.999165039062500000e+02
4.470442504882812500e+02 2.099751892089843750e+02 4.450083618164062500e+02 2.573097534179687500e+02
1.508292541503906250e+02 2.987113037109375000e+02 1.428704376220703125e+02 3.034929504394531250e+02
5.054431762695312500e+02 2.369452362060546875e+02 4.462649536132812500e+02 2.377487030029296875e+02
2.830029907226562500e+02 2.380394592285156250e+02 2.812101440429687500e+02 3.066107482910156250e+02
3.741501464843750000e+02 1.384185028076171875e+02 3.730494689941406250e+02 2.409403076171875000e+02
2.470662117004394531e+01 1.475776824951171875e+02 4.302525520324707031e-01 1.495394592285156250e+02
3.401492919921875000e+02 1.030864715576171875e+02 3.374085083007812500e+02 2.325650634765625000e+02
4.637164306640625000e+02 3.198401489257812500e+02 5.200625610351562500e+02 3.212399291992187500e+02
2.462745475769042969e+01 2.034980316162109375e+02 4.810404777526855469e-01 2.045605468750000000e+02
2.487824630737304688e+01 1.156450500488281250e+02 5.312061309814453125e-01 1.180021362304687500e+02
1.315211944580078125e+02 2.858358154296875000e+02 1.306213684082031250e+02 3.031548461914062500e+02
4.199524536132812500e+02 2.821236572265625000e+02 2.825671081542968750e+02 2.909975280761718750e+02
2.960628890991210938e+01 1.014078598022460938e+02 6.590577697753906250e+01 1.146947631835937500e+02
4.720123291015625000e+02 2.563307800292968750e+02 4.452153930664062500e+02 2.574096679687500000e+02
9.376264953613281250e+01 2.074117279052734375e+02 3.068301773071289062e+01 2.100311126708984375e+02
3.834013366699218750e+02 1.496833496093750000e+02 3.808648681640625000e+02 2.431396789550781250e+02
3.177680053710937500e+02 2.364735565185546875e+02 4.179523315429687500e+02 2.631206665039062500e+02
1.644815216064453125e+02 2.463644561767578125e+02 1.635917053222656250e+02 2.974553527832031250e+02
1.503613739013671875e+02 2.967631835937500000e+02 1.626755981445312500e+02 2.981695556640625000e+02
3.976851196289062500e+02 1.614325256347656250e+02 3.951101989746093750e+02 2.469902801513671875e+02
5.643200073242187500e+02 1.007374763488769531e+01 5.698840942382812500e+02 3.398951416015625000e+02
2.837445449829101562e+01 2.393690795898437500e+02 2.744973945617675781e+01 2.980180358886718750e+02
3.188328552246093750e+02 7.194319915771484375e+01 3.177196655273437500e+02 2.319894561767578125e+02
4.221810913085937500e+02 2.895754089355468750e+02 4.708585205078125000e+02 2.917002868652343750e+02
2.586459655761718750e+02 2.881460266113281250e+02 2.682883605957031250e+02 3.018963317871093750e+02
2.838822937011718750e+02 2.725318908691406250e+02 4.081021728515625000e+02 2.791547546386718750e+02
3.186979675292968750e+02 2.277780609130859375e+02 4.362422180175781250e+02 2.616033630371093750e+02
5.052429809570312500e+02 2.202035827636718750e+02 4.485867309570312500e+02 2.209106292724609375e+02
5.023674011230468750e+02 2.006244201660156250e+02 5.024034118652343750e+02 2.069243316650390625e+02
3.215884399414062500e+02 1.022800598144531250e+02 3.400671997070312500e+02 1.041888046264648438e+02
5.645606079101562500e+02 1.933377532958984375e+02 5.317044677734375000e+02 1.942777252197265625e+02
4.779544677734375000e+02 2.055391082763671875e+02 4.476206054687500000e+02 2.062348480224609375e+02
2.876234741210937500e+02 7.950710296630859375e+01 3.202909851074218750e+02 8.290399932861328125e+01
6.006888427734375000e+02 2.290015106201171875e+02 5.066635131835937500e+02 2.303451843261718750e+02
5.041223449707031250e+02 2.276524047851562500e+02 4.434421997070312500e+02 2.286661682128906250e+02
3.381018066406250000e+02 2.462899322509765625e+02 2.854088745117187500e+02 2.472810516357421875e+02
4.734794616699218750e+02 3.037626647949218750e+02 4.520999755859375000e+02 3.366493225097656250e+02
3.204217529296875000e+02 1.482448120117187500e+02 3.374600219726562500e+02 1.491475524902343750e+02
1.328224487304687500e+02 2.847854919433593750e+02 1.447646484375000000e+02 2.867538146972656250e+02
1.377474670410156250e+02 2.414567718505859375e+02 1.353769226074218750e+02 2.856697082519531250e+02
3.185741271972656250e+02 2.276825561523437500e+02 2.676637649536132812e+01 2.315011596679687500e+02
5.941193237304687500e+02 1.933503265380859375e+02 5.723867187500000000e+02 1.940557861328125000e+02
3.387119140625000000e+02 2.467388305664062500e+02 3.378768920898437500e+02 2.977845764160156250e+02
5.312215576171875000e+02 1.942465209960937500e+02 5.310891723632812500e+02 2.016903839111328125e+02
5.314037475585937500e+02 1.977341918945312500e+02 5.023498229980468750e+02 2.010146942138671875e+02
4.214652709960937500e+02 2.601929626464843750e+02 4.210535888671875000e+02 2.907362060546875000e+02
5.715607299804687500e+02 1.093646049499511719e+01 5.749432983398437500e+02 3.606980895996093750e+02
4.363176269531250000e+02 2.604540100097656250e+02 4.363702697753906250e+02 2.896753540039062500e+02
2.355671882629394531e+01 3.010354614257812500e+02 7.788240909576416016e-01 3.031421508789062500e+02
0.000000000000000000e+00 3.249768981933593750e+02 4.127661437988281250e+02 3.534641113281250000e+02
4.521585083007812500e+02 2.619108581542968750e+02 4.516928710937500000e+02 2.902127685546875000e+02
3.567411499023437500e+02 1.266732940673828125e+02 3.659558410644531250e+02 1.310709381103515625e+02
5.228013916015625000e+02 3.486261291503906250e+02 5.207359619140625000e+02 4.781968688964843750e+02
7.785646057128906250e+01 1.185218887329101562e+02 9.363702392578125000e+01 1.259328460693359375e+02
7.617481231689453125e+01 2.390779724121093750e+02 7.212484741210937500e+01 3.293160095214843750e+02
2.083277893066406250e+02 2.850606689453125000e+02 2.590904541015625000e+02 2.869369506835937500e+02
5.660979003906250000e+02 2.294290313720703125e+02 5.074668884277343750e+02 2.303171539306640625e+02
3.088009338378906250e+02 6.366651535034179688e+01 3.162810058593750000e+02 7.232276916503906250e+01
1.643380432128906250e+02 2.740033569335937500e+02 2.682759399414062500e+02 2.758106689453125000e+02
2.694002151489257812e+01 1.033661193847656250e+02 8.134686946868896484e-01 1.054955215454101562e+02
3.393238525390625000e+02 3.237658081054687500e+02 4.543489379882812500e+02 3.331674804687500000e+02
5.013548278808593750e+02 2.208551177978515625e+02 5.067762756347656250e+02 2.306830749511718750e+02
2.672210083007812500e+02 3.040345458984375000e+02 2.812102661132812500e+02 3.057230834960937500e+02
4.427310485839843750e+02 3.444616394042968750e+02 5.434157104492187500e+02 3.469078063964843750e+02
8.652794361114501953e-01 2.595180969238281250e+02 2.274482727050781250e+01 2.607719116210937500e+02
5.871071777343750000e+02 1.932592468261718750e+02 5.308715820312500000e+02 1.943454284667968750e+02
3.218481445312500000e+02 2.071309661865234375e+02 3.359647216796875000e+02 2.079979705810546875e+02
5.657809448242187500e+02 2.023138122558593750e+02 5.217581176757812500e+02 2.038858795166015625e+02
2.252043724060058594e+01 2.724862365722656250e+02 0.000000000000000000e+00 2.735183715820312500e+02
3.421418762207031250e+02 1.163565826416015625e+02 3.536224365234375000e+02 1.177805557250976562e+02
