
316	190	316	190	
6.390036e+02	2.658390e+02	5.020060e+02	2.627301e+02	
6.390013e+02	3.119620e+02	4.920059e+02	3.068288e+02	
319	174	319	174	
3.930144e+02	209	3.410048e+02	209	
8.601925e+01	229	4.900574e+01	229	
4.079965e+02	2.910946e+02	3.509928e+02	2.892036e+02	
5.420246e+02	298	4.919846e+02	298	
6.090117e+02	2.826780e+02	5.280007e+02	2.799906e+02	
3.470273e+02	290	3.049797e+02	290	
3.160275e+02	299	2.759775e+02	299	
5.920297e+02	299	5.529784e+02	299	
4.529820e+02	3.094390e+02	2.809906e+02	3.022304e+02	
6.360217e+02	3.164576e+02	4.909951e+02	3.111397e+02	
4.520213e+02	263	4.200057e+02	263	
6.390007e+02	2.949613e+02	5.280149e+02	2.914735e+02	
3.302194e+01	228	2.005816e+00	228	
1.300242e+02	230	1.010070e+02	230	
4.669965e+02	2.960438e+02	4.099764e+02	2.934545e+02	
4.710003e+02	3.059922e+02	3.210013e+02	2.999677e+02	
5.419911e+02	259	5.159719e+02	259	
4.060220e+02	284	3.720073e+02	284	
6.390261e+02	3.515091e+02	2.270046e+02	3.299160e+02	
6.389864e+02	3.012076e+02	5.950096e+02	2.987489e+02	
6.389999e+02	2.679864e+02	5.249897e+02	2.653991e+02	
4.029767e+02	2.882704e+02	3.669583e+02	2.866348e+02	
1.239892e+02	291	1.029654e+02	291	
6.389765e+02	3.424728e+02	1.860235e+02	3.195272e+02	
260	124	260	124	
359	174	359	174	
6.320362e+02	201	6.120113e+02	201	
2.249766e+02	3.293453e+02	1.619609e+02	3.256015e+02	
4.489776e+02	2.575491e+02	4.240043e+02	2.560217e+02	
4.510220e+02	261	4.170073e+02	261	
8.099434e+01	2.890096e+02	5.502091e+01	2.874665e+02	
1.250401e+02	283	1.070124e+02	283	
4.800342e+02	321	4.600092e+02	321	
6.389900e+02	2.830964e+02	5.840631e+02	2.781943e+02	
5.110311e+02	322	4.900073e+02	322	
6.389533e+02	4.186163e+02	2.540006e+02	3.889958e+02	
1.269862e+02	2.011745e+02	1.010009e+02	1.989924e+02	
2.449985e+02	3.880173e+02	1.699391e+01	3.680695e+02	
4.610232e+02	4.347529e+02	2.409680e+02	4.143390e+02	
2.300054e+02	4.129257e+02	2.030186e+02	4.107544e+02	
5.319780e+02	4.403067e+02	4.720220e+02	4.356933e+02	
240	115	240	115	
8.698609e+01	1.971705e+02	4.900716e+01	1.939146e+02	
4.400340e+02	288	4.180113e+02	288	
2.604434e+01	308	1.101104e+01	308	
1.960282e+02	4.097251e+02	2.068387e+00	3.893391e+02	
1.989885e+02	140	1.849529e+02	140	
4.739880e+02	2.260706e+02	4.560262e+02	2.245307e+02	
4.189860e+02	271	4.059476e+02	271	
5.470524e+02	296	5.340140e+02	296	
6.389964e+02	4.490399e+02	5.460338e+02	4.415603e+02	
3.298394e+01	1.922299e+02	2.011044e+00	1.898467e+02	
1.559881e+02	254	1.429497e+02	254	
2.529844e+02	114	2.419391e+02	114	
2.579844e+02	118	2.469391e+02	118	
3.302895e+01	1.867064e+02	2.027509e+00	1.837213e+02	
1.299982e+02	1.980039e+02	1.000484e+02	1.945386e+02	
1.609704e+02	2.043107e+02	1.390007e+02	2.020016e+02	
2.140759e+02	209	2.019104e+02	209	
5.670609e+02	213	5.560156e+02	213	
5.599918e+02	2.569976e+02	5.460330e+02	2.555305e+02	
5.400609e+02	273	5.290156e+02	273	
2.220440e+02	313	2.050146e+02	313	
8.706620e+01	1.923769e+02	4.902583e+01	1.887810e+02	
1.510574e+02	195	1.380190e+02	195	
2.169847e+02	2.070964e+02	2.020258e+02	2.056033e+02	
3.390374e+02	209	3.190124e+02	209	
4.909902e+02	2.679952e+02	4.790409e+02	2.665069e+02	
2.800002e+02	3.029965e+02	2.630143e+02	3.008808e+02	
1.607612e+01	367	1.933982e+00	367	
6.010000e+02	1.120061e+02	5.940000e+02	1.119939e+02	
3.306351e+01	1.495986e+02	3.936493e+00	1.454014e+02	
2.699749e+02	1.963652e+02	2.560162e+02	1.948981e+02	
4.749996e+02	2.239985e+02	4.560251e+02	2.217695e+02	
5.889466e+02	2.585274e+02	5.790123e+02	2.570072e+02	
1.910860e+02	263	1.830238e+02	263	
4.590860e+02	292	4.510238e+02	292	
3.800000e+01	3.130035e+02	3.400000e+01	3.129965e+02	
8.793331e+01	1.603674e+02	4.891205e+01	1.534869e+02	
4.210548e+02	2.056646e+02	3.960768e+02	2.015295e+02	
2.340806e+02	211	2.260184e+02	211	
5.659876e+02	2.189912e+02	5.570538e+02	2.175123e+02	
2.129791e+02	2.361184e+02	2.010298e+02	2.346300e+02	
4.910808e+02	2.445543e+02	4.790585e+02	2.426932e+02	
5.559617e+02	2.604215e+02	5.450265e+02	2.588652e+02	
5.049392e+02	2.892722e+02	4.928951e+02	2.875581e+02	
2.840498e+02	126	2.690165e+02	126	
3.299901e+01	1.460045e+02	1.302425e+01	1.428408e+02	
1.409674e+02	1.581584e+02	3.899175e+01	1.370402e+02	
8.804663e+01	1.557641e+02	4.991425e+01	1.484209e+02	
1.299472e+02	1.642973e+02	1.010215e+02	1.588840e+02	
1.310005e+02	1.689974e+02	1.009995e+02	1.630026e+02	
2.190567e+02	1.816809e+02	2.020308e+02	1.788317e+02	
2.359886e+02	2.090045e+02	2.270398e+02	2.076191e+02	
6.096015e+01	2.203809e+02	5.201136e+01	2.189955e+02	
6.698635e+01	2.539970e+02	5.905402e+01	2.525555e+02	
5.089864e+02	2.559970e+02	5.010540e+02	2.545555e+02	
3.241114e+02	275	3.180286e+02	275	
3.799712e+02	2.821432e+02	3.700369e+02	2.806231e+02	
3.809865e+02	9.299639e+01	3.740525e+02	9.161085e+01	
2.499475e+02	9.838915e+01	2.430135e+02	9.700361e+01	
3.559811e+02	1.239926e+02	3.500790e+02	1.225210e+02	
3.339811e+02	1.249926e+02	3.280790e+02	1.235210e+02	
2.439333e+02	1.813130e+02	2.249770e+02	1.771105e+02	
2.409580e+02	1.862060e+02	2.260008e+02	1.829995e+02	
6.095118e+01	2.013899e+02	5.304521e+01	1.998101e+02	
4.488914e+02	2.114649e+02	4.270005e+02	2.060069e+02	
1.560826e+02	235	1.470272e+02	235	
5.859865e+02	2.539964e+02	5.790525e+02	2.526108e+02	
6.219512e+02	2.763899e+02	6.140452e+02	2.748101e+02	
350	288	350	288	
441	289	441	289	
6.096837e+01	292	5.586935e+01	292	
2.019684e+02	410	1.968694e+02	410	
6.139976e+02	7.495307e+01	3.509745e+02	8.643690e+01	
4.989593e+01	8.731190e+01	1.010407e+01	7.368810e+01	
1.199905e+01	8.800334e+01	5.000955e+00	8.599666e+01	
417	122	417	122	
1.839245e+02	1.382759e+02	1.610755e+02	1.317241e+02	
1.969238e+02	1.372736e+02	1.780762e+02	1.317264e+02	
2.371075e+02	1.356990e+02	2.260012e+02	1.320045e+02	
4.930000e+02	1.530026e+02	4.900000e+02	1.529974e+02	
1.398557e+01	1.800026e+02	8.049304e+00	1.786757e+02	
4.729268e+02	2.182730e+02	4.570732e+02	2.137270e+02	
142	235	142	235	
3.401578e+02	284	3.360347e+02	284	
5.510000e+02	2.980026e+02	5.480000e+02	2.979974e+02	
2.994834e+01	4.722079e+02	2.304488e+01	4.706774e+02	
1.730810e+02	7.882681e+01	9.282289e+00	1.399517e+00	
1.798552e+02	7.930444e+01	1.632778e+01	1.305861e+00	
1.841799e+02	7.863088e+01	2.620422e+01	1.580996e+00	
1.128236e+02	4.035673e+01	3.436994e+01	1.241181e+00	
1.369792e+02	3.604070e+01	6.721438e+01	1.560762e+00	
1.209672e+02	2.505888e+01	7.725256e+01	1.520987e+00	
1.688467e+02	7.933518e+01	2.153349e+00	2.664824e+00	
1.641187e+02	7.974006e+01	2.053603e+00	5.882739e+00	
6.900113e+01	1.499765e+01	4.199887e+01	2.002345e+00	
1.589356e+02	8.014440e+01	1.898762e+00	1.022709e+01	
1.551193e+02	8.073143e+01	2.045237e+00	1.289834e+01	
1.509132e+02	8.120145e+01	2.086850e+00	1.679855e+01	
1.428691e+02	8.030573e+01	2.130882e+00	1.969427e+01	
1.398481e+02	8.136143e+01	1.851603e+00	2.335305e+01	
1.339615e+02	8.109228e+01	2.038527e+00	2.590772e+01	
1.318176e+02	8.245155e+01	2.182446e+00	2.954845e+01	
1.129167e+02	7.720542e+01	1.941938e+00	3.214324e+01	
1.158290e+02	3.837096e+01	1.048252e+02	3.337940e+01	
1.199388e+02	8.215358e+01	1.924355e+00	3.518992e+01	
1.160834e+02	8.278878e+01	2.051209e+00	3.787032e+01	
2.130648e+02	7.587620e+01	1.443893e+02	3.827743e+01	
1.118885e+02	8.328983e+01	2.111539e+00	4.071017e+01	
2.019437e+02	7.610564e+01	1.362699e+02	4.147977e+01	
2.090005e+02	7.699902e+01	1.399995e+02	4.000098e+01	
1.931737e+02	7.765760e+01	1.242372e+02	4.253270e+01	
1.080165e+02	8.395736e+01	1.983525e+00	4.304264e+01	
6.397116e+01	6.907491e+01	2.152390e+00	4.559216e+01	
9.500718e+01	8.298090e+01	1.992817e+00	4.801910e+01	
9.411511e+01	8.468859e+01	2.125464e+00	5.066058e+01	
1.400122e+01	5.699634e+01	1.998781e+00	5.300366e+01	
7.610379e+01	8.571207e+01	1.896209e+00	5.928793e+01	
8.491297e+01	8.524012e+01	7.087034e+00	5.675988e+01	
7.987016e+01	8.135801e+01	1.901266e+01	5.896681e+01	
5.797591e+01	8.106812e+01	2.129799e+00	6.162045e+01	
1.899886e+01	6.300341e+01	1.300114e+01	6.099659e+01	
2.829001e+02	7.213828e+01	1.844368e+02	1.385260e+00	
2.188894e+02	7.620097e+01	8.411055e+01	1.799027e+00	
1.029954e+02	8.401227e+01	7.100461e+01	7.198773e+01	
1.977702e+02	7.744625e+01	1.298099e+02	4.236930e+01	
1.887861e+02	7.843371e+01	1.178220e+02	4.336105e+01	
5.910521e+01	8.669319e+01	3.299818e+01	7.800854e+01	
1.271838e+02	8.362629e+01	1.150047e+02	7.799875e+01	
4.189554e+01	8.830869e+01	2.399915e+01	8.200638e+01	
6.688873e+01	8.632531e+01	5.500246e+01	8.199906e+01	
2.499902e+01	8.899663e+01	1.509247e+01	8.570115e+01	
3.290753e+01	8.829885e+01	2.300098e+01	8.500337e+01	
4.559872e+02	1.060015e+02	4.510418e+02	1.047593e+02	
3.569951e+02	1.449964e+02	3.215355e+02	1.230961e+02	
3.521757e+02	1.456982e+02	3.163393e+02	1.244201e+02	
3.079952e+02	1.360052e+02	2.871977e+02	1.255906e+02	
2.508797e+02	1.323518e+02	2.441203e+02	1.296482e+02	
2.960023e+02	1.339955e+02	2.879977e+02	1.300045e+02	
3.029717e+02	1.470595e+02	2.618192e+02	1.283920e+02	
6.389872e+02	1.700015e+02	6.340418e+02	1.687593e+02	
6.379872e+02	2.020015e+02	6.330418e+02	2.007593e+02	
5.099966e+02	2.279927e+02	4.883158e+02	2.182489e+02	
5.099473e+02	2.341206e+02	4.868955e+02	2.242406e+02	
2.228824e+02	7.520868e+01	9.311762e+01	1.791318e+00	
2.267790e+02	7.438704e+01	1.002210e+02	1.612956e+00	
2.329013e+02	7.416812e+01	1.100987e+02	1.831882e+00	
2.387138e+02	7.448055e+01	1.172862e+02	1.519449e+00	
2.448045e+02	7.431842e+01	1.271955e+02	1.681583e+00	
2.499682e+02	7.404975e+01	1.343120e+02	1.498758e+00	
2.548786e+02	7.318908e+01	1.441214e+02	1.810924e+00	
2.620037e+02	7.399339e+01	1.512943e+02	1.547233e+00	
2.647482e+02	7.237472e+01	1.602518e+02	1.625279e+00	
2.769156e+02	7.211786e+01	1.774166e+02	1.407581e+00	
2.876241e+02	7.150635e+01	1.943759e+02	1.493647e+00	
2.927397e+02	7.134433e+01	2.012603e+02	1.655667e+00	
3.191239e+02	6.786076e+01	2.453206e+02	1.640855e+00	
2.718889e+02	7.316223e+01	1.681111e+02	1.837766e+00	
2.985091e+02	7.063173e+01	2.111127e+02	1.857599e+00	
3.035273e+02	7.059485e+01	2.180840e+02	1.896662e+00	
3.099215e+02	7.009448e+01	2.280785e+02	1.905520e+00	
3.157698e+02	7.027231e+01	2.352302e+02	1.727692e+00	
3.318934e+02	6.811265e+01	2.621066e+02	1.887354e+00	
3.267508e+02	6.927693e+01	2.522492e+02	1.723073e+00	
3.376682e+02	6.834339e+01	2.693318e+02	1.656613e+00	
9.900691e+01	2.998296e+01	7.319910e+01	1.660547e+01	
3.900940e+02	1.448781e+02	3.632875e+02	1.236316e+02	
3.930854e+02	1.448918e+02	3.683104e+02	1.246137e+02	
3.209976e+02	1.340049e+02	3.050024e+02	1.259951e+02	
3.986529e+02	1.444174e+02	3.759341e+02	1.250821e+02	
3.481787e+02	1.456986e+02	3.160797e+02	1.268663e+02	
3.471739e+02	1.407140e+02	3.240940e+02	1.268462e+02	
3.679983e+02	1.460026e+02	3.380017e+02	1.259974e+02	
3.712989e+02	1.455366e+02	3.376073e+02	1.230671e+02	
3.740932e+02	1.458682e+02	3.459068e+02	1.261318e+02	
3.960785e+02	1.449058e+02	3.709215e+02	1.240942e+02	
3.600368e+02	1.449424e+02	3.319632e+02	1.270576e+02	
3.620141e+02	1.439788e+02	3.349859e+02	1.260212e+02	
3.751408e+02	1.438042e+02	3.488592e+02	1.251958e+02	
3.800096e+02	1.449868e+02	3.539904e+02	1.260132e+02	
3.831158e+02	1.448476e+02	3.568842e+02	1.251524e+02	
3.867374e+02	1.453446e+02	3.618925e+02	1.261422e+02	
4.060476e+02	1.449473e+02	3.839524e+02	1.250527e+02	
2.969958e+02	1.380089e+02	2.780042e+02	1.289911e+02	
4.030157e+02	1.449820e+02	3.789843e+02	1.240180e+02	
4.090129e+02	1.439858e+02	3.869871e+02	1.240142e+02	
4.120874e+02	1.439075e+02	3.909126e+02	1.240925e+02	
3.219969e+02	1.470061e+02	3.020031e+02	1.369939e+02	
3.390045e+02	1.459919e+02	3.229955e+02	1.370081e+02	
3.440034e+02	1.449941e+02	3.319966e+02	1.380059e+02	
3.247821e+02	1.454251e+02	3.130027e+02	1.390028e+02	
3.310005e+02	1.449990e+02	3.199995e+02	1.390010e+02	
3.139976e+02	1.460054e+02	3.030024e+02	1.409946e+02	
5.259985e+02	2.360030e+02	5.160015e+02	2.309970e+02	
5.407521e+02	2.444426e+02	5.300006e+02	2.380079e+02	
5.371122e+02	2.528188e+02	5.161669e+02	2.397307e+02	
5.389985e+02	2.460030e+02	5.290015e+02	2.409970e+02	
5.399505e+02	2.500903e+02	5.270495e+02	2.429097e+02	
5.588240e+02	2.552999e+02	5.469159e+02	2.481447e+02	
302	18	286	2	
320	37	303	20	
338	56	321	39	
415	144	394	123	
5.419999e+02	1.911283e+02	3.950001e+02	1.908717e+02	
4.960080e+02	181	4.030026e+02	181	
6.389999e+02	1.800785e+02	5.490001e+02	1.799215e+02	
6.389999e+02	1.910785e+02	5.490001e+02	1.909215e+02	
3.970100e+02	182	2.809928e+02	182	
6.369999e+02	1.660620e+02	5.660001e+02	1.659380e+02	
5.610018e+02	1.641428e+02	2.550055e+02	1.684156e+02	
4.490000e+02	1.680550e+02	3.860000e+02	1.679450e+02	
5.620138e+02	153	4.939844e+02	153	
5.610024e+02	1.551647e+02	3.570055e+02	1.583693e+02	
5.330000e+02	1.670515e+02	4.740000e+02	1.669485e+02	
6.390000e+02	1.880506e+02	5.810000e+02	1.879494e+02	
6.320115e+02	164	5.670038e+02	164	
3.939987e+02	1.900138e+02	3.060064e+02	1.915497e+02	
4.130151e+02	172	3.640049e+02	172	
4.889902e+02	1.535230e+02	1.949934e+02	1.596814e+02	
2.750200e+02	174	2.129877e+02	174	
2.699918e+02	1.604870e+02	2.060031e+02	1.620508e+02	
8.699997e+01	2.340340e+02	4.800003e+01	2.339660e+02	
5.930263e+02	112	5.539750e+02	112	
3.240062e+02	170	2.030021e+02	170	
3.179948e+02	173	2.789820e+02	173	
6.069791e+02	1.053721e+02	2.660096e+02	1.172791e+02	
3.500000e+02	1.590297e+02	3.160000e+02	1.589703e+02	
5.440183e+02	180	5.030061e+02	180	
2.499879e+02	1.704530e+02	2.040023e+02	1.719785e+02	
5.339982e+02	1.029473e+02	4.570102e+02	1.053667e+02	
3.299998e+01	2.340271e+02	2.000024e+00	2.339729e+02	
3.110192e+02	160	2.720064e+02	160	
5.090000e+02	1.710262e+02	4.790000e+02	1.709738e+02	
5.790000e+02	1.880262e+02	5.490000e+02	1.879738e+02	
1.300000e+02	2.350262e+02	1.000000e+02	2.349738e+02	
4.750000e+02	1.880253e+02	4.460000e+02	1.879747e+02	
4.470000e+02	2.770253e+02	4.180000e+02	2.769747e+02	
6.100121e+02	1.003368e+02	5.379852e+02	1.026004e+02	
4.499881e+02	1.056781e+02	2.540077e+02	1.132069e+02	
5.440124e+02	1.123181e+02	5.600259e+01	1.310655e+02	
3.540000e+02	1.690236e+02	3.270000e+02	1.689764e+02	
2.449888e+02	1.187254e+02	4.700106e+01	1.270235e+02	
6.060000e+02	2.010227e+02	5.800000e+02	2.009773e+02	
5.980000e+02	1.700218e+02	5.730000e+02	1.699782e+02	
5.270000e+02	1.880218e+02	5.020000e+02	1.879782e+02	
5.410000e+02	2.560218e+02	5.160000e+02	2.559782e+02	
3.500267e+02	8.646925e+01	1.800200e+01	1.050323e+02	
2.389890e+02	1.137700e+02	6.002419e+01	1.225228e+02	
6.389964e+02	1.539108e+02	5.680076e+02	1.555218e+02	
4.500000e+02	2.540209e+02	4.260000e+02	2.539791e+02	
1.240000e+02	2.530201e+02	1.010000e+02	2.529799e+02	
9.198101e+01	2.666159e+02	4.798092e+01	2.686139e+02	
5.894773e+01	1.222867e+02	1.961003e+00	1.264716e+02	
5.640000e+02	2.780175e+02	5.440000e+02	2.779825e+02	
1.809902e+02	102	1.599664e+02	102	
3.580250e+02	173	3.280083e+02	173	
4.060000e+02	2.820166e+02	3.870000e+02	2.819834e+02	
2.320000e+02	9.901571e+01	2.140000e+02	9.898429e+01	
1.600000e+02	2.310157e+02	1.420000e+02	2.309843e+02	
4.480000e+02	2.750157e+02	4.300000e+02	2.749843e+02	
6.390288e+02	105	6.130096e+02	105	
6.389861e+02	1.095701e+02	6.080097e+02	1.111393e+02	
2.609969e+02	1.269235e+02	6.199663e+01	1.349161e+02	
8.099999e+01	2.920148e+02	6.400001e+01	2.919852e+02	
4.710000e+02	3.100148e+02	4.540000e+02	3.099852e+02	
6.390424e+02	74	6.220130e+02	74	
1.300129e+02	1.041988e+02	1.964357e+00	1.124793e+02	
2.570000e+02	1.480131e+02	2.420000e+02	1.479869e+02	
4.209797e+02	2.155163e+02	3.970089e+02	2.170664e+02	
4.700000e+02	2.620131e+02	4.550000e+02	2.619869e+02	
3.189925e+02	286	2.989675e+02	286	
2.809879e+02	97	2.649567e+02	97	
4.510000e+02	1.200122e+02	4.370000e+02	1.199878e+02	
1.560000e+02	1.990122e+02	1.420000e+02	1.989878e+02	
1.299827e+02	2.637901e+02	9.996591e+01	2.655209e+02	
1.698734e+01	106	1.954041e+00	106	
4.560000e+02	1.320113e+02	4.430000e+02	1.319887e+02	
6.098465e+01	136	4.694898e+01	136	
3.730000e+02	1.690113e+02	3.600000e+02	1.689887e+02	
3.049905e+02	1.919039e+02	2.710271e+02	1.952939e+02	
3.660000e+02	1.950113e+02	3.530000e+02	1.949887e+02	
1.290280e+02	2.683839e+02	1.000197e+02	2.702597e+02	
3.299834e+01	2.699851e+02	2.021334e+00	2.723142e+02	
8.097680e+01	2.716431e+02	4.800504e+01	2.740644e+02	
2.730080e+02	3.061360e+02	2.390241e+02	3.083932e+02	
3.040000e+02	1.250105e+02	2.920000e+02	1.249895e+02	
5.990443e+02	129	5.840110e+02	129	
4.500000e+02	2.210105e+02	4.380000e+02	2.209895e+02	
4.040443e+02	232	3.890110e+02	232	
3.110547e+02	254	2.980163e+02	254	
1.560000e+02	2.560105e+02	1.440000e+02	2.559895e+02	
4.670000e+02	2.570105e+02	4.550000e+02	2.569895e+02	
6.390000e+02	2.580105e+02	6.270000e+02	2.579895e+02	
5.660000e+02	2.690105e+02	5.540000e+02	2.689895e+02	
3.039412e+02	2.583883e+02	1.948765e+00	2.874668e+02	
3.989998e+02	1.700754e+01	3.709692e+02	1.970658e+01	
4.594482e+01	1.274104e+02	1.981830e+00	1.317985e+02	
5.492034e+01	1.313090e+02	1.946062e+00	1.375320e+02	
6.390095e+02	152	5.680025e+02	152	
2.120000e+02	2.320096e+02	2.010000e+02	2.319904e+02	
6.370000e+02	2.610096e+02	6.260000e+02	2.609904e+02	
1.599770e+02	2.615593e+02	1.410119e+02	2.630852e+02	
3.799901e+01	2.740038e+02	1.956567e+00	2.776013e+02	
9.090431e+01	3.032213e+02	4.896959e+01	3.087421e+02	
1.379530e+02	3.848093e+01	1.140017e+02	4.099831e+01	
1.970000e+02	1.010087e+02	1.870000e+02	1.009913e+02	
2.019596e+02	1.705757e+02	1.580122e+02	1.751172e+02	
2.029121e+02	1.722446e+02	1.580022e+02	1.779977e+02	
2.119396e+02	1.754227e+02	1.700377e+02	1.803450e+02	
2.799444e+02	1.834637e+02	2.499768e+02	1.867722e+02	
5.090000e+02	2.440087e+02	4.990000e+02	2.439913e+02	
1.790000e+02	2.510087e+02	1.690000e+02	2.509913e+02	
8.099999e+01	2.540087e+02	7.100001e+01	2.539913e+02	
1.820000e+02	2.570087e+02	1.720000e+02	2.569913e+02	
1.589860e+02	2.659092e+02	1.420267e+02	2.674526e+02	
2.110168e+02	2.691676e+02	2.003038e+00	2.900300e+02	
3.349919e+02	2.700027e+02	3.200330e+02	2.714958e+02	
3.197785e+01	2.807279e+02	5.015306e+00	2.831817e+02	
1.520000e+02	2.840087e+02	1.420000e+02	2.839913e+02	
1.639627e+02	2.926063e+02	1.419812e+02	2.948004e+02	
3.209876e+02	136	3.089460e+02	136	
1.939489e+02	1.605414e+02	1.450511e+02	1.664586e+02	
3.690000e+02	1.770079e+02	3.600000e+02	1.769921e+02	
8.199999e+01	2.480079e+02	7.300001e+01	2.479921e+02	
1.800000e+02	2.490079e+02	1.710000e+02	2.489921e+02	
2.699999e+01	2.500079e+02	1.800001e+01	2.499921e+02	
4.640000e+02	2.540079e+02	4.550000e+02	2.539921e+02	
1.810000e+02	2.550079e+02	1.720000e+02	2.549921e+02	
2.119844e+02	258	2.009391e+02	258	
5.100000e+02	2.580079e+02	5.010000e+02	2.579921e+02	
6.049776e+02	2.596083e+02	5.880130e+02	2.610925e+02	
1.819844e+02	264	1.709391e+02	264	
4.610000e+02	2.750079e+02	4.520000e+02	2.749921e+02	
4.060000e+02	2.770079e+02	3.970000e+02	2.769921e+02	
2.180000e+02	2.850079e+02	2.090000e+02	2.849921e+02	
4.600000e+02	2.890079e+02	4.510000e+02	2.889921e+02	
1.329563e+02	2.975681e+02	1.000332e+02	3.013192e+02	
2.020121e+02	2.890802e+02	1.859111e+00	3.211395e+02	
6.069751e+02	1.146032e+02	5.910231e+02	1.161955e+02	
5.440000e+02	1.660070e+02	5.360000e+02	1.659930e+02	
4.740000e+02	1.700070e+02	4.660000e+02	1.699930e+02	
4.740000e+02	1.730070e+02	4.660000e+02	1.729930e+02	
4.970000e+02	1.880070e+02	4.890000e+02	1.879930e+02	
1.900000e+02	2.040070e+02	1.820000e+02	2.039930e+02	
6.099999e+01	2.220070e+02	5.300001e+01	2.219930e+02	
4.500000e+02	2.250070e+02	4.420000e+02	2.249930e+02	
1.870000e+02	2.320070e+02	1.790000e+02	2.319930e+02	
2.340000e+02	2.330070e+02	2.260000e+02	2.329930e+02	
1.949936e+02	235	1.719719e+02	235	
8.199999e+01	2.460070e+02	7.400001e+01	2.459930e+02	
5.070000e+02	2.470070e+02	4.990000e+02	2.469930e+02	
5.699999e+01	2.530070e+02	4.900001e+01	2.529930e+02	
5.090000e+02	2.530070e+02	5.010000e+02	2.529930e+02	
2.340000e+02	2.570070e+02	2.260000e+02	2.569930e+02	
1.859821e+02	2.598980e+02	1.720312e+02	2.614382e+02	
2.909763e+02	2.617336e+02	2.430237e+02	2.662664e+02	
2.180000e+02	2.730070e+02	2.100000e+02	2.729930e+02	
3.790000e+02	2.760070e+02	3.710000e+02	2.759930e+02	
3.795922e+01	1.376367e+02	8.040781e+00	1.413633e+02	
4.180000e+02	2.120061e+02	4.110000e+02	2.119939e+02	
4.238227e+02	2.211455e+02	3.890028e+02	2.289925e+02	
4.470000e+02	2.230061e+02	4.400000e+02	2.229939e+02	
5.999999e+01	2.250061e+02	5.300001e+01	2.249939e+02	
2.340000e+02	2.350061e+02	2.270000e+02	2.349939e+02	
2.599999e+01	2.520061e+02	1.900001e+01	2.519939e+02	
2.340860e+02	260	2.260238e+02	260	
5.599999e+01	2.640061e+02	4.900001e+01	2.639939e+02	
2.700000e+02	2.760061e+02	2.630000e+02	2.759939e+02	
3.240000e+02	2.780061e+02	3.170000e+02	2.779939e+02	
6.360000e+02	2.800061e+02	6.290000e+02	2.799939e+02	
552	299	552	299	
3.292285e+01	3.114272e+02	2.001167e+00	3.159933e+02	
1.490000e+02	1.030052e+02	1.430000e+02	1.029948e+02	
5.640000e+02	1.170052e+02	5.580000e+02	1.169948e+02	
5.290000e+02	1.180052e+02	5.230000e+02	1.179948e+02	
1.490000e+02	1.570052e+02	1.430000e+02	1.569948e+02	
3.870000e+02	1.770052e+02	3.810000e+02	1.769948e+02	
2.540000e+02	1.890052e+02	2.480000e+02	1.889948e+02	
3.370000e+02	1.940052e+02	3.310000e+02	1.939948e+02	
1.770000e+02	2.060052e+02	1.710000e+02	2.059948e+02	
2.550000e+02	2.110052e+02	2.490000e+02	2.109948e+02	
3.638203e+02	2.101649e+02	3.169073e+02	2.205653e+02	
7.500000e+01	2.150052e+02	6.900000e+01	2.149948e+02	
4.199516e+02	2.187279e+02	4.009082e+02	2.214382e+02	
1.780000e+02	2.310052e+02	1.720000e+02	2.309948e+02	
1.160000e+02	2.580052e+02	1.100000e+02	2.579948e+02	
3.259816e+02	259	3.179194e+02	259	
5.650000e+02	2.600052e+02	5.590000e+02	2.599948e+02	
2.180000e+02	2.710052e+02	2.120000e+02	2.709948e+02	
5.530000e+02	2.710052e+02	5.470000e+02	2.709948e+02	
2.950255e+02	2.741615e+02	2.570496e+02	2.803122e+02	
5.720000e+02	2.790052e+02	5.660000e+02	2.789948e+02	
1.909494e+02	2.876866e+02	1.719509e+02	2.906957e+02	
1.480000e+02	2.920052e+02	1.420000e+02	2.919948e+02	
1.477725e+02	3.200180e+02	1.250057e+02	3.259908e+02	
2.038605e+02	3.134253e+02	1.916127e+00	3.626540e+02	
5.150000e+02	4.790052e+02	5.090000e+02	4.789948e+02	
3.600000e+02	9.300436e+01	3.550000e+02	9.299564e+01	
2.650000e+02	1.180044e+02	2.600000e+02	1.179956e+02	
2.930000e+02	1.500044e+02	2.880000e+02	1.499956e+02	
5.510000e+02	1.660044e+02	5.460000e+02	1.659956e+02	
5.590000e+02	1.660044e+02	5.540000e+02	1.659956e+02	
2.049498e+02	1.625347e+02	1.450502e+02	1.694653e+02	
4.859864e+02	1.760030e+02	4.780540e+02	1.774445e+02	
1.859460e+02	2.055555e+02	1.780136e+02	2.069970e+02	
5.360000e+02	2.140044e+02	5.310000e+02	2.139956e+02	
3.969460e+02	2.215555e+02	3.890136e+02	2.229970e+02	
4.310000e+02	2.240044e+02	4.260000e+02	2.239956e+02	
1.260000e+02	2.500044e+02	1.210000e+02	2.499956e+02	
5.400000e+01	2.510044e+02	4.900000e+01	2.509956e+02	
6.160000e+02	2.580044e+02	6.110000e+02	2.579956e+02	
5.400000e+01	2.620044e+02	4.900000e+01	2.619956e+02	
4.710000e+02	2.640044e+02	4.660000e+02	2.639956e+02	
5.610000e+02	2.710044e+02	5.560000e+02	2.709956e+02	
5.000000e+02	2.760044e+02	4.950000e+02	2.759956e+02	
2.530000e+02	2.820044e+02	2.480000e+02	2.819956e+02	
3.039003e+02	2.895593e+02	2.639511e+02	2.987823e+02	
5.239712e+02	2.928568e+02	5.140369e+02	2.943769e+02	
2.220000e+02	3.100044e+02	2.170000e+02	3.099956e+02	
2.031204e+02	3.035767e+02	2.045590e+00	3.452173e+02	
2.110000e+02	3.430044e+02	2.060000e+02	3.429956e+02	
6.240000e+02	4.020044e+02	6.190000e+02	4.019956e+02	
2.560000e+02	4.060044e+02	2.510000e+02	4.059956e+02	
6.389701e+02	9.837800e+01	6.170065e+02	9.999090e+01	
5.529548e+02	1.118101e+02	5.450488e+02	1.133899e+02	
5.999997e+00	1.430035e+02	2.000003e+00	1.429965e+02	
4.570000e+02	1.680035e+02	4.530000e+02	1.679965e+02	
4.860000e+02	1.880035e+02	4.820000e+02	1.879965e+02	
3.360000e+02	2.050035e+02	3.320000e+02	2.049965e+02	
3.109965e+02	2.080021e+02	2.979134e+02	2.106163e+02	
5.929177e+02	2.107180e+02	5.790011e+02	2.149993e+02	
3.739910e+02	2.159692e+02	3.330090e+02	2.280308e+02	
1.460000e+02	2.360026e+02	1.430000e+02	2.359974e+02	
584	252	584	252	
4.990000e+02	2.670035e+02	4.950000e+02	2.669965e+02	
2.819475e+02	2.736108e+02	2.750135e+02	2.749964e+02	
1.851306e+02	284	1.800316e+02	284	
2.940247e+02	2.841149e+02	2.570670e+02	2.923082e+02	
2.130000e+02	2.870035e+02	2.090000e+02	2.869965e+02	
3.489475e+02	2.866108e+02	3.420135e+02	2.879964e+02	
1.050000e+02	2.940035e+02	1.010000e+02	2.939965e+02	
5.999997e+00	2.970035e+02	2.000003e+00	2.969965e+02	
2.621306e+02	301	2.570316e+02	301	
1.039952e+02	3.309798e+02	5.595569e+01	3.418059e+02	
1.019560e+02	3.337976e+02	6.308764e+01	3.424145e+02	
1.679976e+02	3.340029e+02	1.570823e+02	3.364228e+02	
4.811638e+01	3.435332e+02	3.404751e+01	3.461916e+02	
1.499292e+02	3.648152e+02	1.418429e+02	3.664310e+02	
5.430744e+02	441	5.330246e+02	441	
3.289653e+02	92	3.248422e+02	92	
438	172	438	172	
2.570472e+02	1.792071e+02	2.480497e+02	1.812183e+02	
1.229227e+02	1.837402e+02	1.159211e+02	1.857346e+02	
1.499209e+02	1.847731e+02	1.428570e+02	1.865343e+02	
1.269483e+02	1.917921e+02	1.200449e+02	1.933226e+02	
3.589483e+02	2.137921e+02	3.520449e+02	2.153226e+02	
5.239940e+02	2.139987e+02	5.168652e+02	2.166783e+02	
3.759799e+02	2.179240e+02	3.530201e+02	2.240760e+02	
487	220	487	220	
3.768864e+02	2.226111e+02	3.628832e+02	2.266000e+02	
4.220013e+02	2.250079e+02	4.050829e+02	2.302774e+02	
3.529938e+02	2.310056e+02	3.363315e+02	2.387753e+02	
4.879811e+02	2.380084e+02	4.830771e+02	2.394053e+02	
2.169909e+02	2.610028e+02	2.010389e+02	2.625950e+02	
3.200000e+02	2.990026e+02	3.170000e+02	2.989974e+02	
3.029856e+02	3.109974e+02	2.970493e+02	3.123243e+02	
2.589507e+02	3.166757e+02	2.530144e+02	3.180026e+02	
1.350776e+02	3.432609e+02	1.280795e+02	3.452676e+02	
8.888906e+00	4.137415e+02	2.809353e+00	4.154848e+02	
5.018361e+02	2.114176e+02	4.821639e+02	2.175824e+02	
5.548400e+02	2.136399e+02	5.478401e+02	2.166400e+02	
3.101178e+02	2.203192e+02	2.991190e+02	2.243225e+02	
3.759994e+02	2.269984e+02	3.650006e+02	2.310016e+02	
3.430723e+02	2.281712e+02	3.339277e+02	2.318288e+02	
3.768623e+02	2.286435e+02	3.631377e+02	2.343565e+02	
3.488511e+02	2.296350e+02	3.340020e+02	2.359993e+02	
3.768598e+02	2.306314e+02	3.681402e+02	2.343686e+02	
4.211076e+02	2.302929e+02	4.130052e+02	2.330040e+02	
3.561314e+02	2.382278e+02	3.338686e+02	2.507722e+02	
4.028887e+02	2.656747e+02	3.910025e+02	2.700009e+02	
3.129963e+02	3.070016e+02	3.071240e+02	3.093503e+02	
3.570040e+02	3.080079e+02	3.429960e+02	3.149921e+02	
6.217499e+02	1.157501e+02	5.967499e+02	1.407501e+02	
6.370028e+02	1.180031e+02	6.119972e+02	1.409969e+02	
6.390001e+02	1.240002e+02	6.199999e+02	1.399998e+02	
6.389995e+02	1.189995e+02	6.160005e+02	1.400005e+02	
6.390832e+02	1.270985e+02	6.249168e+02	1.389015e+02	
6.330762e+02	1.170801e+02	6.089238e+02	1.399199e+02	
6.389976e+02	1.309968e+02	6.270024e+02	1.400032e+02	
6.299976e+02	1.160024e+02	6.054925e+02	1.405075e+02	
4.057364e+02	2.355481e+02	3.920027e+02	2.439971e+02	
3.247808e+02	2.366380e+02	3.099460e+02	2.459078e+02	
3.466925e+02	2.365344e+02	3.209997e+02	2.539952e+02	
3.727358e+02	2.365407e+02	3.640047e+02	2.419966e+02	
3.517147e+02	2.375558e+02	3.232853e+02	2.564442e+02	
3.750572e+02	2.380902e+02	3.609428e+02	2.469098e+02	
4.051238e+02	2.401652e+02	3.878762e+02	2.528348e+02	
3.759993e+02	2.419990e+02	3.640007e+02	2.500010e+02	
3.210019e+02	2.430026e+02	3.099981e+02	2.509974e+02	
3.260025e+02	2.430119e+02	3.132885e+02	2.514591e+02	
3.531125e+02	2.431507e+02	3.332521e+02	2.583351e+02	
3.520904e+02	2.471178e+02	3.342938e+02	2.613755e+02	
3.546974e+02	2.476237e+02	3.349058e+02	2.638808e+02	
3.520396e+02	2.540427e+02	3.369604e+02	2.679573e+02	
354	2.869923e+02	354	2.589744e+02	
5.027162e+02	5.901038e+01	5.007257e+02	2.010044e+00	
236	2.340331e+02	236	2.120103e+02	
576	237	576	237	
252	233	252	215	
135	2.970401e+02	135	2.790124e+02	
266	2.350401e+02	266	2.170124e+02	
279	254	279	254	
289	233	289	218	
5.060135e+02	1.419932e+02	5.044772e+02	1.200241e+02	
126	2.180510e+02	126	2.040154e+02	
4.957713e+02	6.001846e+01	4.913051e+02	1.974912e+00	
5.020618e+02	1.419911e+02	5.004067e+02	1.209611e+02	
425	2.520357e+02	425	2.310119e+02	
221	2.060374e+02	221	1.860124e+02	
563	1.640300e+02	563	1.390100e+02	
9.300043e+01	2.279929e+02	9.154748e+01	2.120276e+02	
225	1.959813e+02	225	1.849359e+02	
285	2.580312e+02	285	2.340104e+02	
493	2.829853e+02	493	2.709437e+02	
236	257	236	257	
4.898067e+02	5.902261e+01	4.833057e+02	1.963551e+00	
5.909976e+02	2.559918e+02	5.895305e+02	2.420330e+02	
139	1.689782e+02	139	1.599228e+02	
4.987725e+02	1.420264e+02	4.964447e+02	1.209413e+02	
141	1.870728e+02	141	1.780174e+02	
170	213	170	210	
218	1.900165e+02	218	2.050498e+02	
356	2.790860e+02	356	2.710238e+02	
578	2.100860e+02	578	2.020238e+02	
48	1.480971e+02	48	1.410260e+02	
244	260	244	260	
3.141177e+02	2.819740e+02	3.085561e+02	2.570930e+02	
4.829897e+02	6.000160e+01	4.740103e+02	1.998401e+00	
4.950128e+02	1.419982e+02	4.919872e+02	1.210018e+02	
5.240070e+02	2.899883e+02	5.225736e+02	2.800412e+02	
5.234264e+02	3.819588e+02	5.219930e+02	3.720117e+02	
5.331184e+02	4.669791e+02	5.316300e+02	4.550298e+02	
601	2.549816e+02	601	2.469194e+02	
6.044264e+02	2.269588e+02	6.029930e+02	2.170117e+02	
244	1.910904e+02	244	1.840194e+02	
2.743809e+02	2.749602e+02	2.729955e+02	2.660114e+02	
3.460045e+02	2.799886e+02	3.446191e+02	2.710398e+02	
3.489992e+02	2.789983e+02	3.466474e+02	2.660573e+02	
4.769686e+02	6.000570e+01	4.662105e+02	1.960335e+00	
4.919982e+02	1.419999e+02	4.878093e+02	1.210368e+02	
5.003824e+02	2.649207e+02	4.973850e+02	2.499202e+02	
545	1.880534e+02	545	1.740177e+02	
2.519975e+02	2.920006e+02	2.500025e+02	2.839994e+02	
4.466088e+02	1.422036e+02	4.369950e+02	1.230053e+02	
4.700896e+02	6.098012e+01	4.569104e+02	2.019882e+00	
4.746397e+02	3.087524e+02	4.706364e+02	2.977536e+02	
4.882040e+02	1.429587e+02	4.835931e+02	1.210786e+02	
2.252079e+02	2.559483e+02	2.236774e+02	2.490449e+02	
3.142079e+02	2.739483e+02	3.126774e+02	2.670449e+02	
413	2.459653e+02	413	2.418422e+02	
4.568969e+02	6.003021e+01	4.398322e+02	2.049219e+00	
4.446400e+02	6.177397e+01	4.230025e+02	2.000929e+00	
4.641211e+02	5.996867e+01	4.491213e+02	1.968629e+00	
4.515830e+02	6.081066e+01	4.320179e+02	1.995650e+00	
4.779516e+02	1.420141e+02	4.713321e+02	1.208911e+02	
4.810097e+02	1.409962e+02	4.752543e+02	1.209245e+02	
4.847760e+02	1.420536e+02	4.797732e+02	1.210542e+02	
4.003640e+02	1.384655e+01	3.953472e+02	1.853559e+00	
4.263844e+02	6.182622e+01	3.989952e+02	2.002911e+00	
4.320373e+02	6.198380e+01	4.059627e+02	2.016202e+00	
4.391717e+02	6.193133e+01	4.151731e+02	1.930736e+00	
4.573733e+02	1.298306e+02	4.533674e+02	1.208332e+02	
4.677135e+02	1.431222e+02	4.589334e+02	1.220293e+02	
4.649927e+02	1.429996e+02	4.596013e+02	1.321861e+02	
4.711721e+02	1.419311e+02	4.631726e+02	1.219309e+02	
4.743719e+02	1.418735e+02	4.669463e+02	1.210201e+02	
6.048077e+02	4.626371e+02	5.980114e+02	4.490058e+02	
3.549263e+02	6.706674e+01	2.960737e+02	1.933261e+00	
3.582912e+02	6.474568e+01	3.032049e+02	1.821113e+00	
3.670461e+02	6.696168e+01	3.129539e+02	2.038316e+00	
3.434128e+02	6.759889e+01	2.790894e+02	1.914016e+00	
3.699000e+02	6.408034e+01	3.201000e+02	1.919659e+00	
3.779978e+02	6.500165e+01	3.300022e+02	1.998346e+00	
3.818136e+02	6.313437e+01	3.377108e+02	2.208683e+00	
3.898682e+02	6.409097e+01	3.471318e+02	1.909027e+00	
3.612320e+02	1.684508e+01	3.512294e+02	1.846817e+00	
3.941231e+02	6.292104e+01	3.553283e+02	1.790302e+00	
4.023418e+02	6.379272e+01	3.766582e+02	2.220728e+01	
4.068045e+02	6.311175e+01	3.827641e+02	2.113486e+01	
4.141661e+02	6.291218e+01	3.918339e+02	2.108782e+01	
4.200017e+02	6.299915e+01	3.979983e+02	2.000085e+01	
4.279998e+02	1.440002e+02	4.100002e+02	1.229998e+02	
4.249322e+02	1.440606e+02	4.070678e+02	1.239394e+02	
4.324974e+02	1.446108e+02	4.150005e+02	1.230040e+02	
4.189628e+02	1.450353e+02	3.990372e+02	1.239647e+02	
4.330016e+02	1.419987e+02	4.179984e+02	1.230013e+02	
4.384732e+02	1.436579e+02	4.230142e+02	1.229935e+02	
4.408297e+02	1.431255e+02	4.261703e+02	1.228745e+02	
4.450018e+02	1.439988e+02	4.309982e+02	1.230012e+02	
4.579957e+02	1.430024e+02	4.530043e+02	1.339976e+02	
4.609945e+02	1.419967e+02	4.565629e+02	1.342274e+02	
509	59	509	2	
200	234	200	182	
93	211	93	161	
296	258	296	210	
43	202	43	155	
40	186	40	140	
639	2.040044e+02	639	2.520148e+02	
574	263	574	223	
274	1.969730e+02	274	2.350256e+02	
34	269	34	235	
36	228	36	194	
36	269	36	235	
34	227	34	194	
39	268	39	235	
47	267	47	235	
48	187	48	155	
5.180755e+02	2.002800e+00	5.159245e+02	5.799720e+01	
34	185	34	154	
207	2.779782e+02	207	3.109933e+02	
39	1.939804e+02	39	2.289946e+02	
88	191	88	162	
88	228	88	199	
90	228	90	199	
90	265	90	236	
92	265	92	236	
99	264	99	236	
100	193	100	165	
87	2.359765e+02	87	2.659932e+02	
99	1.979777e+02	99	2.289938e+02	
545	2.180048e+02	545	2.520195e+02	
131	230	131	204	
131	262	131	236	
133	262	133	236	
451	2.260086e+02	451	2.530271e+02	
141	230	141	205	
222	238	222	213	
511	254	511	229	
161	261	161	237	
136	194	136	171	
157	230	157	207	
205	312	205	289	
464	250	464	227	
39	311	39	289	
4.802681e+01	1.950054e+02	4.646285e+01	2.269828e+02	
133	230	133	208	
192	231	192	209	
509	142	509	120	
36	310	36	289	
131	1.699743e+02	131	1.959935e+02	
164	230	164	209	
188	230	188	209	
192	258	192	237	
217	258	217	237	
237	211	237	211	
454	2.259756e+02	454	2.529941e+02	
513	1.199669e+02	513	1.419897e+02	
92	303	92	283	
99	302	99	282	
135	2.389699e+02	135	2.619917e+02	
225	232	225	212	
240	232	240	212	
577	2.380074e+02	577	2.620282e+02	
6.111644e+02	2.020083e+02	6.095988e+02	2.409897e+02	
87	302	87	283	
89	302	89	283	
192	202	192	183	
542	2.109687e+02	542	2.329914e+02	
162	199	162	181	
239	255	239	237	
2.450964e+02	2.038979e+02	2.424070e+02	2.359255e+02	
252	2.339673e+02	252	2.549911e+02	
261	254	261	236	
407	255	407	237	
540	241	540	223	
42	313	42	296	
47	308	47	291	
90	191	90	174	
130	296	130	279	
165	293	165	276	
182	230	182	213	
214	2.110092e+02	214	2.310342e+02	
515	249	515	232	
577	236	577	219	
615	99	615	82	
162	2.060073e+02	162	2.270311e+02	
194	230	194	214	
2.564614e+02	2.160118e+02	2.548556e+02	2.559920e+02	
269	253	269	237	
278	2.159576e+02	278	2.329870e+02	
278	2.339642e+02	278	2.529905e+02	
286	1.970069e+02	286	2.330208e+02	
289	2.339642e+02	289	2.529905e+02	
409	252	409	236	
5.256184e+02	1.973468e+00	5.219310e+02	5.899454e+01	
607	2.100100e+02	607	2.350300e+02	
95	305	95	290	
161	291	161	276	
166	260	166	245	
196	195	196	180	
200	2.360116e+02	200	2.530409e+02	
229	93	229	78	
290	217	290	217	
617	5.694751e+01	617	7.605249e+01	
620	72	620	57	
29	1.960145e+02	29	2.110478e+02	
63	217	63	203	
140	2.620326e+02	140	2.390108e+02	
218	2.120102e+02	218	2.290396e+02	
240	112	240	98	
313	207	313	193	
511	224	511	210	
5.175001e+02	1.200232e+02	5.159255e+02	1.419895e+02	
604	244	604	230	
613	8.100765e+01	613	1.000339e+02	
163	289	163	276	
166	1.789490e+02	166	1.929846e+02	
191	286	191	273	
228	293	228	280	
231	91	231	78	
255	296	255	283	
292	2.379416e+02	292	2.540661e+02	
352	279	352	266	
421	2.449490e+02	421	2.589846e+02	
601	244	601	231	
1.884286e+02	2.370201e+02	1.869255e+02	2.579901e+02	
236	304	236	292	
245	232	245	220	
170	290	170	279	
171	193	171	182	
261	1.979336e+02	261	2.130664e+02	
261	233	261	222	
269	231	269	220	
281	247	281	236	
455	221	455	210	
466	244	466	233	
126	246	126	236	
157	247	157	237	
170	247	170	237	
214	2.370147e+02	214	2.490563e+02	
2.363833e+02	2.360189e+02	2.348470e+02	2.559848e+02	
512	292	512	282	
565	165	565	155	
606	256	606	246	
609	254	609	244	
194	246	194	237	
417	288	417	279	
451	220	451	211	
452	287	452	278	
4.669976e+02	2.800082e+02	4.655305e+02	2.939670e+02	
476	240	476	231	
4.804696e+02	2.480317e+02	4.788982e+02	2.629827e+02	
5.350453e+02	2.004850e+00	5.290604e+02	5.800647e+01	
627	253	627	244	
28	302	28	294	
140	295	140	287	
1.711955e+02	2.140231e+02	1.696032e+02	2.299751e+02	
245	245	245	237	
2.663621e+02	2.360210e+02	2.648187e+02	2.529803e+02	
265	274	265	266	
269	274	269	266	
2.742947e+02	2.360289e+02	2.721995e+02	2.570196e+02	
278	273	278	265	
292	271	292	263	
303	272	303	264	
330	203	330	195	
423	239	423	231	
5.221028e+02	1.200112e+02	5.196787e+02	1.419685e+02	
527	2.820164e+02	527	2.920663e+02	
579	249	579	241	
37	177	37	170	
37	186	37	179	
39	282	39	275	
225	2.360206e+02	225	2.480622e+02	
292	231	292	224	
350	154	350	147	
355	165	355	158	
4.682946e+02	4.370400e+02	4.655551e+02	4.549424e+02	
469	289	469	282	
4.830639e+02	2.990125e+02	4.815189e+02	3.200509e+02	
5.429485e+02	1.994154e+00	5.355198e+02	5.693789e+01	
5.799928e+02	2.180123e+02	5.784726e+02	2.279466e+02	
5.113479e+01	2.030265e+02	4.957849e+01	2.139617e+02	
163	254	163	248	
164	194	164	188	
243	2.590574e+02	243	2.460190e+02	
353	165	353	159	
413	241	413	235	
4.634019e+02	2.808734e+02	4.617108e+02	2.919251e+02	
492	295	492	289	
5.261601e+02	1.200230e+02	5.228399e+02	1.419770e+02	
5.520177e+02	2.003080e+00	5.428194e+02	5.697026e+01	
547	225	547	219	
621	249	621	243	
33	3.010927e+02	33	2.930304e+02	
2.383769e+02	1.000369e+02	2.368568e+02	1.099712e+02	
356	285	356	280	
4.060006e+02	2.590001e+02	4.029994e+02	2.719999e+02	
4.780061e+02	3.870013e+02	4.758425e+02	4.009770e+02	
4.854445e+02	2.210540e+02	4.840030e+02	2.289864e+02	
4.909852e+02	2.989975e+02	4.872144e+02	3.170470e+02	
513	219	513	214	
5.305207e+02	1.199127e+02	5.268301e+02	1.419667e+02	
528	425	528	420	
240	1.980246e+02	240	2.080744e+02	
4.323899e+02	2.230488e+02	4.308101e+02	2.309548e+02	
506	276	506	272	
520	358	520	354	
5.349931e+02	1.200005e+02	5.295351e+02	1.418914e+02	
5.395243e+02	1.188758e+02	5.337738e+02	1.419394e+02	
5.599798e+02	1.996475e+00	5.486161e+02	5.592111e+01	
6.009926e+02	2.700189e+02	5.995210e+02	2.759210e+02	
34	302	34	302	
5.433885e+02	1.191046e+02	5.368766e+02	1.419649e+02	
5.692404e+02	2.058177e+00	5.559915e+02	5.599767e+01	
5.771299e+02	2.036427e+00	5.618701e+02	5.596357e+01	
5.742586e+02	2.070579e+00	5.647414e+02	3.592942e+01	
5.866147e+02	1.876279e+00	5.695074e+02	5.484172e+01	
3.920043e+02	4.600021e+02	3.849957e+02	4.739979e+02	
4.030042e+02	4.380053e+02	3.943914e+02	4.552047e+02	
5.482929e+02	1.190981e+02	5.413057e+02	1.401023e+02	
5.520029e+02	1.190022e+02	5.436741e+02	1.418852e+02	
5.568342e+02	1.189321e+02	5.478146e+02	1.409241e+02	
5.609146e+02	1.189616e+02	5.510854e+02	1.410384e+02	
5.659679e+02	1.179847e+02	5.550321e+02	1.410153e+02	
5.944179e+02	2.147325e+00	5.752149e+02	5.607549e+01	
5.916648e+02	1.876476e+00	5.790176e+02	3.700549e+01	
6.041777e+02	2.071774e+00	5.831696e+02	5.406852e+01	
6.117905e+02	1.909106e+00	5.888451e+02	5.493277e+01	
6.086573e+02	1.852481e+00	5.959872e+02	3.199332e+01	
6.212825e+02	2.133140e+00	5.971056e+02	5.304953e+01	
6.387142e+02	1.846412e+00	6.104430e+02	5.369947e+01	
6.253833e+02	2.185710e+00	6.086167e+02	3.581429e+01	
6.394254e+02	8.236973e+00	6.280126e+02	2.800437e+01	
5.379903e+02	2.179943e+02	5.280097e+02	2.350057e+02	
5.396725e+02	2.188082e+02	5.299006e+02	2.359403e+02	
5.516095e+02	1.937874e+02	5.469995e+02	2.029933e+02	
5.544426e+02	1.942479e+02	5.480079e+02	2.049994e+02	
5.694049e+02	1.192049e+02	5.580094e+02	1.410026e+02	
5.748206e+02	1.179013e+02	5.637547e+02	1.378649e+02	
5.781197e+02	1.190693e+02	5.658803e+02	1.399307e+02	
5.839093e+02	1.179428e+02	5.700907e+02	1.400572e+02	
5.899643e+02	1.169772e+02	5.725527e+02	1.406803e+02	
5.868066e+02	1.308643e+02	5.797182e+02	1.408019e+02	
6.139982e+02	1.179984e+02	5.940018e+02	1.410016e+02	
6.080734e+02	1.170553e+02	5.923927e+02	1.392840e+02	
6.290159e+02	2.007934e+00	6.029841e+02	5.399207e+01	
6.239199e+02	1.169238e+02	6.010801e+02	1.410762e+02	
6.392274e+02	1.513170e+01	6.172066e+02	5.311963e+01	
6.394426e+02	2.927234e+01	6.250150e+02	5.200657e+01	
6.392347e+02	4.015039e+01	6.307653e+02	5.284961e+01	