
4.540043e+02	9.267391e+01	1.569995e+02	8.904513e+01	
4.529981e+02	9.714498e+01	2.920014e+02	9.489690e+01	
3.840047e+02	8.460488e+01	1.939915e+02	8.261500e+01	
3.839970e+02	8.720954e+01	2.470035e+02	8.553576e+01	
2.099963e+02	117	1.459885e+02	117	
2.830115e+02	112	2.200036e+02	112	
2.859969e+02	118	2.199894e+02	118	
4.089989e+02	4.000334e+02	1.420113e+02	3.925758e+02	
4.380112e+02	315	3.710037e+02	315	
3.670114e+02	141	3.010038e+02	141	
2.910127e+02	94	2.320042e+02	94	
3.849902e+02	3.323628e+02	1.979963e+02	3.271396e+02	
3.590121e+02	312	2.970040e+02	312	
4.439926e+02	1.204764e+02	3.780047e+02	1.188637e+02	
4.449946e+02	3.252269e+02	1.400054e+02	3.177731e+02	
4.459910e+02	1.086154e+02	2.640024e+02	1.057565e+02	
3.679935e+02	1.194275e+02	3.010060e+02	1.177904e+02	
2.109936e+02	3.104153e+02	1.460053e+02	3.088270e+02	
1.610107e+02	46	9.100357e+01	46	
4.869980e+02	4.240615e+02	4.259988e+02	4.220379e+02	
3.149993e+02	4.540139e+02	2.720007e+02	4.519861e+02	
3.319939e+02	229	2.999783e+02	229	
3.819947e+02	3.260824e+02	3.370110e+02	3.245115e+02	
3.610153e+02	156	3.120051e+02	156	
407	157	407	157	
3.620176e+02	2.236557e+02	3.230035e+02	2.219523e+02	
3.302709e+01	323	6.008578e+00	323	
5.209933e+02	121	4.929755e+02	121	
3.930000e+02	2.310157e+02	3.750000e+02	2.309843e+02	
3.659967e+02	1.749780e+02	3.350176e+02	1.734629e+02	
3.829789e+02	3.294118e+02	3.229863e+02	3.262677e+02	
2.850227e+02	228	2.520076e+02	228	
7.302775e+01	428	4.600924e+01	428	
2.099920e+02	1.411000e+02	1.780146e+02	1.395361e+02	
1.920294e+02	204	1.690076e+02	204	
1.680340e+02	221	1.460113e+02	221	
3.650288e+02	229	3.390096e+02	229	
2.670304e+02	3.114966e+02	2.320122e+02	3.098452e+02	
507	434	507	434	
5.240214e+02	94	4.890071e+02	94	
3.619959e+02	116	3.179845e+02	116	
3.320234e+02	225	3.000078e+02	225	
6.401973e+01	396	2.600657e+01	396	
4.489766e+02	4.155482e+02	4.250058e+02	4.139980e+02	
4.840000e+02	4.330148e+02	4.670000e+02	4.329852e+02	
3.389939e+02	4.451132e+02	2.709779e+02	4.425003e+02	
3.802498e+01	459	8.008317e+00	459	
4.320277e+02	473	4.050092e+02	473	
4.240357e+02	145	4.030119e+02	145	
6.249902e+02	1.731176e+02	5.970160e+02	1.715536e+02	
4.200277e+02	224	3.930092e+02	224	
4.200358e+02	422	4.010095e+02	422	
6.269768e+02	1.755001e+02	6.050105e+02	1.739255e+02	
3.409877e+02	4.311283e+02	3.170197e+02	4.295364e+02	
7.098955e+01	4.400745e+02	4.902319e+01	4.384999e+02	
2.099621e+02	1.614970e+02	1.819934e+02	1.590993e+02	
1.800288e+02	323	1.540096e+02	323	
4.809873e+02	388	4.659540e+02	388	
4.504400e+01	427	2.801462e+01	427	
2.099847e+02	1.551945e+02	1.860166e+02	1.536026e+02	
3.499830e+02	2.143974e+02	3.270119e+02	2.128716e+02	
2.439830e+02	3.253974e+02	2.210119e+02	3.238716e+02	
1.229811e+02	4.312317e+02	9.798556e+01	4.291767e+02	
1.379907e+02	466	1.219595e+02	466	
2.239840e+02	4.781816e+02	2.009922e+02	4.760892e+02	
4.859907e+02	479	4.699595e+02	479	
1.089885e+02	38	9.495285e+01	38	
5.229770e+02	1.444407e+02	5.040119e+02	1.429148e+02	
4.339563e+02	1.583307e+02	4.090376e+02	1.554916e+02	
4.090288e+02	205	3.830096e+02	205	
6.390440e+02	2.046023e+02	6.120122e+02	2.019042e+02	
210	222	210	222	
2.439793e+02	2.611121e+02	2.230283e+02	2.586509e+02	
1.229826e+02	344	1.109410e+02	344	
7.005633e+01	140	5.801474e+01	140	
4.229853e+02	178	4.109437e+02	178	
4.150563e+02	181	4.030147e+02	181	
6.389838e+02	1.941497e+02	6.200215e+02	1.925907e+02	
4.109828e+02	2.014603e+02	3.840091e+02	1.999050e+02	
4.690563e+02	401	4.570147e+02	401	
3.389600e+02	4.065476e+02	3.250091e+02	4.050074e+02	
4.960563e+02	408	4.840147e+02	408	
2.520567e+01	474	2.118881e+00	474	
3.530719e+02	2.054834e+02	3.300702e+02	2.024960e+02	
1.480700e+02	377	1.380201e+02	377	
4.519997e+02	4.300007e+02	4.360168e+02	4.278681e+02	
3.739844e+02	437	3.629391e+02	437	
2.800772e+02	140	2.710218e+02	140	
3.659782e+02	201	3.569228e+02	201	
3.849836e+02	225	3.749337e+02	225	
1.169570e+02	3.603842e+02	9.800263e+01	3.579897e+02	
4.539905e+02	4.100084e+02	4.410334e+02	4.085551e+02	
1.829993e+02	4.149984e+02	1.610296e+02	4.126893e+02	
2.680534e+02	419	2.540177e+02	419	
3.497818e+01	476	2.592280e+01	476	
4.430860e+02	157	4.350238e+02	157	
2.590622e+02	167	2.470206e+02	167	
3.319762e+02	176	3.239140e+02	176	
4.740394e+02	212	4.550131e+02	212	
3.579466e+02	2.185274e+02	3.480123e+02	2.170072e+02	
5.807278e+01	220	4.901739e+01	220	
2.579773e+02	2.581133e+02	2.439317e+02	2.564633e+02	
1.489895e+02	3.589993e+02	1.380412e+02	3.575385e+02	
8.298766e+01	3.799928e+02	7.305342e+01	3.784726e+02	
9.696910e+01	3.804075e+02	8.401974e+01	3.788863e+02	
4.330772e+02	4.104621e+02	4.149426e+02	4.084280e+02	
1.260728e+02	438	1.170174e+02	438	
3.899691e+02	4.384075e+02	3.770197e+02	4.368863e+02	
3.979762e+02	449	3.899140e+02	449	
2.220378e+02	4.567389e+02	2.080199e+02	4.548685e+02	
2.160514e+02	4.665835e+02	1.990280e+02	4.647942e+02	
1.329740e+02	89	1.259029e+02	89	
3.240279e+02	1.378229e+02	3.110869e+02	1.354711e+02	
4.630971e+02	173	4.560260e+02	173	
3.659740e+02	185	3.589029e+02	185	
3.299588e+02	2.384264e+02	3.200117e+02	2.369930e+02	
2.420000e+02	2.530052e+02	2.360000e+02	2.529948e+02	
4.259735e+02	3.881348e+02	4.150383e+02	3.865785e+02	
1.329735e+02	3.941348e+02	1.220383e+02	3.925785e+02	
1.229588e+02	4.094264e+02	1.130117e+02	4.079930e+02	
5.090126e+02	4.139105e+02	4.841026e+02	4.093835e+02	
4.909453e+02	4.162290e+02	4.730539e+02	4.117681e+02	
5.029883e+02	4.170070e+02	4.930412e+02	4.155736e+02	
1.070268e+02	4.238412e+02	9.502816e+01	4.218333e+02	
5.400000e+01	4.240052e+02	4.800000e+01	4.239948e+02	
1.979791e+02	4.251184e+02	1.860298e+02	4.236300e+02	
4.947904e+02	4.419356e+02	4.571109e+02	4.325411e+02	
4.840664e+02	4.514611e+02	4.670196e+02	4.499097e+02	
1.390806e+02	451	1.310184e+02	451	
4.099702e+02	4.603700e+02	3.980209e+02	4.588816e+02	
1.595884e+01	4.704264e+02	6.011713e+00	4.689930e+02	
1.689883e+02	4.770070e+02	1.590412e+02	4.755736e+02	
4.430622e+02	143	4.310206e+02	143	
4.060904e+02	162	3.990194e+02	162	
2.009886e+02	1.670045e+02	1.920398e+02	1.656191e+02	
3.420744e+02	179	3.320246e+02	179	
3.530904e+02	200	3.460194e+02	200	
203	210	203	210	
5.179806e+02	245	5.109096e+02	245	
2.991114e+02	325	2.930286e+02	325	
6.040678e+02	325	5.930224e+02	325	
4.769631e+02	3.723769e+02	4.670288e+02	3.708568e+02	
2.130326e+02	4.018237e+02	2.020324e+02	3.998246e+02	
2.520415e+02	4.237952e+02	2.370843e+02	4.205886e+02	
3.569864e+02	4.309970e+02	3.490540e+02	4.295555e+02	
5.020574e+02	4.455737e+02	4.711122e+02	4.411695e+02	
3.000904e+02	467	2.930194e+02	467	
2.971114e+02	470	2.910286e+02	470	
1.860535e+02	4.757586e+02	1.681621e+02	4.712978e+02	
1.720568e+02	4.746789e+02	1.600581e+02	4.726710e+02	
477	474	477	474	
2.399811e+02	3.499259e+01	2.340790e+02	3.352104e+01	
4.239811e+02	3.599259e+01	4.180790e+02	3.452104e+01	
4.229968e+02	7.299894e+01	4.090826e+02	7.047029e+01	
7.481557e+01	8.967841e+01	4.496998e+01	8.112033e+01	
6.598106e+01	1.549926e+02	6.007898e+01	1.535210e+02	
303	155	303	155	
3.569548e+02	1.621899e+02	3.490488e+02	1.606101e+02	
1.519865e+02	1.669964e+02	1.450525e+02	1.656108e+02	
2.039989e+02	1.740039e+02	1.910263e+02	1.718330e+02	
5.169548e+02	2.041899e+02	5.090488e+02	2.026101e+02	
3.399792e+02	2.171337e+02	3.199572e+02	2.142842e+02	
2.279512e+02	2.233899e+02	2.200452e+02	2.218101e+02	
2.820744e+02	238	2.720246e+02	238	
199	276	199	276	
2.600744e+02	285	2.500246e+02	285	
5.950006e+02	2.969982e+02	5.889994e+02	2.950018e+02	
1.439548e+02	3.221899e+02	1.360488e+02	3.206101e+02	
9.313065e+01	358	8.803163e+01	358	
4.199994e+02	3.939972e+02	4.110537e+02	3.917667e+02	
4.521306e+02	399	4.470316e+02	399	
1.389610e+02	4.131911e+02	1.289607e+02	4.111929e+02	
2.330003e+02	4.249990e+02	2.059997e+02	4.170010e+02	
2.519664e+02	4.211658e+02	2.430352e+02	4.196712e+02	
1.929684e+02	421	1.878694e+02	421	
4.579475e+02	4.493892e+02	4.510135e+02	4.480036e+02	
1.559475e+02	4.583892e+02	1.490135e+02	4.570036e+02	
5.242942e+02	4.643176e+02	5.142941e+02	4.603178e+02	
3.080560e+02	4.657619e+02	2.991103e+02	4.635315e+02	
7.911754e+01	4.765390e+02	5.912312e+01	4.715167e+02	
1.659664e+02	4.791658e+02	1.570352e+02	4.776712e+02	
2.529856e+02	3.400264e+01	2.470493e+02	3.267573e+01	
4.309991e+02	3.499673e+01	4.230683e+02	3.273761e+01	
9.391472e+01	7.922406e+01	1.958431e+00	4.410937e+01	
1.990318e+01	6.928011e+01	1.807678e+00	6.357462e+01	
2.690527e+01	7.529301e+01	1.998403e+00	6.700760e+01	
3.099731e+01	7.300284e+01	2.307054e+01	7.072987e+01	
8.790078e+01	8.528383e+01	1.989810e+00	5.502980e+01	
1.249490e+02	8.712127e+01	1.080510e+02	7.987873e+01	
2.730927e+02	135	2.650304e+02	135	
4.639483e+02	1.432079e+02	4.570449e+02	1.416774e+02	
3.319856e+02	1.440026e+02	3.260493e+02	1.426757e+02	
2.599483e+02	1.562079e+02	2.530449e+02	1.546774e+02	
408	156	408	156	
1.749483e+02	1.612079e+02	1.680449e+02	1.596774e+02	
4.971578e+02	221	4.930347e+02	221	
2.260844e+02	2.377411e+02	2.200048e+02	2.359978e+02	
2.708889e+02	2.392585e+02	2.648094e+02	2.375152e+02	
4.369856e+02	2.410026e+02	4.310493e+02	2.396757e+02	
1.950927e+02	292	1.870304e+02	292	
249	325	249	325	
1.569483e+02	3.472079e+02	1.500449e+02	3.456774e+02	
4.149483e+02	3.672079e+02	4.080449e+02	3.656774e+02	
4.211977e+02	4.140857e+02	4.041475e+02	4.113852e+02	
2.019507e+02	4.233243e+02	1.960144e+02	4.219974e+02	
5.404718e+01	4.317929e+02	4.504967e+01	4.297817e+02	
3.689094e+02	4.432995e+02	3.580906e+02	4.397005e+02	
4.661075e+02	4.486990e+02	4.550012e+02	4.450045e+02	
2.495070e+01	4.513243e+02	1.901443e+01	4.499974e+02	
3.119988e+02	4.630056e+02	3.030012e+02	4.609944e+02	
2.368989e+02	4.642698e+02	2.278122e+02	4.615436e+02	
2.177308e+02	4.727180e+02	2.040063e+02	4.670051e+02	
2.640776e+02	4.727391e+02	2.570795e+02	4.707324e+02	
1.409856e+02	4.790026e+02	1.350493e+02	4.776757e+02	
1.109988e+02	3.600307e+01	1.030012e+02	3.299693e+01	
7.090981e+01	8.630062e+01	6.400189e+01	8.400266e+01	
2.801053e+02	1.347003e+02	2.741041e+02	1.327040e+02	
2.640408e+02	1.368365e+02	2.362020e+02	1.292207e+02	
2.598797e+02	1.763518e+02	2.531203e+02	1.736482e+02	
6.291703e+02	3.107303e+02	6.101128e+02	2.988218e+02	
6.158797e+02	3.313518e+02	6.091203e+02	3.286482e+02	
4.240000e+02	3.929999e+02	4.140000e+02	3.890001e+02	
4.739872e+02	4.080015e+02	4.690418e+02	4.067593e+02	
4.699661e+01	4.629986e+02	3.914351e+01	4.596328e+02	
4.689966e+02	4.769986e+02	4.611435e+02	4.736328e+02	
3.621804e+02	2.117114e+02	3.540939e+02	2.068525e+02	
5.065957e+02	3.434602e+02	4.919612e+02	3.300501e+02	
6.390160e+02	3.829765e+02	5.669840e+02	3.340235e+02	
435	276	406	247	
4.499999e+02	1.100576e+02	3.840001e+02	1.099424e+02	
3.880000e+02	1.040559e+02	3.240000e+02	1.039441e+02	
3.230000e+02	1.010532e+02	2.620000e+02	1.009468e+02	
2.820000e+02	1.100532e+02	2.210000e+02	1.099468e+02	
3.550000e+02	1.110471e+02	3.010000e+02	1.109529e+02	
2.150000e+02	1.070454e+02	1.630000e+02	1.069546e+02	
4.320000e+02	3.300393e+02	3.870000e+02	3.299607e+02	
2.580000e+02	1.060349e+02	2.180000e+02	1.059651e+02	
2.600000e+02	1.080332e+02	2.220000e+02	1.079668e+02	
4.240000e+02	1.420314e+02	3.880000e+02	1.419686e+02	
3.410000e+02	1.130297e+02	3.070000e+02	1.129703e+02	
2.460166e+02	322	1.839844e+02	322	
2.840000e+02	8.802705e+01	2.530000e+02	8.797295e+01	
5.140000e+02	3.160262e+02	4.840000e+02	3.159738e+02	
4.430000e+02	1.050253e+02	4.140000e+02	1.049747e+02	
3.530000e+02	8.902443e+01	3.250000e+02	8.897557e+01	
4.059936e+02	156	3.759770e+02	156	
2.249928e+02	85	1.969750e+02	85	
1.750233e+02	227	1.460061e+02	227	
4.410160e+02	232	3.940053e+02	232	
5.140000e+02	3.260209e+02	4.900000e+02	3.259791e+02	
1.590000e+02	4.401920e+01	1.370000e+02	4.398080e+01	
2.070000e+02	2.280192e+02	1.850000e+02	2.279808e+02	
6.499998e+01	4.200192e+02	4.300002e+01	4.199808e+02	
1.600000e+02	1.070183e+02	1.390000e+02	1.069817e+02	
3.050000e+02	8.801658e+01	2.860000e+02	8.798342e+01	
5.059902e+02	433	4.849664e+02	433	
2.399999e+01	4.370166e+02	5.000014e+00	4.369834e+02	
1.929898e+02	209	1.729648e+02	209	
2.840234e+02	224	2.520078e+02	224	
7.499999e+01	3.170157e+02	5.700001e+01	3.169843e+02	
2.860000e+02	1.550148e+02	2.690000e+02	1.549852e+02	
4.280000e+02	1.730148e+02	4.110000e+02	1.729852e+02	
4.060000e+02	2.140148e+02	3.890000e+02	2.139852e+02	
1.290342e+02	385	1.090092e+02	385	
1.240000e+02	4.401396e+01	1.080000e+02	4.398604e+01	
4.170000e+02	8.401396e+01	4.010000e+02	8.398604e+01	
6.899999e+01	1.170140e+02	5.300001e+01	1.169860e+02	
5.960000e+02	1.730105e+02	5.840000e+02	1.729895e+02	
7.399999e+01	3.080140e+02	5.800001e+01	3.079860e+02	
5.089870e+02	424	4.919576e+02	424	
2.450000e+02	3.001309e+01	2.300000e+02	2.998691e+01	
2.170000e+02	8.701309e+01	2.020000e+02	8.698691e+01	
2.020000e+02	9.401309e+01	1.870000e+02	9.398691e+01	
1.699999e+01	1.540131e+02	2.000011e+00	1.539869e+02	
1.630000e+02	2.940131e+02	1.480000e+02	2.939869e+02	
2.800000e+02	3.240131e+02	2.650000e+02	3.239869e+02	
3.939886e+02	4.198692e+02	3.680179e+02	4.214576e+02	
2.410000e+02	8.601222e+01	2.270000e+02	8.598778e+01	
3.390000e+02	1.090122e+02	3.250000e+02	1.089878e+02	
2.450000e+02	2.220122e+02	2.310000e+02	2.219878e+02	
1.599999e+01	2.250122e+02	2.000011e+00	2.249878e+02	
6.904778e+01	226	5.401448e+01	226	
1.229768e+02	3.987755e+02	8.301242e+01	4.031170e+02	
2.799999e+01	4.100122e+02	1.400001e+01	4.099878e+02	
3.470000e+02	4.340122e+02	3.330000e+02	4.339878e+02	
3.201426e+01	4.391591e+02	1.000101e+01	4.410076e+02	
2.600000e+02	1.430113e+02	2.470000e+02	1.429887e+02	
5.200000e+02	1.590113e+02	5.070000e+02	1.589887e+02	
4.180000e+02	2.160113e+02	4.050000e+02	2.159887e+02	
2.440000e+02	2.280113e+02	2.310000e+02	2.279887e+02	
2.700000e+02	2.410113e+02	2.570000e+02	2.409887e+02	
1.530000e+02	3.750113e+02	1.400000e+02	3.749887e+02	
1.850000e+02	1.550052e+02	1.790000e+02	1.549948e+02	
1.850405e+02	222	1.690093e+02	222	
4.220490e+02	376	4.080133e+02	376	
2.520357e+02	445	2.310119e+02	445	
4.240429e+02	41	4.090096e+02	41	
1.580000e+02	6.800960e+01	1.470000e+02	6.799040e+01	
1.580000e+02	8.100960e+01	1.470000e+02	8.099040e+01	
1.470000e+02	1.050096e+02	1.360000e+02	1.049904e+02	
3.490000e+02	1.440096e+02	3.380000e+02	1.439904e+02	
4.420000e+02	1.450096e+02	4.310000e+02	1.449904e+02	
6.389921e+02	1.439125e+02	5.780298e+02	1.493533e+02	
1.299999e+01	1.680096e+02	2.000008e+00	1.679904e+02	
5.210000e+02	1.730096e+02	5.100000e+02	1.729904e+02	
2.089860e+02	221	1.959476e+02	221	
5.000000e+02	2.410096e+02	4.890000e+02	2.409904e+02	
2.099826e+02	280	1.979410e+02	280	
1.159721e+02	3.965213e+02	9.900751e+01	3.980055e+02	
3.940000e+02	4.070096e+02	3.830000e+02	4.069904e+02	
9.197209e+01	4.405213e+02	7.500751e+01	4.420055e+02	
9.399999e+01	4.430096e+02	8.300001e+01	4.429904e+02	
1.910000e+02	4.490096e+02	1.800000e+02	4.489904e+02	
2.020000e+02	1.050087e+02	1.920000e+02	1.049913e+02	
2.599881e+02	140	2.469497e+02	140	
1.200000e+02	1.690087e+02	1.100000e+02	1.689913e+02	
1.199999e+01	1.700087e+02	2.000008e+00	1.699913e+02	
4.040000e+02	2.170087e+02	3.940000e+02	2.169913e+02	
5.010000e+02	2.260087e+02	4.910000e+02	2.259913e+02	
1.120000e+02	3.400087e+02	1.020000e+02	3.399913e+02	
4.399090e+01	4.060074e+02	3.003999e+01	4.075476e+02	
4.797334e+01	4.105474e+02	3.101404e+01	4.120908e+02	
4.010000e+02	4.120087e+02	3.910000e+02	4.119913e+02	
9.398485e+01	4.118470e+02	7.401888e+01	4.133833e+02	
9.697051e+01	4.136376e+02	7.100102e+01	4.160010e+02	
2.140000e+02	4.350087e+02	2.040000e+02	4.349913e+02	
1.570000e+02	4.520087e+02	1.470000e+02	4.519913e+02	
4.399999e+01	4.700087e+02	3.400001e+01	4.699913e+02	
5.799999e+01	4.710087e+02	4.800001e+01	4.709913e+02	
2.800000e+02	1.430079e+02	2.710000e+02	1.429921e+02	
5.890000e+02	1.580079e+02	5.800000e+02	1.579921e+02	
3.090000e+02	1.610079e+02	3.000000e+02	1.609921e+02	
3.210000e+02	1.610079e+02	3.120000e+02	1.609921e+02	
3.940000e+02	1.620079e+02	3.850000e+02	1.619921e+02	
4.290000e+02	1.710079e+02	4.200000e+02	1.709921e+02	
2.580000e+02	1.780079e+02	2.490000e+02	1.779921e+02	
3.550000e+02	1.970079e+02	3.460000e+02	1.969921e+02	
2.600000e+02	1.990079e+02	2.510000e+02	1.989921e+02	
3.090000e+02	2.220079e+02	3.000000e+02	2.219921e+02	
3.500000e+02	2.390079e+02	3.410000e+02	2.389921e+02	
2.849870e+02	3.119075e+02	2.680224e+02	3.133917e+02	
4.200000e+02	3.270079e+02	4.110000e+02	3.269921e+02	
4.070000e+02	3.520079e+02	3.980000e+02	3.519921e+02	
4.260000e+02	3.710079e+02	4.170000e+02	3.709921e+02	
4.620609e+02	372	4.510156e+02	372	
137	378	137	378	
6.299999e+01	3.820079e+02	5.400001e+01	3.819921e+02	
1.600000e+02	4.140079e+02	1.510000e+02	4.139921e+02	
3.890609e+02	414	3.780156e+02	414	
2.170000e+02	4.230079e+02	2.080000e+02	4.229921e+02	
2.197985e+01	443	1.192998e+01	443	
3.940000e+02	4.590079e+02	3.850000e+02	4.589921e+02	
6.279769e+02	4.280455e+01	6.120249e+02	4.439676e+01	
2.280000e+02	1.410070e+02	2.200000e+02	1.409930e+02	
3.190000e+02	1.430070e+02	3.110000e+02	1.429930e+02	
3.590000e+02	1.440070e+02	3.510000e+02	1.439930e+02	
3.980000e+02	1.440070e+02	3.900000e+02	1.439930e+02	
4.780000e+02	1.500070e+02	4.700000e+02	1.499930e+02	
4.760000e+02	1.580070e+02	4.680000e+02	1.579930e+02	
3.450000e+02	1.610070e+02	3.370000e+02	1.609930e+02	
4.310000e+02	1.630070e+02	4.230000e+02	1.629930e+02	
1.050000e+02	1.670070e+02	9.700001e+01	1.669930e+02	
2.610000e+02	1.700070e+02	2.530000e+02	1.699930e+02	
4.230000e+02	1.800070e+02	4.150000e+02	1.799930e+02	
2.780000e+02	2.010070e+02	2.700000e+02	2.009930e+02	
1.940000e+02	2.200070e+02	1.860000e+02	2.199930e+02	
6.896878e+01	2.525618e+02	5.501788e+01	2.541020e+02	
6.090000e+02	2.980070e+02	6.010000e+02	2.979930e+02	
4.629871e+02	308	4.519418e+02	308	
4.300000e+02	3.270070e+02	4.220000e+02	3.269930e+02	
4.080000e+02	3.430070e+02	4.000000e+02	3.429930e+02	
4.270000e+02	3.430070e+02	4.190000e+02	3.429930e+02	
4.710000e+02	3.760070e+02	4.630000e+02	3.759930e+02	
4.480820e+02	418	4.369017e+02	418	
9.899999e+01	4.200070e+02	9.100001e+01	4.199930e+02	
2.899051e+01	4.229916e+02	1.603337e+01	4.244449e+02	
4.700000e+02	4.450070e+02	4.620000e+02	4.449930e+02	
3.830000e+02	4.620070e+02	3.750000e+02	4.619930e+02	
5.069378e+02	4.614975e+02	4.659689e+02	4.667458e+02	
4.600772e+02	466	4.510218e+02	466	
4.550000e+02	4.730070e+02	4.470000e+02	4.729930e+02	
4.810000e+02	4.760070e+02	4.730000e+02	4.759930e+02	
4.189877e+02	7.500725e+01	4.090534e+02	7.652740e+01	
1.640000e+02	1.050061e+02	1.570000e+02	1.049939e+02	
2.100000e+02	1.430061e+02	2.030000e+02	1.429939e+02	
3.070000e+02	1.430061e+02	3.000000e+02	1.429939e+02	
8.099999e+01	1.640061e+02	7.400001e+01	1.639939e+02	
1.050000e+02	1.640061e+02	9.800001e+01	1.639939e+02	
3.570000e+02	1.640061e+02	3.500000e+02	1.639939e+02	
8.099999e+01	1.670061e+02	7.400001e+01	1.669939e+02	
2.270000e+02	1.670061e+02	2.200000e+02	1.669939e+02	
5.930000e+02	1.750061e+02	5.860000e+02	1.749939e+02	
2.720000e+02	1.990061e+02	2.650000e+02	1.989939e+02	
4.310000e+02	2.020061e+02	4.240000e+02	2.019939e+02	
2.760000e+02	2.050061e+02	2.690000e+02	2.049939e+02	
4.040000e+02	2.100061e+02	3.970000e+02	2.099939e+02	
5.160000e+02	2.280061e+02	5.090000e+02	2.279939e+02	
2.630374e+02	254	2.430124e+02	254	
3.520153e+02	287	3.030051e+02	287	
4.490000e+02	3.480061e+02	4.420000e+02	3.479939e+02	
4.239749e+02	3.726348e+02	4.100162e+02	3.741019e+02	
4.599999e+01	3.920061e+02	3.900001e+01	3.919939e+02	
4.698746e+02	3.954649e+02	4.548386e+02	3.982788e+02	
1.390000e+02	4.150061e+02	1.320000e+02	4.149939e+02	
4.699967e+01	4.229993e+02	3.101680e+01	4.251319e+02	
8.999995e+00	4.270061e+02	2.000005e+00	4.269939e+02	
3.340000e+02	4.280061e+02	3.270000e+02	4.279939e+02	
1.990000e+02	4.450061e+02	1.920000e+02	4.449939e+02	
3.050000e+02	4.460061e+02	2.980000e+02	4.459939e+02	
1.960000e+02	4.470061e+02	1.890000e+02	4.469939e+02	
1.360350e+02	4.462624e+02	1.130548e+02	4.494103e+02	
4.090000e+02	4.620061e+02	4.020000e+02	4.619939e+02	
1.350000e+02	4.630061e+02	1.280000e+02	4.629939e+02	
5.210000e+02	4.660061e+02	5.140000e+02	4.659939e+02	
5.029614e+02	4.648101e+02	4.731372e+02	4.707696e+02	
1.019883e+02	3.199297e+01	9.204116e+01	3.342638e+01	
2.310000e+02	3.300524e+01	2.250000e+02	3.299476e+01	
2.420000e+02	4.100524e+01	2.360000e+02	4.099476e+01	
3.400000e+01	7.600524e+01	2.800000e+01	7.599476e+01	
3.970000e+02	1.040052e+02	3.910000e+02	1.039948e+02	
6.800000e+01	1.070052e+02	6.200000e+01	1.069948e+02	
3.530000e+02	1.130052e+02	3.470000e+02	1.129948e+02	
6.900000e+01	1.430052e+02	6.300000e+01	1.429948e+02	
1.950000e+02	1.430052e+02	1.890000e+02	1.429948e+02	
2.270000e+02	1.440052e+02	2.210000e+02	1.439948e+02	
4.630000e+02	1.450052e+02	4.570000e+02	1.449948e+02	
1.220574e+02	156	1.090190e+02	156	
3.660000e+02	1.620052e+02	3.600000e+02	1.619948e+02	
3.810000e+02	1.620052e+02	3.750000e+02	1.619948e+02	
3.070000e+02	1.630052e+02	3.010000e+02	1.629948e+02	
3.650000e+02	1.780052e+02	3.590000e+02	1.779948e+02	
3.360000e+02	2.060052e+02	3.300000e+02	2.059948e+02	
4.970000e+02	2.170052e+02	4.910000e+02	2.169948e+02	
1.600000e+01	2.200052e+02	1.000000e+01	2.199948e+02	
4.409816e+02	225	4.329194e+02	225	
2.429415e+02	2.416932e+02	2.309192e+02	2.435543e+02	
2.329876e+02	2.680088e+02	2.240538e+02	2.694877e+02	
1.550000e+02	2.990052e+02	1.490000e+02	2.989948e+02	
3.100000e+02	3.200052e+02	3.040000e+02	3.199948e+02	
2.170000e+02	3.250052e+02	2.110000e+02	3.249948e+02	
2.900000e+02	3.250052e+02	2.840000e+02	3.249948e+02	
4.070000e+02	3.500052e+02	4.010000e+02	3.499948e+02	
1.070000e+02	3.550052e+02	1.010000e+02	3.549948e+02	
8.809709e+01	392	8.102602e+01	392	
4.910000e+02	3.980052e+02	4.850000e+02	3.979948e+02	
2.200000e+02	4.010052e+02	2.140000e+02	4.009948e+02	
2.799816e+02	409	2.719194e+02	409	
2.030000e+02	4.200052e+02	1.970000e+02	4.199948e+02	
4.460000e+02	4.330052e+02	4.400000e+02	4.329948e+02	
3.610000e+02	4.340052e+02	3.550000e+02	4.339948e+02	
4.150000e+02	4.390052e+02	4.090000e+02	4.389948e+02	
1.210000e+02	4.400052e+02	1.150000e+02	4.399948e+02	
3.829588e+02	4.395736e+02	3.730117e+02	4.410070e+02	
8.200000e+01	4.440052e+02	7.600000e+01	4.439948e+02	
4.360000e+02	4.480052e+02	4.300000e+02	4.479948e+02	
4.920000e+02	4.540052e+02	4.860000e+02	4.539948e+02	
1.980000e+02	4.550052e+02	1.920000e+02	4.549948e+02	
411	459	411	459	
4.210000e+02	4.600052e+02	4.150000e+02	4.599948e+02	
1.440000e+02	4.690052e+02	1.380000e+02	4.689948e+02	
5.689567e+02	2.790272e+00	5.590004e+02	4.997531e+00	
1.560000e+02	7.100436e+01	1.510000e+02	7.099564e+01	
4.640000e+02	9.400436e+01	4.590000e+02	9.399564e+01	
1.700000e+02	1.400044e+02	1.650000e+02	1.399956e+02	
1.840000e+02	1.430044e+02	1.790000e+02	1.429956e+02	
4.750000e+02	1.460044e+02	4.700000e+02	1.459956e+02	
5.906218e+01	155	4.702058e+01	155	
5.860000e+02	1.600044e+02	5.810000e+02	1.599956e+02	
3.180000e+02	1.630044e+02	3.130000e+02	1.629956e+02	
3.981114e+02	172	3.920286e+02	172	
4.069714e+02	175	4.008886e+02	175	
4.360000e+02	1.750044e+02	4.310000e+02	1.749956e+02	
3.500000e+02	1.850044e+02	3.450000e+02	1.849956e+02	
2.030000e+02	1.930044e+02	1.980000e+02	1.929956e+02	
2.600000e+02	1.940044e+02	2.550000e+02	1.939956e+02	
2.040927e+02	198	1.960304e+02	198	
4.420000e+02	2.030044e+02	4.370000e+02	2.029956e+02	
2.799864e+02	2.080030e+02	2.720540e+02	2.094445e+02	
4.410000e+02	2.090044e+02	4.360000e+02	2.089956e+02	
2.101114e+02	211	2.040286e+02	211	
2.770000e+02	2.140044e+02	2.720000e+02	2.139956e+02	
5.150904e+02	242	5.080194e+02	242	
4.730000e+02	2.490044e+02	4.680000e+02	2.489956e+02	
1.610000e+02	2.960044e+02	1.560000e+02	2.959956e+02	
3.070000e+02	3.180044e+02	3.020000e+02	3.179956e+02	
4.020000e+02	3.360044e+02	3.970000e+02	3.359956e+02	
1.080000e+02	3.620044e+02	1.030000e+02	3.619956e+02	
1.380000e+02	3.710044e+02	1.330000e+02	3.709956e+02	
4.140000e+02	3.710044e+02	4.090000e+02	3.709956e+02	
478	371	478	371	
1.410000e+02	3.870044e+02	1.360000e+02	3.869956e+02	
4.194598e+01	3.875555e+02	3.401365e+01	3.889970e+02	
3.440000e+02	4.030044e+02	3.390000e+02	4.029956e+02	
3.890000e+02	4.030044e+02	3.840000e+02	4.029956e+02	
2.509042e+01	404	1.801935e+01	404	
7.790602e+01	4.075593e+02	5.613613e+01	4.126654e+02	
1.099886e+02	4.199955e+02	1.010398e+02	4.213809e+02	
4.120000e+02	4.240044e+02	4.070000e+02	4.239956e+02	
3.586217e+01	4.425228e+02	2.080570e+01	4.463047e+02	
1.840000e+02	4.470044e+02	1.790000e+02	4.469956e+02	
9.600000e+01	4.500044e+02	9.100000e+01	4.499956e+02	
4.270000e+02	4.510044e+02	4.220000e+02	4.509956e+02	
1.890000e+02	4.550044e+02	1.840000e+02	4.549956e+02	
4.730000e+02	4.560044e+02	4.680000e+02	4.559956e+02	
2.440000e+02	4.570044e+02	2.390000e+02	4.569956e+02	
1.190000e+02	4.710044e+02	1.140000e+02	4.709956e+02	
4.760744e+02	473	4.660246e+02	473	
5.040000e+02	4.730044e+02	4.990000e+02	4.729956e+02	
1.350000e+02	4.750044e+02	1.300000e+02	4.749956e+02	
5.260000e+02	4.780044e+02	5.210000e+02	4.779956e+02	
4.089523e+02	3.281060e+01	3.999115e+02	3.461714e+01	
6.290580e+02	40	6.099531e+02	40	
2.260000e+02	8.700349e+01	2.220000e+02	8.699651e+01	
3.770000e+02	9.000349e+01	3.730000e+02	8.999651e+01	
2.700000e+01	1.060035e+02	2.300000e+01	1.059965e+02	
5.000000e+02	1.390035e+02	4.960000e+02	1.389965e+02	
4.750000e+02	1.430035e+02	4.710000e+02	1.429965e+02	
3.660000e+02	1.640035e+02	3.620000e+02	1.639965e+02	
3.800000e+02	1.640035e+02	3.760000e+02	1.639965e+02	
3.140000e+02	1.710035e+02	3.100000e+02	1.709965e+02	
3.230000e+02	1.740035e+02	3.190000e+02	1.739965e+02	
3.140000e+02	1.750035e+02	3.100000e+02	1.749965e+02	
3.960000e+02	1.790035e+02	3.920000e+02	1.789965e+02	
2.550000e+02	1.860035e+02	2.510000e+02	1.859965e+02	
4.340000e+02	1.890035e+02	4.300000e+02	1.889965e+02	
1.920159e+02	2.131261e+02	1.760150e+02	2.151191e+02	
3.040000e+02	2.140035e+02	3.000000e+02	2.139965e+02	
1.810000e+02	2.280035e+02	1.770000e+02	2.279965e+02	
2.611306e+02	238	2.560316e+02	238	
3.640000e+02	2.400035e+02	3.600000e+02	2.399965e+02	
2.471306e+02	285	2.420316e+02	285	
2.880000e+02	3.270035e+02	2.840000e+02	3.269965e+02	
1.820000e+02	3.340035e+02	1.780000e+02	3.339965e+02	
1.000006e+02	3.390018e+02	9.399939e+01	3.409982e+02	
1.369811e+02	3.430074e+02	1.310790e+02	3.444790e+02	
1.220000e+02	3.540035e+02	1.180000e+02	3.539965e+02	
4.730000e+02	3.660035e+02	4.690000e+02	3.659965e+02	
7.600000e+01	3.740035e+02	7.200000e+01	3.739965e+02	
5.299103e+01	3.739936e+02	4.490750e+01	3.756236e+02	
1.410000e+02	3.800035e+02	1.370000e+02	3.799965e+02	
6.700000e+01	3.900035e+02	6.300000e+01	3.899965e+02	
4.411483e+02	4.025088e+02	4.301454e+02	4.054982e+02	
1.380000e+02	4.080035e+02	1.340000e+02	4.079965e+02	
7.400000e+01	4.240035e+02	7.000000e+01	4.239965e+02	
2.000000e+01	4.260035e+02	1.600000e+01	4.259965e+02	
3.660000e+02	4.290035e+02	3.620000e+02	4.289965e+02	
1.179210e+02	4.455210e+02	1.120189e+02	4.469926e+02	
3.680000e+02	4.480035e+02	3.640000e+02	4.479965e+02	
2.090000e+02	4.510035e+02	2.050000e+02	4.509965e+02	
1.120000e+02	4.570035e+02	1.080000e+02	4.569965e+02	
4.450000e+02	4.600035e+02	4.410000e+02	4.599965e+02	
1.190000e+02	4.740035e+02	1.150000e+02	4.739965e+02	
5.249453e+02	6.190102e+01	4.650547e+02	9.509898e+01	
3.230498e+02	133	3.080165e+02	133	
2.279483e+02	1.687921e+02	2.210449e+02	1.703226e+02	
3.801578e+02	175	3.760347e+02	175	
1.971448e+02	2.736051e+02	1.727213e+02	2.895265e+02	
1.961578e+02	280	1.920347e+02	280	
3.909653e+02	282	3.868422e+02	282	
2.359964e+02	2.899955e+02	2.260956e+02	2.933083e+02	
2.269856e+02	3.089974e+02	2.210493e+02	3.103243e+02	
4.479123e+02	3.286985e+02	4.400877e+02	3.313015e+02	
1.519507e+02	3.716757e+02	1.460144e+02	3.730026e+02	
4.851578e+02	382	4.810347e+02	382	
7.298106e+01	3.930084e+02	6.807712e+01	3.944053e+02	
1.369507e+02	4.046757e+02	1.310144e+02	4.060026e+02	
5.610018e+02	9.009494e+00	5.453335e+02	2.047698e+01	
2.199695e+01	3.289939e+02	2.003052e+00	3.390061e+02	
2.094042e+01	3.588989e+02	1.813356e+00	3.696764e+02	
9.699811e+01	3.600027e+02	9.009019e+01	3.623006e+02	
5.910533e+01	4.552997e+02	5.310411e+01	4.572960e+02	
3.999872e+02	4.619985e+02	3.950418e+02	4.632407e+02	
4.200000e+02	1.229999e+02	4.130000e+02	1.260001e+02	
8.885135e+01	3.277739e+02	5.384708e+01	3.507674e+02	
9.099792e+01	3.289969e+02	5.500208e+01	3.530031e+02	
9.280698e+01	3.417285e+02	5.485662e+01	3.687982e+02	
7.999902e+01	3.479986e+02	6.000098e+01	3.620014e+02	
4.414306e+01	3.602170e+02	1.856935e+00	3.877830e+02	
3.587300e+01	3.628039e+02	1.832649e+00	3.847414e+02	
4.411756e+01	3.771704e+02	2.206761e+00	4.062992e+02	
2.813063e+01	3.851887e+02	2.195154e+00	4.032816e+02	
2.171432e+02	3.179983e+02	2.155637e+02	1.370024e+02	
1.355543e+02	3.160064e+02	1.324405e+02	9.300793e+01	
1.408667e+02	3.160019e+02	1.375993e+02	1.080059e+02	
145	3.010094e+02	145	2.270026e+02	
9.282613e+01	3.270036e+02	8.744804e+01	9.001188e+01	
8.319130e+01	2.679959e+02	8.103552e+01	1.729993e+02	
9.514323e+01	2.649955e+02	9.351978e+01	1.719882e+02	
96	2.099962e+02	96	1.549871e+02	
95	1.509961e+02	95	9.798667e+01	
9.349908e+01	1.639927e+02	9.191081e+01	9.400358e+01	
9.899849e+01	3.289997e+02	9.652516e+01	2.200094e+02	
4.513524e+01	3.589956e+02	3.630429e+01	7.799027e+01	
4.444289e+01	1.540164e+02	4.269538e+01	7.701028e+01	
109	2.710232e+02	109	2.289756e+02	
4.232081e+01	3.479903e+02	3.383618e+01	7.800507e+01	
3.201362e+01	1.939993e+02	2.854153e+01	7.701233e+01	
5.707799e+01	3.059955e+02	5.541890e+01	2.559831e+02	
4.980576e+01	3.240064e+02	4.473031e+01	1.710089e+02	
107	1.490305e+02	107	1.109780e+02	
144	2.190167e+02	144	1.740056e+02	
3.632186e+01	3.199893e+02	3.202695e+01	1.969993e+02	
2.394931e+01	2.730021e+02	1.678921e+01	1.090090e+02	
2.582646e+01	2.180075e+02	2.121538e+01	1.079906e+02	
1.446633e+02	1.630153e+02	1.428556e+02	1.180071e+02	
165	2.649911e+02	165	2.389719e+02	
491	1.490250e+02	491	1.210072e+02	
8.048918e+01	1.610161e+02	7.885150e+01	9.400628e+01	
108	1.990357e+02	108	1.709643e+02	
445	142	445	120	
229	1.930322e+02	229	1.710094e+02	
37	3.479932e+02	37	3.239724e+02	
264	1.680276e+02	264	1.440068e+02	
6.190017e+02	2.839953e+02	6.174865e+02	2.560185e+02	
106	1.020352e+02	106	8.201019e+01	
287	1.390352e+02	287	1.190102e+02	
124	2.119908e+02	124	1.919658e+02	
1.110758e+02	3.219964e+02	1.089242e+02	2.780036e+02	
211	2.460183e+02	211	2.050061e+02	
212	3.089935e+02	212	2.869708e+02	
634	3.110268e+02	634	2.659824e+02	
364	3.189879e+02	364	3.029567e+02	
18	2.919846e+02	18	2.779490e+02	
2.825297e+01	1.939859e+02	2.592992e+01	1.560043e+02	
2.838761e+01	2.589608e+02	2.565026e+01	2.249387e+02	
579	253	579	253	
125	1.040547e+02	125	9.101633e+01	
299	1.850547e+02	299	1.720163e+02	
109	2.129860e+02	109	1.999476e+02	
52	1.170119e+02	52	1.380357e+02	
122	1.380540e+02	122	1.260124e+02	
129	2.059844e+02	129	1.949391e+02	
51	333	51	325	
55	2.470772e+02	55	2.380218e+02	
298	2.399859e+02	298	3.100145e+02	
6.122115e+02	2.659733e+02	6.103331e+02	2.489594e+02	
619	3.030574e+02	619	2.900190e+02	
5.211367e+01	3.699803e+02	5.059247e+01	3.570309e+02	
151	2.109762e+02	151	2.029140e+02	
1.549928e+02	1.769877e+02	1.534726e+02	1.670534e+02	
229	2.200498e+02	229	2.050165e+02	
229	1.550678e+02	229	1.440224e+02	
454	1.060860e+02	454	9.802376e+01	
601	3.180728e+02	601	3.090174e+02	
6.176070e+02	2.970856e+02	6.127937e+02	2.740458e+02	
9.487742e+00	1.819462e+02	8.008763e+00	1.730124e+02	
11	1.650806e+02	11	1.570184e+02	
24	3.040971e+02	24	2.970260e+02	
100	3.380806e+02	100	3.300184e+02	
1.931196e+02	1.869815e+02	1.916662e+02	1.740244e+02	
6.041349e+02	2.139840e+02	6.018651e+02	1.960160e+02	
1.125549e+02	3.360843e+02	1.108444e+02	3.250356e+02	
1.650045e+02	2.379886e+02	1.636191e+02	2.290398e+02	
453	2.010904e+02	453	1.940194e+02	
4.723174e+01	1.699456e+02	4.353105e+01	1.551030e+02	
1.092333e+02	2.279463e+02	1.070028e+02	2.190006e+02	
4.131899e+02	2.109548e+02	4.116101e+02	2.030488e+02	
4.763892e+02	1.689475e+02	4.750036e+02	1.620135e+02	
1.229916e+02	1.629811e+02	1.215947e+02	1.580771e+02	
4.089926e+02	3.980022e+02	3.863175e+02	3.328881e+02	
5.791780e+02	4.308860e+02	5.722687e+02	4.198288e+02	
6.162960e+02	2.778959e+02	6.142997e+02	2.718947e+02	
6.383791e+02	4.448434e+02	6.339984e+02	4.350043e+02	
4.308204e+02	2.871514e+02	4.036843e+02	2.552667e+02	
4.364259e+02	2.856272e+02	4.020745e+02	2.469364e+02	
4.778483e+02	3.681124e+02	4.516697e+02	3.332458e+02	
4.748402e+02	3.601228e+02	4.541598e+02	3.328772e+02	
5.100819e+02	3.799300e+02	4.699181e+02	3.330700e+02	
5.124103e+02	3.656197e+02	4.630914e+02	3.129164e+02	
5.100190e+02	4.119864e+02	4.849810e+02	3.770136e+02	
5.102909e+02	4.077859e+02	4.851883e+02	3.738616e+02	
5.129854e+02	3.550143e+02	4.630146e+02	3.039857e+02	
5.327403e+02	4.791655e+02	5.258117e+02	4.681204e+02	
438	276	395	233	
217	136	217	107	
219	317	219	238	
2.926521e+02	1.099949e+02	2.897057e+02	3.209957e+02	
2.949426e+02	1.079990e+02	2.929004e+02	2.249983e+02	
136	161	136	108	
3.709849e+02	1.089997e+02	3.661512e+02	3.220035e+02	
86	145	86	94	
138	292	138	241	
87	197	87	147	
4.515328e+02	1.120184e+02	4.437968e+02	3.229926e+02	
2.931520e+02	2.300035e+02	2.915812e+02	3.199953e+02	
88	242	88	199	
3.737211e+02	2.319927e+02	3.717904e+02	3.109945e+02	
89	282	89	247	
246	175	246	141	
90	317	90	285	
368	174	368	142	
2.860875e+02	2.380030e+02	2.843521e+02	3.090100e+02	
4.421760e+02	2.320068e+02	4.393472e+02	3.130130e+02	
4.622427e+02	2.320094e+02	4.604828e+02	2.950165e+02	
137	234	137	204	
211	2.469775e+02	211	2.789931e+02	
4.533510e+02	2.280097e+02	4.509002e+02	3.059969e+02	
5.486692e+02	9.302676e+01	5.412095e+02	2.710081e+02	
4.781611e+02	1.960074e+02	4.734245e+02	3.090188e+02	
96	298	96	271	
211	198	211	171	
4.503219e+02	2.000106e+02	4.459921e+02	3.239996e+02	
467	122	467	95	
4.864475e+02	1.130094e+02	4.848226e+02	1.619926e+02	
5.334475e+02	2.300936e+01	5.318226e+02	7.199262e+01	
5.429070e+02	2.199623e+01	5.248296e+02	4.360375e+02	
164	170	164	144	
262	168	262	142	
365	285	365	259	
366	250	366	224	
4.581314e+02	9.700642e+01	4.562869e+02	1.410132e+02	
4.911264e+02	1.500059e+02	4.883547e+02	2.190154e+02	
219	236	219	211	
220	196	220	171	
286	223	286	198	
465	1.450089e+02	465	1.710281e+02	
4.812106e+02	1.080081e+02	4.795856e+02	1.569914e+02	
4.872006e+02	2.400108e+02	4.832698e+02	3.150145e+02	
464	263	464	239	
484	136	484	112	
5.314870e+02	7.797701e+01	5.279518e+02	1.659969e+02	
274	198	274	175	
453	136	453	113	
5.194691e+02	2.529677e+02	5.162175e+02	3.150115e+02	
5.267858e+02	5.898821e+01	5.249616e+02	9.499755e+01	
164	219	164	197	
211	140	211	118	
445	1.429722e+02	445	1.679922e+02	
4.671731e+02	1.580079e+02	4.655970e+02	2.009906e+02	
5.274927e+02	1.750234e+02	5.138976e+02	4.529949e+02	
5.900924e+02	1.760059e+02	5.812209e+02	3.170141e+02	
262	222	262	201	
264	222	264	201	
466	144	466	123	
4.833847e+02	1.970089e+02	4.818086e+02	2.399917e+02	
509	4.290081e+02	509	4.530289e+02	
5.294792e+02	2.950254e+02	5.222768e+02	4.280146e+02	
129	234	129	214	
300	139	300	119	
376	140	376	120	
524	142	524	122	
139	316	139	297	
516	277	516	258	
5.742466e+02	1.840109e+02	5.718510e+02	2.329932e+02	
584	195	584	176	
107	81	107	81	
481	266	481	248	
5.225022e+02	1.750182e+02	5.209382e+02	2.029924e+02	
5.700495e+02	2.600030e+02	5.657729e+02	3.319871e+02	
5.824555e+02	1.810229e+02	5.789348e+02	2.439960e+02	
31	195	31	195	
57	336	57	319	
188	185	188	168	
229	247	229	230	
508	1.789719e+02	508	2.019936e+02	
539	184	539	167	
315	192	315	176	
317	1.729612e+02	317	1.909889e+02	
319	195	319	179	
367	219	367	203	
484	110	484	94	
5.776939e+02	2.609800e+02	5.748797e+02	3.069918e+02	
219	151	219	136	
440	191	440	176	
639	3.150085e+02	639	3.340348e+02	
72	219	72	205	
128	159	128	145	
169	178	169	164	
219	123	219	109	
436	191	436	177	
449	3.090145e+02	449	3.240478e+02	
452	152	452	138	
474	2.210121e+02	474	2.370433e+02	
567	2.350088e+02	567	2.530366e+02	
53	180	53	167	
97	333	97	320	
106	170	106	157	
153	212	153	199	
169	195	169	182	
186	194	186	181	
477	302	477	289	
500	216	500	203	
5.803337e+02	2.540193e+02	5.770929e+02	3.070051e+02	
51	3.339595e+02	51	3.499907e+02	
72	1.669595e+02	72	1.829907e+02	
94	92	94	80	
2.190679e+02	1.550115e+02	2.175089e+02	1.739738e+02	
267	154	267	142	
269	153	269	141	
374	1.859557e+02	374	2.009890e+02	
451	324	451	312	
478	282	478	270	
510	426	510	414	
5.763974e+02	1.510166e+02	5.748055e+02	1.749847e+02	
68	218	68	207	
75	294	75	283	
124	239	124	228	
156	104	156	93	
167	193	167	182	
175	181	175	170	
220	135	220	124	
230	168	230	157	
246	2.049571e+02	246	2.199904e+02	
453	184	453	173	
463	282	463	271	
479	305	479	294	
511	3.899476e+02	511	4.029860e+02	
5.193444e+02	1.870186e+02	5.168994e+02	2.269939e+02	
522	122	522	111	
5.275168e+02	2.703252e+01	5.260082e+02	4.299259e+01	
583	216	583	205	
639	251	639	240	
29	166	29	156	
84	304	84	294	
124	183	124	173	
167	215	167	205	
211	154	211	144	
246	240	246	230	
299	154	299	144	
313	192	313	182	
430	220	430	210	
456	156	456	146	
468	142	468	132	
479	262	479	252	
4.884958e+02	9.403297e+01	4.870027e+02	1.089919e+02	
513	3.670147e+02	513	3.790563e+02	
219	209	219	200	
374	225	374	216	
448	342	448	333	
469	191	469	182	
496	169	496	160	
517	257	517	248	
582	234	582	225	
6.111145e+02	2.270128e+02	6.088855e+02	2.459872e+02	
635	1.800124e+02	635	1.920540e+02	
51	116	51	108	
165	275	165	267	
259	153	259	145	
379	154	379	146	
4.943967e+02	1.940258e+02	4.929036e+02	2.089847e+02	
515	286	515	278	
538	201	538	193	
121	177	121	170	
148	307	148	300	
177	178	177	171	
212	116	212	109	
262	236	262	229	
264	236	264	229	
267	166	267	159	
280	189	280	182	
424	1.850174e+02	424	1.940728e+02	
444	1.830238e+02	444	1.910860e+02	
481	210	481	203	
502	242	502	235	
5.233865e+02	4.390670e+02	5.207278e+02	4.601129e+02	
543	165	543	158	
5.845274e+02	4.170534e+02	5.830072e+02	4.269877e+02	
615	266	615	259	
91	326	91	320	
107	156	107	150	
179	178	179	172	
182	179	182	173	
299	221	299	215	
3.126371e+02	2.039240e+02	3.100033e+02	2.179974e+02	
3.999912e+02	1.900124e+02	3.985123e+02	1.989462e+02	
442	154	442	148	
497	1.470206e+02	497	1.590622e+02	
521	139	521	133	
572	2.370206e+02	572	2.490622e+02	
586	304	586	298	
631	300	631	294	
632	259	632	253	
3.193809e+02	2.020398e+02	3.179955e+02	2.109886e+02	
364	153	364	148	
413	153	413	148	
458	225	458	220	
463	227	463	222	
472	243	472	238	
505	103	505	98	
516	240	516	235	
542	186	542	181	
543	155	543	150	
549	6.202058e+01	549	7.406218e+01	
584	203	584	198	
588	3.120286e+02	588	3.181114e+02	
4.579926e+02	3.000189e+02	4.565210e+02	3.059210e+02	
471	268	471	264	
475	170	475	170	
498	225	498	225	
518	434	518	430	
536	80	536	76	
6.111402e+02	2.030271e+02	6.062244e+02	2.290432e+02	
318	168	318	168	
4.952404e+02	2.520619e+02	4.932315e+02	2.600597e+02	
2.350714e+01	3.049284e+02	2.151412e+01	3.209293e+02	
1.948719e+02	3.268943e+02	1.421281e+02	3.911057e+02	
3.083006e+02	2.060902e+02	3.060027e+02	2.129981e+02	