12.957 64.3912 133.045 77.5925
133.83 77.9902 134.079 98.9991
133.996 99.0365 230.042 108.576
232.028 121.011 233.745 270.003
257.807 253.727 263.995 272.002
270.16 272.961 267.273 114.995
266.744 114.719 324.793 61.773
325.052 61.6367 469.119 82.1669
469.941 84.0654 480.063 247.996
11.5619 70.0219 10.1213 107.005
6.62072 126.988 2.79871 242.993
5.65839 247.99 4.95808 272.971
22.0964 218.005 22.5718 304.002
7.99822 230.06 84.99 232.338
25.8892 304.055 29.6328 243.977
9.82616 123.993 8.43663 161.016
28.2124 119.978 24.6709 247.963
26.6556 246.988 32.2601 80.0087
1.91255 74.8379 132.843 88.5019
10.0114 158.82 133.026 166.588
134.997 177.043 190.026 180.601
188.993 145 189.683 227.994
192.038 141.539 134.017 136.786
118.987 139.195 159.015 141.773
159.179 142.003 158.543 177.01
200.973 157.375 137.023 152.69
188.973 228.815 136.996 227.109
188.923 217.957 134.008 215.79
132.906 215.995 132.663 264.998
133.005 264.799 187.996 266.165
189.92 294 189.687 223.001
190.003 294.902 134 295.098
215 278.834 136 279.013
217.095 337.019 213.241 158.016
134.01 241.604 188.002 242.931
189.004 202.919 133.989 200.223
132.666 217.992 133.893 167.997
15.8543 17.0962 69.9202 12.9574
70.1662 13.3071 115.213 24.1135
105.34 21.2172 133.279 33.3577
133.147 34.0043 131.949 74.9693
13.931 28.9198 0.0093224 27.8757
10.9857 131.182 24.9779 132.282
1.05902 116.236 113.927 124.949
14.9844 61.14 124.96 73.3584
11.9578 90.5108 30.993 92.0851
11.9414 92.6675 41.9734 95.3031
24.034 157.603 10.0511 156.404
23.984 149.249 9.97759 148.349
87.0506 112.417 10.9293 105.815
-0.111156 72.0433 115.956 84.4095
232.126 122.536 10.9537 103.539
29 276.994 71.9999 277.052
30.9597 187.725 59.9812 189.339
32.0474 176.895 63.9887 178.265
31.2172 196.006 30.609 217.989
31.0067 217.813 98.9912 220.245
12.0028 258.845 90.9945 260.3
32.0184 38.8545 119.018 49.8547
32.0784 36.3685 119.966 47.2774
32.0134 132.826 73.9955 136.059
32.0072 204.862 58.9853 206.28
31 229 59 229
32.9924 245.78 65.999 246.103
33.983 174.772 48.9977 175.103
35.0096 120.885 110.98 127.244
28.9962 274.774 110.999 275.178
111.201 274.993 110.132 242.996
45.0233 150.657 86.0379 153.442
44.0098 158.816 70.9864 160.255
46 303 90 303
34.0217 147.665 67.0125 149.808
50.0109 391.197 91.0033 391.755
96.0827 333.984 93.6069 320.885
35.0116 94.8678 77.0396 98.548
60.9899 229.258 110.992 231.212
56.9822 385.463 83.0199 384.599
68 207 88 207
69 343 83 343
53.0109 203.742 109.994 206.147
70.0194 97.812 104.957 101.417
55.9977 149.032 111.002 152.97
83 193 97 193
57.0061 245.784 108.993 247.26
89.0086 232.689 131.004 233.848
117.138 233.001 117.342 208.994
110.987 181.24 85.0113 179.797
113.965 126.996 113.842 155.999
116.975 116.193 149.006 115.204
132.939 126.804 108.007 124.909
126.983 116.184 97.9519 113.526
110.421 217.93 119.605 141.952
198.009 166.81 118.99 163.209
114.903 211.997 116.126 168.004
116.811 249.041 116.225 274.982
118.016 100.751 132.022 101.651
135.006 116.927 221.888 124.313
141.053 231.857 166.997 233.064
134.009 254.649 196.992 256.318
134.968 110.349 229.905 119.035
134.998 280.906 214 281.118
138 293.006 188.995 291.802
134.041 190.221 187.995 193.09
139.002 320.277 189.999 319.877
174.016 335.004 173.908 361
177.011 331.279 141.993 331.054
135.006 107.939 229.032 116.654
140.026 150.625 188 153.994
138.002 307.262 188.999 306.892
174 297.105 143 297.137
139.003 318.152 189.002 317.104
175.035 170.544 142.996 168.056
135.01 187.79 205.99 191.2
133.996 252.368 213.997 253.263
141.016 127.805 198.045 132.441
147.01 125.872 181.029 128.645
159.2 226.995 158.574 201.961
139.026 214.015 187.993 215.282
169.008 389.61 300.004 390.36
299.956 391.259 314.056 393.676
182.026 168.606 228.023 171.655
193 265 214 265
196 203 213 203
191.987 176.268 212.987 177.276
199 241 213 241
213.982 239.292 192.005 237.924
210.976 375.632 236.015 376.599
217.002 386.041 245.986 384.693
215.992 170 216.009 146
216.273 156.996 217.285 232.996
217.098 242.002 216.784 258.015
220.125 242.007 220.863 341.008
233.794 333.961 235.652 372.017
234.144 283.01 234.866 348.001
273.965 380.27 638.97 427.233
288.921 372.754 338.002 374.962
334.911 380.745 638.979 417.176
282.45 269.991 279.66 128.987
302.094 366.321 357.008 373.943
326.302 184.517 309.585 194.291
314.024 180.999 316.526 288.988
326.472 123.591 313.171 134.215
339.919 273.968 337.549 206.016
348.95 102.379 368.011 104.916
350.925 140.607 409.021 147.829
341.943 71.5509 373.025 74.7583
350.942 108.638 369.968 110.354
337.88 184.414 429.979 192.247
380.83 206.884 395.071 209.63
377 188 378.283 200.972
335.044 144.615 441.021 156.814
470.605 245.023 461.3 84.9826
467.937 193.167 423.015 190.732
362.019 160.538 344.009 159.779
346.994 239.733 370.001 239.933
376.923 228.97 377.926 260.002
435.007 248.824 344.988 245.302
403.96 286.564 418.031 287.569
448.005 249.153 474.01 248.328
348.993 259.855 373.999 260.068
339.118 164.793 430.03 173.691
342.942 204.759 385.997 208.039
377.992 221.093 353.008 218.907
341.03 225.306 467.965 230.812
344.003 266.236 379 266.142
346.877 333.995 345.695 360.987
347.174 88.625 460.998 103.017
427.787 84.0094 429.245 116.989
349.946 121.447 372.975 124.21
338.141 125.708 375.029 129.732
360.929 380.015 404.068 383.025
384.968 382.29 598.903 405.883
599.073 404.175 638.936 407.718
426.057 389.49 638.872 413.149
375.011 74.9235 428.073 82.4884
375.018 376.514 439.003 378.933
439.033 375.805 346.965 373.264
381.972 286.806 408.974 287.738
370.991 266.565 433.991 267.56
386.982 208.394 424.994 210.134
403.231 353.4 432.181 364.528
403.158 386.803 435.001 390.995
428.987 83.1005 459.973 87.2066
445.937 95.9793 431.995 95.083
429.876 116.943 461.979 121.159
432.931 153.681 464.019 156.814
438.986 384.205 455.998 383.906
435.011 148.837 452.004 149.942
453.199 139.022 430.902 134.479
444.952 211.48 466.993 210.783
440.994 242.506 462.003 242.767
434.488 375.195 443.799 351.92
438.929 204.4 455.987 205.262
441.052 112.715 461.116 116.363
461.764 140.956 463.365 168.979
461.98 375.382 516.982 378.33
531.127 378.791 639.002 384.972
557.981 380.778 598.029 377.336
596.064 368.547 562.035 363.753
595.018 356.025 639.005 356.419
466.947 324.762 482.08 321.357
492 383 512 383
532.01 393.179 556.985 391.744
561.066 291.722 639.059 284.646
549.003 388.41 595 388.059
571.994 360.126 639.028 363.434
576.195 347.011 577.098 331.005
576.972 354.13 592.988 353.621
578.989 319.705 639.018 317.505
638.964 297.525 589.02 301.271
625.265 298.984 628.118 344.931
586.039 398.514 610.044 400.453
602.992 370.015 618.764 378.442
606.486 300.955 607.981 317.002
623.301 316.97 621.579 299.941
632.863 251.01 635.371 283.972
