489 295 568 292
213 242 226 238
347 190 383 181
626 121 638 118
484 282 540 288
434 261 446 257
113 79 255 88
474 157 597 128
168 228 181 241
485 231 527 212
367 251 396 242
393 178 459 164
485 251 508 259
213 251 246 257
405 237 457 237
66 265 91 262
285 342 299 356
261 303 278 299
571 324 588 327
508 41 553 16
144 254 176 248
387 287 458 216
164 78 222 81
212 78 234 79
270 222 289 197
216 265 281 262
118 269 193 269
106 84 139 85
445 205 459 202
105 363 105 333
346 212 382 212
348 135 424 59
185 250 197 262
120 229 136 232
295 266 334 274
397 379 397 323
376 326 426 276
78 248 80 135
486 245 507 245
566 204 577 200
63 137 63 124
134 278 169 270
68 419 85 410
191 316 203 304
440 198 463 192
170 348 183 335
398 462 399 367
484 277 507 279
525 152 571 142
121 153 157 154
60 281 83 275
64 77 88 86
63 108 64 74
351 250 383 187
100 251 152 250
303 317 323 307
187 191 220 191
87 357 104 351
129 236 147 236
280 280 298 248
617 130 638 116
155 324 172 305
569 251 593 248
119 284 180 270
0 309 38 309
486 241 502 241
121 221 138 220
123 406 159 385
485 297 509 310
34 443 49 428
561 181 575 176
413 30 443 0
242 347 255 343
85 52 308 68
147 309 167 309
434 12 443 1
393 176 440 164
65 74 88 83
614 125 638 112
571 284 591 286
116 308 129 305
484 280 501 282
308 378 390 463
537 277 563 279
257 321 288 304
334 276 353 276
146 290 200 245
159 365 182 342
546 255 580 260
161 235 171 234
258 306 273 305
411 293 428 282
346 220 367 216
208 258 237 232
568 189 595 193
551 173 576 158
215 281 240 245
169 326 184 320
120 143 179 146
362 286 378 279
325 236 335 234
262 269 282 238
309 262 381 271
471 295 471 267
157 371 181 344
551 181 576 168
303 198 325 174
346 289 380 266
187 279 197 279
248 259 260 247
291 235 336 192
405 219 415 215
415 36 436 2
404 249 423 249
495 178 512 160
445 234 457 234
366 329 400 321
429 23 451 1
83 156 83 138
216 272 290 348
486 196 514 192
104 435 115 421
552 197 588 195
213 281 246 248
509 242 526 249
134 314 153 298
51 418 82 385
563 150 576 146
327 345 337 339
308 356 319 354
253 349 270 332
485 235 527 217
58 313 83 305
552 190 568 190
440 253 457 240
179 420 198 410
406 33 435 1
431 216 459 204
291 237 304 220
361 99 377 83
346 230 367 230
628 295 628 267
551 182 596 167
404 245 421 240
309 442 366 439
73 419 85 415
176 389 188 385
273 379 299 359
41 213 73 217
253 356 267 347
457 22 479 2
102 416 151 388
320 258 338 249
82 232 97 234
180 416 230 391
36 313 87 280
486 183 503 181
308 351 330 335
157 262 176 260
486 253 519 244
486 179 515 170
412 84 467 57
406 94 430 80
261 217 271 215
554 167 576 155
293 260 355 261
486 236 515 235
155 243 180 236
363 211 382 211
113 96 126 97
331 126 362 94
336 392 383 436
405 225 421 220
474 128 598 87
75 411 123 388
277 368 277 352
83 122 159 126
183 424 201 396
262 266 281 251
271 202 312 161
497 276 539 283
131 249 143 247
280 354 280 339
486 176 504 172
202 410 235 394
129 257 155 250
497 270 509 265
612 131 639 125
235 313 251 297
65 125 96 128
497 272 508 270
144 256 172 250
34 442 59 417
120 234 149 233
212 360 221 350
498 303 511 307
384 84 406 71
77 315 108 311
34 439 59 415
553 159 588 131
286 260 287 280
528 153 543 154
376 100 403 68
305 299 320 299
46 313 60 303
405 214 428 210
225 251 236 249
216 270 238 238
356 166 356 119
139 450 157 450
119 357 130 354
93 405 110 389
456 37 476 20
471 62 483 38
512 227 534 218
395 313 395 286
269 212 327 216
293 413 302 399
91 323 125 296
431 23 444 9
355 322 389 295
235 120 248 127
265 370 279 364
105 209 107 146
457 257 457 238
234 304 253 285
305 195 336 186
390 269 418 275
482 159 559 142
253 360 287 347
280 171 299 179
170 341 178 331
299 232 318 229
132 266 171 256
55 187 66 189
206 247 222 231
394 104 394 90
78 178 89 179
181 396 202 369
475 117 476 81
416 257 427 268
440 28 470 9
484 258 508 252
637 259 637 223
291 226 336 190
551 243 562 247
310 196 336 198
85 129 95 130
297 96 310 97
423 27 438 9
405 88 405 105
119 399 140 388
123 314 169 314
289 356 299 351
326 256 376 261
334 259 358 250
239 303 253 289
451 147 465 149
311 166 324 168
73 101 88 103
551 226 570 219
404 28 428 3
268 343 285 335
391 260 432 301
377 103 396 92
362 308 406 288
371 316 397 302
479 187 479 162
346 237 379 229
319 147 347 117
236 259 282 248
404 269 414 272
150 237 187 238
516 193 526 187
68 271 83 268
319 241 338 244
390 276 409 274
304 227 318 224
17 298 27 298
111 282 123 280
551 176 576 163
438 52 479 11
397 281 414 277
300 312 339 314
567 232 581 233
600 336 634 344
118 216 144 215
60 187 60 157
358 308 374 293
120 228 144 217
495 195 515 185
66 348 94 342
448 59 457 47
311 202 336 196
474 150 503 154
404 265 462 299
292 383 299 367
351 279 367 270
235 92 296 95
61 65 77 73
185 144 191 128
65 374 98 365
163 282 178 272
270 248 282 247
291 250 336 200
296 167 344 119
377 228 377 213
473 181 473 208
395 90 410 91
367 328 402 306
144 258 190 251
392 230 392 212
361 65 371 59
308 353 319 349
543 254 592 274
298 133 370 93
152 305 188 305
486 240 502 240
143 398 153 388
233 403 266 351
109 101 149 112
174 385 187 363
467 14 481 6
377 276 378 240
143 244 166 243
70 84 88 87
445 200 459 200
105 259 137 252
262 261 274 248
495 204 519 193
51 205 71 197
141 312 153 301
346 252 375 259
485 232 509 240
182 165 198 165
256 159 283 159
492 309 520 303
503 219 516 206
254 316 269 311
423 288 449 276
229 157 234 130
592 285 594 220
463 38 471 25
211 394 225 390
552 189 575 180
309 258 338 248
511 238 533 225
308 377 319 348
393 153 461 131
280 166 314 132
495 208 534 217
439 268 455 266
575 301 590 301
150 252 175 245
279 224 296 203
234 117 259 131
328 321 335 352
64 214 69 141
60 273 88 256
567 257 592 255
109 98 132 105
172 247 172 236
308 369 336 353
84 65 146 69
325 348 341 342
125 404 141 388
353 292 397 274
149 280 172 273
61 252 89 247
551 180 576 167
301 148 306 164
466 10 476 4
347 200 358 189
48 302 60 302
208 247 237 243
346 223 356 206
457 37 470 30
83 79 106 78
141 411 155 408
83 228 84 289
254 212 268 212
147 400 159 395
191 365 202 362
191 318 219 299
474 139 485 129
115 298 125 298
498 258 509 263
450 17 455 4
438 278 449 272
118 72 211 78
486 192 497 186
226 391 252 322
317 398 323 379
579 133 596 137
360 95 381 83
270 241 282 230
69 259 86 255
439 273 457 268
407 107 407 88
147 385 160 378
2 54 2 26
430 298 449 297
286 384 299 355
48 198 61 198
560 188 578 181
217 287 227 284
167 39 188 43
430 23 458 5
520 178 543 166
324 262 367 238
484 256 535 239
476 66 496 44
120 314 131 305
342 102 354 103
210 282 238 244
552 209 594 209
103 426 115 419
567 312 588 318
83 101 84 84
1 69 1 55
306 111 306 101
189 302 202 302
396 425 396 380
435 236 458 226
439 264 456 267
400 52 410 34
63 112 73 111
407 197 407 229
181 408 199 403
270 244 282 235
160 348 202 368
508 185 526 176
529 158 543 150
405 230 421 221
124 406 142 388
250 249 257 259
443 223 458 213
304 293 318 269
551 234 588 217
405 253 427 258
282 214 306 190
485 292 501 292
300 270 303 258
309 190 313 204
381 96 422 60
240 403 247 391
285 378 299 347
377 340 400 335
408 176 433 173
182 256 195 244
34 154 53 154
309 370 359 420
448 34 482 4
150 382 160 376
60 286 79 283
415 268 431 261
397 284 410 280
393 142 407 131
340 287 380 265
203 189 220 189
346 187 362 171
69 255 89 252
47 190 61 192
346 202 366 182
374 319 386 314
283 313 307 303
303 252 332 236
572 250 590 245
470 74 495 47
468 52 482 38
300 301 322 300
47 415 59 412
277 217 309 183
37 420 47 414
440 76 466 59
390 280 390 263
17 455 121 452
261 215 261 241
489 281 507 277
450 151 465 154
279 202 280 157
456 294 456 258
181 420 200 390
48 299 60 299
322 387 339 376
199 111 217 111
568 188 595 178
301 231 336 204
262 281 278 282
166 87 211 90
66 371 80 369
210 321 227 313
486 205 503 195
397 133 407 123
382 98 402 98
451 146 465 148
479 298 515 302
275 264 285 264
486 190 513 197
213 248 227 239
65 306 65 317
497 218 515 224
615 324 634 325
307 310 334 312
71 269 87 263
566 211 577 207
169 259 179 250
331 272 352 263
57 408 68 408
380 167 381 150
211 129 221 129
247 299 264 298
569 231 591 224
347 129 368 113
369 312 383 312
428 64 433 50
78 313 80 274
272 287 307 268
442 44 466 23
578 311 595 321
366 279 380 282
472 209 472 237
190 104 203 109
283 166 296 153
170 4 188 15
394 287 408 288
228 150 240 151
288 168 319 138
355 270 372 261
322 119 364 117
329 380 333 366
78 73 146 76
552 304 568 300
65 38 95 40
235 135 258 135
559 182 595 179
417 295 429 284
388 66 407 66
404 248 421 241
220 214 237 214
356 325 406 306
278 270 335 235
356 214 379 222
404 242 421 233
190 103 217 108
326 283 376 257
170 340 178 330
179 14 258 27
454 171 456 102
104 331 104 315
443 222 458 219
360 364 391 365
531 167 543 168
347 191 380 185
356 315 369 310
316 126 326 120
566 199 577 199
189 304 201 304
392 445 397 461
218 334 227 322
373 182 383 183
282 194 283 158
170 236 186 236
130 356 140 356
105 268 106 234
60 247 72 249
439 212 456 212
148 324 164 312
325 233 335 223
405 231 421 222
67 300 85 300
67 178 77 178
553 144 572 139
174 268 187 266
575 292 591 287
308 355 341 381
488 114 488 58
148 259 180 263
483 307 498 307
128 97 160 110
164 250 184 273
78 76 88 80
330 265 355 252
258 320 287 304
60 267 89 249
193 270 207 255
486 223 509 212
220 201 220 175
598 110 600 0
303 281 318 280
477 160 477 126
638 202 638 76
339 270 360 220
346 206 369 201
286 147 292 163
295 315 309 311
477 62 495 43
445 67 462 53
331 111 354 100
305 293 306 313
102 327 102 313
93 426 107 419
57 345 60 309
295 411 310 417
243 9 248 27
466 295 476 295
253 402 314 398
216 405 224 386
417 259 448 262
347 91 355 72
106 243 122 233
85 325 96 325
443 215 459 206
471 109 471 126
119 220 140 217
233 307 251 307
373 435 401 462
140 209 153 211
0 180 0 168
340 129 351 129
236 134 242 95
494 239 518 229
60 294 83 291
487 60 507 43
81 54 86 70
342 270 356 262
277 258 282 246
282 219 296 209
335 132 351 116
317 342 334 340
218 21 218 4
192 399 200 388
459 65 481 40
514 196 527 196
404 104 424 84
118 215 132 214
486 184 509 182
216 148 234 149
63 419 91 411
294 184 300 203
443 68 462 49
356 327 374 320
406 297 420 291
404 75 420 57
308 372 331 365
438 16 456 4
418 21 429 13
316 226 327 212
159 239 171 241
170 395 187 377
72 419 96 407
310 204 337 182
160 126 170 127
77 118 87 122
358 337 371 334
304 222 306 177
287 163 301 166
366 183 383 193
273 112 288 106
346 241 376 246
66 403 82 386
233 385 251 339
182 363 202 343
405 203 418 211
1 77 1 101
346 207 374 183
346 138 363 122
242 309 265 309
169 323 201 323
429 233 450 242
562 224 583 229
221 166 237 167
574 143 587 137
566 193 577 193
440 255 451 256
569 262 580 261
270 375 299 400
82 313 97 389
291 151 309 123
383 162 383 198
32 214 73 218
234 113 252 117
118 196 121 207
126 240 135 280
47 218 65 219
33 303 47 303
278 313 307 298
78 237 90 236
109 105 131 111
460 174 461 100
520 175 543 162
316 218 335 219
325 239 335 240
60 305 77 305
435 26 452 7
187 444 191 434
380 426 381 407
267 139 278 132
534 303 552 301
448 44 472 19
228 4 238 14
186 250 196 252
169 387 190 379
199 14 214 15
281 305 289 315
127 224 137 226
288 313 307 308
545 249 577 237
118 203 171 204
492 304 514 314
291 245 303 241
229 273 260 246
71 268 92 269
188 281 211 280
117 259 127 260
405 221 415 221
226 51 250 57
354 319 371 315
491 67 501 59
484 284 501 287
345 288 381 269
144 98 155 101
486 246 500 248
394 279 395 259
303 152 306 139
155 316 167 306
60 245 61 256
217 210 253 212
635 326 635 304
170 373 179 360
293 267 294 257
554 170 576 147
543 244 562 250
591 233 602 235
431 244 455 240
348 228 363 213
160 414 172 412
474 177 474 127
358 312 379 291
223 136 233 139
308 373 395 460
569 249 588 243
244 341 259 305
331 133 344 106
471 47 494 43
487 194 501 187
248 313 262 295
297 304 313 304
311 344 342 381
533 318 587 329
405 232 418 227
392 189 411 195
367 222 380 195
400 351 400 368
336 328 357 319
571 283 581 284
209 315 222 308
214 394 217 370
216 239 216 225
170 338 182 338
489 65 503 54
124 324 124 336
280 300 296 321
491 309 518 314
141 354 153 354
317 112 334 104
570 222 588 216
346 208 356 205
179 127 195 128
60 278 71 270
486 218 511 239
180 389 192 385
208 447 269 445
113 98 132 103
310 200 316 190
105 273 126 290
270 202 289 182
44 201 61 203
328 234 334 252
402 144 403 100
131 270 146 284
210 291 236 269
122 240 142 241
341 263 358 252
352 89 360 74
379 330 381 317
183 260 202 257
291 252 303 250
209 258 239 252
56 332 58 311
176 416 185 400
346 224 366 218
552 163 571 149
348 245 367 242
631 162 631 122
242 289 250 302
517 170 543 157
498 264 510 262
357 172 366 161
278 194 287 212
369 403 395 433
445 51 458 48
408 23 415 34
236 292 251 293
484 266 508 254
324 206 336 203
547 249 579 242
313 220 335 190
426 284 460 289
497 269 510 263
6 410 45 403
191 342 202 327
464 18 473 8
365 66 376 59
107 131 121 132
352 282 380 284
566 228 599 230
383 444 385 409
166 188 199 188
518 237 534 232
65 381 92 375
153 267 168 282
211 245 218 261
161 337 161 323
311 163 311 183
404 260 407 248
566 202 577 204
234 101 259 116
363 293 387 302
278 363 279 396
104 352 104 362
254 389 264 395
140 111 155 109
485 285 501 289
289 146 312 148
440 246 450 243
279 252 279 227
458 44 468 40
233 5 258 26
448 49 458 45
258 253 279 261
231 277 232 255
347 197 357 187
445 196 464 186
334 404 379 405
216 332 229 324
375 422 377 404
238 403 257 388
390 69 417 72
229 216 266 215
391 266 391 231
146 300 165 300
436 199 451 189
247 99 259 104
308 349 319 347
254 363 267 358
46 191 71 212
49 417 59 414
207 235 218 239
168 224 168 249
409 257 421 250
234 110 259 102
318 365 329 363
290 384 299 358
216 264 243 254
565 188 578 188
569 246 592 254
149 283 161 282
64 251 65 218
406 298 429 293
401 62 413 37
278 278 312 263
159 394 159 381
312 246 318 235
630 222 630 171
404 255 421 245
197 216 207 215
317 208 336 208
523 224 534 230
80 68 91 72
47 426 49 414
275 116 288 111
445 228 458 227
102 236 107 220
405 211 416 217
421 296 449 296
566 246 581 243
364 326 377 321
495 206 512 202
174 132 187 132
458 54 475 37
307 409 336 440
477 261 477 289
405 235 416 228
393 183 395 171
310 216 329 187
212 390 212 323
559 259 582 250
478 246 478 188
22 313 50 313
254 354 272 352
315 265 335 241
407 65 419 59
74 179 74 192
96 96 100 112
423 26 426 4
231 325 243 339
362 257 386 246
364 257 376 252
577 215 592 221
43 305 56 305
358 322 372 318
74 289 75 315
413 248 421 219
341 268 352 268
496 169 508 163
551 151 577 141
489 255 500 261
47 221 57 220
225 270 236 266
104 95 130 101
486 220 511 240
174 241 188 239
551 230 565 234
140 86 155 86
517 163 541 165
310 209 322 195
346 234 367 237
263 330 274 333
80 84 81 101
96 429 113 411
169 12 172 1
60 272 78 260
210 157 255 158
123 131 147 136
304 300 305 314
242 80 258 81
171 199 172 224
362 276 366 263
31 218 58 206
252 334 265 313
579 326 596 336
613 103 635 94
307 400 310 420
108 145 108 133
34 222 61 209
277 198 301 178
325 186 336 191
326 263 353 247
210 297 221 283
564 270 577 269
294 401 298 378
504 190 515 182
457 69 470 62
550 244 562 248
321 257 323 282
414 287 428 280
337 117 346 96
68 74 69 88
221 134 232 137
351 460 368 475
73 302 73 290
246 131 257 131
109 107 120 106
380 343 392 341
353 295 388 294
475 60 502 56
348 131 360 121
487 294 497 290
407 457 411 469
449 17 464 9
465 18 475 7
321 304 337 304
291 238 304 233
147 69 164 70
550 253 562 249
4 313 21 313
405 207 415 213
495 210 518 220
396 248 396 219
531 158 543 155
120 392 123 415
135 133 148 135
505 183 520 188
367 114 386 104
392 76 401 64
529 317 539 315
60 296 89 296
191 332 202 328
299 140 324 143
102 280 103 291
253 384 281 412
81 80 92 83
312 256 335 243
217 301 217 281
118 246 131 244
303 200 324 177
273 113 288 107
310 120 310 91
317 202 336 202
462 74 473 37
86 411 106 391
315 355 341 343
151 256 154 267
426 294 459 294
303 201 327 176
348 165 348 188
552 171 571 152
577 214 595 210
180 407 185 426
491 121 491 56
237 386 252 384
488 244 527 205
222 248 238 237
618 60 629 53
89 313 101 389
82 267 82 254
181 404 199 397
396 286 404 263
480 305 498 306
169 384 171 363
103 324 129 324
281 371 299 357
385 96 397 97
345 259 358 251
437 58 454 54
216 277 227 289
440 252 452 253
79 99 83 112
316 426 317 413
367 412 373 428
358 306 368 298
376 346 387 344
134 402 149 395
256 255 277 263
430 243 452 246
429 239 442 240
379 285 381 263
383 133 384 123
619 76 631 69
621 107 635 93
101 433 111 423
146 288 160 276
248 11 255 30
218 335 218 345
129 264 141 276
413 75 422 65
69 393 84 390
234 108 246 115
164 411 183 406
328 335 342 332
392 78 392 92
106 282 106 268
318 350 343 381
119 249 131 247
555 15 574 6
355 424 364 437
339 130 350 119
280 365 280 376
105 305 166 304
234 104 253 115
366 202 379 205
386 419 389 430
151 412 160 399
276 378 298 373
229 403 240 385
423 183 435 182
66 12 78 12
448 60 460 57
107 422 116 406
263 136 278 144
70 249 70 234
212 305 212 292
324 362 330 344
144 261 201 245
179 170 219 173
188 262 188 193
497 209 512 203
507 218 527 211
325 221 335 226
171 416 183 399
94 429 112 407
345 111 346 122
171 399 174 416
528 156 543 156
486 229 486 147
488 182 503 178
302 398 313 369
259 84 273 82
496 227 513 215
66 342 66 353
46 407 47 383
393 171 398 156
309 81 323 87
529 154 548 145
478 161 489 155
325 217 336 206
46 433 50 420
557 172 576 159
438 277 449 277
144 406 155 395
60 287 78 285
554 255 591 253
292 217 292 206
325 235 335 229
61 275 87 278
179 41 229 51
23 408 40 405
261 342 273 341
341 269 352 269
381 142 383 113
130 403 142 396
319 281 334 278
280 207 290 194
152 367 162 361
229 270 244 254
201 356 202 325
450 159 463 160
335 154 337 172
384 91 404 71
278 283 291 274
382 372 385 360
65 16 91 18
552 162 564 162
60 282 72 282
84 179 85 158
189 303 203 303
62 118 87 118
288 140 296 164
346 229 356 210
189 413 195 403
239 253 247 263
396 196 397 183
353 272 363 267
325 142 335 152
109 232 110 282
520 173 543 159
265 308 275 306
250 315 266 311
471 28 472 15
170 363 202 363
446 191 463 195
60 263 75 263
453 69 464 61
199 84 201 98
276 90 290 90
219 401 230 396
323 251 326 262
356 194 374 202
155 334 156 303
275 385 328 438
149 339 159 335
446 171 462 161
142 100 155 106
137 97 155 103
377 210 377 179
184 0 191 15
46 229 61 221
540 310 554 308
241 127 255 125
65 385 76 379
404 261 417 264
82 27 93 27
563 163 574 152
375 358 376 338
471 8 484 0
122 401 135 396
358 335 372 333
346 235 358 240
407 148 408 108
260 305 272 305
139 136 164 139
182 72 197 72
200 281 214 281
69 253 82 245
1 18 1 1
429 192 445 201
193 264 196 244
358 274 381 272
552 195 563 186
619 107 635 91
124 280 126 292
1 193 1 181
502 237 534 238
305 322 308 352
176 420 183 410
119 160 119 179
575 300 587 300
233 21 234 5
318 366 338 353
551 242 574 244
176 155 193 156
451 169 451 201
497 215 512 204
325 238 335 239
241 14 246 28
388 80 438 51
404 257 426 252
236 313 248 304
245 87 259 101
253 364 267 359
336 113 349 99
484 257 509 267
145 268 166 266
443 219 459 209
432 288 445 290
498 254 508 251
612 130 623 125
370 363 382 361
335 275 350 270
560 183 578 185
356 326 367 322
395 51 413 26
240 296 255 296
217 367 217 356
440 48 453 42
158 164 181 164
0 154 0 134
374 358 391 339
328 326 329 372
170 332 190 325
488 187 504 189
470 93 471 80
309 134 312 153
452 199 463 198
368 362 387 358
308 359 329 352
375 98 389 82
525 214 530 225
116 104 146 112
443 214 458 222
194 147 215 148
73 115 73 78
66 386 77 380
216 166 216 187
449 24 459 6
242 149 252 150
234 98 259 113
231 130 259 118
335 211 335 247
356 324 368 316
389 444 409 459
285 260 303 249
385 85 395 67
107 38 108 52
146 406 169 404
288 169 304 171
469 113 470 97
159 364 177 352
63 233 63 244
102 356 102 345
167 34 170 10
50 222 52 192
97 411 121 411
217 192 218 269
178 1 190 10
310 219 324 204
578 257 591 252
406 50 415 35
161 313 173 312
159 267 169 268
162 357 175 353
342 255 355 248
52 421 64 417
137 312 147 312
281 280 296 269
350 401 377 421
84 196 86 179
589 133 590 114
462 31 477 16
353 167 379 157
263 301 275 297
232 305 244 300
62 243 62 233
405 239 416 242
424 15 431 4
357 301 381 286
71 419 83 408
332 262 344 256
282 205 282 237
429 52 463 56
128 406 129 416
346 221 356 215
133 264 154 282
225 391 262 391
275 132 275 143
170 1 193 1
503 46 516 35
346 408 387 448
397 138 397 124
98 0 108 1
407 255 422 246
278 272 301 259
110 53 110 43
346 242 361 234
88 114 89 66
488 251 502 246
563 149 577 135
356 208 369 191
432 300 441 290
51 196 82 201
197 105 216 109
636 260 636 291
65 357 65 375
60 223 61 244
393 164 393 140
273 85 296 86
321 144 332 128
405 213 415 218
449 166 452 135
329 200 330 187
375 403 379 416
233 276 240 259
560 175 576 164
123 405 136 392
346 254 367 243
291 249 291 232
184 384 198 376
84 68 94 72
496 163 511 150
173 127 184 136
247 348 275 336
78 299 80 313
224 240 248 248
287 182 288 200
566 195 577 198
98 313 133 312
272 311 284 311
469 55 490 42
451 56 452 45
566 215 577 210
255 360 268 372
262 89 275 89
162 413 172 411
65 2 66 14
364 310 381 311
555 200 586 182
326 259 337 252
105 230 120 243
55 208 71 208
427 15 437 0
216 333 231 326
161 354 176 347
185 356 195 355
263 139 274 132
543 318 560 321
260 245 262 272
124 416 134 406
327 281 355 292
428 52 440 47
497 267 507 273
300 302 327 302
381 324 391 321
489 227 509 207
320 140 322 157
56 194 69 197
206 309 219 301
473 126 473 109
578 310 598 322
379 220 379 207
478 62 481 47
281 350 286 331
397 43 407 24
250 340 262 311
119 234 120 262
551 239 588 218
149 342 159 334
47 224 57 225
496 170 513 166
390 82 402 76
629 266 629 221
571 144 587 128
394 61 405 35
102 417 112 414
113 357 127 356
559 163 576 145
173 356 185 352
515 192 525 194
76 1 88 7
542 259 554 257
352 185 352 203
55 392 55 374
295 155 306 159
97 426 109 422
207 404 219 386
65 52 75 56
288 170 302 173
350 171 350 182
309 88 310 74
392 287 406 282
135 275 147 272
317 196 325 184
577 272 578 282
565 169 585 170
489 202 501 196
313 223 318 237
209 314 224 305
102 228 118 242
104 223 108 203
188 382 202 375
486 250 498 246
99 424 109 414
209 295 219 295
112 227 113 241
278 355 292 353
66 308 69 290
232 296 245 289
591 313 591 288
494 156 503 177
312 183 316 173
83 103 83 116
143 100 155 104
246 104 259 112
445 204 446 178
280 409 282 385
450 24 455 40
329 206 331 196
139 138 153 140
146 302 165 302
345 145 346 164
373 349 385 337
354 192 370 199
144 252 154 262
485 233 505 225
549 245 559 242
560 173 574 165
174 2 175 12
422 19 430 7
512 225 522 220
108 2 112 24
624 105 635 104
579 315 590 315
199 165 211 166
374 217 374 244
123 307 149 307
118 151 120 141
457 235 459 203
564 282 564 256
322 379 361 415
183 382 183 413
224 22 229 12
516 224 533 218
288 265 308 274
361 403 371 416
296 401 308 392
408 291 422 293
275 393 294 376
241 306 252 300
127 232 137 225
88 280 103 281
385 97 386 109
148 231 173 252
422 67 425 54
561 288 579 291
183 143 193 144
67 278 79 270
336 126 343 110
560 180 576 169
404 244 407 233
429 202 439 196
132 406 142 406
364 404 368 418
495 311 513 307
400 286 412 282
437 295 448 289
249 313 262 307
190 111 202 89
166 202 166 173
346 233 356 227
308 367 324 358
80 295 91 294
399 450 403 462
376 95 390 87
58 362 59 348
560 172 571 166
107 240 107 223
322 350 338 344
433 22 437 3
416 251 426 251
346 226 366 219
229 253 239 251
388 442 404 462
455 223 456 209
69 234 82 233
352 266 362 265
287 412 300 400
243 123 244 105
83 2 85 13
613 61 629 51
210 316 231 304
320 205 333 201
350 339 351 360
237 400 252 397
87 386 100 378
471 266 472 245
183 426 187 437
496 157 505 172
301 169 301 159
552 210 556 223
363 192 374 194
274 380 293 365
346 219 356 213
309 420 336 432
55 179 65 191
194 206 219 206
166 367 179 362
567 186 578 187
72 69 120 73
532 155 552 144
236 96 259 110
528 236 542 244
291 270 303 262
234 99 247 107
170 342 184 326
298 239 304 228
262 259 272 244
101 236 107 217
462 99 462 71
429 177 444 167
616 60 623 48
407 236 421 231
190 324 201 335
441 15 464 15
358 291 358 304
215 21 259 28
567 236 577 234
481 20 490 0
520 231 533 224
449 53 457 71
348 133 357 119
322 127 335 120
381 327 382 314
354 460 366 473
59 308 80 302
541 23 585 0
74 390 86 386
294 249 294 231
310 176 327 178
383 326 396 313
551 228 565 223
76 77 79 97
96 108 97 95
169 174 192 175
146 261 156 262
245 404 247 394
498 238 517 230
160 270 175 260
0 21 0 50
250 398 261 390
315 384 325 371
341 127 351 117
65 29 94 31
316 341 330 331
199 380 202 356
328 380 343 379
73 378 79 366
65 45 66 56
268 132 283 132
95 327 100 317
103 31 104 21
569 261 580 258
264 276 264 260
209 405 222 396
98 1 109 8
448 62 459 50
440 258 450 254
362 292 373 292
251 16 252 30
60 284 72 284
134 263 147 264
319 214 336 199
103 399 125 394
435 177 435 194
280 419 281 402
484 270 494 277
627 324 627 297
486 247 500 242
562 158 574 154
147 311 169 313
365 270 379 264
175 352 192 342
366 330 389 327
325 117 339 109
625 78 629 62
397 261 397 273
121 217 137 217
175 409 182 424
577 95 595 89
572 223 582 219
98 107 121 111
236 11 240 22
448 288 450 269
289 151 311 154
241 403 253 395
254 355 266 354
351 252 362 246
65 273 79 274
414 30 414 15
356 406 366 415
248 137 271 139
282 95 283 114
411 210 411 177
74 271 84 271
493 262 507 258
196 208 220 208
560 301 583 316
596 173 597 99
334 267 352 262
248 378 260 389
60 56 69 70
234 248 235 220
472 289 483 300
190 4 202 16
160 273 184 277
137 279 150 267
345 441 367 440
569 271 579 270
148 341 159 330
222 259 233 242
153 234 167 237
351 238 351 228
434 22 448 5
79 63 91 67
396 78 405 67
529 160 543 158
230 5 234 16
222 235 222 225
551 231 564 226
101 2 110 15
288 108 292 121
99 3 103 14
283 411 313 410
69 280 86 280
156 274 167 282
506 238 519 233
67 252 87 254
177 2 189 15
152 255 164 253
567 240 577 236
134 264 137 274
194 265 205 254
360 65 363 55
497 202 507 197
264 217 278 217
493 156 505 149
404 268 421 258
490 248 502 242
451 35 464 21
438 168 449 160
490 297 501 297
79 357 86 345
308 342 320 341
37 311 50 311
139 108 153 112
520 246 535 241
290 360 292 350
396 214 396 197
222 270 223 259
393 175 398 159
62 164 62 152
554 241 555 210
501 208 511 198
448 264 450 247
614 127 635 114
347 194 353 183
495 205 511 197
83 372 93 371
571 289 571 260
452 63 462 54
428 23 436 5
551 323 564 322
115 255 137 257
145 279 160 280
346 240 356 238
50 421 61 417
429 165 444 169
210 399 221 392
183 146 193 147
118 218 132 232
495 202 510 194
435 242 445 239
332 343 349 337
120 268 130 268
161 258 172 270
100 395 110 392
226 130 236 130
277 379 298 376
347 260 358 257
279 83 291 83
369 266 373 248
405 254 419 252
561 177 573 172
249 101 259 99
492 303 506 303
86 264 90 252
162 264 175 262
312 239 313 228
375 430 395 448
248 102 259 109
466 58 477 51
434 79 447 71
64 268 65 283
55 157 56 142
286 133 309 133
389 87 408 69
68 321 74 301
169 449 207 448
538 267 552 261
153 215 168 206
621 130 637 120
469 62 479 52
270 223 270 246
218 333 218 319
346 225 356 219
108 170 108 180
220 398 237 397
191 416 201 410
452 168 463 161
220 287 230 287
363 369 372 359
129 406 142 394
229 170 243 162
148 342 159 333
176 270 189 260
416 240 427 236
379 370 388 359
555 294 568 293
240 300 250 297
566 194 583 196
385 426 388 437
68 304 83 304
436 215 456 206
286 281 297 275
591 100 591 111
132 97 155 107
140 391 152 388
234 109 254 114
139 107 151 106
222 253 230 243
566 187 578 182
101 97 117 101
419 16 425 1
65 237 77 237
407 238 418 234
339 267 350 264
252 396 264 394
288 384 290 373
362 191 372 190
171 196 187 196
521 224 533 220
48 200 61 202
405 192 406 180
222 263 240 257
308 374 321 371
376 358 389 370
457 73 470 60
65 21 65 8
349 477 350 461
203 245 213 244
579 267 579 288
466 34 468 24
623 128 635 120
431 24 442 17
305 132 306 112
392 104 401 88
503 224 518 210
410 234 421 230
309 126 321 128
210 278 222 275
551 169 561 159
123 224 135 216
72 252 87 251
150 407 160 403
377 436 390 437
396 55 403 38
208 147 209 136
563 286 577 287
443 295 460 287
72 49 85 62
335 341 345 337
316 251 330 242
368 325 379 322
337 113 349 117
103 292 104 303
393 104 410 93
305 97 314 84
169 267 180 275
67 274 79 275
118 202 130 205
84 171 84 156
408 77 415 65
405 228 415 223
403 279 413 273
489 204 499 199
307 305 321 305
60 249 79 251
72 203 82 204
250 402 253 388
177 171 192 172
572 225 582 222
142 108 143 98
363 361 379 344
234 403 244 394
71 202 71 216
325 187 335 194
551 170 561 160
215 395 225 389
359 340 360 357
348 216 359 197
456 132 469 123
198 279 209 279
572 228 588 221
372 422 373 411
569 252 582 252
298 236 304 224
60 318 77 313
315 356 329 351
