1.808289947509765625e+02 1.954589996337890625e+02 1.768730010986328125e+02 2.204270019531250000e+02
8.717150115966796875e+01 9.690640258789062500e+01 8.823870086669921875e+01 4.440269851684570312e+01
8.765720367431640625e+01 4.375400161743164062e+01 1.099260025024414062e+02 6.031520080566406250e+01
9.991940307617187500e+01 1.818150024414062500e+02 9.883769989013671875e+01 1.944360046386718750e+02
2.945319938659667969e+01 5.165410041809082031e-01 5.420610046386718750e+01 1.835930061340332031e+01
2.156329956054687500e+02 3.021640014648437500e+02 2.322220001220703125e+02 3.692489862442016602e-01
1.734969940185546875e+02 2.206640014648437500e+02 1.741250000000000000e+02 1.943690032958984375e+02
2.843760070800781250e+02 2.354140014648437500e+02 2.756199951171875000e+02 2.353739929199218750e+02
2.110410003662109375e+02 3.030960083007812500e+02 2.126150054931640625e+02 2.580629882812500000e+02
3.367179870605468750e+02 2.314440002441406250e+02 2.893989868164062500e+02 2.358769989013671875e+02
3.631000061035156250e+02 2.606250000000000000e+02 3.630020141601562500e+02 2.768739929199218750e+02
9.003109741210937500e+01 1.994219970703125000e+02 9.279779815673828125e+01 1.606909942626953125e+02
3.314989929199218750e+02 1.543560028076171875e+02 3.319429931640625000e+02 1.743730010986328125e+02
1.545250034332275391e+01 5.565909957885742188e+01 1.719899940490722656e+01 5.560309886932373047e-01
3.907680053710937500e+02 2.355570068359375000e+02 3.918689880371093750e+02 2.580639953613281250e+02
1.199130020141601562e+02 3.067999877929687500e+02 1.316679992675781250e+02 3.014230041503906250e+02
3.991459960937500000e+02 2.568710021972656250e+02 3.993429870605468750e+02 2.456029968261718750e+02
1.087030029296875000e+02 6.185329818725585938e+01 1.081660003662109375e+02 1.093470001220703125e+02
3.593020019531250000e+02 2.681300048828125000e+02 3.592720031738281250e+02 2.606250000000000000e+02
3.286059875488281250e+02 2.818779907226562500e+02 3.287900085449218750e+02 2.531289978027343750e+02
4.788050079345703125e+01 1.554269981384277344e+01 4.611999893188476562e+01 7.427739715576171875e+01
1.391880035400390625e+02 3.206910095214843750e+02 1.463209991455078125e+02 3.408210144042968750e+02
9.603350067138671875e+01 2.013659973144531250e+02 9.073850250244140625e+01 2.001360015869140625e+02
2.993949890136718750e+02 1.839700012207031250e+02 2.756289978027343750e+02 1.845379943847656250e+02
9.758039855957031250e+01 1.943589935302734375e+02 9.774649810791015625e+01 2.018829956054687500e+02
1.309850006103515625e+02 3.327109985351562500e+02 1.252419967651367188e+02 3.104020080566406250e+02
4.556539916992187500e+02 2.329850006103515625e+02 3.918819885253906250e+02 2.346430053710937500e+02
3.919440002441406250e+02 2.582439880371093750e+02 3.981709899902343750e+02 2.586229858398437500e+02
1.177519989013671875e+02 3.244670104980468750e+02 1.233779983520507812e+02 3.474259948730468750e+02
3.260669860839843750e+02 5.993390083312988281e-01 3.256279907226562500e+02 1.441479969024658203e+01
7.352349853515625000e+01 3.105509948730468750e+02 7.275039672851562500e+01 3.194509887695312500e+02
7.301049804687500000e+01 3.243710021972656250e+02 7.243650054931640625e+01 3.418930053710937500e+02
1.184319992065429688e+02 3.002099914550781250e+02 2.083609924316406250e+02 2.919389953613281250e+02
3.905859985351562500e+02 1.531250000000000000e+02 3.906319885253906250e+02 1.756250000000000000e+02
1.778179931640625000e+02 3.194410095214843750e+02 1.832019958496093750e+02 3.053599853515625000e+02
3.909779968261718750e+02 1.843670043945312500e+02 3.908389892578125000e+02 2.006269989013671875e+02
2.083659934997558594e+01 3.310829997062683105e-01 4.642409896850585938e+01 1.875139999389648438e+01
2.880119934082031250e+02 5.497600173950195312e+01 2.631050109863281250e+02 5.344940185546875000e+01
2.756199951171875000e+02 1.846260070800781250e+02 2.493699951171875000e+02 1.847649993896484375e+02
3.296749877929687500e+02 1.744340057373046875e+02 3.284209899902343750e+02 1.543569946289062500e+02
3.743760070800781250e+02 1.522720031738281250e+02 3.556250000000000000e+02 1.522570037841796875e+02
1.193899993896484375e+02 3.431199951171875000e+02 1.158600006103515625e+02 3.326260070800781250e+02
1.339700012207031250e+02 3.168190002441406250e+02 1.324230041503906250e+02 3.280280151367187500e+02
3.131109924316406250e+02 5.994699859619140625e+01 3.356270141601562500e+02 5.948789978027343750e+01
8.814700317382812500e+01 1.930410003662109375e+02 4.164440035820007324e-01 1.701750030517578125e+02
2.943750000000000000e+02 2.591849975585937500e+02 3.068750000000000000e+02 2.591919860839843750e+02
3.368919982910156250e+02 1.523760070800781250e+02 3.156239929199218750e+02 1.531020050048828125e+02
2.706000061035156250e+02 7.615280151367187500e+01 4.368680114746093750e+02 7.042590332031250000e+01
1.468520050048828125e+02 3.440339965820312500e+02 1.318359985351562500e+02 3.450580139160156250e+02
3.337820129394531250e+02 1.578619995117187500e+02 3.411239929199218750e+02 1.761739959716796875e+02
3.582019958496093750e+02 1.706069946289062500e+02 3.534729919433593750e+02 1.505429992675781250e+02
2.705889892578125000e+02 5.092359924316406250e+01 3.281489868164062500e+02 4.875749969482421875e+01
3.364760131835937500e+02 8.166790008544921875e+01 3.412810058593750000e+02 1.014110031127929688e+02
3.289070129394531250e+02 9.939520263671875000e+01 3.281530151367187500e+02 8.187380218505859375e+01
3.693760070800781250e+02 2.104850006103515625e+02 3.868840026855468750e+02 2.106029968261718750e+02
2.456020050048828125e+02 1.118310012817382812e+02 3.481359863281250000e+02 1.099700012207031250e+02
6.992160034179687500e+01 3.218869934082031250e+02 7.014170074462890625e+01 3.118640136718750000e+02
2.456950073242187500e+02 1.493280029296875000e+02 2.480520019531250000e+02 2.156280059814453125e+02
2.756220092773437500e+02 1.815039978027343750e+02 2.993810119628906250e+02 1.812910003662109375e+02
3.883389892578125000e+02 2.006309967041015625e+02 3.882380065917968750e+02 1.843670043945312500e+02
1.828000030517578125e+02 3.046170043945312500e+02 2.074779968261718750e+02 3.010610046386718750e+02
2.872250061035156250e+02 2.631229858398437500e+02 2.873529968261718750e+02 2.831300048828125000e+02
3.905939941406250000e+02 4.593090057373046875e+01 4.393739929199218750e+02 4.433760070800781250e+01
3.310499877929687500e+02 8.186340332031250000e+01 3.315270080566406250e+02 9.938449859619140625e+01
3.457290039062500000e+02 1.843220062255859375e+02 3.495459899902343750e+02 1.917870025634765625e+02
4.352940022945404053e-01 1.676009979248046875e+02 8.815260314941406250e+01 1.905189971923828125e+02
4.730899963378906250e+02 4.233569946289062500e+02 3.610539855957031250e+02 4.065209960937500000e+02
1.581230010986328125e+02 3.704219970703125000e+02 2.093699951171875000e+02 3.699859924316406250e+02
4.218580017089843750e+02 1.680910034179687500e+02 4.308829956054687500e+02 1.636499938964843750e+02
3.494320068359375000e+02 2.781250000000000000e+02 3.494100036621093750e+02 2.506250000000000000e+02
4.193659973144531250e+02 8.818450164794921875e+01 4.331629943847656250e+02 9.038369750976562500e+01
4.697819900512695312e+01 7.349030303955078125e+01 1.686020088195800781e+01 5.439839935302734375e+01
3.521499938964843750e+02 1.892089996337890625e+02 3.478309936523437500e+02 1.820529937744140625e+02
3.268179931640625000e+02 1.550000000000000000e+01 4.506130065917968750e+02 1.034010028839111328e+01
3.918380126953125000e+02 2.101219940185546875e+02 3.981960144042968750e+02 2.104360046386718750e+02
1.468809967041015625e+02 3.019240112304687500e+02 1.356419982910156250e+02 3.032650146484375000e+02
1.743619995117187500e+02 2.992839965820312500e+02 1.530119934082031250e+02 3.023290100097656250e+02
2.493630065917968750e+02 1.817599945068359375e+02 2.743720092773437500e+02 1.815319976806640625e+02
3.306140136718750000e+02 2.524940032958984375e+02 3.456310119628906250e+02 2.522319946289062500e+02
2.098489990234375000e+02 3.699750061035156250e+02 1.580679931640625000e+02 3.482600097656250000e+02
3.247860107421875000e+02 2.469120025634765625e+02 3.240150146484375000e+02 3.068699951171875000e+02
2.368470001220703125e+02 2.188990020751953125e+02 2.494510040283203125e+02 2.181450042724609375e+02
3.868829956054687500e+02 1.824570007324218750e+02 3.681189880371093750e+02 1.827180023193359375e+02
2.874639892578125000e+02 2.418659973144531250e+02 2.872529907226562500e+02 2.581300048828125000e+02
1.568760070800781250e+02 3.412380065917968750e+02 1.493739929199218750e+02 3.412319946289062500e+02
7.333209991455078125e+01 3.443099975585937500e+02 7.240299987792968750e+01 3.593299865722656250e+02
2.956029968261718750e+02 2.853919982910156250e+02 3.068720092773437500e+02 2.843439941406250000e+02
3.529070129394531250e+02 2.693250122070312500e+02 3.535729980468750000e+02 2.831640014648437500e+02
3.006210021972656250e+02 1.479759979248046875e+02 2.756059875488281250e+02 1.487220001220703125e+02
3.293349914550781250e+02 4.840370178222656250e+01 3.880899963378906250e+02 4.601380157470703125e+01
2.844930114746093750e+02 2.806449890136718750e+02 2.841849975585937500e+02 2.631279907226562500e+02
1.430989990234375000e+02 3.410549926757812500e+02 1.343809967041015625e+02 3.405270080566406250e+02
2.756329956054687500e+02 2.456260070800781250e+02 2.747359924316406250e+02 2.570020141601562500e+02
3.440820007324218750e+02 1.552760009765625000e+02 3.519429931640625000e+02 1.768500061035156250e+02
1.078870010375976562e+02 1.091230010986328125e+02 8.716380310058593750e+01 9.515560150146484375e+01
1.480930023193359375e+02 3.291499938964843750e+02 1.793820037841796875e+02 3.284660034179687500e+02
2.506069946289062500e+02 2.171439971923828125e+02 2.943880004882812500e+02 2.163260040283203125e+02
7.060130310058593750e+01 3.591879882812500000e+02 6.570490264892578125e+01 3.270530090332031250e+02
3.996310119628906250e+02 1.699839935302734375e+02 4.094670104980468750e+02 1.658450012207031250e+02
7.781030273437500000e+01 2.931270141601562500e+02 7.812220001220703125e+01 3.356340026855468750e+02
1.943379974365234375e+02 4.024100036621093750e+02 5.074840164184570312e+01 3.925729980468750000e+02
1.281309967041015625e+02 3.487590026855468750e+02 9.811049652099609375e+01 3.490329895019531250e+02
3.377229919433593750e+02 1.952709960937500000e+02 3.409410095214843750e+02 2.029929962158203125e+02
2.843729858398437500e+02 1.229189987182617188e+02 3.081329956054687500e+02 1.226999969482421875e+02
1.493589935302734375e+02 3.368190002441406250e+02 1.556080017089843750e+02 3.369039916992187500e+02
3.606220092773437500e+02 1.801239929199218750e+02 3.868779907226562500e+02 1.799830017089843750e+02
2.631080017089843750e+02 5.378200149536132812e+01 2.443370056152343750e+02 5.433060073852539062e+01
3.531369934082031250e+02 1.096220016479492188e+02 3.868699951171875000e+02 1.080220031738281250e+02
1.359629974365234375e+02 3.052189941406250000e+02 1.379909973144531250e+02 3.131589965820312500e+02
3.007820129394531250e+02 2.806430053710937500e+02 3.005360107421875000e+02 2.656059875488281250e+02
3.481029968261718750e+02 5.873740005493164062e+01 3.856440124511718750e+02 5.742879867553710938e+01
3.869440002441406250e+02 1.732700042724609375e+02 3.879259948730468750e+02 1.643529968261718750e+02
3.694159851074218750e+02 7.909580230712890625e+01 3.542929992675781250e+02 7.869190216064453125e+01
9.058799743652343750e+01 5.192530059814453125e+01 1.056890029907226562e+02 6.303770065307617188e+01
4.281380004882812500e+02 4.848450088500976562e+01 3.906400146484375000e+02 4.979380035400390625e+01
1.943600006103515625e+02 3.209559936523437500e+02 1.818860015869140625e+02 3.203829956054687500e+02
3.856690063476562500e+02 2.299769973754882812e+01 3.443850097656250000e+02 2.462719917297363281e+01
3.897460021972656250e+02 7.680770111083984375e+01 3.704909973144531250e+02 7.974479675292968750e+01
3.696820068359375000e+02 1.843560028076171875e+02 3.701589965820312500e+02 1.919040069580078125e+02
2.611849975585937500e+02 3.311510086059570312e+01 2.614729919433593750e+02 4.938209915161132812e+01
3.442680053710937500e+02 1.006520004272460938e+02 3.395719909667968750e+02 8.182579803466796875e+01
1.768029937744140625e+02 2.993210144042968750e+02 1.672059936523437500e+02 3.121229858398437500e+02
3.877470092773437500e+02 1.056289978027343750e+02 3.875130004882812500e+02 8.061900329589843750e+01
3.896719970703125000e+02 2.437389945983886719e+01 3.897460021972656250e+02 4.437360000610351562e+01
1.160490036010742188e+02 3.318760070800781250e+02 1.160820007324218750e+02 3.118760070800781250e+02
4.708869934082031250e+01 1.658769989013671875e+01 2.562610054016113281e+01 6.235569715499877930e-01
3.673519897460937500e+02 2.730719909667968750e+02 3.660979919433593750e+02 2.618219909667968750e+02
3.880960083007812500e+02 1.090350036621093750e+02 4.192319946289062500e+02 1.064209976196289062e+02
4.826269912719726562e+01 3.920620117187500000e+02 1.163870010375976562e+02 3.855320129394531250e+02
3.706080017089843750e+02 1.216520004272460938e+02 3.868609924316406250e+02 1.204390029907226562e+02
2.493869934082031250e+02 4.076799926757812500e+02 1.794219970703125000e+02 4.087290039062500000e+02
4.156589965820312500e+02 4.228030090332031250e+02 4.558729858398437500e+02 4.270050048828125000e+02
3.468190002441406250e+02 4.563320159912109375e+01 3.440549926757812500e+02 2.673900032043457031e+01
7.559470367431640625e+01 3.607789916992187500e+02 4.187049865722656250e+01 3.617120056152343750e+02
2.485570068359375000e+02 2.305449981689453125e+02 2.499309997558593750e+02 2.593479919433593750e+02
2.740719909667968750e+02 1.868370056152343750e+02 2.736740112304687500e+02 2.031380004882812500e+02
3.216560058593750000e+02 1.741860046386718750e+02 3.281459960937500000e+02 1.755229949951171875e+02
4.020150146484375000e+02 1.190309982299804688e+02 4.138450012207031250e+02 1.238629989624023438e+02
4.968410110473632812e+01 3.468599853515625000e+02 6.568640136718750000e+01 3.448680114746093750e+02
1.620839996337890625e+02 4.335679931640625000e+02 2.519519958496093750e+02 4.224979858398437500e+02
9.189620208740234375e+01 3.768169860839843750e+02 1.830950012207031250e+02 3.751969909667968750e+02
3.572669982910156250e+02 1.542819976806640625e+02 3.617399902343750000e+02 1.731569976806640625e+02
2.744060058593750000e+02 8.312550354003906250e+01 2.741000061035156250e+02 1.031399993896484375e+02
3.868970031738281250e+02 1.161699981689453125e+02 3.705719909667968750e+02 1.168420028686523438e+02
3.896879882812500000e+02 6.170589923858642578e-01 3.896029968261718750e+02 1.062689971923828125e+01
2.740629882812500000e+02 1.556239929199218750e+02 2.739790039062500000e+02 1.756289978027343750e+02
6.954109954833984375e+01 2.402729949951171875e+02 6.246560215950012207e-01 2.331280059814453125e+02
2.617260131835937500e+02 5.511389923095703125e+01 2.652550048828125000e+02 6.271620178222656250e+01
1.413580017089843750e+02 3.114460144042968750e+02 1.482100067138671875e+02 3.031960144042968750e+02
3.556250000000000000e+02 2.105899963378906250e+02 3.681250000000000000e+02 2.105809936523437500e+02
3.531470031738281250e+02 1.214440002441406250e+02 3.693850097656250000e+02 1.209980010986328125e+02
3.093909912109375000e+02 1.834969940185546875e+02 3.006029968261718750e+02 1.838829956054687500e+02
2.442089996337890625e+02 1.216389999389648438e+02 2.458609924316406250e+02 1.467769927978515625e+02
2.879509887695312500e+02 7.037699890136718750e+01 2.791140136718750000e+02 6.478800201416015625e+01
3.618280029296875000e+02 4.293909912109375000e+02 4.155960083007812500e+02 4.273619995117187500e+02
3.470220031738281250e+02 7.934529876708984375e+01 3.379519958496093750e+02 8.044069671630859375e+01
2.868720092773437500e+02 4.130820007324218750e+02 2.242599945068359375e+02 4.178659973144531250e+02
2.077659988403320312e+01 2.866350097656250000e+02 3.196229934692382812e+01 2.849570007324218750e+02
4.206170043945312500e+02 4.541709899902343750e+02 4.730910034179687500e+02 4.522120056152343750e+02
4.332179870605468750e+02 1.557680053710937500e+02 4.224710083007812500e+02 1.627879943847656250e+02
3.868989868164062500e+02 4.995569992065429688e+01 3.481130065917968750e+02 5.158629989624023438e+01
3.470750122070312500e+02 2.685239982604980469e+01 3.492019958496093750e+02 4.564459991455078125e+01
4.457250061035156250e+02 7.579949951171875000e+01 3.918169860839843750e+02 7.782189941406250000e+01
4.506619873046875000e+02 2.027379989624023438e+01 3.906099853515625000e+02 2.277339935302734375e+01
3.143880004882812500e+02 4.182080078125000000e+02 3.531640014648437500e+02 4.121239929199218750e+02
2.652590026855468750e+02 4.817079925537109375e+01 2.636789855957031250e+02 3.555559921264648438e+01
4.231239929199218750e+02 1.767209930419921875e+02 3.931189880371093750e+02 1.768670043945312500e+02
3.681340026855468750e+02 1.168229980468750000e+02 3.556159973144531250e+02 1.169130020141601562e+02
3.030570068359375000e+02 8.185119628906250000e+01 2.705180053710937500e+02 8.004160308837890625e+01
3.381539916992187500e+02 2.488109970092773438e+01 3.256229858398437500e+02 2.558799934387207031e+01
3.268240051269531250e+02 3.056210021972656250e+02 3.286310119628906250e+02 2.843120117187500000e+02
3.008890075683593750e+02 2.156329956054687500e+02 3.011430053710937500e+02 2.068540039062500000e+02
4.568680114746093750e+02 4.768200073242187500e+02 4.843980102539062500e+02 4.733030090332031250e+02
2.780150146484375000e+02 4.386140136718750000e+02 3.156759948730468750e+02 4.365589904785156250e+02
3.018659973144531250e+02 1.025630035400390625e+02 2.911080017089843750e+02 8.286139678955078125e+01
3.856260070800781250e+02 2.045019989013671875e+02 3.718760070800781250e+02 2.045650024414062500e+02
1.521369934082031250e+02 3.035119934082031250e+02 1.428589935302734375e+02 3.141430053710937500e+02
3.244230041503906250e+02 4.487810058593750000e+02 3.669479980468750000e+02 4.522170104980468750e+02
4.001799926757812500e+02 1.960030059814453125e+02 3.986799926757812500e+02 1.843040008544921875e+02
3.993599853515625000e+02 1.798079986572265625e+02 4.393699951171875000e+02 1.790859985351562500e+02
2.630840148925781250e+02 2.852239990234375000e+02 2.832569885253906250e+02 2.831860046386718750e+02
9.369920349121093750e+01 1.689689941406250000e+02 9.961519622802734375e+01 1.824720001220703125e+02
3.002810058593750000e+02 1.743529968261718750e+02 3.015880126953125000e+02 1.542749938964843750e+02
3.359909973144531250e+02 1.007679977416992188e+02 3.329339904785156250e+02 8.190589904785156250e+01
2.968789978027343750e+02 1.540919952392578125e+02 2.756239929199218750e+02 1.540590057373046875e+02
3.131229858398437500e+02 1.231009979248046875e+02 3.269809875488281250e+02 1.221200027465820312e+02
3.190520019531250000e+02 3.118770141601562500e+02 3.191910095214843750e+02 2.456250000000000000e+02
5.331840209960937500e+02 4.665889892578125000e+02 5.536049804687500000e+02 4.707959899902343750e+02
3.432200012207031250e+02 5.106090164184570312e+01 2.993280029296875000e+02 5.353549957275390625e+01
3.665950012207031250e+02 4.062470092773437500e+02 2.977019958496093750e+02 3.959549865722656250e+02
3.668779907226562500e+02 4.406480102539062500e+02 3.158089904785156250e+02 4.460989990234375000e+02
3.284639892578125000e+02 2.804899978637695312e+01 3.289679870605468750e+02 4.688589859008789062e+01
2.068930053710937500e+02 4.121820068359375000e+02 2.681549987792968750e+02 4.086520080566406250e+02
5.293750000000000000e+02 4.670289916992187500e+02 4.318750000000000000e+02 4.667340087890625000e+02
1.718289947509765625e+02 2.157929992675781250e+02 1.004929962158203125e+02 1.961029968261718750e+02
3.107630004882812500e+02 2.156230010986328125e+02 3.102340087890625000e+02 1.856100006103515625e+02
4.081310119628906250e+02 1.823630065917968750e+02 3.981170043945312500e+02 1.824900054931640625e+02
1.071230010986328125e+02 6.154069900512695312e+01 9.066780090332031250e+01 4.931740188598632812e+01
6.154140014648437500e+02 6.628710174560546875e+01 6.385250244140625000e+02 5.798899841308593750e+01
3.718999938964843750e+02 2.681260070800781250e+02 3.723999938964843750e+02 2.506399993896484375e+02
3.268869934082031250e+02 8.028839874267578125e+01 3.131310119628906250e+02 8.036699676513671875e+01
2.838519897460937500e+02 2.570690002441406250e+02 2.848609924316406250e+02 2.468000030517578125e+02
3.007869873046875000e+02 2.568949890136718750e+02 3.005820007324218750e+02 2.456260070800781250e+02
2.311059951782226562e+01 1.949259948730468750e+02 3.310369873046875000e+01 1.951880035400390625e+02
4.406109924316406250e+02 4.033319854736328125e+01 4.319440002441406250e+02 4.076380157470703125e+01
4.343590087890625000e+02 5.663600158691406250e+01 4.430719909667968750e+02 5.606589889526367188e+01
4.293800048828125000e+02 1.507709960937500000e+02 3.968760070800781250e+02 1.508899993896484375e+02
2.470200042724609375e+02 2.296239929199218750e+02 2.542480010986328125e+02 2.254069976806640625e+02
2.408260040283203125e+02 2.182640075683593750e+01 2.438379974365234375e+02 1.118089981079101562e+02
3.906539916992187500e+02 2.697260131835937500e+02 4.006440124511718750e+02 2.700530090332031250e+02
2.756279907226562500e+02 2.631250000000000000e+02 2.739670104980468750e+02 2.820580139160156250e+02
4.254100036621093750e+02 1.075189971923828125e+02 4.328580017089843750e+02 1.048740005493164062e+02
4.006260070800781250e+02 2.419709930419921875e+02 4.143739929199218750e+02 2.417929992675781250e+02
3.969110107421875000e+02 2.930029907226562500e+02 4.143989868164062500e+02 2.934599914550781250e+02
3.581050109863281250e+02 1.488849945068359375e+02 3.693869934082031250e+02 1.484270019531250000e+02
3.872359924316406250e+02 4.438150024414062500e+01 3.870880126953125000e+02 2.437339973449707031e+01
3.906130065917968750e+02 5.735229873657226562e+01 4.256040039062500000e+02 5.679199981689453125e+01
2.968869934082031250e+02 4.007139892578125000e+02 2.483309936523437500e+02 4.071759948730468750e+02
3.531040039062500000e+02 9.941190338134765625e+01 3.525960083007812500e+02 8.189040374755859375e+01
1.868560028076171875e+02 4.041950073242187500e+02 2.094969940185546875e+02 4.017600097656250000e+02
1.008010025024414062e+02 1.937359924316406250e+02 1.718370056152343750e+02 2.132610015869140625e+02
5.410649776458740234e+00 3.608219909667968750e+02 6.175429916381835938e+01 3.555780029296875000e+02
3.363150024414062500e+02 5.095810294151306152e-01 3.384169921875000000e+02 1.307610034942626953e+01
3.106470031738281250e+02 1.793739929199218750e+02 3.093250122070312500e+02 1.493769989013671875e+02
9.401609802246093750e+01 1.621519927978515625e+02 1.117139968872070312e+02 1.663110046386718750e+02
1.766959991455078125e+02 1.933600006103515625e+02 1.868500061035156250e+02 1.945809936523437500e+02
6.001339721679687500e+02 1.358979988098144531e+01 6.142680053710937500e+02 1.018179988861083984e+01
3.483099975585937500e+02 4.073120117187500000e+02 2.882099914550781250e+02 4.139010009765625000e+02
3.260249938964843750e+02 1.556170043945312500e+02 3.262810058593750000e+02 1.681369934082031250e+02
3.156239929199218750e+02 1.495039978027343750e+02 3.268819885253906250e+02 1.495749969482421875e+02
3.352569885253906250e+02 1.318739986419677734e+01 3.331289978027343750e+02 6.243979930877685547e-01
2.793619995117187500e+02 3.928590087890625000e+02 2.356560058593750000e+02 3.950069885253906250e+02
3.547879943847656250e+02 1.754620056152343750e+02 3.465209960937500000e+02 1.545149993896484375e+02
1.482510070800781250e+02 4.502359924316406250e+02 1.881269989013671875e+02 4.443869934082031250e+02
2.694049987792968750e+02 1.237829971313476562e+02 2.806319885253906250e+02 1.232730026245117188e+02
3.901730041503906250e+02 8.062290191650390625e+01 3.900870056152343750e+02 9.937819671630859375e+01
3.010950012207031250e+02 1.981580047607421875e+02 3.005700073242187500e+02 1.856269989013671875e+02
4.131300048828125000e+02 4.341189880371093750e+02 4.306229858398437500e+02 4.344599914550781250e+02
2.281410064697265625e+02 4.154989929199218750e+02 2.118339996337890625e+02 4.134530029296875000e+02
3.453439941406250000e+02 1.745189971923828125e+02 3.351700134277343750e+02 1.546069946289062500e+02
3.870350036621093750e+02 1.066989994049072266e+01 3.866199951171875000e+02 5.840669870376586914e-01
3.656220092773437500e+02 1.751029968261718750e+02 3.856279907226562500e+02 1.749960021972656250e+02
3.885419921875000000e+02 2.881350097656250000e+02 3.879030151367187500e+02 2.343780059814453125e+02
2.306280059814453125e+02 4.502120056152343750e+02 2.581270141601562500e+02 4.503909912109375000e+02
2.806570129394531250e+02 4.718070068359375000e+02 1.518990020751953125e+02 4.752789916992187500e+02
5.290750122070312500e+02 4.341669921875000000e+02 4.892179870605468750e+02 4.423619995117187500e+02
2.993829956054687500e+02 2.198309936523437500e+02 2.531239929199218750e+02 2.196479949951171875e+02
3.690859985351562500e+02 2.906109924316406250e+02 3.693020019531250000e+02 3.056260070800781250e+02
1.556260070800781250e+02 3.330239868164062500e+02 1.681309967041015625e+02 3.330859985351562500e+02
1.192689971923828125e+02 3.178999938964843750e+02 1.268199996948242188e+02 3.173559875488281250e+02
6.142429809570312500e+02 4.281779861450195312e+01 6.383670043945312500e+02 3.243830108642578125e+01
3.858649902343750000e+02 6.252690124511718750e+01 3.709440002441406250e+02 6.440840148925781250e+01
6.384810180664062500e+02 4.781299972534179688e+01 6.144010009765625000e+02 5.694350051879882812e+01
2.556730041503906250e+02 1.344080047607421875e+02 2.553639984130859375e+02 1.231320037841796875e+02
3.744169921875000000e+02 2.884549865722656250e+02 3.881950073242187500e+02 2.890809936523437500e+02
9.938430023193359375e+01 3.415230102539062500e+02 1.169049987792968750e+02 3.419869995117187500e+02
1.268239974975585938e+02 3.817709960937500000e+02 1.556269989013671875e+02 3.806759948730468750e+02
2.606130065917968750e+02 4.759379882812500000e+02 2.918630065917968750e+02 4.771839904785156250e+02
4.358070068359375000e+02 9.464569854736328125e+01 4.387170104980468750e+02 7.925060272216796875e+01
9.184349822998046875e+01 3.823970031738281250e+02 1.131620025634765625e+02 3.814750061035156250e+02
2.801610107421875000e+02 5.982989883422851562e+01 2.764490051269531250e+02 5.604199981689453125e+01
3.433779907226562500e+02 8.306109619140625000e+01 3.462709960937500000e+02 9.452739715576171875e+01
3.455320129394531250e+02 2.531470031738281250e+02 3.463909912109375000e+02 3.056329956054687500e+02
4.109630126953125000e+02 2.436890029907226562e+01 4.108370056152343750e+02 4.312639999389648438e+01
3.253030090332031250e+02 8.310569763183593750e+01 3.256409912109375000e+02 9.937470245361328125e+01
6.933570098876953125e+01 2.924349975585937500e+02 5.952410101890563965e-01 2.963529968261718750e+02
3.693160095214843750e+02 4.186870117187500000e+02 3.856489868164062500e+02 4.203999938964843750e+02
3.596130065917968750e+02 2.868540039062500000e+02 3.588299865722656250e+02 2.780620117187500000e+02
4.345979919433593750e+02 1.492720031738281250e+02 4.351199951171875000e+02 1.567359924316406250e+02
3.443280029296875000e+02 1.144619979858398438e+02 3.522030029296875000e+02 1.187770004272460938e+02
2.496250000000000000e+02 1.284089965820312500e+02 2.535709991455078125e+02 1.345319976806640625e+02
2.151190032958984375e+02 3.129270019531250000e+02 2.200209960937500000e+02 3.003890075683593750e+02
2.793770141601562500e+02 2.874800109863281250e+02 2.656239929199218750e+02 2.874440002441406250e+02
3.669930114746093750e+02 6.521179962158203125e+01 3.532929992675781250e+02 6.128860092163085938e+01
3.540450134277343750e+02 1.456439971923828125e+02 3.527510070800781250e+02 1.230749969482421875e+02
2.189660072326660156e+01 3.458750000000000000e+02 3.068899917602539062e+01 3.451159973144531250e+02
1.025100021362304688e+02 1.723840026855468750e+02 1.001129989624023438e+02 1.784179992675781250e+02
3.143699951171875000e+02 2.111699981689453125e+02 3.281279907226562500e+02 2.110679931640625000e+02
4.317690124511718750e+02 1.656340026855468750e+02 4.323800048828125000e+02 1.730839996337890625e+02
2.756239929199218750e+02 2.114040069580078125e+02 2.818750000000000000e+02 2.114010009765625000e+02
5.630869750976562500e+02 4.671430053710937500e+02 5.317639770507812500e+02 4.626510009765625000e+02
3.868460083007812500e+02 4.202839965820312500e+02 3.968789978027343750e+02 4.194249877929687500e+02
1.931529998779296875e+02 4.503169860839843750e+02 1.743829956054687500e+02 4.508810119628906250e+02
4.041530151367187500e+02 9.100599670410156250e+01 3.969219970703125000e+02 8.679470062255859375e+01
2.081250000000000000e+02 2.843680114746093750e+02 1.168259963989257812e+02 2.897980041503906250e+02
3.112780151367187500e+02 1.208280029296875000e+02 3.086019897460937500e+02 1.129629974365234375e+02
2.484750061035156250e+02 2.201640014648437500e+02 2.534530029296875000e+02 2.239429931640625000e+02
4.069989929199218750e+02 6.274050140380859375e+01 3.905859985351562500e+02 6.369960021972656250e+01
3.363659973144531250e+02 2.797380065917968750e+01 3.397489929199218750e+02 4.455369949340820312e+01
3.503039855957031250e+02 3.068720092773437500e+02 3.502330017089843750e+02 2.818729858398437500e+02
6.204920043945312500e+02 8.896179962158203125e+01 6.385390014648437500e+02 8.316539764404296875e+01
4.294920043945312500e+02 9.860700225830078125e+01 4.406719970703125000e+02 1.003150024414062500e+02
2.381300048828125000e+02 4.281799926757812500e+02 2.817659912109375000e+02 4.243770141601562500e+02
4.078070068359375000e+02 4.311650085449218750e+01 4.083080139160156250e+02 2.434650039672851562e+01
2.831000061035156250e+02 4.230270080566406250e+02 3.256340026855468750e+02 4.239339904785156250e+02
2.077859954833984375e+02 2.982879943847656250e+02 2.121360015869140625e+02 3.073500061035156250e+02
3.377449951171875000e+02 1.119449996948242188e+02 3.392969970703125000e+02 1.204100036621093750e+02
3.114960021972656250e+02 1.443370056152343750e+02 3.105209960937500000e+02 1.218249969482421875e+02
3.539419860839843750e+02 1.628639984130859375e+02 3.580339965820312500e+02 1.756540069580078125e+02
2.669849853515625000e+02 2.929989929199218750e+02 2.660159912109375000e+02 3.017799987792968750e+02
3.268739929199218750e+02 3.107080078125000000e+02 3.756310119628906250e+02 3.110580139160156250e+02
8.312870025634765625e+01 3.985169982910156250e+02 6.311869812011718750e+01 3.987030029296875000e+02
3.681069946289062500e+02 3.064530029296875000e+02 3.505849914550781250e+02 3.072160034179687500e+02
2.693980102539062500e+02 7.866950225830078125e+01 2.443910064697265625e+02 7.973989868164062500e+01
2.051029968261718750e+01 2.527559967041015625e+02 3.304130172729492188e+01 2.534299926757812500e+02
1.857010040283203125e+02 4.358540039062500000e+02 1.680549926757812500e+02 4.367640075683593750e+02
4.301220092773437500e+02 5.007289886474609375e+01 4.252560119628906250e+02 5.527989959716796875e+01
4.168529968261718750e+02 2.099060058593750000e+02 4.306279907226562500e+02 2.094810028076171875e+02
3.868810119628906250e+02 1.772409973144531250e+02 3.606180114746093750e+02 1.776829986572265625e+02
3.407340087890625000e+02 1.185599994659423828e+01 3.387600097656250000e+02 5.145239830017089844e-01
4.506350097656250000e+02 4.498720092773437500e+02 4.156069946289062500e+02 4.493850097656250000e+02
2.689689941406250000e+02 4.414670104980468750e+02 2.795580139160156250e+02 4.388710021972656250e+02
3.483729858398437500e+02 8.183399963378906250e+01 3.512829895019531250e+02 9.947270202636718750e+01
2.143119964599609375e+02 2.271150054931640625e+02 1.794389953613281250e+02 2.178820037841796875e+02
3.868829956054687500e+02 1.460290069580078125e+02 3.606189880371093750e+02 1.465729980468750000e+02
2.591809997558593750e+02 2.831250000000000000e+02 2.591889953613281250e+02 2.631250000000000000e+02
2.729809875488281250e+02 4.897959899902343750e+01 2.678819885253906250e+02 3.320349884033203125e+01
8.687640380859375000e+01 4.541000061035156250e+02 2.181419982910156250e+02 4.547699890136718750e+02
3.563479919433593750e+02 8.173370361328125000e+01 3.586029968261718750e+02 9.327580261230468750e+01
4.176879882812500000e+02 1.150210037231445312e+02 3.916950073242187500e+02 1.124390029907226562e+02
3.718309936523437500e+02 2.018419952392578125e+02 3.856510009765625000e+02 2.013639984130859375e+02
3.069849967956542969e+01 2.572399902343750000e+02 2.428510093688964844e+01 2.567080078125000000e+02
2.781440124511718750e+02 2.768630027770996094e+01 2.656220092773437500e+02 2.797579956054687500e+01
2.962260131835937500e+02 2.948280029296875000e+02 3.008940124511718750e+02 2.886350097656250000e+02
6.386610107421875000e+02 2.314500045776367188e+01 6.134140014648437500e+02 3.381029891967773438e+01
5.612329959869384766e+00 2.527039947509765625e+02 1.437940025329589844e+01 2.528379974365234375e+02
2.590830078125000000e+02 2.581220092773437500e+02 2.592929992675781250e+02 2.368739929199218750e+02
2.931910095214843750e+02 4.189320068359375000e+02 3.119169921875000000e+02 4.173909912109375000e+02
3.316939926147460938e+01 2.890969848632812500e+02 2.314150047302246094e+01 2.888059997558593750e+02
3.456130065917968750e+02 3.072130126953125000e+02 3.268659973144531250e+02 3.074630126953125000e+02
2.982170104980468750e+02 4.437470092773437500e+02 2.831310119628906250e+02 4.430069885253906250e+02
6.044470214843750000e+02 6.078490066528320312e+01 5.820180053710937500e+02 7.094029998779296875e+01
3.506260070800781250e+02 2.522740020751953125e+02 3.681260070800781250e+02 2.522160034179687500e+02
2.756229858398437500e+02 2.328339996337890625e+02 3.093800048828125000e+02 2.326269989013671875e+02
2.620660095214843750e+02 2.630989990234375000e+02 2.615669860839843750e+02 2.831480102539062500e+02
3.363550109863281250e+02 4.572930145263671875e+01 3.328380126953125000e+02 2.818250083923339844e+01
4.285459899902343750e+02 3.221279907226562500e+01 4.303930053710937500e+02 2.307799911499023438e+01
3.611069917678833008e-01 3.164020080566406250e+02 1.069309997558593750e+01 3.148200073242187500e+02
2.775840148925781250e+02 2.628020019531250000e+02 2.843259887695312500e+02 2.604819946289062500e+02
3.413609924316406250e+02 4.898459911346435547e-01 3.436629943847656250e+02 1.302620029449462891e+01
2.144029998779296875e+02 4.498380126953125000e+02 1.981360015869140625e+02 4.508139953613281250e+02
2.807239990234375000e+02 4.186289978027343750e+02 2.643680114746093750e+02 4.218380126953125000e+02
3.268970031738281250e+02 1.178519973754882812e+02 3.131260070800781250e+02 1.181600036621093750e+02
5.592570114135742188e+01 2.197700042724609375e+02 4.735620117187500000e+01 2.167570037841796875e+02
4.380000114440917969e+00 2.859540100097656250e+02 1.187829971313476562e+01 2.858410034179687500e+02
3.193840026855468750e+02 2.443820037841796875e+02 3.756310119628906250e+02 2.440010070800781250e+02
3.490920104980468750e+02 1.231579971313476562e+02 3.500989990234375000e+02 1.319349975585937500e+02
1.648999938964843750e+02 3.337449951171875000e+02 1.585800018310546875e+02 3.410209960937500000e+02
2.505890045166015625e+02 2.333260040283203125e+02 2.656140136718750000e+02 2.328049926757812500e+02
2.118520050048828125e+02 4.141050109863281250e+02 2.005769958496093750e+02 4.150570068359375000e+02
3.776820068359375000e+02 1.528970031738281250e+02 3.740939941406250000e+02 1.598730010986328125e+02
2.689819946289062500e+02 8.062100219726562500e+01 2.690690002441406250e+02 9.937640380859375000e+01
2.931700134277343750e+02 2.656239929199218750e+02 2.934450073242187500e+02 2.768980102539062500e+02
3.399530029296875000e+02 1.900870056152343750e+02 3.347760009765625000e+02 1.852010040283203125e+02
5.255670166015625000e+02 4.261919860839843750e+02 4.782000122070312500e+02 4.302479858398437500e+02
2.756400146484375000e+02 1.923090057373046875e+02 2.981560058593750000e+02 1.915339965820312500e+02
4.701679992675781250e+02 1.468820037841796875e+02 4.707139892578125000e+02 1.818739929199218750e+02
3.243810119628906250e+02 2.602949905395507812e+01 3.156140136718750000e+02 2.615870094299316406e+01
4.288120117187500000e+02 4.195959854125976562e+01 4.299299926757812500e+02 3.288539886474609375e+01
3.768760070800781250e+02 4.218819885253906250e+02 3.582130126953125000e+02 4.239270019531250000e+02
3.502399902343750000e+02 2.193159942626953125e+02 3.511000061035156250e+02 2.319279937744140625e+02
4.193770141601562500e+02 2.416799926757812500e+02 4.368750000000000000e+02 2.418630065917968750e+02
5.781699829101562500e+02 9.073400115966796875e+01 5.698259887695312500e+02 9.420780181884765625e+01
2.940799865722656250e+02 2.892720031738281250e+02 2.914880065917968750e+02 2.967409973144531250e+02
5.661450195312500000e+02 2.093809967041015625e+02 5.670070190429687500e+02 3.181239929199218750e+02
5.948569946289062500e+02 4.303409957885742188e+01 5.804769897460937500e+02 4.901919937133789062e+01
1.018600006103515625e+02 4.413970031738281250e+02 1.768320007324218750e+02 4.428439941406250000e+02
1.343670043945312500e+02 4.026099853515625000e+02 1.568809967041015625e+02 4.022749938964843750e+02
4.314830017089843750e+01 4.697380065917968750e+02 7.077519989013671875e+01 4.679639892578125000e+02
1.150680007934570312e+02 2.881260070800781250e+02 1.151039962768554688e+02 2.531260070800781250e+02
2.864630126953125000e+02 1.255879974365234375e+02 2.870180053710937500e+02 1.381739959716796875e+02
2.495720062255859375e+02 2.618399963378906250e+02 2.503670043945312500e+02 2.943510131835937500e+02
3.082669982910156250e+02 1.173909988403320312e+02 2.468609924316406250e+02 1.147009963989257812e+02
2.756220092773437500e+02 1.765989990234375000e+02 2.993699951171875000e+02 1.763520050048828125e+02
2.756019897460937500e+02 1.034349975585937500e+02 2.993680114746093750e+02 1.028420028686523438e+02
3.691589965820312500e+02 1.268570022583007812e+02 3.694140014648437500e+02 1.418739929199218750e+02
2.936470031738281250e+02 1.318670043945312500e+02 2.935119934082031250e+02 1.443789978027343750e+02
2.682200012207031250e+02 4.502279968261718750e+02 2.967539978027343750e+02 4.470450134277343750e+02
3.056239929199218750e+02 3.115509948730468750e+02 2.368750000000000000e+02 3.117049865722656250e+02
2.380740051269531250e+02 1.954640007019042969e+01 2.543470001220703125e+02 1.877890014648437500e+01
3.293760070800781250e+02 4.255549926757812500e+02 3.481239929199218750e+02 4.257359924316406250e+02
3.684460144042968750e+02 2.561450004577636719e+01 3.690620117187500000e+02 4.438529968261718750e+01
3.231390075683593750e+02 1.837180023193359375e+02 3.143659973144531250e+02 1.835290069580078125e+02
3.110159912109375000e+02 2.331340026855468750e+02 3.113580017089843750e+02 2.181130065917968750e+02
3.715889892578125000e+02 2.843599853515625000e+02 3.722919921875000000e+02 2.706459960937500000e+02
3.218779907226562500e+02 4.610450134277343750e+02 3.381270141601562500e+02 4.609219970703125000e+02
5.519409790039062500e+02 4.699570007324218750e+02 5.618129882812500000e+02 4.688299865722656250e+02
2.524459991455078125e+02 1.218629989624023438e+02 2.526080017089843750e+02 1.293860015869140625e+02
3.007160034179687500e+02 4.498120117187500000e+02 3.107300109863281250e+02 4.509339904785156250e+02
3.693770141601562500e+02 1.006719970703125000e+02 3.856510009765625000e+02 9.998979949951171875e+01
2.756250000000000000e+02 1.506250000000000000e+02 2.943750000000000000e+02 1.506250000000000000e+02
4.856380004882812500e+02 4.773500061035156250e+02 4.693659973144531250e+02 4.777860107421875000e+02
1.093769989013671875e+02 4.578009948730468750e+02 8.562830352783203125e+01 4.576419982910156250e+02
1.806139984130859375e+02 2.156640014648437500e+02 2.142819976806640625e+02 2.247189941406250000e+02
3.416310119628906250e+02 1.116900024414062500e+02 3.430880126953125000e+02 1.196119995117187500e+02
3.309729919433593750e+02 6.224370002746582031e-01 3.310369873046875000e+02 9.371959686279296875e+00
2.933389892578125000e+02 2.964630126953125000e+02 3.045639953613281250e+02 2.979070129394531250e+02
8.041649627685546875e+01 4.697080078125000000e+02 4.313909912109375000e+01 4.781870117187500000e+02
6.283289794921875000e+02 7.622019958496093750e+01 6.171099853515625000e+02 8.006089782714843750e+01
4.193699951171875000e+02 2.909660034179687500e+02 4.293770141601562500e+02 2.909049987792968750e+02
2.718980102539062500e+02 1.493079986572265625e+02 2.468840026855468750e+02 1.498040008544921875e+02
3.493269958496093750e+02 4.258720092773437500e+02 3.642420043945312500e+02 4.287999877929687500e+02
4.413760070800781250e+02 5.097579956054687500e+01 4.492309875488281250e+02 4.661479949951171875e+01
8.198739624023437500e+01 3.435480041503906250e+02 1.019580001831054688e+02 3.462609863281250000e+02
4.131510009765625000e+02 2.880130004882812500e+02 3.956319885253906250e+02 2.884179992675781250e+02
4.694710083007812500e+02 4.465889892578125000e+02 4.494540100097656250e+02 4.474570007324218750e+02
5.131209716796875000e+02 4.703349914550781250e+02 5.318660278320312500e+02 4.700459899902343750e+02
2.443690032958984375e+02 7.665190124511718750e+01 2.693850097656250000e+02 7.599310302734375000e+01
3.508309936523437500e+02 1.941329956054687500e+02 3.523150024414062500e+02 2.030520019531250000e+02
3.620400085449218750e+02 1.892530059814453125e+02 3.583240051269531250e+02 1.842279968261718750e+02
3.731140136718750000e+02 4.118150024414062500e+02 3.535559997558593750e+02 4.154450073242187500e+02
3.340820007324218750e+02 1.744949951171875000e+02 3.331040039062500000e+02 1.618769989013671875e+02
2.581340026855468750e+02 2.364160003662109375e+02 2.506210021972656250e+02 2.364989929199218750e+02
5.421480102539062500e+02 2.116479949951171875e+02 5.101749877929687500e+02 2.201909942626953125e+02
2.905000000000000000e+02 1.443750000000000000e+02 2.905530090332031250e+02 1.306250000000000000e+02
4.340299987792968750e+02 1.882489929199218750e+02 4.312170104980468750e+02 1.804120025634765625e+02
2.804350090026855469e+01 3.539890136718750000e+02 4.552290141582489014e-01 3.598219909667968750e+02
4.694079895019531250e+02 4.721950073242187500e+02 4.555469970703125000e+02 4.736059875488281250e+02
4.031459960937500000e+02 9.429460144042968750e+01 4.116539916992187500e+02 9.648290252685546875e+01
3.493689880371093750e+02 4.184939880371093750e+02 3.643850097656250000e+02 4.187210083007812500e+02
4.293869934082031250e+02 2.445260009765625000e+02 4.219339904785156250e+02 2.451179962158203125e+02
2.829849853515625000e+02 7.107920074462890625e+01 2.893980102539062500e+02 7.305100250244140625e+01
9.194920349121093750e+01 3.384129943847656250e+02 1.092630004882812500e+02 3.339419860839843750e+02
4.355950012207031250e+02 1.737890014648437500e+02 4.506770019531250000e+02 1.744799957275390625e+02
2.082019958496093750e+02 2.549199981689453125e+02 1.168140029907226562e+02 2.449299926757812500e+02
2.456490020751953125e+02 4.463330078125000000e+02 2.169010009765625000e+02 4.450469970703125000e+02
2.619580078125000000e+02 2.368750000000000000e+02 2.619469909667968750e+02 2.581250000000000000e+02
5.936459960937500000e+02 9.329990386962890625e+00 5.995209960937500000e+02 1.288449954986572266e+01
4.701340026855468750e+02 4.147240066528320312e+01 4.682969970703125000e+02 4.941479873657226562e+01
5.679819869995117188e+01 4.600509948730468750e+02 1.083769989013671875e+02 4.659089965820312500e+02
2.744410095214843750e+02 4.111189880371093750e+02 3.082529907226562500e+02 4.065750122070312500e+02
5.503590087890625000e+02 4.769259948730468750e+02 5.304260253906250000e+02 4.728500061035156250e+02
3.759670104980468750e+02 2.506470031738281250e+02 3.766820068359375000e+02 2.806300048828125000e+02
4.883099975585937500e+02 4.347659912109375000e+02 4.570350036621093750e+02 4.382969970703125000e+02
2.656059875488281250e+02 3.827869873046875000e+02 2.481600036621093750e+02 3.837520141601562500e+02
3.665889892578125000e+02 4.438339996337890625e+01 3.660360107421875000e+02 2.561289978027343750e+01
6.613109707832336426e-01 4.745939941406250000e+02 3.695100021362304688e+01 4.685840148925781250e+02
3.856270141601562500e+02 4.344140014648437500e+02 3.693529968261718750e+02 4.350820007324218750e+02
5.696430206298828125e+00 1.911750030517578125e+02 1.683060073852539062e+01 1.923099975585937500e+02
1.589389953613281250e+02 4.664590148925781250e+02 1.073580017089843750e+02 4.799689941406250000e+02
4.414530029296875000e+02 4.637799835205078125e+01 4.395429992675781250e+02 5.280350112915039062e+01
6.166090087890625000e+02 8.145559692382812500e+01 6.192470092773437500e+02 8.764659881591796875e+01
1.981239929199218750e+02 3.744030151367187500e+02 1.818919982910156250e+02 3.738619995117187500e+02
2.106360015869140625e+02 3.797269897460937500e+02 1.943630065917968750e+02 3.802269897460937500e+02
1.572029972076416016e+01 2.572380065917968750e+02 3.230109930038452148e+00 2.558970031738281250e+02
3.511489868164062500e+02 1.555209960937500000e+02 3.526310119628906250e+02 1.629750061035156250e+02
1.733059997558593750e+02 3.864159851074218750e+02 1.931230010986328125e+02 3.818670043945312500e+02
3.868410034179687500e+02 4.147990112304687500e+02 3.968760070800781250e+02 4.156069946289062500e+02
4.434200134277343750e+02 3.232079982757568359e+00 4.522279968261718750e+02 5.507070064544677734e+00
1.614510040283203125e+02 3.139989929199218750e+02 1.720529937744140625e+02 3.020329895019531250e+02
3.569070129394531250e+02 4.741459960937500000e+02 3.843800048828125000e+02 4.732909851074218750e+02
2.022649993896484375e+02 3.249370117187500000e+02 1.939069976806640625e+02 3.202009887695312500e+02
2.997340087890625000e+02 4.322749938964843750e+02 2.882130126953125000e+02 4.347810058593750000e+02
5.903699951171875000e+02 7.619670104980468750e+01 6.070800170898437500e+02 6.992189788818359375e+01
3.768370056152343750e+02 4.372640075683593750e+02 4.143410034179687500e+02 4.409689941406250000e+02
5.504409790039062500e+02 1.329530029296875000e+02 5.558959960937500000e+02 1.271289978027343750e+02
3.527390136718750000e+02 7.559069824218750000e+01 3.520780029296875000e+02 8.303189849853515625e+01
2.898240051269531250e+02 2.768900146484375000e+02 2.896090087890625000e+02 2.656210021972656250e+02
4.791270141601562500e+02 2.081119995117187500e+02 4.784119873046875000e+02 2.218899993896484375e+02
5.294260253906250000e+02 4.735289916992187500e+02 5.218560180664062500e+02 4.737609863281250000e+02
5.826970214843750000e+02 5.717039871215820312e+01 6.005380249023437500e+02 4.918000030517578125e+01
4.134030151367187500e+02 4.269729919433593750e+02 4.193980102539062500e+02 4.257349853515625000e+02
2.567669982910156250e+02 4.327359924316406250e+02 2.318470001220703125e+02 4.295939941406250000e+02
4.709549865722656250e+02 2.131020050048828125e+02 4.722789916992187500e+02 3.043869934082031250e+02
4.306300048828125000e+02 1.823710021972656250e+02 4.093729858398437500e+02 1.822380065917968750e+02
5.131170043945312500e+02 2.218750000000000000e+02 5.124860229492187500e+02 3.081289978027343750e+02
1.944429931640625000e+02 3.846130065917968750e+02 2.181690063476562500e+02 3.862179870605468750e+02
3.605610046386718750e+02 1.011029968261718750e+02 3.694570007324218750e+02 1.003679962158203125e+02
2.544069976806640625e+02 1.892639923095703125e+01 3.243439941406250000e+02 1.611339950561523438e+01
1.306280059814453125e+02 4.445350036621093750e+02 1.031250000000000000e+02 4.445960083007812500e+02
2.714939880371093750e+02 9.687519836425781250e+01 2.714859924316406250e+02 8.062519836425781250e+01
2.318769989013671875e+02 4.404830017089843750e+02 2.156289978027343750e+02 4.402760009765625000e+02
3.718750000000000000e+02 1.484309997558593750e+02 3.868750000000000000e+02 1.484320068359375000e+02
2.818519897460937500e+02 6.131370162963867188e+01 3.119039916992187500e+02 6.005540084838867188e+01
7.434970092773437500e+01 3.417980041503906250e+02 8.973410034179687500e+01 3.367109985351562500e+02
2.993869934082031250e+02 1.785700073242187500e+02 2.756199951171875000e+02 1.791889953613281250e+02
3.831350097656250000e+02 4.164809875488281250e+02 3.693619995117187500e+02 4.161220092773437500e+02
1.767960052490234375e+02 4.411279907226562500e+02 2.030180053710937500e+02 4.383640136718750000e+02
5.256179809570312500e+02 3.119169921875000000e+02 5.469199829101562500e+02 3.153479919433593750e+02
1.155520019531250000e+02 2.431479949951171875e+02 1.162259979248046875e+02 2.081369934082031250e+02
2.430460052490234375e+02 4.580469970703125000e+02 2.705230102539062500e+02 4.564119873046875000e+02
7.128350067138671875e+01 1.993730010986328125e+02 7.121089935302734375e+01 2.243769989013671875e+02
2.230970001220703125e+02 4.369110107421875000e+02 2.617969970703125000e+02 4.360150146484375000e+02
2.402559967041015625e+02 8.016570091247558594e+00 2.395720062255859375e+02 1.822190093994140625e+01
3.432170104980468750e+02 4.345639953613281250e+02 3.656570129394531250e+02 4.365020141601562500e+02
2.616180114746093750e+02 2.951219940185546875e+01 2.568739929199218750e+02 2.062540054321289062e+01
3.976709899902343750e+02 2.718750000000000000e+02 3.976700134277343750e+02 2.818750000000000000e+02
3.065960083007812500e+02 2.568850097656250000e+02 3.067290039062500000e+02 2.443730010986328125e+02
4.476010131835937500e+02 1.736690063476562500e+02 4.519809875488281250e+02 1.626699981689453125e+02
4.585299987792968750e+02 2.806310119628906250e+02 4.584549865722656250e+02 2.706229858398437500e+02
5.062689971923828125e+01 3.393930053710937500e+02 6.201399993896484375e+01 3.381740112304687500e+02
3.155960083007812500e+02 1.360579986572265625e+02 3.369079895019531250e+02 1.352940063476562500e+02
4.993760070800781250e+02 3.118689880371093750e+02 5.381879882812500000e+02 3.190339965820312500e+02
3.993890075683593750e+02 4.709339904785156250e+02 3.618789978027343750e+02 4.703649902343750000e+02
3.723729858398437500e+02 3.081239929199218750e+02 3.723200073242187500e+02 2.881210021972656250e+02
2.180919952392578125e+02 4.489179992675781250e+02 2.293739929199218750e+02 4.481059875488281250e+02
4.892409973144531250e+02 2.596590042114257812e+01 4.799609985351562500e+02 2.231229972839355469e+01
1.769270019531250000e+02 3.146369934082031250e+02 1.617769927978515625e+02 3.176260070800781250e+02
3.423349914550781250e+02 4.452569961547851562e+01 3.389800109863281250e+02 2.695039939880371094e+01
4.562000122070312500e+02 9.840209960937500000e+00 4.676440124511718750e+02 1.434599971771240234e+01
7.080580139160156250e+01 2.518730010986328125e+02 7.112000274658203125e+01 2.768840026855468750e+02
2.581510009765625000e+02 4.534450073242187500e+02 2.406629943847656250e+02 4.548519897460937500e+02
2.843290100097656250e+02 4.440530090332031250e+02 2.519490051269531250e+02 4.486449890136718750e+02
2.081219940185546875e+02 4.443290100097656250e+02 1.893829956054687500e+02 4.457290039062500000e+02
2.502169952392578125e+02 2.953250122070312500e+02 2.646140136718750000e+02 2.915329895019531250e+02
3.256319885253906250e+02 4.721510009765625000e+02 3.006499938964843750e+02 4.728120117187500000e+02
2.193679962158203125e+02 3.984960021972656250e+02 1.918549957275390625e+02 3.980010070800781250e+02
1.141149978637695312e+02 5.344720077514648438e+01 8.222080230712890625e+01 2.769669914245605469e+01
5.770399780273437500e+02 1.233130035400390625e+02 5.829609985351562500e+02 1.181119995117187500e+02
5.582089843750000000e+02 3.325299987792968750e+02 6.208670043945312500e+02 3.414179992675781250e+02
1.093750000000000000e+02 4.493750000000000000e+02 8.937500000000000000e+01 4.493750000000000000e+02
5.831420288085937500e+02 2.044700012207031250e+02 5.667570190429687500e+02 2.074839935302734375e+02
3.821319961547851562e+01 2.165019989013671875e+02 2.818260002136230469e+01 2.141309967041015625e+02
6.383930053710937500e+02 9.784300231933593750e+01 6.208510131835937500e+02 1.026920013427734375e+02
5.531290283203125000e+02 4.580419921875000000e+02 5.243930053710937500e+02 4.565400085449218750e+02
2.635169982910156250e+02 5.954719781875610352e-01 2.629549865722656250e+02 1.691220092773437500e+01
2.731180114746093750e+02 4.622420043945312500e+02 2.531250000000000000e+02 4.618500061035156250e+02
4.584020080566406250e+02 1.656390075683593750e+02 4.582059936523437500e+02 1.518739929199218750e+02
4.468779907226562500e+02 4.318039855957031250e+02 4.355950012207031250e+02 4.312990112304687500e+02
4.280849914550781250e+02 4.321759948730468750e+02 4.156369934082031250e+02 4.305320129394531250e+02
4.528649902343750000e+02 2.606419982910156250e+02 4.536619873046875000e+02 2.730910034179687500e+02
5.919499993324279785e-01 3.077550048828125000e+02 6.946289825439453125e+01 3.016099853515625000e+02
5.122979736328125000e+02 2.156300048828125000e+02 5.120720214843750000e+02 1.756239929199218750e+02
2.568689880371093750e+02 3.897340087890625000e+02 2.681369934082031250e+02 3.899200134277343750e+02
2.593580017089843750e+02 4.395480041503906250e+02 2.692590026855468750e+02 4.405350036621093750e+02
5.293950195312500000e+02 4.775509948730468750e+02 5.418800048828125000e+02 4.779859924316406250e+02
6.083679809570312500e+02 1.061389999389648438e+02 5.992819824218750000e+02 1.104270019531250000e+02
5.830120239257812500e+02 9.545069885253906250e+01 5.841640014648437500e+02 1.029660034179687500e+02
3.922399902343750000e+02 9.431069946289062500e+01 3.934200134277343750e+02 1.010130004882812500e+02
1.558730010986328125e+02 3.424649963378906250e+02 1.647740020751953125e+02 3.458160095214843750e+02
1.120210037231445312e+02 1.680970001220703125e+02 1.116770019531250000e+02 1.818699951171875000e+02
4.190130004882812500e+02 2.582090148925781250e+02 4.281359863281250000e+02 2.553800048828125000e+02
3.256390075683593750e+02 6.666629791259765625e+01 3.143739929199218750e+02 6.681829833984375000e+01
2.556779937744140625e+02 2.171789932250976562e+01 2.430859985351562500e+02 2.233139991760253906e+01
3.494729919433593750e+02 4.077189941406250000e+02 3.630390014648437500e+02 4.109840087890625000e+02
3.705520019531250000e+02 1.361280059814453125e+02 3.831759948730468750e+02 1.348939971923828125e+02
5.888720154762268066e-01 2.309810028076171875e+02 1.692440032958984375e+01 2.326390075683593750e+02
7.541369628906250000e+01 3.181220092773437500e+02 7.692769622802734375e+01 1.993760070800781250e+02
4.331570129394531250e+02 1.026650009155273438e+02 4.231189880371093750e+02 1.019560012817382812e+02
4.388250122070312500e+02 4.327869873046875000e+02 4.295090026855468750e+02 4.360119934082031250e+02
1.493249969482421875e+02 4.500750122070312500e+02 1.306170043945312500e+02 4.517919921875000000e+02
3.194159851074218750e+02 4.060079956054687500e+02 3.356149902343750000e+02 4.042839965820312500e+02
3.031199951171875000e+02 2.815530014038085938e+01 2.954169921875000000e+02 2.690509986877441406e+01
5.656090087890625000e+02 2.068179931640625000e+02 5.442689819335937500e+02 2.127440032958984375e+02
6.370029907226562500e+02 2.130359954833984375e+02 6.270809936523437500e+02 1.988560028076171875e+02
3.132619934082031250e+02 2.811899948120117188e+01 3.140820007324218750e+02 4.694219970703125000e+01
2.602460021972656250e+02 1.687709999084472656e+01 2.601570129394531250e+02 6.207039952278137207e-01
2.838649902343750000e+02 1.368990020751953125e+02 2.833330078125000000e+02 1.255569992065429688e+02
5.631500244140625000e+02 4.691400146484375000e+02 5.869010009765625000e+02 4.716260070800781250e+02
4.919800109863281250e+02 1.785509948730468750e+02 4.796119995117187500e+02 1.815899963378906250e+02
5.486090087890625000e+02 3.131329956054687500e+02 5.484030151367187500e+02 2.931220092773437500e+02
4.218670043945312500e+02 2.014850006103515625e+02 4.356369934082031250e+02 2.012070007324218750e+02
3.143640136718750000e+02 1.813789978027343750e+02 3.231369934082031250e+02 1.811860046386718750e+02
4.481319885253906250e+02 4.623559875488281250e+02 4.993779907226562500e+02 4.628110046386718750e+02
5.534010009765625000e+02 3.168739929199218750e+02 5.530679931640625000e+02 2.168670043945312500e+02
3.104169921875000000e+02 4.812350082397460938e+01 3.105599975585937500e+02 2.812450027465820312e+01
3.644750061035156250e+02 2.830939941406250000e+02 3.681929931640625000e+02 2.952210083007812500e+02
4.843890075683593750e+02 1.781609954833984375e+02 5.021470031738281250e+02 1.713329925537109375e+02
4.256579895019531250e+02 4.370369873046875000e+02 4.519219970703125000e+02 4.378309936523437500e+02
4.817000122070312500e+02 5.274219894409179688e+01 4.848559875488281250e+02 4.099670028686523438e+01
3.437200164794921875e+01 4.771130065917968750e+02 3.127069950103759766e+00 4.767130126953125000e+02
5.144039916992187500e+02 4.523340148925781250e+02 4.931369934082031250e+02 4.515570068359375000e+02
1.293600006103515625e+02 4.474349975585937500e+02 1.481289978027343750e+02 4.475870056152343750e+02
4.711440124511718750e+02 1.844100036621093750e+02 4.697109985351562500e+02 2.058150024414062500e+02
3.856310119628906250e+02 1.041920013427734375e+02 3.706059875488281250e+02 1.036679992675781250e+02
2.106130065917968750e+02 4.015320129394531250e+02 2.406199951171875000e+02 4.004880065917968750e+02
3.068219909667968750e+02 2.868750000000000000e+02 3.069179992675781250e+02 3.031250000000000000e+02
4.374949951171875000e+02 2.581239929199218750e+02 4.375169982910156250e+02 2.456219940185546875e+02
5.041709899902343750e+02 3.200740051269531250e+02 5.371469726562500000e+02 3.296919860839843750e+02
1.779190063476562500e+02 2.241929931640625000e+02 2.130579986572265625e+02 2.309700012207031250e+02
6.069550170898437500e+02 6.772830200195312500e+01 5.980490112304687500e+02 6.856670379638671875e+01
4.369779968261718750e+02 2.411009979248046875e+02 4.455960083007812500e+02 2.392420043945312500e+02
3.086709899902343750e+02 2.353719940185546875e+02 3.060029907226562500e+02 2.428119964599609375e+02
3.119760131835937500e+02 4.010090026855468750e+02 2.978859863281250000e+02 4.047139892578125000e+02
2.968810119628906250e+02 6.740840148925781250e+01 2.868680114746093750e+02 6.752040100097656250e+01
2.993320007324218750e+02 4.343139953613281250e+02 3.061310119628906250e+02 4.295610046386718750e+02
6.156259765625000000e+02 4.693540039062500000e+02 6.055869750976562500e+02 4.687319946289062500e+02
2.543809967041015625e+02 3.975190124511718750e+02 2.843909912109375000e+02 3.978290100097656250e+02
8.563529968261718750e+01 4.472650146484375000e+02 1.056210021972656250e+02 4.467390136718750000e+02
4.184619903564453125e+01 1.987449951171875000e+02 5.063499832153320312e+01 1.983439941406250000e+02
6.379400024414062500e+02 3.268779907226562500e+02 6.359320068359375000e+02 2.206190032958984375e+02
5.780449829101562500e+02 4.587179870605468750e+02 5.619180297851562500e+02 4.565530090332031250e+02
6.193679809570312500e+02 3.233649902343750000e+02 6.306450195312500000e+02 3.236990051269531250e+02
5.456069946289062500e+02 2.157859954833984375e+02 5.643930053710937500e+02 2.154830017089843750e+02
3.131109924316406250e+02 2.178359985351562500e+02 3.406679992675781250e+02 2.165279998779296875e+02
2.318359985351562500e+02 4.327250061035156250e+02 2.055930023193359375e+02 4.352969970703125000e+02
5.906279907226562500e+02 4.680790100097656250e+02 5.693049926757812500e+02 4.667239990234375000e+02
5.823099975585937500e+02 7.227780151367187500e+01 5.897700195312500000e+02 7.610579681396484375e+01
3.437430114746093750e+02 1.330489959716796875e+02 3.428210144042968750e+02 1.255090026855468750e+02
3.418890075683593750e+02 2.143760070800781250e+02 3.426730041503906250e+02 2.044380035400390625e+02
3.694339904785156250e+02 1.041419982910156250e+02 3.618150024414062500e+02 1.045839996337890625e+02
6.320079956054687500e+02 3.231189880371093750e+02 6.321849975585937500e+02 2.918699951171875000e+02
2.944200134277343750e+02 4.720809936523437500e+02 2.843519897460937500e+02 4.742680053710937500e+02
2.468489990234375000e+02 1.469490051269531250e+02 2.893829956054687500e+02 1.460000000000000000e+02
2.680440063476562500e+02 3.000090026855468750e+02 2.818760070800781250e+02 2.994060058593750000e+02
2.794739990234375000e+02 4.569849853515625000e+02 3.006730041503906250e+02 4.588269958496093750e+02
3.006340026855468750e+02 1.458099975585937500e+02 3.093640136718750000e+02 1.453939971923828125e+02
3.367579956054687500e+02 1.429029998779296875e+02 3.303179931640625000e+02 1.462920074462890625e+02
6.189049911499023438e+01 3.969949951171875000e+02 7.311499786376953125e+01 3.955469970703125000e+02
4.690060119628906250e+02 3.870819854736328125e+01 4.732330017089843750e+02 4.429359817504882812e+01
1.148619995117187500e+02 3.106310119628906250e+02 1.150159988403320312e+02 2.981329956054687500e+02
2.319929962158203125e+02 4.648240051269531250e+02 2.444080047607421875e+02 4.666489868164062500e+02
2.505039978027343750e+02 4.428250122070312500e+02 2.331280059814453125e+02 4.406019897460937500e+02
1.694349975585937500e+02 2.449530029296875000e+02 1.843170013427734375e+02 2.462799987792968750e+02
3.423450012207031250e+02 1.921549987792968750e+02 3.434349975585937500e+02 1.854720001220703125e+02
2.093789978027343750e+02 4.429159851074218750e+02 2.231239929199218750e+02 4.431709899902343750e+02
3.043959960937500000e+02 6.355649948120117188e+01 2.831340026855468750e+02 6.457219696044921875e+01
2.743819885253906250e+02 3.702820062637329102e+00 3.093770141601562500e+02 3.270370006561279297e+00
7.106230163574218750e+01 2.268690032958984375e+02 7.097319793701171875e+01 2.393690032958984375e+02
3.693039855957031250e+02 4.495559997558593750e+02 3.546119995117187500e+02 4.437720031738281250e+02
6.136610107421875000e+02 5.811190032958984375e+01 6.135230102539062500e+02 6.563230133056640625e+01
2.880029907226562500e+02 4.164410095214843750e+02 2.803999938964843750e+02 4.185750122070312500e+02
2.547810058593750000e+02 1.607519912719726562e+01 2.497630004882812500e+02 6.668270111083984375e+00
5.112990112304687500e+02 1.593820037841796875e+02 5.114150085449218750e+02 1.256230010986328125e+02
3.715169906616210938e+01 3.440010070800781250e+02 4.696260070800781250e+01 3.409020080566406250e+02
5.656119995117187500e+02 3.176910095214843750e+02 5.530859985351562500e+02 3.180559997558593750e+02
5.555479736328125000e+02 3.213469848632812500e+02 6.182650146484375000e+02 3.280710144042968750e+02
4.432760009765625000e+02 1.136070022583007812e+02 4.278880004882812500e+02 1.105839996337890625e+02
5.394679903984069824e-01 2.442929992675781250e+02 6.937799835205078125e+01 2.493350067138671875e+02
5.196870117187500000e+02 4.420429992675781250e+02 5.341989746093750000e+02 4.462340087890625000e+02
3.881180114746093750e+02 4.742529907226562500e+02 4.006239929199218750e+02 4.741919860839843750e+02
5.952489852905273438e+01 4.788760070800781250e+02 8.428630065917968750e+01 4.739309997558593750e+02
3.708229827880859375e+01 6.421340179443359375e+01 4.032690048217773438e+01 4.327249908447265625e+01
4.574020080566406250e+02 2.956109924316406250e+02 4.576409912109375000e+02 2.831159973144531250e+02
4.406250000000000000e+02 4.757940063476562500e+02 4.231250000000000000e+02 4.757919921875000000e+02
4.564599914550781250e+02 2.754970092773437500e+02 4.536600036621093750e+02 2.845409851074218750e+02
3.518640136718750000e+02 2.161390075683593750e+02 3.868779907226562500e+02 2.163600006103515625e+02
2.331069946289062500e+02 4.763080139160156250e+02 2.443849945068359375e+02 4.759429931640625000e+02
3.295230102539062500e+02 4.358309936523437500e+02 3.069460144042968750e+02 4.326229858398437500e+02
3.067550048828125000e+02 2.831270141601562500e+02 3.064270019531250000e+02 2.668590087890625000e+02
5.181350097656250000e+02 3.118299865722656250e+02 5.006459960937500000e+02 3.080289916992187500e+02
3.603890075683593750e+02 2.223390045166015625e+02 3.519200134277343750e+02 2.180370025634765625e+02
3.217420043945312500e+02 4.221690063476562500e+02 3.345159912109375000e+02 4.203919982910156250e+02
5.580939941406250000e+02 4.624930114746093750e+02 5.780469970703125000e+02 4.615260009765625000e+02
4.804859924316406250e+02 1.706750030517578125e+02 4.831589965820312500e+02 1.781130065917968750e+02
1.070120010375976562e+02 4.635169982910156250e+02 1.144599990844726562e+02 4.628970031738281250e+02
4.343940124511718750e+02 3.108880004882812500e+02 3.806579895019531250e+02 3.148190002441406250e+02
2.974570007324218750e+02 2.656199951171875000e+02 2.975570068359375000e+02 2.768800048828125000e+02
4.268680114746093750e+02 6.020550155639648438e+01 4.118720092773437500e+02 6.047320175170898438e+01
4.219479980468750000e+02 1.362649993896484375e+02 4.107090148925781250e+02 1.349250030517578125e+02
5.552299976348876953e+00 2.237749938964843750e+02 1.680150032043457031e+01 2.250330047607421875e+02
5.176660156250000000e+01 3.527439880371093750e+02 6.431829833984375000e+01 3.491759948730468750e+02
3.055939941406250000e+02 4.221099853515625000e+02 2.931440124511718750e+02 4.204800109863281250e+02
1.204929962158203125e+02 4.655660095214843750e+02 1.317550048828125000e+02 4.644339904785156250e+02
3.144020080566406250e+02 1.854380035400390625e+02 3.134110107421875000e+02 1.919190063476562500e+02
4.468320007324218750e+02 4.684339904785156250e+02 4.582090148925781250e+02 4.700280151367187500e+02
4.156459960937500000e+02 3.677080078125000000e+02 4.631530151367187500e+02 3.700719909667968750e+02
6.281179809570312500e+02 4.558120117187500000e+02 6.381510009765625000e+02 4.561879882812500000e+02
8.925140380859375000e+01 3.816430053710937500e+02 9.859690093994140625e+01 3.766640014648437500e+02
6.686399841308593750e+01 4.502309875488281250e+02 8.438529968261718750e+01 4.497430114746093750e+02
1.485000038146972656e+01 3.535690002441406250e+02 2.249449920654296875e+01 3.462189941406250000e+02
3.756189880371093750e+02 2.466580047607421875e+02 3.269039916992187500e+02 2.479689941406250000e+02
3.064450073242187500e+02 2.811030006408691406e+01 3.066690063476562500e+02 4.062870025634765625e+01
4.968800048828125000e+02 1.331320037841796875e+02 4.848160095214843750e+02 1.420269927978515625e+02
4.668779907226562500e+02 4.481050109863281250e+02 4.770239868164062500e+02 4.496419982910156250e+02
2.768540039062500000e+02 2.030469970703125000e+02 2.818919982910156250e+02 2.029689941406250000e+02
3.870509948730468750e+02 2.932959899902343750e+02 3.805660095214843750e+02 2.922390136718750000e+02
5.380549926757812500e+02 3.222560119628906250e+02 5.055079956054687500e+02 3.162590026855468750e+02
6.232550048828125000e+02 3.418640136718750000e+02 6.225009765625000000e+02 3.331789855957031250e+02
6.218530273437500000e+02 3.320939941406250000e+02 5.592369995117187500e+02 3.257359924316406250e+02
4.031260070800781250e+02 2.018979949951171875e+02 4.168619995117187500e+02 2.014609985351562500e+02
2.993819885253906250e+02 1.066090011596679688e+02 2.768739929199218750e+02 1.067620010375976562e+02
4.853609924316406250e+02 1.756289978027343750e+02 4.848999938964843750e+02 1.468670043945312500e+02
5.374570083618164062e+01 9.185749816894531250e+01 5.572140121459960938e+01 2.062770080566406250e+01
5.861410140991210938e+01 6.892089843750000000e+00 5.564429855346679688e+01 9.187570190429687500e+01
2.531109924316406250e+02 4.654320068359375000e+02 2.743710021972656250e+02 4.652330017089843750e+02
3.096239929199218750e+02 4.412659912109375000e+02 2.996719970703125000e+02 4.451390075683593750e+02
2.032019958496093750e+02 4.765079956054687500e+02 2.230509948730468750e+02 4.747739868164062500e+02
3.068479919433593750e+02 4.463139953613281250e+02 3.131369934082031250e+02 4.465629882812500000e+02
2.431199951171875000e+02 5.148360061645507812e+01 2.581180114746093750e+02 5.129280090332031250e+01
4.849790039062500000e+02 1.236510009765625000e+02 4.922640075683593750e+02 1.171589965820312500e+02
3.143710021972656250e+02 2.247460021972656250e+02 3.281329956054687500e+02 2.249040069580078125e+02
4.793739929199218750e+02 4.566050109863281250e+02 5.131240234375000000e+02 4.564790039062500000e+02
2.844030151367187500e+02 2.936899948120117188e+01 2.873059997558593750e+02 4.303340148925781250e+01
5.356480102539062500e+02 4.416270141601562500e+02 5.243790283203125000e+02 4.405870056152343750e+02
3.505620117187500000e+02 4.235849914550781250e+02 3.594549865722656250e+02 4.228810119628906250e+02
6.144190063476562500e+02 1.996020050048828125e+02 5.855390014648437500e+02 2.051779937744140625e+02
3.856329956054687500e+02 1.984929962158203125e+02 3.731119995117187500e+02 1.987720031738281250e+02
6.382509765625000000e+02 4.529549865722656250e+02 6.268649902343750000e+02 4.542890014648437500e+02
5.618800048828125000e+02 4.767030029296875000e+02 5.506380004882812500e+02 4.763980102539062500e+02
2.894849853515625000e+02 4.065239868164062500e+02 2.808020019531250000e+02 4.038099975585937500e+02
4.566210021972656250e+02 2.706019897460937500e+02 4.563880004882812500e+02 2.606359863281250000e+02
1.856329956054687500e+02 4.483420104980468750e+02 2.056519927978515625e+02 4.476350097656250000e+02
1.687540054321289062e+01 2.931440124511718750e+02 3.314270019531250000e+01 2.928489990234375000e+02
3.918729858398437500e+02 2.240200042724609375e+02 4.556279907226562500e+02 2.235789947509765625e+02
1.980959930419921875e+02 4.414370117187500000e+02 1.768560028076171875e+02 4.428280029296875000e+02
5.406480102539062500e+02 4.384289855957031250e+02 5.581430053710937500e+02 4.371210021972656250e+02
3.919140014648437500e+02 3.106270141601562500e+02 3.928630065917968750e+02 2.943599853515625000e+02
6.281450195312500000e+02 1.107089996337890625e+02 6.384509887695312500e+02 1.082330017089843750e+02
1.743269958496093750e+02 3.779190063476562500e+02 1.607310028076171875e+02 3.810820007324218750e+02
3.033879995346069336e-01 1.807350006103515625e+02 6.933029937744140625e+01 1.970639953613281250e+02
1.141839981079101562e+02 4.648160095214843750e+02 1.204950027465820312e+02 4.655289916992187500e+02
4.490440063476562500e+02 8.089430236816406250e+01 4.451000061035156250e+02 7.605319976806640625e+01
3.031189880371093750e+02 4.287030029296875000e+02 3.293789978027343750e+02 4.289570007324218750e+02
4.579840087890625000e+02 4.417959899902343750e+02 4.879989929199218750e+02 4.454200134277343750e+02
3.505740051269531250e+02 2.320140075683593750e+02 3.418420104980468750e+02 2.324140014648437500e+02
1.618849945068359375e+02 3.832330017089843750e+02 1.743919982910156250e+02 3.820499877929687500e+02
5.018640136718750000e+02 4.772369995117187500e+02 5.156389770507812500e+02 4.776700134277343750e+02
3.562149810791015625e+01 4.746180114746093750e+02 4.563729858398437500e+01 4.747609863281250000e+02
2.142969970703125000e+02 3.812569885253906250e+02 2.406100006103515625e+02 3.844949951171875000e+02
4.865180053710937500e+02 2.518809967041015625e+02 4.867019958496093750e+02 2.231239929199218750e+02
5.501870117187500000e+02 2.968959960937500000e+02 5.516539916992187500e+02 3.280769958496093750e+02
4.715859985351562500e+01 2.569689941406250000e+02 3.802399826049804688e+01 2.588970031738281250e+02
5.569509887695312500e+02 2.956239929199218750e+02 5.573289794921875000e+02 3.156159973144531250e+02
9.066670227050781250e+01 4.783489990234375000e+02 1.082549972534179688e+02 4.750719909667968750e+02
2.957349853515625000e+02 2.918799972534179688e+01 3.049660034179687500e+02 3.462089920043945312e+01
1.192279968261718750e+02 2.087400054931640625e+02 1.719980010986328125e+02 2.213619995117187500e+02
5.019859924316406250e+02 4.722260131835937500e+02 4.952269897460937500e+02 4.743720092773437500e+02
4.418500061035156250e+02 4.576619873046875000e+02 4.606199951171875000e+02 4.582659912109375000e+02
8.535119628906250000e+01 2.721649932861328125e+01 1.152030029296875000e+02 5.115119934082031250e+01
2.848840026855468750e+02 3.783219909667968750e+01 2.798619995117187500e+02 2.909490013122558594e+01
3.143099975585937500e+02 1.733540039062500000e+02 3.233919982910156250e+02 1.759349975585937500e+02
2.331119995117187500e+02 3.217590026855468750e+02 2.030709991455078125e+02 3.251449890136718750e+02
4.967919921875000000e+02 4.323619995117187500e+02 5.206680297851562500e+02 4.297730102539062500e+02
3.843829956054687500e+02 2.384969940185546875e+02 3.706119995117187500e+02 2.387949981689453125e+02
3.782000122070312500e+02 3.056279907226562500e+02 3.786549987792968750e+02 2.943460083007812500e+02
1.003550033569335938e+02 1.006250000000000000e+02 1.003779983520507812e+02 8.562460327148437500e+01
3.444030151367187500e+02 2.813779907226562500e+02 3.343229980468750000e+02 2.817590026855468750e+02
5.943889770507812500e+02 4.615989990234375000e+02 5.818579711914062500e+02 4.609729919433593750e+02
4.919599914550781250e+02 4.525639953613281250e+02 4.756480102539062500e+02 4.545660095214843750e+02
1.519160003662109375e+02 3.902609863281250000e+02 1.881269989013671875e+02 3.943550109863281250e+02
5.097030029296875000e+02 4.433700180053710938e+01 5.086860046386718750e+02 3.556000137329101562e+01
1.167979965209960938e+02 2.529279937744140625e+02 2.093549957275390625e+02 2.596530151367187500e+02
8.316030120849609375e+01 4.537090148925781250e+02 6.439669799804687500e+01 4.527149963378906250e+02
2.881340026855468750e+02 4.306870117187500000e+02 2.657439880371093750e+02 4.339440002441406250e+02
3.139660034179687500e+02 5.977320075035095215e-01 3.144129943847656250e+02 1.437380027770996094e+01
3.055410003662109375e+01 1.561870002746582031e+01 2.714500045776367188e+01 5.428860092163085938e+01
2.368690032958984375e+02 3.977019958496093750e+02 2.231219940185546875e+02 3.978819885253906250e+02
2.453860015869140625e+02 1.688039970397949219e+01 2.451020050048828125e+02 4.358520030975341797e+00
2.260820007324218750e+02 4.154959869384765625e+01 1.969069976806640625e+02 6.025239825248718262e-01
1.258160018920898438e+02 2.792130088806152344e+01 9.676170349121093750e+01 7.461559772491455078e-01
4.857820129394531250e+02 3.899249877929687500e+02 4.318779907226562500e+02 3.855929870605468750e+02
2.969339904785156250e+02 5.219919967651367188e+01 2.880249938964843750e+02 5.383010101318359375e+01
1.011370010375976562e+02 1.405650019645690918e+00 1.281049957275390625e+02 2.689649963378906250e+01
2.580790100097656250e+02 3.736759948730468750e+02 2.206289978027343750e+02 3.705719909667968750e+02
6.268750000000000000e+02 4.643989868164062500e+02 6.093800048828125000e+02 4.640920104980468750e+02
1.156250000000000000e+02 5.312500000000000000e+01 1.156250000000000000e+02 9.312500000000000000e+01
6.130369873046875000e+02 4.750100097656250000e+02 6.244130249023437500e+02 4.733900146484375000e+02
4.706279907226562500e+02 3.045979919433593750e+02 4.068750000000000000e+02 3.044089965820312500e+02
3.106210021972656250e+02 1.929980087280273438e+01 2.618689880371093750e+02 2.175589942932128906e+01
6.031300048828125000e+02 1.181399993896484375e+02 6.121430053710937500e+02 1.151959991455078125e+02
5.618740234375000000e+02 4.330069885253906250e+02 5.281380004882812500e+02 4.333179931640625000e+02
3.720929870605468750e+02 4.479370117187500000e+02 3.843330078125000000e+02 4.454209899902343750e+02
3.906250000000000000e+02 2.168880004882812500e+02 4.668750000000000000e+02 2.170189971923828125e+02
5.644019775390625000e+02 2.912810058593750000e+02 5.568610229492187500e+02 2.909339904785156250e+02
5.806359863281250000e+02 4.641459960937500000e+02 5.956010131835937500e+02 4.648770141601562500e+02
6.187670288085937500e+02 1.249909973144531250e+02 6.251459960937500000e+02 1.188750000000000000e+02
3.567590026855468750e+02 2.921780090332031250e+02 3.659830017089843750e+02 2.910499877929687500e+02
3.185820007324218750e+01 3.177409934997558594e+01 4.321009826660156250e+01 2.988710021972656250e+01
2.831329956054687500e+02 3.880620117187500000e+02 2.605249938964843750e+02 3.851489868164062500e+02
2.331269989013671875e+02 4.780209960937500000e+02 2.118820037841796875e+02 4.776919860839843750e+02
1.281929931640625000e+02 4.585069885253906250e+02 1.194940032958984375e+02 4.600480041503906250e+02
2.734899902343750000e+02 1.562030029296875000e+01 2.733469848632812500e+02 4.372169971466064453e+00
4.665679931640625000e+02 5.786029815673828125e+01 4.601979980468750000e+02 6.525720214843750000e+01
3.181180114746093750e+02 4.411969909667968750e+02 3.368659973144531250e+02 4.414179992675781250e+02
4.356229858398437500e+02 1.768979949951171875e+02 4.231000061035156250e+02 1.759510040283203125e+02
3.279190063476562500e+02 2.970109863281250000e+02 3.334240112304687500e+02 2.959939880371093750e+02
4.144509887695312500e+02 4.678680114746093750e+02 4.243290100097656250e+02 4.707820129394531250e+02
2.395390014648437500e+02 4.589469909667968750e+02 2.306450042724609375e+02 4.607239990234375000e+02
2.881250000000000000e+02 3.506250000000000000e+02 2.543769989013671875e+02 3.493309936523437500e+02
6.118880004882812500e+02 4.666820068359375000e+02 6.293939819335937500e+02 4.678429870605468750e+02
4.376619873046875000e+02 2.793479919433593750e+02 4.383150024414062500e+02 2.680639953613281250e+02
1.130849990844726562e+02 1.231250000000000000e+02 1.131149978637695312e+02 9.437500000000000000e+01
2.573789978027343750e+02 6.872000217437744141e+00 2.574309997558593750e+02 1.562909984588623047e+01
3.156600036621093750e+02 4.770239868164062500e+02 3.268800048828125000e+02 4.743970031738281250e+02
4.862059936523437500e+02 2.181269989013671875e+02 4.862650146484375000e+02 2.031230010986328125e+02
3.881300048828125000e+02 2.319810028076171875e+02 3.556359863281250000e+02 2.333739929199218750e+02
7.914980316162109375e+01 2.006260070800781250e+02 7.926540374755859375e+01 2.393750000000000000e+02
6.239979858398437500e+02 1.986609954833984375e+02 6.156060180664062500e+02 2.030890045166015625e+02
4.619230041503906250e+02 3.620750122070312500e+02 4.168460083007812500e+02 3.600000000000000000e+02
6.330520019531250000e+02 2.431459960937500000e+02 5.705499877929687500e+02 2.468679962158203125e+02
5.518889770507812500e+02 3.280870056152343750e+02 5.603629760742187500e+02 3.313139953613281250e+02
1.204609985351562500e+02 4.695190124511718750e+02 9.318969726562500000e+01 4.735610046386718750e+02
3.931340026855468750e+02 4.332709960937500000e+02 4.105620117187500000e+02 4.321489868164062500e+02
2.793770141601562500e+02 3.033680114746093750e+02 2.356199951171875000e+02 3.037330017089843750e+02
4.443550109863281250e+01 4.733210144042968750e+02 5.198630142211914062e+01 4.709849853515625000e+02
5.947500000000000000e+02 1.138880004882812500e+02 6.074260253906250000e+02 1.236600036621093750e+02
5.858010253906250000e+02 2.223600006103515625e+02 6.006589965820312500e+02 2.169680023193359375e+02
5.338640136718750000e+02 2.292339935302734375e+02 5.264630126953125000e+02 2.252989959716796875e+02
2.216900024414062500e+02 3.714949951171875000e+02 2.081109924316406250e+02 3.780969848632812500e+02
2.856469917297363281e+01 4.735010070800781250e+02 3.882830047607421875e+01 4.707260131835937500e+02
6.341719970703125000e+02 2.531260070800781250e+02 6.344470214843750000e+02 2.906239929199218750e+02
3.806659851074218750e+02 3.110769958496093750e+02 3.906400146484375000e+02 3.115889892578125000e+02
4.497969970703125000e+02 2.744010009765625000e+02 4.504880065917968750e+02 2.631170043945312500e+02
2.469160003662109375e+02 3.560660095214843750e+02 2.855650024414062500e+02 3.580440063476562500e+02
3.043729858398437500e+02 3.044639892578125000e+02 2.806409912109375000e+02 3.038009948730468750e+02
1.868789978027343750e+02 4.782709960937500000e+02 2.031519927978515625e+02 4.778070068359375000e+02
4.801119995117187500e+02 1.466869964599609375e+02 4.721220092773437500e+02 1.522310028076171875e+02
5.266749877929687500e+02 2.184629974365234375e+02 5.377429809570312500e+02 2.250200042724609375e+02
1.731309967041015625e+02 3.878349914550781250e+02 1.506150054931640625e+02 3.874010009765625000e+02
7.882170104980468750e+01 2.418650054931640625e+02 7.794699859619140625e+01 2.906220092773437500e+02
7.031089782714843750e+01 2.806159973144531250e+02 7.002069854736328125e+01 2.906440124511718750e+02
3.931430053710937500e+02 4.549169921875000000e+02 4.081270141601562500e+02 4.544240112304687500e+02
1.556260070800781250e+02 3.175209960937500000e+02 1.456239929199218750e+02 3.174979858398437500e+02
2.394210052490234375e+02 1.118730010986328125e+02 2.385130004882812500e+02 8.686090087890625000e+01
4.429020080566406250e+02 2.568569946289062500e+02 4.440910034179687500e+02 2.418520050048828125e+02
5.545339965820312500e+02 1.059240036010742188e+02 5.397390136718750000e+02 1.138079986572265625e+02
4.876149902343750000e+02 3.081270141601562500e+02 4.875369873046875000e+02 2.893720092773437500e+02
6.281229858398437500e+02 4.477600097656250000e+02 6.381290283203125000e+02 4.477120056152343750e+02
6.005599975585937500e+02 4.759469909667968750e+02 5.904680175781250000e+02 4.738989868164062500e+02
4.980459899902343750e+02 4.462619934082031250e+02 4.780570068359375000e+02 4.488500061035156250e+02
2.746479988098144531e+01 1.234360027313232422e+01 1.908049964904785156e+01 6.015210151672363281e+00
6.331160278320312500e+02 2.897739868164062500e+02 5.706190185546875000e+02 2.883900146484375000e+02
5.031679992675781250e+02 4.477560119628906250e+02 5.168790283203125000e+02 4.493389892578125000e+02
4.872269897460937500e+02 2.831289978027343750e+02 4.871419982910156250e+02 2.618789978027343750e+02
4.238680114746093750e+02 2.462079925537109375e+02 4.187969970703125000e+02 2.526710052490234375e+02
2.368750000000000000e+02 8.437500000000000000e+01 2.368750000000000000e+02 1.106250000000000000e+02
3.337829895019531250e+02 2.967770080566406250e+02 3.444679870605468750e+02 2.920870056152343750e+02
4.813340148925781250e+02 5.400830078125000000e+01 4.904819946289062500e+02 5.960789871215820312e+01
4.143150024414062500e+02 4.376820068359375000e+02 3.931820068359375000e+02 4.361099853515625000e+02
4.394110107421875000e+02 1.409469985961914062e+01 3.905889892578125000e+02 1.590600013732910156e+01
1.137360000610351562e+02 9.061859893798828125e+01 1.141009979248046875e+02 5.437220001220703125e+01
3.067489929199218750e+02 5.805130004882812500e+00 3.078750000000000000e+02 1.440779972076416016e+01
4.268800048828125000e+02 3.993070068359375000e+02 4.856600036621093750e+02 4.039299926757812500e+02
2.981019897460937500e+02 4.617080078125000000e+02 2.818120117187500000e+02 4.639039916992187500e+02
5.804650268554687500e+02 2.317200012207031250e+02 5.918369750976562500e+02 2.333849945068359375e+02
5.468499755859375000e+02 2.491230010986328125e+02 5.206090087890625000e+02 2.517140045166015625e+02
4.922940063476562500e+02 4.638520050048828125e+01 5.010509948730468750e+02 5.387689971923828125e+01
1.932209930419921875e+02 9.052290344238281250e+01 1.758450012207031250e+02 7.414209747314453125e+01
2.455610046386718750e+02 4.633349914550781250e+02 2.383540039062500000e+02 4.611279907226562500e+02
1.449969959259033203e+01 2.189490051269531250e+02 4.615630149841308594e+00 2.160540008544921875e+02
3.243739929199218750e+02 3.606650085449218750e+02 2.893640136718750000e+02 3.598099975585937500e+02
5.693959960937500000e+02 3.178869934082031250e+02 5.893499755859375000e+02 3.196570129394531250e+02
4.856270141601562500e+02 1.158580017089843750e+02 4.993760070800781250e+02 1.157559967041015625e+02
3.685570144653320312e+01 2.208670043945312500e+02 2.443460083007812500e+01 2.198769989013671875e+02
3.556130065917968750e+02 1.350200042724609375e+02 3.668829956054687500e+02 1.348000030517578125e+02
3.143999938964843750e+02 8.307710266113281250e+01 3.145910034179687500e+02 8.816380310058593750e+01
1.368979949951171875e+02 4.629819946289062500e+02 1.519129943847656250e+02 4.653890075683593750e+02
2.060210037231445312e+01 3.629979858398437500e+02 4.425479888916015625e+00 3.659060058593750000e+02
3.868720092773437500e+02 4.514530029296875000e+02 3.731220092773437500e+02 4.515639953613281250e+02
4.530880126953125000e+02 7.080889892578125000e+01 4.631189880371093750e+02 7.046389770507812500e+01
4.268750000000000000e+02 3.079280090332031250e+02 4.731270141601562500e+02 3.078510131835937500e+02
3.981210021972656250e+02 3.026400146484375000e+02 4.143800048828125000e+02 3.024979858398437500e+02
5.118580017089843750e+02 9.985649871826171875e+01 4.981250000000000000e+02 9.938359832763671875e+01
2.691189880371093750e+02 1.518800048828125000e+02 2.693819885253906250e+02 1.668750000000000000e+02
3.556300048828125000e+02 1.294759979248046875e+02 3.669129943847656250e+02 1.289700012207031250e+02
5.192379760742187500e+02 2.573089981079101562e+01 5.132630004882812500e+02 1.801799964904785156e+01
1.368240051269531250e+02 3.442890167236328125e+01 1.528800048828125000e+02 4.963359832763671875e+01
4.981849975585937500e+02 4.600920104980468750e+01 5.081359863281250000e+02 4.444749832153320312e+01
2.718750000000000000e+02 3.075889892578125000e+02 3.043750000000000000e+02 3.075979919433593750e+02
2.456260070800781250e+02 3.069440002441406250e+02 2.693699951171875000e+02 3.065610046386718750e+02
3.868989868164062500e+02 1.606570053100585938e+01 3.443900146484375000e+02 1.840419960021972656e+01
3.343880004882812500e+02 1.856520080566406250e+01 3.156170043945312500e+02 1.912210083007812500e+01
1.517140045166015625e+02 5.204100036621093750e+01 1.358459930419921875e+02 3.664690017700195312e+01
2.005350036621093750e+02 1.939869999885559082e+00 2.167279968261718750e+02 2.448069953918457031e+01
3.026629943847656250e+02 1.754089965820312500e+02 3.082860107421875000e+02 1.736349945068359375e+02
3.686929931640625000e+02 8.186589813232421875e+01 3.689129943847656250e+02 9.561239624023437500e+01
6.343400268554687500e+02 2.993750000000000000e+02 6.345599975585937500e+02 3.231229858398437500e+02
4.194190063476562500e+02 2.956250000000000000e+02 4.343999938964843750e+02 2.951010131835937500e+02
1.143750000000000000e+02 1.031250000000000000e+02 1.143750000000000000e+02 1.231250000000000000e+02
3.633810119628906250e+02 1.383569946289062500e+02 3.591950073242187500e+02 1.429609985351562500e+02
1.789600067138671875e+02 7.355210113525390625e+01 1.903710021972656250e+02 8.463629913330078125e+01
2.160679931640625000e+02 1.114069976806640625e+02 1.980939941406250000e+02 9.440730285644531250e+01
4.306579895019531250e+02 4.426719970703125000e+02 4.193760070800781250e+02 4.418609924316406250e+02
3.245769958496093750e+02 1.630650024414062500e+02 3.142439880371093750e+02 1.614720001220703125e+02
2.943619995117187500e+02 3.547959899902343750e+02 3.256210021972656250e+02 3.557510070800781250e+02
2.882279968261718750e+02 4.675780029296875000e+02 2.981130065917968750e+02 4.694389953613281250e+02
5.468750000000000000e+02 2.868640136718750000e+02 5.268770141601562500e+02 2.866579895019531250e+02
5.441109848022460938e+01 4.629620056152343750e+02 6.447000122070312500e+01 4.651969909667968750e+02
2.580150146484375000e+02 3.502449951171875000e+02 2.481199951171875000e+02 3.531059875488281250e+02
2.390019989013671875e+02 4.939970016479492188e+01 2.376690063476562500e+02 2.932229995727539062e+01
2.768750000000000000e+02 2.243750000000000000e+02 2.993750000000000000e+02 2.243750000000000000e+02
6.068959960937500000e+02 2.524960021972656250e+02 6.206300048828125000e+02 2.520319976806640625e+02
3.506149902343750000e+02 4.640180053710937500e+02 3.606069946289062500e+02 4.637359924316406250e+02
5.706209716796875000e+02 2.543209991455078125e+02 5.981680297851562500e+02 2.525410003662109375e+02
5.280540161132812500e+02 1.205370025634765625e+02 5.142910156250000000e+02 1.317720031738281250e+02
2.004120025634765625e+02 9.334590148925781250e+01 2.169550018310546875e+02 1.092919998168945312e+02
