88.2943 29.9951 85.2036 478.995
88.9544 43.9986 90.317 0.00981855
113.268 -0.00792801 108.083 478.99
91.0011 122.918 111.011 123.178
93.7579 244.991 92.7823 381.006
105.941 235.002 105.652 362.001
105.498 352.043 101.992 392.999
110 139 91 139
111.041 133.361 89.0674 131.95
136.098 0.0014472 132.379 250.991
137.407 118.007 135.493 478.997
142.061 175.051 140.826 200.992
139.699 371.985 140.862 347.993
138.874 346.043 140.203 319.01
143.093 317.012 144.907 152.01
142.231 152.088 136.107 28.9947
139.943 26.002 142.689 103.976
141.712 26.0136 141.918 0.00728512
142.761 391.013 143.039 352.007
142.883 389.998 141.681 453.994
146.873 399.993 142.506 479.028
146.956 399.328 171.979 397.677
170.954 264.021 174.494 439.051
172.207 275.003 175.21 72.0179
174.183 70.6448 149.951 67.3642
148.972 59.0022 146.531 28.0369
268.018 145.876 154.004 148.185
270.502 144.022 272.087 107.96
261 121 261 144
222.989 139.173 200.016 137.744
197.958 143.06 153.987 141.319
150.284 323.99 153.866 69.9981
150.998 324.985 168 325.016
167 333 152 333
150.349 336.995 151.237 393.996
151.017 394.371 171.02 393.436
180.618 141.97 182.154 72.0034
191.998 66.0332 149.078 62.9268
148.391 45.0028 145.859 394.999
138.573 478.962 141.763 442.979
145.086 31.9472 142.37 78.9636
144.964 90.0001 145.075 141.002
159.486 27.0035 159.614 45.9958
154.002 179.103 169.017 178.772
153.002 181.098 169.015 180.784
167.032 184.352 152.968 183.648
168.01 188.985 153.001 189.14
172.152 478.989 166.637 401.026
156.001 72.9105 174.013 73.1949
167.33 138.072 153.893 133.3
167.302 298.996 167.817 197.999
257.99 470.804 145.027 476.525
266.992 400.801 186.958 403.934
185.736 405.035 186.972 449.973
169.681 410.023 174.349 473.975
175 351 175 377
176.959 394.921 320.981 392.046
321.19 392.804 409.39 478.6
176.668 158.997 175.726 266.998
190.75 160.996 187.438 373.991
191.017 160.489 259.009 162.729
260.021 163.015 258.376 278.005
258.001 278.943 190 279.028
188.041 375.325 256.007 373.224
257.749 373.008 258.01 316.005
256.158 316.004 256.009 281.004
227.058 151.819 271.002 153.961
271.988 150.257 252.984 149.342
187.036 126.904 226.993 128.219
234.055 106.372 267.693 55.7957
270.24 56.1653 293.833 21.8851
325.071 30.288 348.141 24.5707
348.529 15.7177 314.282 7.78428
313.933 8.39867 291.872 10.8403
291.294 11.5711 259.872 63.315
252.688 94.4008 243.445 110.26
188.999 282.058 255 281.971
198.972 -0.0044651 188.679 65.1073
190.001 266.921 227.999 267.182
228.079 277.982 230.053 177.001
228.002 177.344 192.004 177.575
188.977 332.677 251.01 331.608
251.065 323.429 233.012 324.252
222.249 188.003 221.345 278.003
222.008 263.886 190.002 264.175
193.643 58.1533 207.48 0.114319
192.787 87.206 215.574 0.150326
190.009 289.431 219.997 288.827
220.788 288.959 222.206 315.937
203.972 75.4703 251.043 78.2806
205.416 68.1322 213.753 41.9213
193.091 189.807 221.006 191.925
206.97 71.5646 242.976 73.4596
250.024 69.7295 207.007 65.9169
209.022 445.297 226.003 444.035
205.992 172.849 229.999 173.071
246.957 54.7319 261.074 52.463
253.993 182.182 201.027 180.253
254.011 191.697 234.001 190.97
226.726 181.993 224.72 260.993
233 126 233 140
238.972 142.672 256.982 143.431
257.805 143.013 258.089 125.001
235.111 163 235.111 180
235.336 192.958 234.316 208.956
234.441 403.804 251.851 443.066
264.834 450.015 260.641 404.94
246.087 112.135 271.093 110.216
249.065 442.848 229.029 444.383
248.008 109.184 263.023 108.565
263.259 108.228 329.216 33.19
248.73 214.996 247.728 278.012
252.674 277.994 253.805 215.014
250.918 55.0011 251.178 75.0107
251.079 87.6857 276.674 47.4286
267.138 388.002 268.397 290.005
265.015 80.8298 284.045 82.4753
264.989 78.1776 284.999 77.9178
270.746 136.995 268.76 246.996
274.027 117.014 270.25 392.003
274.397 386.993 277.263 153.991
276.033 389.763 315.004 388.085
309.016 357.015 311.572 187.994
294.151 191.002 292.038 357
278.04 152.803 315.998 154.07
317.984 99.9997 313.578 386.993
439.703 0.867325 277.988 131.985
278 132 278 145
277.942 146.142 315.997 148.06
278.028 104.991 278.353 143.997
279.721 120.709 317.967 83.9662
318.073 82.8329 293.046 81.2647
292.541 81.5488 279.653 94.6587
297.919 105.915 311.726 92.7624
278.595 98.6024 294.952 81.9532
277.986 190.959 316.094 178.281
292.111 185.999 291.95 154
275.879 346.118 311.857 383.139
284.24 197.004 282.112 338.002
287.595 296.989 290.28 196.007
289.329 286.967 290.201 321.995
292.837 121.991 293.076 143.999
295.364 153.976 294.251 183.972
311.993 384.84 275.977 386.513
314.969 150.596 282.01 153.131
304.845 190.998 302.658 357.009
302.99 73.1581 329.01 74.8419
328.86 74.8447 411.342 0.378448
303.964 71.0442 343.364 28.3356
319.031 278.001 317.93 326.976
319.944 307.03 326.642 93.9887
321.451 175.989 323.117 96.0024
321.344 297.006 319.709 391.012
334.363 394.007 335.429 337.008
326.054 175.168 441.189 138.595
440.105 262.013 443.143 0.00165176
438.969 287.998 437.751 311.987
441.315 155.179 393.955 167.832
393.05 167.985 391.139 293.002
402.163 167.003 397.445 430.99
397.519 431.574 434.431 462.486
372.91 159.999 374.165 42.0018
418.469 0.536407 327.781 79.7495
331 310 331 350
331 344 331 373
325.07 181.279 347.891 175.564
348.57 178.993 345.128 395.986
345.488 396.551 359.982 410.019
370.768 431.231 418.298 478.701
387.894 443.022 389.942 357.999
333.154 448.875 357.352 478.715
330.821 442.147 360.62 478.492
338.09 179.018 335.363 342.006
345 182 345 201
350.664 276.012 352.085 314.96
374.532 176.025 370.374 432.006
346.984 390.543 368.994 391.195
332.868 400.939 378.06 437.926
352.187 393.772 367.047 405.943
357.279 179.003 356.112 274.001
362.441 182.013 358.54 311.986
362.842 283.05 362.197 307.005
370.017 382.772 355.002 383.103
369.269 217.012 368.063 243.003
369.975 425.999 368.34 478.98
367.191 169.671 400.085 160.3
377.327 53.0041 376.013 158
385.221 297.003 384.462 359.006
387 173 387 201
391.307 307.016 390.052 331.003
417.843 261.363 437.858 256.425
389.797 439.135 429.37 475.599
401.164 324.55 416.893 330.294
437.559 347.989 436.206 404.005
402.923 191.504 435.077 186.496
413.362 186.017 414.215 168.01
415 242 415 228
418.997 168.059 439.999 169.032
417 281 436 281
403.295 450.681 432.439 477.607
433.002 277.984 417 278.018
435.591 219.96 433.462 241.948
454.275 153.005 454.925 256
484.709 0.0141325 475.168 479.023
484.04 367.001 482.832 404.995
485 299 485 325
487 210 487 243
486.704 266.984 485.462 290.025
514.114 424.021 521.734 20.0138
529.218 0.00323582 527.568 110.994
527.968 110.895 638.957 76.8599
531.12 123.409 556.025 116.087
556.574 117.964 553.485 154.957
554.786 145.995 549.74 381.016
563.541 361.21 569.412 290.117
568.187 300.004 571.704 111.994
571.904 111.653 638.998 92.9917
563.589 112.99 554.328 479.034
553.902 357.998 554.216 341.985
560.431 368.015 556.533 479.019
561.65 331.013 566.037 115.001
567.64 330.024 562.142 479.005
584.203 416.469 598.086 421.775
618.783 404.991 619.671 384.028
621.109 338.004 619.702 373.988
624.886 171.997 625.258 158.979
635.793 159.042 630.69 377.993
630.186 386.052 626.12 479.005
