432.432 266.083 444.429 347.937
513.876 342.883 442.499 418.471
485.99 431.978 511.244 420.539
519.257 343.838 529.611 360.246
542.144 381.012 540.699 398.976
435.277 325.012 433.75 359.989
446.303 426.021 445.075 444.005
467.839 52.9918 464.171 125.009
225 422 248 422
428.697 437.992 429.145 474.998
498.031 407.705 520 409.996
492.166 395.198 511.179 379.212
481.151 131.891 535.938 122.633
428.26 361.976 430.853 390.014
401.378 96.011 400.677 120.02
434.346 362.077 438.244 395.089
498.158 406.255 526.706 388.527
507.267 24.0144 502.457 112.971
532.652 1.03883 525.452 122.027
445.918 354.141 452.572 405.056
454.172 456.004 453.626 478.016
508.631 0.984238 507.734 21.9886
498.603 153.044 482.411 373.957
446.301 147.019 437.217 293.013
521.476 410.636 535.328 428.749
498.856 0.910481 487.008 20.005
453.022 1.00109 446.671 129.033
512.761 151.978 500.438 288.949
474.296 413.845 483.442 431.292
461.748 147.982 447.009 354.001
443.287 373.02 441.804 393.986
427 411 427 437
427.101 377.007 425.16 405.011
237.973 262.677 429.991 270.222
226.018 424.714 249.987 426.208
499.841 297.985 493.845 359.985
473.03 406.807 494.96 410.256
428.863 331.001 429.063 357
430.947 401.002 432.291 431.987
486.741 20.987 481.763 119.988
428.555 286.018 430.038 322.04
367.004 459.877 410.989 461.343
470.097 1.00478 467.976 43.9988
466.399 52.2243 460.253 63.1424
445.875 396.011 447.301 411.973
434.816 429.009 436.311 458.984
444 396 444 413
257.009 33.3543 325.992 31.6876
327.997 32.2766 435.999 31.8601
429.898 409.994 428.674 431.982
484.34 389.303 513.067 362.071
574.056 115.382 637.997 105.982
458.418 149.028 445.334 344.956
457.011 406.034 471.198 401.638
376.024 122.322 393.999 120.984
238 265 238 391
435.352 308.069 442.156 371.983
510.019 433.705 547.989 436.171
459.823 63.992 457.106 124.005
241 77.9348 366.999 78.2674
216.193 401.016 214.581 420.049
443.73 464.018 444.673 478.022
438.601 33.9813 436.587 77.0275
58.3265 337.51 79.8336 323.74
435 466 435 478
230.315 83.9924 229.851 125.998
230 43 230 77
441.006 424.006 453.994 410.994
230 1 230 27
449.21 18.009 446.95 70.9979
432.557 286.97 431.021 310.001
432.638 366.025 434.004 386
448.95 135.727 479.822 130.033
125.015 119.784 168.011 122.851
546.399 391.046 541.386 434.045
532.478 390.056 529.918 411.99
273 95 296 95
304.006 85.3762 361.007 84.4147
450.738 437.024 452.203 452.981
1.95321 102.952 14.6374 90.6268
536.77 400.985 535.703 416.98
364.006 474.079 396.97 471.602
367 96 400 96
159.332 63.0111 157.837 107.995
268.996 28.6321 351.996 27.682
375 98 375 121
534.465 365.685 544.883 381.079
335.276 1.00538 333.793 76.996
574.033 116.003 558.998 307
129.964 50.1151 158.971 59.094
130.033 52.8933 161.776 62.7241
453.892 416.003 454.282 428.992
67.2128 350.992 71.8194 478.007
109.144 92.1152 89.1374 117.11
135.905 330.862 236.29 261.42
336.275 55.0093 334.038 121.001
430.996 434 432.343 464.985
467.7 432.98 464.633 477.975
345 10 438 10
439.491 140.023 433.422 270.973
446.251 3.0118 443.061 71.0029
501.566 168.045 496.84 227.987
537.601 168.039 526.24 344.015
573.859 2.05555 561.388 194.96
516.202 371.016 514.776 388.982
215 422 215 456
29.9293 26.0026 33.1412 112.995
208.267 304.02 207.28 317.021
502.109 148.002 501.77 167.014
531.639 364.197 540.427 380.312
233.004 124.798 422.996 128.241
435.831 418.036 440.043 437.991
557.873 417.064 588.629 478.187
81.3738 323.178 199.947 377.117
134.848 433.856 105.643 464.662
431.669 335.986 430.586 360.982
586.713 331.258 636.876 387.112
33.6057 24.0122 36.3991 113.988
202.086 287 201.963 342
267.76 81.1582 275.393 92.7409
221.147 412.995 223.257 477.992
199 14 199 67
116.044 52.0002 115.895 92.9996
389.025 305.712 404.989 307.124
168 12 168 56
340.651 17.9903 339.011 77.0003
451.04 454.003 449.442 478.029
333.995 224.129 434.001 227.968
1.10036 14.654 30.9128 23.3006
244.008 34.7167 283.975 35.8763
104.34 93.2934 86.2856 114.246
511.331 1.01973 504.598 113.976
337.257 5.0083 336.417 31.0135
86.0033 90.8502 110.014 91.3721
169 80 169 122
296.464 95.9827 295.592 122.987
524 344.942 545 344.94
473.151 149.01 455.706 409.047
507.101 352.835 517.769 359.376
341 16 386 16
552.592 399.061 548.954 434.099
115 1 115 37
338.003 178.875 433.994 181.25
548.012 389.688 577.008 390.779
528.06 385.996 529.224 404.986
463.781 429.052 466.376 439.91
182.993 124.126 226.977 126.443
337.015 221.642 432.974 225.629
502.234 19.9564 497.227 107.956
470.68 148.045 454.32 394.955
117.95 1.0002 118.101 40.0035
366 86 443 86
130 91 154 91
72.0595 389.757 93.972 395.115
258.004 127.795 424.006 130.669
297.989 34.7053 325.998 35.1317
231 268 231 390
580.955 0.996932 574.673 93.9779
238.009 173.686 433.997 179.121
238.004 220.868 323.008 223.752
444.043 141.06 436.331 273.961
161 2 161 54
157.701 1.00859 159.168 51.9952
242.152 1.00388 240.727 56.9931
65.6125 367.988 66.1803 395.996
322 22 385 22
489.109 23.9312 497.994 38.0036
365.997 83.0973 412 82.9381
462.347 1.01352 460.281 54.0109
72.0954 35.6732 117.98 49.069
380 79 435 79
241.996 279.065 295 281.997
203.288 342.012 201.881 375.995
225.996 177.202 288 176.912
221 345 221 376
217.707 354.011 218.725 381.01
1.05841 371.773 51.092 384.642
118.316 56.993 119.666 118.007
350.899 87.991 346.435 138.039
437.949 145.524 456.962 147.389
19.042 345.082 36.139 336.27
396 104 396 117
271.514 95.9857 270.809 119.994
245.947 147.036 325.537 263.317
154.448 93.3189 136.573 118.408
602.082 159.007 587.171 330.015
292.004 177.752 330.01 178.429
612.509 1.0349 606.615 86.9736
398.777 88.1532 433.802 139.136
177.096 391.664 193.872 396.448
302.016 399.777 423.955 408.623
80.7406 342.023 82.1553 357.986
326.504 35.8246 331.394 49.8629
169.211 375.984 172.785 422.94
468.674 437.069 477.325 477.931
225 1 225 23
183.103 4.80794 200.063 13.8829
561.474 201.04 549.37 344.031
234.995 407.016 251.84 412.493
203.185 404.008 201.52 443.022
182.908 62.275 227.884 77.3464
90.9046 404.888 103.866 393.843
400.401 80.7294 438.574 137.288
225.44 33.0107 224.081 89.002
318.554 170.64 340.173 203.887
62.6692 357.013 64.1585 395.994
62.6145 414.019 65.6979 478.015
59.2893 354.982 62.679 408.021
345 19 366 19
362.453 85.0379 356.523 155.96
42.179 320.535 64.0202 328.947
129.676 79.0082 130.69 119.008
290.799 81.1373 345.3 160.795
181.892 8.2102 201.769 18.4483
207 1 207 13
272.005 85.2122 302.011 84.4443
75 86 113 86
576.259 1.01629 565.741 167.984
348.013 5.64836 390.993 7.18754
342.994 25.2574 384.999 24.8994
390.022 301.692 406.011 302.846
171.128 441.26 204.01 446.945
77 367 77 383
78.259 342.016 77.258 358.016
235.002 217.947 320.982 221.44
332.055 194 331.851 217.999
326 303 342 303
51.39 385.98 56.0537 477.997
339.204 1.00489 337.717 62.9932
161.832 70.9958 162.083 121
73 84 113 84
71.9751 395.107 94.8892 400.473
337.741 75.0205 334.583 189.016
304.757 80.1657 333.182 121.876
207 87 207 124
394.001 56.8531 415.999 57.06
382.006 101.85 395.025 102.337
247.304 129.02 246.189 146.012
260.34 136.768 346.633 263.25
340 205 340 220
69.003 124.834 111.007 125.59
204.922 301.993 203.691 315.973
208.762 25.3667 222.018 33.9728
126 1 126 40
604.325 115.026 600.92 157.994
333.608 146.988 332.737 174.992
250.647 105.24 359.328 264.776
81.9883 350.031 163.178 380.527
554.986 400.402 582.987 401.368
134.087 386.998 135.337 432.991
221.813 35.0007 222.129 123
126.648 69.0094 127.985 119
584.017 363.719 601.016 364.733
280 101 293 101
251.565 84.6024 269.617 110.269
614.439 329.522 634.787 348.232
117.084 95.0024 116.488 115.985
100.112 415.994 102.869 470.007
36.5651 37.2768 45.213 50.8644
202.269 42.0108 201.261 67.0105
606.986 117.865 637.969 114.699
47.9486 1.00143 51.3733 124.017
207 32 207 69
468.955 451.009 474.094 477.982
319.976 19.3869 333.993 18.8348
342.007 35.1714 381.987 33.6489
358.141 156.906 430.363 264.757
289 389 289 431
381 104 381 117
160.991 363.02 248.221 400.485
202.199 85.005 201.523 112.013
482.881 120.56 522.934 109.755
326 299 340 299
455.527 435.077 458.954 456.007
199 74 199 123
344.468 163.051 341.867 186.986
352.665 205.231 394.418 265.712
99.0679 414.079 131.816 385.787
132 86 156 86
396.123 138.075 372.996 175.998
563.648 201.049 556.769 291.983
263 300 277 300
413.335 314.019 411.945 337.997
235.047 284 234.893 389.001
36.6112 337.03 38.3184 359.053
284.224 128.825 306.084 156.934
291.904 118.07 316.356 151.472
355.83 226.116 382.588 265.281
174.512 389.97 176.264 419.985
231 82.9844 266 82.9259
44.6681 52.0112 46.7636 114.008
614.966 0.997669 609.331 84.0224
354.513 183.319 346.728 195.83
365.626 317.263 376.453 332.682
551.579 351.616 635.255 477.831
138.794 432.018 140.26 448.978
166.024 376.998 167.318 392.974
192.374 401.313 160.002 440.001
360.014 141.859 431.084 149.181
607.623 119.053 589.808 329.984
50.8167 356.004 51.4124 382.991
409.286 380.518 422.452 398.673
222 1 222 21
208.948 79.2451 221.037 81.8285
0.997523 113.05 44.9881 115.24
295 386 295 399
73.1275 206.995 77.3961 318.985
70.7623 127.008 73.1965 201.994
264.001 296.154 286 295.994
411.276 357.012 410.332 379.014
159.282 421.017 158.267 438.016
159.702 441.013 161.219 476.991
79.0418 41.7895 94.0455 44.7709
182.026 68.8997 226.865 80.5223
318.37 154.746 331.398 173.727
378.904 317.002 379.235 338.012
1.11137 30.6397 15.0191 34.9383
225 91 225 118
353.879 179.994 352.77 203.989
489.039 433.258 506.989 434.204
78.0547 398.998 80.5924 455.018
250.162 86.9334 259.682 110.131
367.354 285.012 363.539 397.984
478.002 388.002 504.998 360.998
388.992 28.7079 427.998 29.1451
182 5 182 60
81.0475 337.887 209.884 392.276
82.0821 341.794 144.184 366.538
199.36 420.266 191.629 430.726
359 36 429 36
286.02 76.2971 302.015 75.2299
39.823 335.015 41.7156 358.023
395.024 146.016 376.712 174.817
67.8878 128.004 74.9996 322
252 32 271 32
578.155 393.894 598.014 422.99
244 44.1149 320 43.9481
335.847 225.144 349.904 240.09
110.964 44.0223 126.379 68.7635
257.483 60.9759 258.281 76.986
190.535 245.031 193.223 285.985
186.796 210.007 189.659 290.977
45.1893 327.44 58.0706 331.791
379.995 350.077 411.975 352.351
445.496 84.0203 443.858 123.994
531.24 163.014 521.815 320.989
85.0474 330.888 148.983 358.039
129.871 353.307 252.991 405.021
362.017 139.827 432.035 146.639
590.982 373.726 606.997 374.126
305.019 132.87 326 136.001
287 284 287 296
10.965 333.931 38.9054 319.813
456.567 423.088 462.423 451.914
359.783 181.148 418.181 266.877
632.812 190.983 621.54 312.957
44 25 44 44
208.988 23.0317 227.888 30.2904
78.6477 355.016 80.2144 388.99
132 84.0047 155.984 82.7021
557.858 331.11 581.049 360.962
398.028 135.911 422.177 143.433
67.1188 342.196 83.9809 331.968
560.128 412.932 571.197 433.896
300 46 300 66
27.6603 40.973 29.338 81.9862
168.828 395.902 160.397 410.655
508.993 437.121 565.973 440.467
112.289 0.992699 113.248 38.9937
121.996 127.905 147.989 126.758
101.048 202.25 186.924 185.608
242.955 395.616 282.96 398.552
594.741 394.183 606.396 410.721
591.066 405.955 637.983 474.012
112.836 52.008 114.289 81.986
244 39 244 75
308.016 135.874 326.967 138.263
310.002 83.1518 352.008 82.5364
605.365 412.433 637.878 460.083
278 98 294 98
577.188 120.877 598.214 152.859
363.683 189.793 354.562 203.713
80.9611 417.002 83.2294 452.986
258 421 258 478
279 102 279 116
13.0195 125.269 48.9761 122.67
1.09185 378.611 49.0156 389.934
153.823 387.005 156.19 477.995
106.003 460.003 115.997 449.997
541.983 52.9202 557.899 49.5251
378 100 378 119
378.001 124.08 401.009 123.837
262.98 451.409 298.99 453.199
242 29 260 29
127.119 170.002 126.777 190.013
365.035 193.023 355.8 206.867
257.02 370.733 276.984 372.22
459.995 456.001 462.491 470.918
220 465 220 478
255 60 255 77
182 77 182 122
425 19 438 19
128.847 1.00172 129.329 44.0075
433.238 230.016 431.762 251.984
127 51 127 64
400.891 139.391 414.92 143.287
555.849 303.991 553.843 338.991
527.526 13.0305 522.078 107.004
71.9598 96.003 73.767 120.018
124.989 265.974 233.976 218.944
234.707 166.004 235.986 259
413.627 362.236 424.599 379.622
398.991 15.3651 434.995 16.2102
76.0024 116.966 103.011 118.842
130 162 130 186
102.023 200.088 137.92 190.695
499.114 22.0033 498.701 36.0206
131.041 44.8759 167.103 56.6868
610.03 114.248 637.983 110.858
66.1598 339.238 83.6675 327.504
225 340 225 366
257.031 372.765 275.969 375.235
313 1 313 22
369 99 394 99
380.007 352.869 408.984 354.324
296.461 148.196 312.441 192.203
412.824 340.136 422.502 352.611
9.68013 422.558 48.5846 394.426
238.351 1.00571 237.049 81.0008
103.805 278.553 228.989 223.974
234.709 132.983 235.132 150.997
208.655 318.007 209.989 381
260 419 260 455
0.971635 11.0933 26.0831 18.7268
185.806 1.3173 218.004 20.9942
20.0915 24.995 22.4982 69.0274
442.768 93.9853 440.619 127.976
424.637 371.024 423.73 394.99
55.2777 389.9 60.6118 404.781
540.887 15.5977 569.849 7.46185
617.996 126.059 634.978 127.297
307 430 307 454
402.982 24.4756 422.99 25.2539
135.823 220.02 138.503 244.055
375.3 147.17 366.24 163.136
364.01 408.002 358.607 432.915
86.0707 327.842 135.081 349.819
310 407 310 452
594.902 455.295 612.911 461.269
283 38 283 55
532.243 136.016 531.402 149.026
134.927 334.893 200.111 290.161
416.221 311.853 427.444 328.704
554.815 339.137 578.202 370.851
310.063 1.0005 309.858 27.0068
434 202 434 216
484 6 484 20
149.071 189.383 231.055 174.297
1.00171 222.008 91.8285 203.173
612.399 404.675 632.13 428.894
189.881 206.001 190.329 244.008
254.452 346.979 255.228 363.99
319.949 186.036 327.687 197.216
530.912 93.6069 562.872 86.4306
255 302 255 330
389 38.0514 432.999 37.8672
51.9902 64.8464 69.9804 63.6939
184.105 187.457 222.889 178.519
70.8362 25.5296 82.9174 29.2671
497.818 46.9909 494.623 110.981
637.259 117.213 607.438 153.538
287 400 287 451
525.227 431.912 543.091 477.965
395.019 20.7278 415.985 22.2172
53 48 73 48
75.0049 466.005 95.9951 444.995
103.157 415.178 130.857 390.837
258 1 258 24
272 82 289 82
1.00535 325.012 98.1073 281.238
615.406 422.717 637.951 455.034
531.431 440.833 544.699 475.116
623.433 38.0306 621.103 71.0073
136.598 205.052 139.423 226.945
289.238 377.665 317.276 397.612
74.4076 462.412 97.0326 440.033
254 454 254 478
300.786 292.99 298.809 334.991
254 46 320 46
598.272 262.023 593.662 315.971
317 306 317 329
241 348 241 393
297 426 297 451
364.31 285.013 362.08 339.003
72.1154 32.6177 109.983 44.0548
131 79 152 79
136.681 169.039 139.116 188.986
303.35 289.006 301.768 383.996
85.0197 347.947 161.895 376.286
96.4394 416.982 98.3918 465.984
52 2 67 2
139.158 147.012 137.675 165.975
375 284.997 427.019 287.634
22.997 333.993 43.8083 324.576
284 434 284 450
303.091 159.966 316.396 195.853
322.017 349.672 347.997 351.048
443.927 226.996 441.687 266.982
450.11 174.008 444.168 257.012
349 314 349 340
318.016 346.741 341.989 348.19
16.2981 413.415 44.9146 392.881
299.753 337.991 298.158 381.969
374 2 390 2
210.699 159.025 212.093 175.992
206 321 206 340
269.034 455.618 295.004 457.958
217.863 88.9955 216.804 120.994
286 306 286 356
265.001 345.984 282.977 347.306
362.6 341.983 360.019 401.001
173.216 380.466 193.181 388.554
299.907 408.001 300.214 450.006
617.87 0.99074 614.733 44.9809
440.044 98.0098 436.948 111.989
316 340 316 358
379 354 379 367
377.982 383.235 406.969 385.415
233 11 233 36
613.221 68.0213 611.779 82.9787
77.8586 160.005 78.313 174.022
392.255 417.019 390.61 439.046
265 344 278 344
257.023 375.776 270.977 377.224
231.003 446.953 250.979 448.311
158 463 158 476
197 100 197 123
613.426 180.948 609.88 219.989
255.392 0.982886 256.178 18.9922
332 97 332 111
258.658 340.989 257.771 368.993
348 352 348 368
558.214 355.857 581.406 390.73
331.983 458.353 349.988 459.241
606.286 162.018 604.792 185.987
443.277 270.01 442.19 301.007
261.228 344.003 260.908 367.999
52 15 64 15
345.424 43.0515 343.839 56.1019
8.05645 319.126 37.9108 305.8
56.094 297.213 79.0401 287.091
82.4903 370.28 97.6721 359.537
317.987 379.159 344.974 381.327
566.291 180.021 565.194 195.014
606.232 261.017 604.768 280.983
306 283 319 283
179.929 364.929 199.013 346.013
259.007 346.006 245.208 362.177
380 412 376.346 437.051
