367.056 194.848 347.006 193.879
421.86 220.415 387.894 228.558
33.0485 0.900647 186.951 77.0989
156.037 194.514 142.039 195.532
171.486 204.961 169.641 182.029
137.052 35.8949 66.8618 1.28032
308.051 135.904 287.101 124.809
193.81 139.799 152.253 129.934
50.0001 216 49.9999 203
468.945 258.597 423.945 255.776
62.0001 217 61.9999 204
449.952 254.017 424.01 252.796
491.033 267.652 477.961 266.417
590.379 115.528 570.656 141.498
199.041 136.83 165.305 128.73
500.263 262.233 496.36 249.886
482.038 170.178 467.076 173.359
137.959 37.6523 115.041 40.3477
448.947 219.367 402.935 223.225
637.014 282.485 527.987 279.474
236.979 283.663 294.175 274.016
464.987 143.007 451.893 119.503
434.777 222.07 392.3 232.251
561.983 259.478 517.006 257.841
447.022 277.106 417.015 276.378
419.008 259.66 468.022 261.224
481.346 319.984 481.845 299.996
486.534 318.906 491.004 296.799
199 178.986 199 228
166 197 166 180
196.092 198.999 195.812 179.988
0.811097 284.85 304.894 257.981
604.098 240.993 602.273 215.907
366.831 18.1197 354.798 1.14314
190.025 205.763 102.015 198.865
534.004 296.891 491 297.064
400.09 15.782 372 19.0036
448.016 273.724 414.988 274.445
470.116 295.757 407.026 292.5
459.103 264.512 420.013 261.809
407.966 281.846 395.985 281.362
0.991515 289.918 88.9877 280.901
158.945 129.948 33.9701 136.422
34.9941 136.964 2.87509 142.24
557.916 257.397 514.008 254.76
208.018 175.623 448.975 169.918
607.973 114.846 589.983 115.26
204.979 175.812 169.091 179.818
305.997 191 475 191
323.779 67.242 251.144 0.842583
477.943 263.994 479.877 244.987
637.994 265.252 515.996 262.143
400.338 14.8617 395.069 1.9718
426.255 62.3439 397.945 1.02554
303.613 70.48 217.166 0.79406
320.264 68.7068 245.006 0.993347
486.001 169 638 169
576.23 262.999 576.001 219.005
315.543 70.5341 234.09 0.89521
389.906 64.0645 346.691 1.21211
373.256 67.417 319.566 1.35288
349.065 67.891 285.63 1.35242
438.867 62.0529 415.044 1.98253
280.826 71.2403 185.069 1.90478
383.573 65.3113 336.827 1.12572
411.026 69.5706 382.681 21.1871
418.685 61.1604 397.768 20.1181
362.312 68.5063 302.492 1.4529
396.126 65.5738 367.672 22.2152
223.977 252 224.084 180
546.013 265.523 637.997 268.111
442.519 287.831 449.762 267.268
336.567 67.4439 268.724 1.28352
208.96 268.606 48.0091 285.1
407.009 290.163 385.001 289.924
366.812 66.157 312.275 0.770256
561.17 56.0488 576.939 0.982388
414.412 63.3202 390.857 20.0777
309.96 70.0477 227.344 0.591377
431.265 60.8854 405.314 0.864353
444.149 61.586 422.284 0.897816
402.181 63.8886 377.014 22.9916
271.159 72.7695 167.072 0.895042
625.146 256.863 609.651 240.327
225.986 312.881 197.99 313.233
293.429 71.7473 200.932 1.08893
463.685 60.0807 448.596 1.10342
450.966 60.0113 431.455 1.1809
280.992 75.0106 177.187 0.738976
456.783 60.7711 439.289 0.915512
482.027 56.9959 473.612 1.05836
378.954 65.7981 329.699 1.22976
97.9991 162.999 98.0001 263.994
389.03 287.481 364.994 286.101
476.438 59.104 465.693 1.05675
354.644 66.3222 295.269 0.756218
468.925 57.0169 456.321 0.927937
473.938 141.667 466.963 122.013
221.047 200 220.865 179.001
420.777 251.986 422.117 230.007
124.997 257.861 104.984 258.33
628.897 0.94799 601.868 54.4388
548.278 55.0585 559.669 0.930328
637.865 15.9208 616.133 53.0777
489.32 59.0762 482.81 1.02133
298.052 69.9338 210.336 0.574844
332.007 67.9928 261.957 1.04465
495.1 55.9922 490.795 1.01603
239 111 239 96
421.333 143.683 399.853 121.186
487.769 142.836 482.647 118.862
637 189.993 546.998 190.769
498.83 211.495 484.149 216.441
572.5 61.1815 593.97 1.98908
266.099 72.8555 161.41 1.39877
342.961 67.0384 278.307 0.701035
293.142 75.1387 194.254 0.662743
528.78 56.9777 534.237 3.02402
261.81 74.2883 150.114 0.826607
249.955 74.0716 135.065 1.89619
434.102 142.919 415.97 120.225
440.137 141.898 424.025 120.237
428.966 145.189 408.801 121.167
388.621 144.221 360.767 122.037
401.265 143.701 376.896 122.118
533.295 141.829 538.596 119.902
467.414 142.83 459.216 122.911
480.7 141.804 475.15 121.958
309.015 191.184 257.106 195.327
47.9669 194.628 131.076 201.143
128.965 197.314 99.9909 194.081
294.875 274.017 296.047 213.001
603 259.971 588.002 259.794
465.916 291.998 466.243 278.981
204.067 288.416 0.995529 320.972
508 59 508 0
533.949 63.9931 542.453 1.0612
588.003 55.4343 611.478 1.2069
502.42 62.9461 500.068 0.997406
542.702 53.9491 551.758 0.958698
395.156 143.811 367.7 121.151
369.5 147.808 331.006 123.99
444.485 143.349 429.543 121.31
287.962 125.139 184.986 129.684
574.007 118.004 562.284 139.157
554.213 124.09 548.276 138.117
494.485 141.935 491.694 121.041
566.096 145.008 564.765 160.98
44.9715 225.91 48.2425 154.014
86.9888 229.293 51.0029 227.923
416.998 270.152 407 270.021
33.0361 269.539 0.979019 271.687
32.9732 274.637 1.00007 277.001
405.988 284.298 372.004 282.906
637.995 300.159 546.984 297.577
555.345 55.8377 568.697 1.92491
603.748 0.899661 582.673 53.8698
620.802 1.90605 594.542 57.2574
638.558 29.3492 624.278 52.1742
521.724 54.9824 525.098 2.00626
515.816 56.9953 517.261 1.00674
259.121 75.8134 143.251 0.613846
566.07 116.552 554.82 139.913
530.696 116.943 526.058 141.824
609.247 115.432 590.456 140.344
584.39 115.612 568.61 140.389
156.939 168.92 141.939 167.921
412.158 234.006 411.633 249.022
218.186 75.664 83.1297 0.766113
638.445 1.24338 607.709 57.3882
638.432 40.3047 628.99 53.6978
252.181 78.7081 126.246 0.603912
568.982 54.6733 585.888 1.96393
239.684 74.863 118.15 1.75098
357.012 144.982 323.24 123.62
369.344 144.5 337.347 122.495
471.14 142.947 462.897 121.039
629.025 116.025 604.938 139.938
501.498 147.973 500.013 120.999
512.076 141.954 513.219 119.011
141.019 157.907 47.8669 138.644
511.754 231.781 456.017 212.968
48.0959 269.284 129.985 262.865
225.888 73.4604 100.06 0.895416
638.182 115.19 612.102 140.106
599.867 101.971 17.956 128.033
417.29 148.765 390.818 124.197
414.926 144.073 395.033 123.968
422.203 147.772 397.607 122.381
425.507 144.44 406.65 123.312
438.146 143.893 421.56 121.323
505.102 138.998 504.723 119.005
491.418 142.103 487.872 122.023
539.977 189.857 482 191.011
454 251 454 226
85.0446 270.561 47.9612 273.513
372.878 290.169 342.995 287.048
33.8837 311.114 0.926731 315.442
205.784 312.114 1.96605 361.861
578.429 117.251 565.075 140.044
376.313 144.551 343.791 121.866
477.89 143.034 470.562 119.134
408.189 143.796 386.93 124.076
434.13 146.723 414.651 123.29
569.239 118.122 558.098 140.05
543.151 142.053 551.849 117.298
619.879 115.889 596.849 140.861
519.376 138.048 521.821 118.977
637.756 123.72 618.47 140.539
528.348 147.869 534.317 118.063
484.929 143.018 479.071 119.982
92.2304 213.005 93.2335 164.005
600.928 244.006 600.001 232.078
101.043 265.485 189.982 258.786
127.979 267.723 99.9855 269.805
353.384 285.995 353.017 256
191.451 289.291 99.0139 301.107
98.0001 301 97.9999 290
239.255 77.5695 109.257 0.566391
632.148 117.155 605.588 142.57
550.078 142.034 560.845 116.934
508 142 508 118
498.361 140.953 495.907 122.012
244.939 181.257 221.821 175.752
86.9995 198 87.0001 263
609.741 239.997 610.169 200.991
473.996 226.034 456.011 223.908
30.9964 228.173 1.98815 227.577
1.0548 231.357 86.9926 234.222
605.994 235 606.126 201.004
142.935 266.07 190.985 262.783
578.995 277.867 544.996 277.657
341.996 289.461 299.008 289.09
87.0058 303.041 47.0961 308.68
224.596 75.7121 92.2502 0.559326
213.059 75.8922 137.373 34.3216
623.379 116.355 599.674 141.633
638.142 119.153 615.315 140.34
536.359 141.107 543.21 118.063
330.002 124.087 310.99 124.427
405.967 145.035 381.138 121.853
639.167 126.203 621.556 140.677
537.863 147.304 547.854 118.948
472.961 223.272 457.006 220.958
288.342 252.985 289.158 217.004
140 202.991 140 249
158.998 231.067 141.983 230.588
143 235 189 235
514.152 235.99 513.899 257.999
309.653 287.515 256.231 299.991
400.882 146.137 376.15 124.826
522.191 142.027 525.619 118.089
129 230.064 103.001 229.872
424.926 250.999 425.157 227.992
406 256 406 237
374.745 236.661 352.038 253.719
522.922 252.434 502.042 255.303
32.9994 235 33.0002 310.004
296.167 282.742 252.141 292.629
252.921 306.356 229.9 309.185
202.02 303.097 0.9832 344.919
218.57 81.8083 137.607 38.7392
177.862 78.289 16.0804 0.832169
614.129 117.114 592.572 141.506
599.949 109.647 49.972 130.254
395.422 147.501 367.856 124.17
393.756 208.016 394.096 192.002
187 231 172 231
589.697 256.995 589.574 241.003
199 260 199 209
91.2286 307.053 92.3032 282.013
475.003 309.936 266.99 301.236
595.064 445.243 340.932 423.812
612.457 103.987 611.841 82.0045
236.913 111.998 237.218 95.0039
382.36 144.528 355.782 124.286
515.349 142.026 517.122 118.083
29.9465 191.599 0.998552 189.016
86.9481 192.478 51.0459 188.578
250.92 253.997 252.257 214.009
284.541 258.993 285.469 195.992
449.854 254.007 450.069 229.001
420.483 228.933 385.47 245.907
387.136 245.146 366.407 264.361
637.988 294.375 529.999 291.045
497.949 408.606 1.94928 366.599
369.937 426.626 1.94388 389.557
197.923 77.1494 130.004 41.9929
239.059 113.153 0.964417 125.303
387.505 145.644 358.644 123.463
383.94 148.081 354.077 125.896
34.1888 145.963 15.0938 142.485
277.218 252.976 278.407 214.981
264.986 261.004 265.19 213.996
540.594 211.336 527.166 235.094
542.183 214.109 525.718 241.832
126.01 234.633 99.0289 233.916
638.034 448.531 592.983 445.227
194.393 78.2363 119.242 39.5301
210.235 80.5582 135.99 41.019
168.084 78.8178 1.16373 1.64586
378.947 149.075 346.129 125.818
38.0374 186.564 1.95976 183.469
161 259 161 207
235 215.001 235 258.002
32.7291 226.992 33.6832 193.991
536.957 248.078 515.415 236.244
274.995 262.939 259.021 264.26
130 293 130 238
165 289 165 275
440.952 288.146 418.991 287.227
39.0006 308.994 38.9998 234.01
637.957 351.8 162.946 325.992
637.994 418.083 502.991 408.125
110.03 18.9437 76.1535 0.714739
617.886 78.0852 620.095 55.1053
312 206 312 191
213 211.001 213 255
217 234.01 217 187
273.101 230.002 273.902 196.998
637.927 257.002 638.037 204
360.044 243.056 334.299 263.099
539 265.117 518 265.118
204 309 204 288
184.572 78.8349 54.0985 14.7994
120.075 81.8121 2.04826 34.8786
228 91 228 77
614.732 96.0006 614.748 75.9998
32.9138 149.521 4.04283 144.741
38.9989 139.999 39.0002 265.007
196.977 168.61 558.999 163.922
243.168 260 243.214 211
256.175 215.019 254.128 234.121
509 244 496 244
470.982 305.445 264.032 297.201
177.812 324.256 634.039 341.044
150.143 80.6704 2.24187 16.443
130.349 81.5897 1.12025 28.7061
140.795 81.4839 2.10516 22.7517
369.907 147.138 336.61 124.575
352.381 146.383 314.582 123.057
189.958 157.613 559.999 151.917
199.976 158.815 145.988 165.908
187 210.987 187 254
542.825 256.752 514.599 238.094
351.769 245.716 332.407 261.5
47.0001 263 46.9999 239
36.0006 267 35.9998 192
637.99 316.267 488.98 310.51
95.0019 73.995 0.930077 37.1787
168.639 81.6029 1.01982 4.95661
173.185 78.6086 8.1848 0.609077
159.107 79.7601 0.968689 9.07007
101.012 82.9696 82.1226 75.6823
349.373 146.377 316.26 126.566
361.977 146.036 330.971 126.045
88.9995 199 89.0002 265
169.94 226.999 170.16 204.002
221.952 209.635 202.985 208.2
238.828 231.998 239.086 214.001
191 208.004 191 254
206.077 298.005 207.395 279.027
482.993 321.187 437.021 319.441
144.197 80.5423 1.01514 18.9648
82.9145 128.163 0.953232 136.543
636.997 150.732 354.002 155.088
573.601 205.448 560.327 193.633
448.991 211.036 428.984 206.065
156.799 233.01 157.092 209.001
572.999 258 573.059 225
105.209 329.908 8.22621 351.993
151.159 78.6399 2.10484 12.7628
1.55283 38.6339 110.979 83.0504
345.959 140.067 324.158 126.742
87.8071 155.049 50.9503 148.27
48.1908 152.956 136.199 170.014
259.988 275.998 260.073 235.998
36.0001 308 35.9999 286
0.912359 32.2292 89.006 66.9847
607.977 99.3727 210.968 114.13
130.777 164.167 99.9465 158.28
637.003 179.478 403.999 180.775
395.989 180.452 263.983 183.158
89.0001 301 88.9999 282
381.042 478.032 405.936 431.968
0.959062 42.1038 80.9906 73.0179
59.0063 66.9835 1.00874 44.977
1.16516 47.5586 84.9717 79.0746
76.8244 85.4949 2.0183 58.9485
86.495 85.3896 5.0724 55.8008
42.099 198.003 41.9539 159
636.912 202.675 579.056 199.776
126 228 126 204
405.999 219.991 388.065 222.469
91.8643 265.006 92.0642 238
365.495 234.272 329.954 258.933
125.049 283.426 107.009 281.89
567.633 22.8952 573.891 0.96899
143.959 85.0975 2.12898 25.6921
68.6638 86.0873 48.3672 79.8123
50.9424 87.1746 10.3979 73.7942
634 109.946 604.994 110.131
338.301 145.503 301.463 123.233
220.005 180.957 201.062 178.521
394.007 208.256 315.004 208.684
403.739 239.663 381.262 257.046
29.0272 280.294 3.96425 282.614
556.031 77.5181 637.992 72.7775
94.9393 83.2464 75.1553 78.3701
58.8585 86.4171 46.88 82.3538
638 104.031 611 104.046
303.139 146.69 263.97 129.066
133 218 133 205
358.839 210.266 311.153 220.701
375.919 213.743 325.824 229.437
360.573 234.32 334.447 250.712
544.101 245 544.037 217
134.736 263.01 135.121 236.002
352.664 235.494 321.468 256.199
271.102 305.614 256.019 308.116
33.9929 62.0195 1.89486 50.2877
559.847 150.513 260.032 161.065
28.0001 213 27.9999 194
180.878 228.997 181.28 210.984
347.507 235.241 320.302 252.926
348.524 228.104 309.409 248.887
121.999 253 51.0027 253
183.928 255.555 171.999 254.012
131.828 262.951 132.918 236.997
80.9974 292.053 55.0108 290.779
623.328 398.764 590.322 352.769
530.981 448.839 527.034 424.83
272.557 437.649 232.817 471.788
340.471 438.532 320.337 461.298
586.173 15.0571 589.843 3.94803
1.03187 51.9544 66.9634 76.0994
1.5369 62.4863 45.0065 75.9505
94.6544 78.0103 80.0011 72.9968
637 99 616 99
320.063 145.875 284.918 128.162
291.957 145.503 184.961 150.097
637.995 153.581 462.003 156.247
638 162.991 569 163.037
276.116 189.791 258.064 192.436
148.92 363.77 111.293 376.843
313.93 146.141 274.614 126.785
393.995 175.865 358.008 177.214
276.062 176.45 260.938 178.55
638 187 548 187
376.038 217.136 349.852 224.471
212.509 435.275 165.889 466.836
74.975 301.797 50.9692 304.749
485.241 347.044 475.078 402.014
186.223 412.414 129.113 443.209
189.941 80.1248 171.955 81.3402
