1.80746 79.4093 176.251 161.466
199 109 416 109
264 311 350 311
374.109 190.246 638.087 73.1967
264.005 309.307 351.996 307.749
253.918 1.01669 257.802 20.0404
431 133 431 163
186.999 245.803 508.999 244.601
184.76 130.001 185.1 202
257.116 0.975049 260.984 19.0034
428.003 478.323 552.001 477.152
196.401 1.27696 206.549 23.2089
455.32 300.365 638.236 392.531
4.83686 2.2202 182.251 133.661
364.334 1.09281 359.666 17.9072
552.988 476.598 638.001 474.048
103.068 266.313 146.002 257.011
367.979 0.993354 362.021 20.0066
260.175 31.9638 265.341 56.9293
0.736901 393.527 165.859 301.746
564.731 1.16564 579.295 24.8186
212.049 34.9772 223.202 58.9057
153.031 256.16 170.946 252.717
199.903 1.04341 209.24 21.8923
424.986 0.992717 413.176 23.0939
432.976 132.964 627.915 1.87423
263.459 33.1097 268.096 55.9806
163.9 157.217 234.102 189.779
169 202.119 449 201.927
193 231 216 231
545.502 245.073 542.911 262.987
406.022 35.0126 392.636 58.795
358.646 31.8922 351.281 56.0855
540.653 243.994 539.118 340.002
459.171 252.173 637.986 289.067
421.848 0.919711 410.777 21.8822
226 240 252 240
541.256 119.994 540.391 236.995
510.96 137 511.097 258
55.1047 336.227 81.9214 323.83
170.004 388.407 448.998 385.799
168.023 245.776 181.977 247.224
355.352 32.1 348.601 55.8867
513.721 134.005 515.26 214.995
53.305 337.009 52.1095 377.003
158.993 35.8794 320.941 26.0248
116.103 308.235 146.066 295.151
175 205 175 277
1.10653 277.578 130.935 253.648
89.8513 319.658 109.118 311.271
51.8496 0.914323 40.9803 19.9888
113.915 11.0754 148.259 49.7703
171.004 390.457 449.001 388.179
4.9561 358.903 46.1454 340.322
216.168 36.9208 226.086 57.9592
601.046 374.911 637.947 394.103
162.011 38.174 305.958 29.3134
270.008 130.694 314.003 131.909
1.6556 285.009 3.65885 364.009
88.3147 321.011 86.9443 358.998
186.999 132.056 267 131.97
102.9 0.942378 75.7772 47.8712
431 173 431 201
402.952 34.9732 390.73 56.8494
322.035 27.3958 460.978 35.3852
167.002 302.376 453.004 300.812
312.855 0.993342 308.637 92.9834
183.019 69.358 327.932 61.7178
521.67 1.20292 547.277 42.8298
329.028 63.4998 432.981 69.3422
576.438 1.35642 585.06 14.962
48.3005 106.996 50.332 259.996
317 130.958 425.001 131.083
1.02944 268.194 138.887 247.257
314.037 29.3654 457.017 37.7165
511.733 265.991 509.846 324.995
163.909 371.916 65.8593 477.87
163.732 376.666 71.2836 478.258
45.6449 105.004 47.1729 257.998
491 143 491 252
132.754 134.002 133.413 211.005
488.15 144.001 487.651 254.003
488.667 260.988 486.805 313.993
458.668 430.26 495.541 477.359
114.064 290 113.8 342.999
169 244 196 244
164.997 445.566 453.003 443.356
501 217.968 538.005 217.665
2.14548 394.257 29.0151 379.027
309.887 0.994838 305.723 91.9873
459.991 374.009 564.391 474.594
516.934 310.154 575.066 334.844
149.646 152.005 150.967 254
63.2429 1.13637 47.6933 28.8278
146.99 51.9942 128.171 83.1035
453.874 396.115 525.69 475.281
494.153 142.349 548.744 118.416
151 315 151 381
150.315 261.988 151.277 287.99
457.831 286.413 508.863 307.333
135.227 301.01 133.903 329.996
46.4362 286.992 47.2337 330.996
455.08 252.599 507.961 263.196
453.981 371.019 558.164 473.834
163.496 400.385 103.193 478.15
160.707 432.797 135.087 469.753
510.327 9.3163 471.99 48.9899
257 116 257 201
632.423 331.016 630.346 387.013
82.2593 277.993 83.3011 315.992
118.853 2.12152 201.261 101.784
160 158 160 251
453.991 444.006 476.866 476.096
156.176 59.8425 191.571 99.4901
469 293 469 305
457.193 157.997 458.391 248.995
545.16 121.001 544.665 243.003
128.955 30.9741 109.54 64.7354
167.003 277.405 443.004 275.532
348.022 67.0061 343.862 81.9616
1.06904 83.8501 158.336 156.27
3.08933 270.572 107.876 254.206
416.252 109.83 431.114 131.923
81.7576 122.003 83.3119 254.996
186.996 71.9369 304.978 64.6489
469 151 469 226
428.033 141.999 428.11 200
468.684 234.013 469.943 265.002
169.002 432.296 304.002 431.357
492.071 29.9571 513.888 66.0676
267.933 68.0118 270.229 80.9594
197.974 109.984 183.709 132.819
589.249 8.34486 598.664 1.53576
487.596 36.2437 509.815 73.1115
47.9442 77.0966 68.8888 89.1925
358.932 141.998 359.034 201
458.997 228.067 637.992 236.169
386.953 68.9763 378.948 84.9738
584.072 102.999 583.964 268
373.002 209.168 421.007 208.643
165.749 306.004 167.591 431.006
131 267 131 294
47 342 47 357
165.231 447.141 146.251 478.153
311.017 64.7012 427.972 71.4785
505.014 2.013 412.783 101.799
147.724 263.992 148.149 300.998
110 276 110 329
583 339 583 357
584.975 339.057 630.183 358.576
312.735 211.003 313.109 240.999
146.659 152.005 147.969 248
254.319 212.988 253.85 238.997
579.119 196.001 578.752 265.999
471.424 49.4388 418.137 104.134
472 151 472 251
187.933 139 187.888 200
512.95 13.0309 538.26 53.8386
638.308 362.016 637.118 385.006
150.77 50.8602 127.853 88.5189
153.773 303.122 168.803 299.238
313.996 431.281 452.003 430.441
514 216 514 261
429.049 212 428.781 266.999
186.727 211.006 187.685 256.028
83 325 83 343
489.879 0.897104 411.826 92.8521
344.94 68.9802 341.007 81.0022
131.192 435.146 98.3195 478.244
250.003 92.6094 403.001 93.8682
356 213 356 241
84.3046 123.996 86.1187 253.998
225 217 225 238
633.748 103.021 634.897 117.008
0.982222 112.473 44.9996 110.989
107.284 7.16735 79.5379 54.3165
454.216 68.8674 471.632 97.226
5.07737 284.342 33.9578 277.814
249 344.055 294.003 343.894
635.173 78.0018 634.939 99.9993
514 289 514 303
470.935 53.0395 492.958 89.0259
270 112.928 411.001 113.134
479.351 129.581 491.237 122.392
106.825 1.89536 79.5974 47.3578
228.974 70.0111 234.965 84.0148
497.756 142.005 499.309 216.994
162.996 159 162.91 239
459.067 298.86 575.9 355.207
254.362 117.996 255.272 199.997
313 242 355 242
132.139 0.894072 202.944 94.0423
472.812 51.1136 491.652 82.2111
309 119 309 201
196 219 215 219
216 242.979 265 243.065
53.9309 357.871 154.892 303.798
136.003 3.09566 181.989 1.65191
489.92 32.0492 514.952 73.0295
6.84712 383.713 43.9682 363.94
296 211 296 241
97.7687 0.8607 74.8496 38.9094
155.363 50.203 131.343 93.1914
585.952 101.876 632.847 83.607
267 217 267 242
247 280.062 443 279.87
133.628 36.7942 113.709 72.8392
580 142 580 183
238 293.934 387 294.158
544 290 544 315
162.442 437.282 140.524 471.697
572.205 1.87171 586.34 24.414
559.857 85.6978 576.84 77.6614
443 249 443 274
113.797 0.880403 80.7935 56.8783
116.972 9.0248 151.123 47.8918
544 323 544 338
360.688 118.004 361.668 201.004
256.755 211.005 258.324 287.993
90.0852 266.404 125.965 258.832
201.002 442.394 442 441.073
154 445 154 471
455.015 157 454.962 262
55.0009 246.24 157 245.877
449.001 1.9285 485.998 2.26169
51.9924 87.0178 66.0076 92.9822
316 213 316 240
313.005 246.696 413.997 248.218
7.04928 371.101 44.0416 353.085
108.003 410.003 127.997 389.997
133.66 29.7971 107.231 74.1376
519.133 8.92061 543.725 50.1642
634.358 122.003 632.806 284.998
60.4638 0.700601 45.1685 28.0941
110.024 148 109.953 249.001
54.0036 274.016 77.936 268.711
421.271 333.007 419.701 393.992
237.999 134.961 299.994 133.697
419 243 450 243
190.003 248.31 300.002 247.19
163.222 70.1322 146.024 99.0144
190 281 236 281
544.35 349.005 542.842 449.998
556.889 32.8548 573.253 20.3306
518.33 1.79779 548.596 51.247
4.04311 287.196 80.8559 270.343
164 294.94 239.002 295.128
583.097 359.8 628.978 382.045
372 210 372 240
270.985 216.428 293.992 217.223
507.158 8.15384 468.661 47.67
207 96 410 96
201.993 216.424 252.998 215.839
314 211.009 335.998 211.206
48.2621 1.16617 36.9687 18.9802
511.611 1.63023 543.938 55.0374
56.42 1.25744 41.904 24.9412
157.008 18.136 197.976 15.6045
307 211 307 275
568.094 0.943656 578.945 19.0332
178.66 212.009 180.117 265.997
278.011 323.857 295.977 325.29
308.669 210.008 310.64 293.009
562.973 89.9238 587.998 80.9935
434.642 257.978 435.156 272.995
163.644 306.005 165.385 435.008
125.486 28.6952 108.772 56.8648
415.877 115.081 425.076 128.949
442.815 179.989 443.09 199.999
391 293.067 454 292.973
457.43 435.436 465.316 445.759
512.207 455.809 529.461 474.576
61.9941 8.92693 86.9936 6.92076
0.999505 97.9926 22.9687 96.5298
266.999 299.87 372.996 298.655
457.099 394.914 468.269 407.766
416.379 223.064 413.852 237.975
297 303 297 325
461.001 56.0011 437.999 78.9989
199.974 113.856 256.989 112.538
457.266 440.805 483.523 476.616
619.053 277.703 637.983 281.094
378.945 304 379.007 393
161.166 399.144 138.828 424.85
442.334 83.7988 456.951 108.03
315 134 419 134
112 136 112 250
272.982 212.628 290.987 211.74
551.068 267.66 577.984 273.082
118.293 317.657 129.327 312.732
55.1201 347.249 80.0908 335.188
167 437 304 437
173.806 84.8877 160.576 107.755
359 211 359 287
580.993 271.091 596.976 272.318
495.085 310.776 536.739 326.684
491.249 321.003 490.434 401.004
307 149 307 201
178.005 326.361 275.999 324.955
183.014 55.2226 258.971 50.526
353 212 353 234
58.6907 216.009 59.8104 256.005
302 400 316 400
317 36.983 390 36.9825
199.274 116.194 189.675 129.77
131 145 131 245
48.5182 378.016 51.8583 478.005
321 325 370 325
83.6365 352.008 85.9193 452.002
331.001 435.804 429.004 436.428
267.002 272.859 304.008 273.281
320 303 320 323
157.817 56.1587 196.818 101.158
268.989 209.218 290.999 208.921
547.013 233.846 573.002 235.981
1 246 45 246
586.762 350.517 629.004 369.992
53.805 383.006 56.5095 473.985
450.921 74.048 470.313 105.809
0.928367 274.591 44.9798 266.885
546.117 334.753 629.058 373.877
7.02535 375.05 44.8966 355.797
226.996 37.6318 302.997 36.7508
133.7 224.996 134.114 295.999
285.06 219.993 287.092 236.989
460.024 294.936 484.056 303.849
380 395 418 395
438 436 452 436
209.003 15.0503 305.004 9.06344
271 243 295 243
89.6556 430.019 91.2978 459.984
527.871 2.08055 555.933 47.0417
243.004 70.9011 277.985 72.3657
549.899 118.718 570.74 111.272
185.145 97.0838 173.011 118.006
518.109 61.14 532.77 49.7046
474.008 150.019 485.922 144.82
118.003 238.945 141.989 240.212
429.802 96.1226 445.862 122.086
476.211 386.755 485.903 395.112
90.0659 332.138 108.213 323.444
115.509 387.045 112.708 418.974
512.393 332.013 508.474 452.983
458.283 305.005 456.757 392.996
50.9912 134.793 102.983 132.588
637 243 637 280
318.656 326.995 319.141 384.999
88.8145 381.994 89.0808 418.999
496.318 27.8076 518.14 63.9152
314.019 70.5327 376.998 73.0612
175 181 175 200
320 233 342 233
599.15 242.003 598.628 266.014
273 69 303 69
167.117 69.0725 145.855 103.528
108.919 444.931 97.8699 457.889
161.794 258.012 163.884 294.007
55.1818 350.352 69.0853 343.165
144 220 144 240
177.019 47.3172 304.042 39.7051
468.545 56.6746 489.737 92.1571
519.07 363 518.856 425.003
452.773 71.1378 469.782 99.1326
380 213 412 213
314 69 342 69
202.971 80.5081 301.979 74.6419
586.996 111.87 632 112.062
255 249 255 286
149.102 465.074 140.354 477.255
328 235 340 235
5.68724 411.01 7.78761 478.007
318 446 318 478
399.003 80.1194 414.019 79.7312
170 300 222 300
542 462 542 474
97 39 115 39
191 135 216 135
204 94 248 94
582.025 237.558 638.015 240.735
577.317 384.006 575.726 472.995
63.0275 24.3805 82.9954 22.9365
372 303 372 324
630.804 406.995 629.024 472.001
476.29 48.8224 496.728 82.1665
584.084 273.561 638.022 283.884
388 297.94 458.002 298.127
545.786 331.452 574.891 345.231
471.675 409.301 504.846 445.143
314.993 437.685 362.999 438.148
173.999 44.9825 281.962 38.3771
358.994 42.1058 444.005 46.9158
589 108 589 182
271.851 158.015 273.276 171.972
519 214 537 214
579.805 278.994 578.674 316.99
165 290 180 290
516.981 233.611 534.994 234.177
470.081 311.002 468.656 379.993
137 411 137 430
474.829 459.119 482.602 470.278
176.856 84.9133 167.126 101.076
434.865 81.0726 451.578 112.226
637 114 637 180
480.991 387.24 508.99 388.264
129.407 325.996 130.258 404.997
124.906 1.07467 164.709 51.2313
315.006 35.157 352.988 33.6917
282 71 303 71
0.999283 134.975 43.9929 133.752
139 388 157 388
157.796 71.8795 144.096 95.0566
249.89 156.943 243.476 169.248
277.818 159.02 279.25 171.972
460 209 486 209
250.03 330.298 263.99 328.9
541 347 541 363
57 390 125 390
458.2 67.8774 474.853 95.0897
490 412 490 427
161.988 443.416 189.996 442.821
13.8937 194.994 10.4654 260.972
582.264 384.005 580.703 472.995
539.124 409.003 538.691 430.014
66 228 66 256
7.98467 360.966 43.9766 344.947
23.0103 385.779 81.9749 388.537
110.661 339.007 111.955 404.001
181.817 80.9053 165.561 112.291
420.94 106.037 432.792 125.129
337 161 357 161
314.952 39.6822 348 42
166.325 77.2122 156.76 91.843
3.00917 100.269 32.0095 99.2783
595.997 99.0582 624.987 100.293
51.2602 274.995 52.2925 333.995
638 411 638 426
637 433 637 471
517.994 210.901 537.981 209.688
518.461 438.045 516.813 455.079
316.001 8.98587 460.023 17.6214
95.0193 42.2849 116.986 40.7995
559 132 579 132
165 246 165 267
138 390 158 390
262.016 142.403 302.991 140.772
362 219 362 285
586 240 598 240
631.068 241 630.858 277.005
633.928 289.997 632.663 318.985
289.716 459.016 290.803 478.011
602.014 241.83 627.998 244.025
86.8175 270.995 87.0901 316.999
126.694 330.008 128.212 387.994
588.405 375.01 586.01 472
214.855 448.002 215.309 478.01
270 35 304 35
517.997 201.968 537.038 200.488
488 320 488 355
94.0118 386.733 124.996 388.099
303.044 74.2165 395.979 79.3852
182.787 94.8734 173.143 111.085
3.16327 396.991 2.92016 419.999
619.007 237.812 638.018 238.524
381 332 420 332
341 355 341 368
547.003 384.132 610.994 382.722
134.704 347.007 135.923 399.002
585.747 371.98 586.125 385.997
219 448 219 478
52.0004 204.009 107.987 201.684
548.001 244.183 577 243.968
440.201 84.8761 450.818 102.112
315 161 330 161
17.2819 199.018 13.223 264.014
380 325 397 325
521 385 537 385
472.17 5.13679 463.261 16.2097
336.031 38.4475 442.978 44.3966
123.003 201.945 144.984 203.271
402.995 289.898 425.984 288.701
131.656 327.006 133.081 402.998
435.887 446.062 441.274 455.849
495.667 2.69508 464.602 36.6361
373 250 373 273
402 448 402 478
112.757 264.985 113.114 282.998
245 258 245 274
2 454 2 478
86 466 86 478
270.011 50.1588 303.991 47.8627
171.816 81.8865 163.807 94.8813
117.08 208.001 116.852 241.006
222 449 222 478
148.925 5.05303 156.422 15.7029
0.998108 203.931 43.9931 202.749
19 212 19 242
419 324 441 324
585.328 393.006 583.789 471.996
632.654 393.986 633.157 416.997
142.881 50.9236 129.978 70.9859
552.992 121.979 576.164 113.444
145.711 408.777 130.932 427.948
399.013 52.759 430.029 54.4855
428.301 97.82 439.826 117.104
427.574 102.243 438.432 121.323
315 205 345 205
475 333 475 364
164.027 20.4006 200.994 17.9113
162 310 162 343
213.023 17.3544 251.988 14.8208
314.003 47.9527 391.031 52.4629
220.015 75.183 248.986 72.8235
77.0144 136.381 106.011 135.29
520.015 205.267 537.019 204.343
370 258 370 273
588 304 588 337
249 449 287 449
388.002 73.9735 421.008 75.8641
12.8468 114.979 10.5039 131.931
313 161 313 177
191 206 235 206
21 243 58 243
516 335 516 423
61.2995 146.012 60.2268 173.009
60 187 60 203
103 212 103 231
459.925 43.934 450.135 55.1184
90.848 349.76 109.11 338.174
166 451 166 478
586 287 586 316
242 331 242 344
184.299 448.14 178.245 461.114
247 250 247 273
346.03 88.5347 384.998 91.0249
118.013 215.755 143.99 217.184
148.187 316.997 149.305 384.995
551 386 575 386
123 431.8 136 431.8
546 437 546 453
296 87 315 87
64.8087 121.008 65.5242 138.02
576 168 576 229
519.015 207.275 537.016 206.3
17.0467 287.208 31.966 283.849
380 327 421 327
472 333 472 382
316.003 11.9397 342.987 13.272
16 166 16 193
64 182 64 202
188 452 188 478
418.958 17.6332 460.973 20.4077
4 213 4 232
558.079 221.001 557.799 263.999
432 401 432 422
11 149 11 178
576 240 576 261
408.009 38.7924 440.987 40.2806
379 205 396 205
514.329 339.005 513.035 421.001
608 134 631 134
183 209 183 242
584 286 584 309
520.08 337.846 537.173 346.664
187.973 57.5637 216.985 55.7651
518.986 194.885 536.973 192.767
20 212 43 212
144 324 144 340
106 350 106 383
493.042 413.959 507.883 429.115
555 441 573 441
410 458 410 478
270.973 52.5334 300.989 50.8063
205.009 83.1601 229.982 81.6933
552 139 552 201
164 456 164 478
286 122 301 122
43 192 43 209
493.908 322.998 494.045 374
339 400 366 400
229.013 55.1696 247.981 53.7435
383.978 81.3272 409.002 82.9762
519.02 198.229 535.98 196.771
521 247 537 247
610 249 629 249
161 368 161 389
523 428 535 428
316.028 77.5854 337.995 79.0678
241.996 80.9212 264.982 79.6748
351.019 79.6742 373.003 80.9481
2.00001 225 1.99999 265
350 343 363 343
380 400 403 400
547 358 547 426
453 400 453 427
316.005 50.9021 343.983 52.3301
187 406 187 425
356.011 52.8377 387.009 54.854
605 215 605 230
423 373 438 373
545 428 569 428
453 450 453 466
276.011 79.1468 294.979 77.7174
519.029 191.208 536.965 188.743
88 248 106 248
521.007 259.963 537.002 262.99
312 124 325 124
423 370 438 370
518.067 456.939 530.862 471.125
397.983 55.2607 428.983 57.2627
274 88 288 88
442 366 442 392
208 137 232 137
419 173 419 186
493.847 209.003 494.402 236.012
553 217 553 229
613 246 625 246
420 404 420 418
41.7156 396.991 42.1202 427.998
67 17 85 17
222 221 222 238
262 251 282 251
605 426 627 426
320 420 335 420
95.019 46.3048 114.008 45.1242
243.997 400.052 266.981 401.335
438 459 438 476
240 360 240 377
548.021 439.332 569.002 438.031
43 447 43 461
560 135 576 135
221 251 242 251
277 401 296 401
475.366 6.27474 462.881 22.9106
209.67 154.466 223.041 163.942
323 413 335 413
