14.9994 304.016 46.9858 305.343
54.9948 153.033 138.942 166.367
22.9732 148.176 49.9572 152.281
35.589 109.976 33.3163 149.018
29.0223 52.9052 188.9 90.4275
53.4261 95.0208 50.6902 150.985
49.6266 291.968 48.5152 305.044
192.198 35.0038 190.677 114.994
15.0134 287.699 48.9904 289.216
39.1676 110.011 36.6332 148.976
42.0576 109.704 125.031 125.84
457.282 289.994 458.425 343.991
357.269 87.5662 438.909 48.8075
147.013 354.236 173.987 352.764
193.078 35.0917 233.086 1.10157
31.7562 0.984034 28.5479 49.9704
295.994 351.845 378.981 348.533
457.013 288.723 488.988 290.246
175.994 353.605 230.996 352.733
350.812 22.0037 352.343 99.9933
414.919 288.003 416.341 320.985
240.013 352.199 290.989 348.83
56.0497 94.0026 53.0376 152.002
24.8847 107.992 22.2219 146.016
442.361 241.988 446.763 378.008
292.195 1.43274 349.909 21.2646
455.03 238.702 468.99 240.1
380.004 350.084 437.985 347.647
453.076 173.628 501.107 183.476
447.026 347.358 504.015 343.211
560.956 379.597 598.972 382.384
68.2771 117.014 66.4826 152.025
516.058 374.443 550.993 378.063
533.788 130.015 536.16 162.988
449.948 142.002 451.336 171.984
19.2608 203.014 16.7198 248.985
31.3328 197.019 28.6672 242.981
294.096 356.004 291.807 407.991
600.77 37.013 602.075 59.9958
447.043 350.466 507.991 344.906
536.764 173.018 538.236 191.982
600 382 619 382
236.813 377.971 226.365 445.902
449.018 378.687 473.991 380.16
626.97 92.3672 637.993 91.8464
454.692 240.016 455.878 263.006
592.785 16.0273 598.73 62.9075
614.658 55.8919 617.296 71.9515
470.681 221.022 471.907 239.006
379.834 352.004 380.4 374.99
613.08 39.1694 635.315 28.6677
455.069 198.628 494.991 206.049
369 354 369 377
53.1228 248.285 76.9936 237.985
289.611 359.043 286.275 406.02
51.9209 231.843 77.0791 219.157
618.586 67.1025 622.256 81.9368
572.082 219.626 587.023 222.897
526.15 80.6012 601.937 109.167
345.984 378.651 365.988 377.742
212.979 452.829 236.007 450.058
448.335 116.967 449.513 129.048
78 204 78 217
401.076 419.218 506.956 429.458
440.096 48.739 513.721 75.7603
561.007 370.112 582.978 368.669
421.037 432.206 503.999 436.028
436.864 243.005 441.406 377.986
232.301 355.055 216.359 443.065
540.051 130.997 542.224 164.986
28.0275 85.8693 180.978 118.102
543.082 140.992 545.435 165.959
26.0361 126.796 79.943 136.323
22.2668 150.015 19.7267 194.985
161.425 296.013 159.344 362.011
378 352 378 373
391 306 391 347
353.651 132.009 355.077 184.998
471.922 205.029 483.94 237.023
564.093 425.43 620.07 434.572
394.047 289.426 413.035 287.319
357.665 293.993 358.218 346.998
634.701 441.018 635.779 459.013
607.765 54.9144 601.15 73.0547
546.93 216.008 548.531 229.939
1.059 76.7244 189.964 117.168
594.05 223.732 610.057 226.692
40.0351 126.801 80.9983 134.01
543.996 214.016 570.922 221.287
455.996 264.045 491.988 267.134
370.685 352.018 371.846 372.009
467.105 327.739 499.125 340.69
621 440 621 458
475.017 378.165 505.008 375.08
561.044 391.411 620.991 384.914
257.973 407.3 278.981 409.21
599.914 88.0089 604.486 132.053
578.913 434.734 618.941 439.496
439.047 218.653 455.022 220.836
11.9499 373.484 205.942 393.563
563.023 409.495 617.002 411.947
188.076 448.536 211.927 452.444
561.989 412.195 621.028 415.5
442.083 99.7309 508.907 120.303
477.938 412.657 551.964 409.225
355.713 210.006 356.925 268.002
77.0751 240.004 74.6877 288.985
420.019 409.726 475.954 413.651
141.477 111.984 139.9 164.997
334.141 355.751 366.864 374.241
423.039 221.318 436.953 219.616
71.5006 107.967 68.8882 147.993
418.821 433.018 423.308 477.969
55.9164 139.906 79.1542 119.173
530.805 126.612 579.924 142.239
39.1317 200.007 35.019 280.001
583.135 347.98 586.244 368.964
469.725 135.017 470.689 151.019
38.9949 143.03 92.9964 152.022
153.994 293.07 184.953 295.575
116.003 351.923 158.984 353.459
24.9917 143.047 80.0398 152.775
74.0325 309.001 72.6537 342.986
590.024 368.349 610.992 366.891
2.01228 416.106 35.0325 412.28
549.042 430.577 569.043 432.574
556.991 142.998 553.822 154.953
458.768 128.986 459.12 148.998
551 219 551 232
349.111 360.82 367.053 371.914
93.0058 375.922 213.932 384.92
88.7775 100.991 86.6183 155.985
393.826 292.974 395.549 346.983
14.1644 306.008 10.7896 371.989
65.0698 200.419 119.998 207.018
237.019 391.303 284.02 388.323
164.256 456.496 209.945 432.893
23.067 179.504 187.898 201.757
497 159 497 173
33.9461 198.997 29.1555 273.946
579.172 200.365 602.117 206.569
358.208 270.347 435.072 258.462
239.681 166.994 240.173 225.999
448.084 400.94 551.97 391.667
401.132 325.693 439.009 341.978
242.276 47.9661 238.012 138.954
387.01 352.249 439.003 350.068
479 423.848 545 423.755
554.9 2.31604 579.022 9.92905
102.057 103.002 100.676 149.99
464.065 165.722 491.006 171.973
466.957 113.101 488.018 121.956
238.784 139.012 240.198 164.989
15.1894 276.009 13.8598 302.993
401.271 294.982 403.046 321.997
485.166 208.093 475.794 224.885
481.024 291.994 485.548 308.853
133.042 381.466 196.96 386.508
239.51 132.585 256.112 118.128
235.848 166.002 236.342 204.009
37.0858 308.005 33.5486 366.973
1.03665 401.425 119.93 391.185
104.72 103.989 102.14 171.005
238.987 199.982 255.771 187.687
236.923 11.0002 237.096 84.0022
588.2 345.98 590.34 366.965
547.886 274.011 550.095 296.991
83.1333 349.367 142.883 327.678
238.893 236.073 248.265 249.819
394.935 438.991 389.387 477.913
135.313 110.009 133.776 164.994
462 136 462 150
240.554 201.286 279.121 177.194
126 354 126 374
525.905 451.525 595.78 464.213
132.851 109.996 131.332 164.009
507.776 442.504 524.94 450.135
113.759 352.984 114.213 374.996
551.987 239.325 606.983 241.445
237.027 85 237.052 121
560.143 361.782 569.883 368.178
554.951 195.197 571.897 199.414
548.959 240.325 576.037 243.7
242.006 358.286 288.007 357.33
123.073 468.178 186.163 442.399
619.025 462.793 637.992 465.068
387.726 305.011 389.234 342.991
397 296 397 324
79.1642 378.439 143.726 354.269
358.647 136.01 360.03 183.999
397.018 382.275 439.033 379.495
402.017 411.741 477.958 416.656
238.996 377.904 286.001 376.021
296.005 377.239 334.009 376.46
195.818 218.39 209.182 224.61
363.393 295.018 364.936 346.002
25.2889 317.013 23.7672 350.99
144.02 369.584 186.018 371.628
296 388.005 389.019 382.315
423.917 209.374 442.98 206.847
201 392 225 392
235.638 105.006 236.633 165.006
251.506 226.066 244.198 282.026
501.008 414.191 552.997 411.942
456.984 170.088 472.038 172.791
418.022 403.26 434.982 401.794
607.027 463.797 638.015 467.885
83.8338 132.984 81.6348 155.965
204.809 186.477 221.021 192.948
317 327 317 348
344 336 344 348
54.1099 223.211 75.9283 211.862
118.927 220.998 115.577 325.987
95.1382 354.343 138.88 336.702
360.827 214.005 362.422 265.018
359.034 292.317 392.961 288.639
143.014 376.756 226.961 381.661
295.021 381.318 333.987 378.798
40.0885 308.004 37.5503 363.98
198.01 371.798 226.984 373.3
210.068 225.901 224.949 236.074
585.052 458.712 603.982 462.1
417.011 288.089 452.952 283.612
62.0452 349.123 78.9644 342.903
515.153 337.717 547.823 355.329
399.855 328.29 433.848 345.304
325 326 325 347
36.8226 199.991 32.7459 279.987
234.938 223 235.107 265.004
201.016 387.331 226.004 386.086
627.097 164.991 631.324 211.971
250.832 198.002 251.017 212
134.999 374.013 225.984 379.281
90.2137 204.009 84.5892 339.983
87.4164 205.017 81.9065 340.996
79.6605 238.029 74.899 345.996
258.002 354.642 300.001 354.921
130.003 364.891 229.004 367.857
222.131 121.884 231.054 131.952
627.736 304.035 630.386 323.949
124.115 350.333 185.961 328.887
147.004 355.897 183.99 357.264
128 356 128 374
427.995 406.104 450.987 407.267
451.981 148.075 468.924 152.305
166.11 333.298 185.974 325.93
321.715 325.019 323.201 346.986
86.219 99.0094 85.4499 117.019
298 357 332 357
24.0658 151.567 190.028 176.817
81.5001 209.066 77.971 235.996
26.7677 309.021 28.2323 324.979
241.007 365.208 285.989 363.688
122.307 210.013 120.795 246.992
518.318 351.02 517.124 370.008
241.008 372.317 319.009 370.341
233.914 418.795 258.264 408.632
472.131 248.331 484.066 250.661
512.898 102.009 517.547 154.952
384.733 303.005 385.225 327.016
323.382 322.265 355.917 339.16
319 326 319 346
190.88 118.997 189.659 171.992
202.019 303.981 224.031 325.969
96.0984 351.239 146.232 330.562
364.005 364.126 416.009 362.241
77.7045 348.989 76.6198 379.022
461.146 331.664 485.826 342.401
29.9631 332 29.9462 356
197.06 442.836 212.221 448.399
542 251 542 263
123.068 376.18 150.001 366.004
238.006 375.145 287.009 373.238
568.861 2.45336 596.977 11.0736
23.9823 195.118 49.0159 198.894
241.253 134.304 258.183 120.22
190.302 178.018 189.011 200.001
145.005 371.89 225.013 375.731
38.9847 88.9989 37.674 107.977
510.194 125.986 513.453 170.967
387.003 377.056 433.979 374.592
307.987 382.731 387.002 379.052
597.093 205.781 611.117 211.724
382.005 370.131 420.988 368.681
383.008 373.122 423.036 370.565
237.983 385.617 280.984 383.657
238.006 383.154 287.013 381.359
527.605 106.03 531.959 164.003
188.422 253.008 186.777 344.996
242.62 309.049 239.375 350.03
220.789 190.426 234.013 196.973
207.688 106.361 232.893 128.124
23.8918 214.987 21.827 231.979
150.967 115.998 148.3 167.016
148.927 109.995 145.414 166.964
532.249 170.984 534.92 213.005
428.006 226.217 450.017 225.565
61 335 61 349
36.2323 90.0213 34.7677 105.979
636.617 162.956 638.385 187.973
53.2433 233.016 52.4016 246.026
403.017 367.286 423.004 366.07
189.24 203.002 188.765 252.007
233 443.027 276 443.022
281.697 82.4269 258.95 119.582
239.992 369.426 285.997 368.802
442.018 419.656 497.973 422.533
550.004 14.8582 566.989 15.3715
241 360 270 360
1.0093 253.913 13.969 255.291
349 356 376 356
459.019 443.282 474.018 442.276
18 293 34 293
401.948 416.74 439.97 419.428
570.008 420.695 609.008 421.663
365.271 271.015 364.298 289.016
232.789 421.412 256.025 413.07
575.852 175.789 589.248 166.353
177.986 368.412 226.997 370.091
272.573 94.4185 252.412 122.031
461.223 257.41 480.168 264.555
22.2412 319.011 20.7323 352.988
241.006 367.337 310.002 366.088
531.989 420.185 551.999 419.91
382.997 359.966 408.004 358.056
184.011 361.662 229.996 363.135
241.01 363.208 270.989 361.765
202.388 147.494 227.918 167.107
133.068 350.171 158.075 340.188
231.984 453.082 246.029 455.854
239.955 4.99894 238.682 58.9925
513.592 180.96 517.868 244.009
451.12 298.994 453.311 343.985
1 358 29 358
176 132 176 172
498.847 225.718 528.973 232.126
170 346 186 346
591.962 214.701 618.047 211.37
632.749 227.981 633.121 242.997
178 132 178 170
19 291 34 291
530 368 542 368
239.016 380.328 286 378.003
502 419.012 520.998 419.203
231 441 276 441
547 333 547 345
106.031 379.672 120.993 381.07
487.075 402.701 547.029 396.274
358.694 111.304 441.859 74.6798
361.234 107.531 439.075 73.1698
592.677 110.079 597.066 127.984
173.274 153.982 172.874 169.997
572.95 194.141 603.034 204.905
429.008 222.922 441.973 224.264
1 257 16 257
86.0237 340.07 106.996 332.989
54.1701 350.001 53.9523 376
165.002 363.847 206.008 364.322
339 374 356 374
205.901 111.136 220.913 122.119
583.997 242.998 573.94 258.963
603.115 189.524 622.212 194.118
519.779 192.011 521.655 228.018
586.031 304.585 611.042 306.433
205 360 229 360
295.996 361.908 332.009 360.187
105.825 137.761 120.184 127.252
17.0122 295.764 45.9862 297.267
411.638 296.02 412.995 320
623.789 168.021 627.042 199.996
465.063 329.845 493.763 341.58
537.83 253.009 538.396 264.031
363 190 363 208
251.239 297.014 250.094 317.005
122.077 129.004 120.576 160.98
448.299 226.985 451.024 281.999
522.625 254.051 526.254 280.966
33.9896 307.999 32.6644 334.984
288.729 166.993 287.822 202.995
31.2029 310.987 30.9026 328.998
327.057 326.89 356.079 341.846
266.689 207.56 282.542 196.352
233.954 332.995 231.91 349.989
1.00981 212.901 14.972 214.282
463.884 274.12 476.617 286.397
619.833 355.004 621.392 425.991
296.03 364.307 309.004 363.037
1.09773 116.472 20.9719 120.152
404.022 332.957 427.86 345.271
517.194 342.608 537.225 352.546
0.95089 79.2349 23.9892 84.0517
57.012 352.815 80.9762 354.368
200 326 200 347
296 359 319 359
1.02387 118.867 19.9517 122.269
213.028 234.952 228.851 244.254
361 114 361 129
250.994 129 250.902 152
209.935 236.11 230.023 247.961
210.864 290.343 228.822 297.451
534.355 322.007 534.01 340
127.001 393.027 162.987 391.653
628.883 225.01 630.984 250.001
447 381 447 397
459.001 405.008 481.98 401.858
365.038 188.126 445.898 163.662
109.209 208.023 107.791 220.977
207.001 364.852 228 365.039
400.229 415.051 396.233 433.052
261.876 184.792 279.265 174.446
363.041 210.156 430.138 192.527
561.269 55.1712 542.969 83.9804
442.824 116.009 447.127 198.993
453.857 330.296 471.975 339.051
120.036 267.494 185.989 272.159
623.776 367.03 626.96 391.005
92.0505 385.67 120.986 390.092
361.981 130.952 434.998 101.994
286.575 65.2992 270.483 96.2511
592 419 605 419
363.923 132.807 442.807 101.514
88.0303 345.077 108.075 337.19
369.078 266.481 434.964 255.775
418.039 285.324 436.017 283.141
125.194 127.008 123.726 160.988
366.094 185.311 442.994 161.981
199.163 209.696 227.924 225.142
406.857 295.008 408.275 319.984
522.809 348.014 524.283 367.979
290.088 63.0427 280.344 83.1664
112.196 125.993 113.335 159.989
365.946 211.793 448.806 190.254
251.82 254.988 250.719 270.981
198 327 198 349
523 417.991 555 417.914
443.138 75.5933 510.228 98.3262
27.3173 327.016 25.9761 353.999
544.042 99.0082 541.912 109.983
307.318 191.123 294.611 223.849
467.973 275.033 480.616 285.466
192 328 192 347
273.196 267.924 279.339 283.869
289.22 192.257 300.595 182.526
407.023 354.951 438.246 369.471
441.207 72.3884 512.182 96.4643
440 404 458 404
461 354 461 371
520 347 520 360
398.009 378.22 433.987 376.699
622.942 376.005 624.299 391.975
230.025 456.694 246 457.995
28.531 55.9647 26.8008 78.985
239.883 26.8799 252.045 15.046
439.61 59.0266 442.334 98.9772
563.526 56.3278 545.459 85.2864
122.002 293.945 157.987 295.344
369.012 286.085 382.028 284.195
366.984 293.847 386.975 291.76
511.003 295.997 526.997 312.003
574.003 423.975 586.968 425.308
151.929 167.437 169.939 170.376
501.341 156.865 511.586 182.768
455.397 179.333 464.691 196.171
460.726 184.171 469.249 197.845
128 292 141 292
24.021 384.839 50.9546 388.348
329.001 418.898 360.008 419.224
347.969 440.56 363.035 439.499
479.992 303 481.272 329.987
296.018 392.266 438.959 382.406
112.016 476.038 156.12 457.281
553.852 105.966 550.478 120.882
273.639 273.868 277.178 290.963
109.08 119.642 128.981 124.083
111.985 399.573 133.992 398.775
535.915 444.303 560.901 451.352
190 329 190 349
424.992 436.214 454.989 437.311
43 309 57 309
424.989 439.43 453.995 440.179
124 169 124 188
406.909 325.226 438.085 337.789
288.938 320.006 290.225 333.979
275.364 234.508 285.942 226.919
91.997 278.052 113.981 279.326
236.984 395.732 283.994 392.895
92.0235 221.74 110.959 223.451
286.203 4.53413 297.278 9.36348
312.972 15.1135 324.043 17.8252
237.986 465.769 258.034 464.569
575.391 104.129 571.832 114.945
191.012 438.877 212.003 440.975
531.761 65.0615 535.087 77.9775
88.999 275.014 107.979 276.312
98 299 113 299
101.991 396.937 116.965 394.76
251.053 60.0003 250.846 93.9991
