-0.0321903 79.1487 132.056 107.744
132.218 108.006 130.746 162.993
130.82 164.179 21.9223 147.507
9.43597 386.023 24.9866 89.9993
10.789 373.09 208.89 393.087
198.013 392.232 222.993 390.873
224.841 392.971 215.179 446.033
203.12 452.129 236.015 450.275
226.084 445.012 239.549 352.934
143.971 353.994 292.021 349.746
292.016 353.658 272.004 354.151
14.9735 303.644 46.9606 304.959
49 303 49 290
49.047 288.729 15.9813 287.507
27.8519 245.113 30.8617 195.992
55.1809 229.349 76.2277 218.439
60.0536 219.112 75.7857 211.554
35.7161 88.0327 32.9789 147.999
36.222 149.954 38.6391 108.979
52.7488 91.9885 50.0556 151.003
52.7028 151.985 55.6749 92.9836
0.0569324 118.628 21.852 121.966
0.0418777 214.678 17.1428 216.902
-0.00362015 400.958 136.028 389.324
128.09 393.072 171.949 389.389
-0.057745 76.2735 190.12 116.431
0.0601273 115.679 21.0716 119.618
16.977 214.19 -0.0167027 212.138
13.9769 257.231 0.0165024 255.835
23.9911 388.809 9.97491 389.459
20.9532 233.12 23.2383 215.03
24.9532 316.051 23.044 352.002
22.0467 330.956 21.0347 306.999
21.2848 334.023 19.9361 350.995
28.774 355.99 30.9554 305.041
21.1226 179.07 188.121 201.081
30.9386 -0.00373137 26.0777 80.0047
27.678 52.3901 188.833 89.719
190.057 115.024 191.877 34.9972
191.812 34.7725 233.314 0.378792
26.5411 310.006 26.8687 334.989
26.4702 270.931 30.0799 243.14
29.7856 253.05 33.3817 197.025
36.1475 198.007 32.7541 267.988
32.8335 361.921 36.6951 304.912
35.2309 273.011 38.6903 197.986
36.7817 365.091 39.8044 305.99
35.0475 118.006 38.6705 88.9589
37.0009 295.991 15 296.01
51.5094 248.176 75.0011 238.003
77.8962 221.933 73.8635 287.992
76.0414 248.005 81.0209 206.121
74.3291 289.641 52.2159 294.076
188.981 176.128 23.9516 151.322
189.862 131.998 188.799 200.012
52.0357 387.374 30.9901 386.173
48.0033 309.154 72.9917 308.616
73.2758 309.011 71.8351 343.993
54.41 349.974 53.2335 377.01
48.9973 390.505 72.9966 390.375
52.8168 231.989 51.9375 246.938
65.7314 146.984 67.5952 115.976
53.9877 145.078 80.9459 149.342
81.6966 149.053 85.5182 98.9632
122.959 125.214 47.0846 110.562
123.877 124.995 124.058 155
120.077 154.004 121.307 129.015
118.882 127.826 102.813 138.724
104.3 103.01 102.377 159.013
101.453 102.014 99.6734 158.021
53.9779 148.139 81.0885 152.443
59.9932 307.96 60.5424 293.982
63.2934 316.908 64.2985 330.979
60.9004 332.902 59.6445 346.968
81.9983 348.995 127.935 332.815
114.929 331.967 118.304 221.009
84.2614 342.01 89.7661 203.991
81.3156 341.974 86.6573 202.987
87.0822 202.399 120.013 206.908
120.881 206.995 121.057 238
75.7281 372.08 77.6013 354.956
79.3198 238.014 74.6252 345.984
78.9772 377.94 137.241 355.629
88.3249 99.9746 86.2206 156.008
75.9287 342.789 105.881 332.648
88.9806 355.951 146.216 333.551
92.9463 385.374 119.963 389.256
125.1 342.366 93.0263 351.097
94.9427 375.796 214.969 384.429
89.0297 377.62 213.892 387.385
107.718 220.978 108.818 206.986
108.619 224.094 112.264 238.935
97.0389 350.095 145.638 330.118
119 398.421 137 398.421
117.069 120.717 130.977 124.094
116.972 290.657 154.989 292.265
117.027 293.355 158.995 295.111
160.765 295.041 159.495 350.011
121.99 470.975 160.586 455
161.516 457.013 188.206 443.405
188.013 441.033 121.079 468.194
135 109 133.679 163.992
141.215 109.007 139.451 165.014
147.79 368.496 134.092 374.22
147.473 119.969 144.7 166.923
120.046 267.305 184.029 271.561
143.066 376.711 225.95 380.98
143.043 109.79 180.113 117.453
149.768 121.993 148.499 165.986
175.228 132.006 174.914 144.998
139.959 373.757 225.977 378.424
147.084 341.261 185.919 328.749
187.527 329.951 185.978 344.998
186.008 345.843 163.001 346.073
161.009 365.568 196.015 366.265
197.976 368.594 228.008 369.793
149.98 369.507 226.976 372.596
164.318 332.886 187.238 324.664
186.839 333.999 187.066 295
186.987 294.088 145.995 294.653
150.015 371.668 226.988 375.253
175.652 136.082 171.135 172.142
177.954 170 178.096 130.997
190.98 363.7 227.998 364.142
199.843 324.992 200.073 347.999
177.019 445.042 209.926 429.841
191.378 130.954 189.673 116.918
233.018 200.959 235.689 266.972
235.865 194.002 236.373 5.001
236.366 133.457 251.366 121.457
196.924 325.001 197.163 347.009
199.087 96.9077 231.082 126.977
209.262 112.668 232.653 131.175
210.987 308.012 225.284 323.655
210 367 228 367
234.774 302.975 235.225 316.993
213.011 359.883 230.008 359.672
209.64 235.605 230.123 247.794
230.996 440.239 274 440.033
275 442.997 232 443.003
230.753 451.977 246.981 456.074
238.814 208.999 239.749 -0.001122
236.009 385.224 280.979 383.472
281.039 387.466 236.019 391.225
250.553 227.063 246.22 265.025
242.368 278.956 237.447 238.067
239 367 252 367
238.008 369.276 286.994 367.812
236.976 377.243 285.99 375.678
289.171 363.016 284.697 412.064
291.461 406.976 293.692 356.03
242.335 309.025 239.576 346.043
237.996 378.896 274 379.05
250.016 305 250.071 350
238.99 374.755 286.99 372.756
245.997 356.908 287 357.044
247.049 193.08 279.218 173.355
253.587 225.956 251.438 245.94
253.435 120.891 284.03 71.6397
241.004 360.086 267.989 358.771
239.033 364.241 287.999 362.95
277.003 362.855 239 362.016
217.025 372.745 287.014 370.433
332.03 378.76 235.981 382.525
333.961 375.778 294.001 377.04
288.077 -0.224861 350.035 20.8978
350.16 20.9964 351.94 100.001
353.423 88.8025 438.831 47.6499
439.086 47.7701 581.952 101.128
438.005 347.199 295.024 350.925
439.453 341.945 397.107 323.75
397.152 341.999 396.929 295
394.586 342.011 393.125 288.997
392.995 288.941 437.029 285.354
439.394 339.962 436.496 233.014
414.455 286.945 416.019 327.999
294 363 311 363
315.297 324.92 316.783 349.075
294.953 387.116 474.975 377.535
446.001 350.017 507.99 344.882
445.627 350.01 446.941 397.002
451.015 400.168 619.006 385.071
620.028 382.474 559.987 379.232
566.045 378.303 500.059 374.074
509.948 374.447 466.954 378.515
542.647 352.646 514.419 337.232
439.24 335.02 440.947 400.001
420.049 414.22 551.996 408.895
429.986 413.233 400.972 411.456
311.008 356.224 338.005 356.49
315.022 14.9335 330.052 19.8405
318.814 326.988 319.086 345.999
322.045 346.992 321.871 323.001
322.684 321.694 355.162 338.69
358.23 347.994 356.772 293.006
324.913 346.005 323.697 324.017
325.126 325.764 357.095 342.821
307.026 383.24 366.099 376.925
356.063 367.895 369.126 375.791
341.008 419.097 357.062 417.72
354.085 178.99 353.629 131.004
356.399 266.015 355.065 210.998
362.209 269.344 435.977 257.854
355.083 211.323 430.962 191.851
433.182 193.699 364.871 211.504
360.91 214.037 361.796 264.004
353.297 363.185 367.598 371.677
358.649 135.004 359.191 183.998
361.19 188.636 446.742 163.134
451.976 173.122 499.872 182.643
356.736 111.398 441.648 74.1974
442.036 74.894 510.274 98.1975
527.167 104.92 534.004 204.931
353.986 439.55 395.008 438.255
394.77 437.966 388.764 478.965
363.119 208.949 362.212 188.99
362.794 292.977 364.333 346.991
359.75 107.435 440.787 71.5186
441.035 71.8968 511.119 95.6484
362.841 132.599 442.622 101.045
449.97 148.023 450.412 168.013
402.066 402.052 371.934 403.956
379.055 264.339 433.911 255.452
387.478 306.01 388.206 342.996
390.064 303.978 390.957 347.981
385.006 368.968 410.999 368.81
381.988 385.794 406.025 384.445
384.971 417.304 550.987 433.139
398.008 351.223 455.007 349.197
403.341 329.349 434.25 345.523
380.968 372.308 415.986 370.694
400.731 295.015 402.158 320.991
401.021 366.449 418.031 365.659
407.749 172.193 443.978 160.93
406.082 416.601 585.053 427.104
575.122 426.319 618.967 434.182
620.903 458.003 619.621 418.012
620.936 458.477 633.97 460.225
634.952 459.986 634.667 440.005
618.056 414.624 543.018 411.556
543.012 408.669 620.057 411.377
499.995 413.869 551 411.988
499.929 416.275 440.986 414.432
424.994 376.869 395.049 378.142
419.012 408.852 463.951 412.586
418.004 402.126 435.986 401.558
436.801 405.102 448.947 407.293
418.243 429.978 422.718 479.026
422.997 331.006 437.821 337.415
436.017 382.772 421.002 383.103
423.957 208.537 445.955 206.515
421.976 220.711 448.953 218.438
435.93 283.027 421.007 284.102
446.071 190.981 445.729 172.005
440.863 76.0026 441.304 99.0133
441.883 99.3833 511.783 120.712
441.423 232.985 445.791 355.007
446.968 346.582 505.015 342.199
458.251 342.994 456.863 288.003
457.001 287.987 489.974 290.365
445.922 181.004 443.013 118.999
450.54 280.024 447.677 225.964
422.021 431.545 502.99 435.212
505.44 440.155 531.6 452.827
531.961 452.224 595.786 463.241
597.96 461.251 638.882 467.746
454.98 169.096 473.04 172.803
496.879 205.725 454.067 198.596
496.965 204.85 513.961 200.834
514.749 200.952 517.501 244.032
452.65 371.992 452.95 357.999
455.909 237.984 470.965 239.379
471.452 238.967 469.974 219.002
454.898 238.016 455.257 263.011
457.094 263.86 493.096 266.837
463.002 164.993 490.127 171.466
461.058 132.997 461.831 150.008
470.476 150.961 469.076 133.994
460.853 184.088 469.147 197.912
463.316 326.179 500.231 340.401
461.885 331.245 486.176 342.624
494.927 207.659 513.909 203.577
509.198 121.984 511.581 150.952
516.787 152.951 522.368 242.977
514.725 177.889 512.601 164.061
513.641 112.032 516.456 144.048
521.023 111.991 526.107 125.34
517 349 517 367
522.44 252.062 525.668 281.037
520.522 370.056 519.767 350.009
522.651 348.969 523.696 371.014
533.579 444.046 587.753 455.2
579.035 452.695 606.02 455.831
535.577 161.967 533.765 129.957
538.452 192.072 535.958 173.006
532.004 419.553 553.002 419.719
541.336 85.2125 557.214 60.1352
542.95 134.071 545.115 165.992
545.241 131.215 580.031 141.899
559.104 136.033 552.987 154.996
551.615 75.3448 559.74 60.8542
614.038 239.664 600.027 240.465
598.401 63.9501 592.308 14.9617
585.238 365.966 582.546 346.923
587.986 348.001 590.014 366.998
580.047 368.621 618.976 365.683
567.018 419.683 615.034 422.402
578.883 196.394 591.922 200.263
570.923 422.989 598.985 425.188
583.083 6.69785 597.121 10.5584
591.053 436.238 619.057 438.183
590.979 345.912 604.995 346.232
602.088 71.026 606.567 55.8721
613.715 52.9006 616.364 71.9493
606.022 349.312 589.961 350.454
628.405 187.032 626.914 159.005
625.412 190.057 623.166 166.887
628.437 225.964 630.308 248.975
635.521 159.04 638.008 189.082
