6.497470092773437500e+01 1.951880340576171875e+02 1.258598136901855469e+01 1.993283386230468750e+02
9.686889648437500000e+01 1.681028747558593750e+02 1.250773773193359375e+02 1.725050506591796875e+02
9.894272613525390625e+01 1.689108886718750000e+02 6.543199920654296875e+01 1.726501922607421875e+02
1.238703002929687500e+02 1.730427246093750000e+02 1.224364089965820312e+02 2.896367492675781250e+02
1.335227489471435547e+01 1.993710632324218750e+02 1.349416255950927734e+01 2.106284484863281250e+02
6.518394470214843750e+01 2.097363739013671875e+02 0.000000000000000000e+00 2.124738769531250000e+02
3.229956665039062500e+02 1.222945251464843750e+02 8.196771240234375000e+01 1.566766052246093750e+02
8.349819183349609375e+01 1.570794372558593750e+02 8.367254638671875000e+01 1.704204864501953125e+02
3.415841979980468750e+02 2.753785400390625000e+02 3.415258483886718750e+02 3.044246215820312500e+02
3.217004394531250000e+02 1.242934341430664062e+02 5.749016723632812500e+02 1.812091064453125000e+02
6.763986206054687500e+01 1.738849792480468750e+02 6.613632202148437500e+01 2.864784545898437500e+02
3.207876892089843750e+02 1.495458221435546875e+02 1.253514556884765625e+02 1.713412780761718750e+02
3.216219787597656250e+02 2.757637939453125000e+02 3.215455932617187500e+02 3.055233459472656250e+02
3.613082275390625000e+02 2.753301696777343750e+02 3.612593078613281250e+02 3.039053344726562500e+02
3.203570251464843750e+02 1.584334869384765625e+02 1.238589172363281250e+02 1.744438171386718750e+02
2.461428680419921875e+02 2.727417602539062500e+02 2.462770233154296875e+02 2.928838500976562500e+02
2.922948608398437500e+02 2.778173217773437500e+02 2.913375854492187500e+02 3.253724975585937500e+02
3.634011535644531250e+02 2.522546691894531250e+02 4.251867980957031250e+02 2.533859252929687500e+02
1.374595031738281250e+02 2.681774902343750000e+02 3.153229064941406250e+02 2.758393859863281250e+02
3.666129150390625000e+02 1.874492340087890625e+02 4.758321533203125000e+02 2.056985015869140625e+02
9.702082824707031250e+01 1.697656250000000000e+02 9.487063598632812500e+01 2.891429748535156250e+02
3.650143432617187500e+02 2.059119720458984375e+02 4.719906616210937500e+02 2.202574005126953125e+02
7.280716896057128906e+00 2.225059814453125000e+02 7.197000980377197266e+00 2.483463439941406250e+02
6.458312988281250000e+01 2.211249237060546875e+02 3.424732971191406250e+01 2.220524139404296875e+02
1.236734313964843750e+02 2.557676086425781250e+02 4.398533935546875000e+02 2.626653137207031250e+02
4.384267578125000000e+02 2.744979553222656250e+02 3.187504577636718750e+02 2.760166931152343750e+02
5.518785476684570312e+00 2.222088165283203125e+02 1.950533986091613770e+00 2.224677429199218750e+02
3.133514099121093750e+02 2.771684570312500000e+02 3.134714355468750000e+02 3.404143066406250000e+02
3.311782073974609375e+01 2.217850952148437500e+02 3.289843368530273438e+01 2.562825622558593750e+02
5.059696960449218750e+02 3.426390686035156250e+02 0.000000000000000000e+00 4.176174316406250000e+02
3.614703979492187500e+02 2.324546813964843750e+02 4.355328369140625000e+02 2.375146331787109375e+02
3.230359191894531250e+02 2.592853393554687500e+02 4.401199035644531250e+02 2.605838928222656250e+02
3.960233154296875000e+02 2.749323425292968750e+02 3.961502075195312500e+02 2.971540222167968750e+02
3.218431396484375000e+02 1.479550476074218750e+02 4.824397583007812500e+02 1.834222259521484375e+02
5.087236328125000000e+02 3.405309448242187500e+02 0.000000000000000000e+00 3.901162414550781250e+02
3.420472717285156250e+01 2.565603637695312500e+02 6.314514541625976562e+01 2.584143066406250000e+02
3.112458801269531250e+02 1.578212890625000000e+02 3.112205810546875000e+02 2.579075927734375000e+02
2.683319396972656250e+02 2.746623229980468750e+02 2.679267578125000000e+02 3.043563232421875000e+02
1.705818023681640625e+02 2.691073913574218750e+02 1.713662109375000000e+02 2.925020446777343750e+02
3.222631530761718750e+02 1.210398941040039062e+02 3.206554870605468750e+02 2.589305114746093750e+02
1.240840835571289062e+02 2.521577148437500000e+02 3.124269409179687500e+02 2.613507690429687500e+02
2.261454772949218750e+02 2.718318176269531250e+02 2.263458557128906250e+02 3.035563964843750000e+02
2.168872222900390625e+02 2.753162231445312500e+02 2.170630798339843750e+02 3.053395690917968750e+02
5.079216308593750000e+02 3.244193725585937500e+02 5.076788024902343750e+02 3.394223022460937500e+02
6.440953826904296875e+01 2.950372619628906250e+02 1.917388000488281250e+02 3.079346313476562500e+02
6.014010009765625000e+02 2.816813354492187500e+02 6.008184204101562500e+02 3.431665954589843750e+02
3.720739746093750000e+02 1.821424865722656250e+02 3.652763366699218750e+02 1.895532226562500000e+02
4.262614135742187500e+02 2.365822296142578125e+02 4.258338623046875000e+02 2.535303802490234375e+02
3.652631835937500000e+02 3.034183044433593750e+02 3.178290405273437500e+02 3.062489318847656250e+02
2.648347778320312500e+02 2.933464965820312500e+02 2.283458709716796875e+02 2.950643615722656250e+02
1.877755126953125000e+02 2.711294555664062500e+02 1.875980529785156250e+02 2.926596679687500000e+02
3.633783264160156250e+02 2.313713073730468750e+02 3.636274414062500000e+02 2.528853302001953125e+02
3.641046142578125000e+02 2.239785919189453125e+02 4.383505249023437500e+02 2.321795654296875000e+02
5.078978271484375000e+02 3.237827758789062500e+02 5.233204956054687500e+02 3.260778808593750000e+02
1.481010742187500000e+02 2.747486572265625000e+02 1.339324798583984375e+02 2.772507934570312500e+02
5.760364379882812500e+02 2.814626159667968750e+02 6.006270141601562500e+02 2.827217407226562500e+02
3.643970336914062500e+02 1.860159454345703125e+02 3.638489379882812500e+02 2.096720581054687500e+02
3.444547729492187500e+02 2.051355895996093750e+02 4.588194580078125000e+02 2.185991058349609375e+02
5.752996215820312500e+02 2.903517456054687500e+02 6.006076660156250000e+02 2.930588378906250000e+02
4.107966918945312500e+02 2.738140869140625000e+02 4.110064392089843750e+02 2.929076843261718750e+02
9.513916778564453125e+01 2.866624450683593750e+02 2.120896606445312500e+02 2.959095764160156250e+02
3.917945861816406250e+02 3.235728759765625000e+02 1.466787338256835938e+01 3.267072448730468750e+02
5.224929199218750000e+02 3.245163574218750000e+02 5.222478637695312500e+02 3.417298889160156250e+02
3.785862731933593750e+02 2.748881225585937500e+02 3.785421752929687500e+02 3.050304870605468750e+02
1.502157745361328125e+02 3.167205200195312500e+02 1.430747032165527344e+01 3.223507385253906250e+02
3.789196472167968750e+02 2.747108154296875000e+02 3.779112548828125000e+02 3.367452392578125000e+02
3.281565856933593750e+02 2.109940338134765625e+02 3.279888916015625000e+02 2.585523986816406250e+02
1.842072448730468750e+02 3.249312438964843750e+02 1.373491287231445312e+01 3.335319824218750000e+02
2.776158447265625000e+02 2.788477172851562500e+02 2.773576965332031250e+02 3.024953308105468750e+02
1.516558380126953125e+02 2.761128845214843750e+02 1.612001953125000000e+02 2.839077453613281250e+02
2.650873107910156250e+02 3.034105834960937500e+02 2.197633056640625000e+02 3.068023071289062500e+02
3.783619689941406250e+02 2.117000579833984375e+02 3.779808044433593750e+02 2.266123962402343750e+02
5.097613830566406250e+02 3.088095092773437500e+02 1.348201751708984375e+01 3.416425476074218750e+02
