148.171 371.033 217.935 383.366
179.18 400.015 228.978 409.12
110.113 321.092 216.905 310.082
175.078 402.585 226.936 412.341
147.347 391.501 162.168 381.242
177.008 389.041 206.842 383.193
120.015 377.08 147.03 372.165
106.994 415.026 208.109 438.53
27.0016 326.097 45.0133 325.797
37.0204 397.915 104.939 414.252
1.01595 277.329 59.9745 274.474
140.037 385.072 151.961 378.924
1.00239 331.159 34.01 330.664
170.197 380.247 188.957 385.163
183.898 348.419 222.923 341.56
218.026 311.228 238.979 308.82
81.1752 319.865 118.845 312.235
1.07535 107.608 222.942 150.303
410.053 140.611 531.003 130.029
536.087 129.968 637.98 120.783
0.925602 68.6967 276.765 1.04136
349.081 142.909 638.008 117.095
81.0063 263.35 244.007 260.402
3.00223 264.223 74.0051 263.516
299.049 149.584 409.027 140.32
80.6891 123.995 78.5295 260.993
78.3418 269.993 77.8374 316.998
126.011 388.917 145.934 391.511
384.602 421.615 401.603 432.613
76.1193 123.002 74.1005 262.001
88.1653 384.362 107.878 389.47
158.93 138.999 157.159 260.002
157 268 157 309
294.019 303.698 501.949 316.815
213.687 319.01 214.91 357.003
81.0065 268.314 155.995 266.765
245.032 308.308 257.997 306.975
0.978407 327.749 12.9756 326.716
1.17023 88.2 245.94 140.284
345.984 312.326 442.003 316.938
160.716 271.99 159.705 301.99
154.94 390.577 175.945 387.61
162.15 140.002 160.646 260.996
45.0157 319.243 58.026 318.402
443.952 318.645 494.967 322.438
298.039 146.452 359.012 141.133
206.004 305.139 223.018 304.689
161.029 303.311 210.967 298.645
99.0303 382.084 118.066 375.181
120.002 313.017 155.049 309.485
33 316 60 316
231.014 386.18 247.986 384.82
216 269 216 297
103.874 370.352 121.966 366.826
343.027 315.678 384.986 319.165
272.01 308.762 292.016 309.628
228.031 193.735 245.033 195.717
225.086 281 225.016 302
295.221 172.003 293.645 307.996
70.3469 275.039 73.1208 321.993
137.029 379.177 161.041 375.254
65.241 276.005 64.2532 323.005
23.0213 313.416 55.0397 311.774
186.062 345.376 223.05 339.302
246.071 141 245.844 192.004
13.0348 321.592 53.9929 325.083
68.2729 141.004 66.7126 259.996
1.03536 80.1514 66.9435 64.7582
116.979 315.769 212.017 307.186
69.0382 64.1954 116.777 54.8611
61.1124 275.001 60.9501 306
295.028 307.623 354.991 312.119
446.037 323.508 535.974 330.347
83.0498 292.493 147.021 298.787
245 266 245 293
347.193 274.048 344.434 285.108
219.051 307.33 237.906 304.398
131.18 49.8058 273.964 17.84
8 296 8 313
1.03722 282.4 24.0243 280.261
274.876 17.2619 315.896 10.3797
295 116 295 139
80.9823 290.212 148.017 295.802
207.151 438.897 220.443 458.38
81.0165 274.671 109.993 276.129
226 151 226 260
511.979 340.219 533.967 342.339
301.113 152.002 298.826 300.997
219.75 277.01 220.798 302.008
92.0417 382.085 111.724 372.437
228 265 244 265
540.999 318.02 605.993 322.114
212 320 212 338
162 272.017 213.991 270.648
395.043 304.403 500.997 312.048
132.963 341.741 165.979 343.408
151.308 139.003 149.717 308.007
217.271 150.004 215.715 259.996
225.952 312.694 315.94 318.873
311.014 284.657 343.001 285.984
74 274 74 302
77.0027 322.839 109.01 323.379
373.789 340.963 370.657 358.94
224.244 150.003 222.685 259.996
117.015 273.712 146.989 275.225
311.014 281.725 341.988 283.245
1.0465 350.769 35.0784 357.61
313.103 139.071 637.996 107.962
539.974 319.999 538.655 353.987
287.009 140.143 310.983 138.717
1.01157 316.144 18.9758 314.699
35.0617 329.533 74.0026 325.023
338.192 425.797 330.92 454.729
511.989 299.223 619.976 304.488
504.086 317.716 516.821 321.589
342 318 342 333
315.077 5.70037 354.922 1.29551
456.374 357.975 458.436 388.971
112.005 195 110.55 259.99
1.01076 220.294 64.9981 217.949
188 265 222 265
213.077 279.006 211.681 297.977
306.073 316.55 333.978 312.838
248 378.991 262.997 379.214
243.049 10.2141 280.887 1.50718
357.046 335.712 371.006 337.964
457.97 362.234 471.993 364.055
498 176 498 260
81.0165 255.67 108.997 257.069
248.94 131.186 282.976 128.675
310.994 290.143 386.98 293.451
198.974 277.402 211.984 278.243
228.228 151.993 227.89 191.999
47.8848 220.995 46.6682 250.987
461.05 345.915 477.26 355.563
620.008 321.894 637.976 323.309
607.05 323 607.005 361
132.218 67.2365 280.787 109.746
478.05 333.555 511.079 337.303
81.9889 217.666 150.013 215.406
242 188 242 256
392.741 164.998 391.721 302.998
0.98816 251.512 65.0002 252.991
18 255 44 255
274.051 130.001 271.612 305.995
337.994 288.812 373.99 287.68
297.956 152 297.928 256
163.013 278.684 190.007 279.824
511.986 323.17 535 324.996
163.999 307.983 191.968 305.622
45.2276 390.778 92.0926 399.503
388.708 184.003 389.678 281.003
246.201 197.007 245.348 220.013
80.0242 313.264 146.018 307.192
281.741 2.4186 294.717 10.4567
501.058 194 500.859 308
18.7973 220.994 17.6264 260.989
611.22 321.008 609.712 362.99
163.02 296.705 192.024 298.631
508.003 205.131 637.992 201.701
114 218 114 253
426.984 295.357 494.981 298.423
344.61 414.733 334.107 430.074
71.2915 124.005 68.7342 260.995
49 258 65 258
236.995 311.942 250.979 310.757
1.03731 95.8111 222.876 139.628
514.026 294.483 620.012 299.75
131.003 324.026 206.053 315.469
27 318 43 318
104.868 394.512 123.829 389.371
92.6825 401.603 106.593 390.491
81.9886 214.637 110.992 213.729
508.986 167.737 637.981 160.66
80.023 306.294 143.946 301.306
610.326 380.019 609.052 402.003
509.027 171.473 627.986 164.751
607.091 379.006 605.69 400.98
399.003 208.12 496.009 205.321
152 270 152 308
10.0109 308.149 54.9893 304.854
16.2477 222.005 15.3934 261.009
81.0026 252.881 146.993 254.334
358.014 305.196 378.98 303.713
318.047 317.347 341.031 314.226
416.061 178 415.871 249.002
425.067 323 424.865 355.005
479.984 356.754 528.972 353.573
509.007 201.277 571.993 199.723
308.003 260.818 387.994 262.34
374.019 306.252 386.027 305.362
117.015 211.288 146.989 209.775
307.005 257.659 388.001 258.933
296.92 118.002 297.381 138.014
493.762 173.982 494.112 188.997
419.093 178 418.799 246.003
300.013 298.825 362.971 303.403
139.206 65.2892 278.77 105.792
573 172 573 261
470.011 336.873 495.984 339.185
82.0366 344.78 105.065 348.607
400.002 174.037 498.004 168.062
490 178 490 258
314 288 336 288
20.0111 217.187 44.9822 215.7
399.019 177.313 496.964 171.4
236.2 388.009 235.549 403.024
392 145 392 158
304.016 303.253 318.022 302.347
208.009 398.033 223.948 393.803
101.028 59.8954 130.998 68.0056
1.06659 104.658 161.995 136.025
423.01 200.332 485.016 198.559
309.013 179.207 386.969 174.493
309.999 181.973 388.988 177.781
429.28 357.798 460.01 347.027
584.016 172.331 637.991 169.806
423 181 423 199
353 181 353 257
45.0956 199.998 44.9474 261
426.984 291.38 496.984 294.378
1.03237 311.537 43.0003 309.005
134.971 338.171 152.952 341.276
346.787 416.832 338.841 426.874
424.012 180.221 484.995 176.91
416.041 325 415.864 356.999
101.073 385.567 115.988 388.069
582 173 582 195
502 136 502 183
577 170 577 261
493 200 493 260
197.145 213.443 214.045 217.825
219.363 154.005 217.936 258.999
87.0217 352.264 104.983 350.788
189.291 351.022 188.007 368
477.891 368.83 517.004 373.972
1.03018 60.2524 12.9789 58.8235
427.998 263.079 626.995 267.24
425.996 259.827 481 260.085
223 274 223 298
402.031 288.763 418.021 290.841
427.994 394.473 484.997 393.782
584.01 195.343 627.003 194.086
628 203 628 261
505 315 526 315
159.028 358.693 172.011 359.882
116.081 365.572 156.971 359.796
350 210 350 257
555.008 396.939 603.992 403.066
368 398 368 412
195 215 195 254
116 198 116 210
19.0274 200.002 17.6805 215.973
153.327 201.008 151.804 259.995
116.977 196.584 147.993 194.882
308.013 210.469 387.009 208.318
239 216 239 255
2.03966 354.81 18.9286 358.341
125.017 355.704 146.005 356.921
13.997 55.9809 48.9202 50.492
217.057 357.601 295.869 368.915
104.023 45.8957 124.883 50.5269
80.0991 67.6184 102.992 63.9514
182 352 182 374
291.055 109.794 317.081 116.696
81.9997 195.996 113.98 193.72
581.979 293.519 621.993 295.168
358 399 358 411
315.042 447.008 312.345 461.066
502.059 310.312 539.954 313.541
507.001 260.926 626.998 263.093
19.9784 199.657 47.993 197.889
311.01 270.676 353 271.984
225.957 142.197 243.967 146.152
388.772 146.006 389.466 172.014
164.999 187.982 214.981 184.708
81.0038 278.931 145.975 282.458
492.041 440.803 559.07 437.371
376.073 360 375.837 415.999
84.0341 367.405 108.032 365.386
355.014 206.301 389.988 204.729
308 180 308 209
164 255 208 255
377 329 377 354
540.113 353.953 605.995 361.042
98.9415 51.7426 120.962 53.478
165.053 159.531 213.965 154.645
556.044 377.824 627.002 374.032
389 283 389 304
488.203 393.696 550.105 403.322
378.023 326.755 405.964 329.378
289.088 143.926 637.989 110.884
422.007 286.832 484.981 289.463
394.882 432.423 436.95 444.177
228.067 322.354 337.931 333.665
158.056 400.214 178.941 394.772
287.088 111.671 314.963 119.138
237.987 406.713 259.988 405.731
207 386 207 402
1.0655 54.2524 205.775 1.13156
83.0007 193.01 148.978 188.665
163 258 176 258
183.953 408.245 199.939 411.316
124.164 58.7042 166.943 48.7533
633 125 633 215
164.012 215.308 196.001 214.015
493 271 493 292
232 317.986 247.998 318.16
1.02731 198.402 65.0039 194.058
45 278 59 278
586.982 389.689 603.996 390.137
348 185 348 202
632.07 226.999 631.967 317
419.297 323.01 418.074 361.002
568 341 583 341
382.122 380.232 443.99 390.065
413.872 429.872 482.858 439.971
628 171 628 193
592.082 331.587 604.973 334.138
518.024 317.681 535.004 318.94
313.019 438.917 330.056 442.753
573 279 573 294
532.091 367.339 550.161 369.832
71.9958 402.942 89.9739 401.64
154.318 140.009 153.155 182.004
86.6544 77.531 128.904 67.5913
81.0231 281.64 148.004 285.935
212.325 419.712 206.201 434.085
590.074 334.524 605.997 337.016
581 280 581 293
556.25 436.742 578.128 429.38
498.294 273.011 497.112 306.004
620 332 635 332
278.9 5.17938 289.833 11.2984
401.015 205.149 414.972 203.724
400.985 262.23 415.984 263.235
46.049 379.27 105.104 368.574
585.99 387.154 603.98 388.306
311.012 204.341 347.002 203.056
212.785 423.73 223.906 414.882
32.0024 278.965 59.0149 280.777
225.166 325.03 222.834 337.97
621 339 635 339
262.285 405.956 289.191 413.3
353 273 353 285
81.0296 303.345 126.948 299.4
310.019 186.287 346.991 183.866
192 215 192 254
480.008 330.907 533.975 335.305
437 445 437 477
72.0259 345.871 91.0626 349.688
379.898 384.725 432.971 392.207
446.239 362.99 445.891 389.999
618.981 359.723 634.996 360.142
555.067 400.449 602.962 406.312
567.228 443.49 582.234 436.503
598.008 314.941 615.946 317.393
312.993 160.914 387.981 154.773
599.832 419.412 611.409 452.209
362.927 470.866 387.341 457.629
591 397 603 397
165.011 191.138 196.971 188.627
228 287 241 287
620 392 634 392
1.06949 31.7661 26.8715 39.4325
288.772 3.47872 303.722 10.5852
578.997 169.953 628.016 167.284
64.3191 221.014 63.0945 249.004
208.075 363.496 239.964 368.243
508.035 146.471 627.977 137.683
400.021 154.283 497.991 146.877
486 271 486 289
299.044 134.359 319.979 131.824
627 287 627 315
605.678 435.701 614.697 456.134
281 237 281 256
228.019 289.818 241.975 291.243
191.033 356.175 213.016 352.084
277.871 376.354 297.874 372.369
85.956 119.228 149.893 131.554
311 272 311 297
40.9852 376.943 70.8068 369.251
389.934 402.714 422.813 395.182
572.225 451.226 604.412 460.581
374.986 475.602 399.991 474.742
162.982 283.306 209.994 286.093
336.099 462.786 347.896 468.225
144.126 64.6078 192.893 54.4855
1.03049 102.843 65.9163 115.431
51 200 65 200
1.00293 270.138 69.9929 268.668
234.048 325.526 299.973 332.259
14.0735 54.2663 51.0188 44.0682
166.072 134.618 217.92 144.423
148 196 148 208
576 281 576 297
628.431 411.065 631.86 441.016
164.979 184.675 211.974 181.603
14.0557 285.675 33.0131 288.924
163.017 286.672 209.993 289.125
413.989 433.064 445.909 438.534
606.557 463.751 612.766 477.658
315.033 158.408 386.972 152.646
5.68752 291.981 4.71173 307.982
112.984 362.926 129.098 359.454
230.959 410.254 260.977 408.593
307.014 9.24108 322.022 8.38555
87.0171 167.166 147.988 160.881
309.993 183.867 350.979 181.618
285.209 412.601 300.274 420.476
462.999 441.016 490.973 443.322
192.051 358.292 211.965 354.8
510.048 135.547 630.999 124.988
166.022 172.279 213.962 168.521
121.299 220.014 120.111 245.005
429.226 338.011 428.111 360.006
103.549 395.599 93.6722 406.709
635.499 461.06 633.566 477.068
84.0104 190.146 148.967 185.538
148.231 218.005 147.435 252.01
138.051 330.413 208.957 321.652
149.111 338.802 207.957 330.689
249.079 391.017 246.707 401.936
401.988 151.836 497.971 144.613
3.03569 195.505 64.0139 191.196
508 136 508 161
448.016 176.313 488.959 174.21
137.047 334.359 208.984 324.876
638.266 133.02 636.911 150.993
51 224 51 243
168.055 342.353 208.998 335.99
310.02 152.233 387.952 145.446
362.985 191.09 386.968 195.187
137.016 328.129 203.98 319.837
84.022 179.247 147.962 173.568
141.035 336.263 209.042 327.319
402.044 144.522 497.945 136.351
183.88 192.003 184.258 209.016
155.077 340.54 208.98 332.862
510.004 144.057 625.968 135.565
306.128 156.002 305.744 185.01
290.501 239.978 289.784 255.99
162.055 349.325 181.017 346.102
255.132 382.611 275.066 378.303
220.006 39.0271 286.927 23.6819
268 241 268 257
312.986 297.215 386.007 301.894
160.966 345.777 206.96 338.737
546.97 449.247 575.037 452.698
506 208 506 247
201 218 201 231
514.02 304.676 576.968 308.527
506 157 506 200
1.05033 134.677 56.939 143.391
309.017 175.275 381.98 170.683
214 219 214 253
313.018 294.641 384.986 298.284
314.965 364.852 353.908 355.612
399.984 169.74 496 163.999
1.01975 186.225 63.9737 180.701
167.035 354.237 180.047 352.32
510.026 163.435 625.979 156.641
512 278 512 308
34.0487 436.188 77.9472 424.796
29.007 173.065 60.959 169.619
384.027 344.737 408.973 347.263
313.89 362.545 350.897 353.573
134.994 58.9768 218.964 38.8508
37 227 37 246
160.987 351.925 179.948 348.693
397 210 397 241
397 156 397 198
199 208 213 208
194.036 352.204 212.982 348.896
418.016 299.741 441.989 301.19
39.9993 209.987 60.9859 208.759
139 219 139 251
208.034 51.1668 252.037 42.1824
415 367 415 382
517 277 536 277
67.9443 13.1644 101.785 24.6336
167.001 170.014 214.007 166.085
327.356 468.307 345.257 477.499
305 203 305 258
87.9888 207.223 108.986 208.279
1.00362 176.036 23.9725 173.727
317.013 218.326 346.005 217.132
424 369 424 383
200.019 159.182 213.975 157.757
589.016 308.712 615.987 310.234
322.005 28.0252 351.91 21.5825
257.025 41.1228 291.987 33.9354
