5.432500000000000000e+02 2.500000000000000000e-01 4.012500000000000000e+02 3.425000000000000000e+01
6.387500000000000000e+02 1.375000000000000000e+01 4.512500000000000000e+02 5.150000000000000000e+01
2.927500000000000000e+02 1.425000000000000000e+01 4.102500000000000000e+02 4.875000000000000000e+01
6.382500000000000000e+02 2.825000000000000000e+01 4.902500000000000000e+02 5.575000000000000000e+01
4.027500000000000000e+02 3.325000000000000000e+01 4.092500000000000000e+02 4.875000000000000000e+01
4.012500000000000000e+02 3.475000000000000000e+01 4.277500000000000000e+02 4.325000000000000000e+01
4.445000000000000000e+02 3.875000000000000000e+01 4.262500000000000000e+02 4.325000000000000000e+01
6.382500000000000000e+02 4.125000000000000000e+01 4.967500000000000000e+02 6.575000000000000000e+01
4.267500000000000000e+02 4.425000000000000000e+01 4.527500000000000000e+02 5.150000000000000000e+01
4.277500000000000000e+02 4.475000000000000000e+01 4.107500000000000000e+02 4.875000000000000000e+01
4.092500000000000000e+02 4.775000000000000000e+01 4.587500000000000000e+02 6.325000000000000000e+01
4.512500000000000000e+02 5.175000000000000000e+01 4.757500000000000000e+02 5.825000000000000000e+01
5.325000000000000000e+01 5.550000000000000000e+01 1.452500000000000000e+02 7.075000000000000000e+01
4.907500000000000000e+02 5.575000000000000000e+01 4.742500000000000000e+02 5.825000000000000000e+01
4.757500000000000000e+02 5.825000000000000000e+01 4.582500000000000000e+02 6.375000000000000000e+01
4.742500000000000000e+02 5.875000000000000000e+01 4.967500000000000000e+02 6.650000000000000000e+01
4.587500000000000000e+02 6.275000000000000000e+01 4.717500000000000000e+02 6.725000000000000000e+01
6.387500000000000000e+02 6.375000000000000000e+01 5.332500000000000000e+02 7.775000000000000000e+01
7.500000000000000000e-01 6.425000000000000000e+01 4.957500000000000000e+02 1.432500000000000000e+02
4.957500000000000000e+02 6.525000000000000000e+01 5.007500000000000000e+02 7.625000000000000000e+01
4.957500000000000000e+02 6.625000000000000000e+01 5.165000000000000000e+02 7.175000000000000000e+01
4.717500000000000000e+02 6.725000000000000000e+01 5.012500000000000000e+02 7.575000000000000000e+01
5.167500000000000000e+02 7.225000000000000000e+01 5.002500000000000000e+02 7.575000000000000000e+01
5.155000000000000000e+02 7.275000000000000000e+01 5.345000000000000000e+02 7.825000000000000000e+01
6.382500000000000000e+02 9.875000000000000000e+01 6.117500000000000000e+02 1.017500000000000000e+02
2.500000000000000000e-01 1.455000000000000000e+02 2.825000000000000000e+01 1.475000000000000000e+02
2.825000000000000000e+01 1.477500000000000000e+02 5.225000000000000000e+01 1.492500000000000000e+02
5.225000000000000000e+01 1.492500000000000000e+02 1.197500000000000000e+02 1.552500000000000000e+02
4.942500000000000000e+02 1.532500000000000000e+02 6.382500000000000000e+02 1.752500000000000000e+02
1.187500000000000000e+02 1.547500000000000000e+02 2.212500000000000000e+02 1.627500000000000000e+02
2.225000000000000000e+02 1.632500000000000000e+02 3.017500000000000000e+02 1.692500000000000000e+02
2.925000000000000000e+01 1.647500000000000000e+02 5.375000000000000000e+01 1.667500000000000000e+02
5.325000000000000000e+01 1.665000000000000000e+02 5.275000000000000000e+01 1.847500000000000000e+02
3.022500000000000000e+02 1.695000000000000000e+02 3.607500000000000000e+02 1.745000000000000000e+02
2.500000000000000000e-01 1.727500000000000000e+02 2.975000000000000000e+01 1.742500000000000000e+02
2.925000000000000000e+01 1.737500000000000000e+02 1.187500000000000000e+02 1.797500000000000000e+02
2.925000000000000000e+01 1.737500000000000000e+02 1.547500000000000000e+02 1.817500000000000000e+02
3.597500000000000000e+02 1.742500000000000000e+02 3.607500000000000000e+02 1.922500000000000000e+02
1.192500000000000000e+02 1.787500000000000000e+02 1.187500000000000000e+02 1.882500000000000000e+02
1.195000000000000000e+02 1.797500000000000000e+02 1.557500000000000000e+02 1.812500000000000000e+02
1.552500000000000000e+02 1.802500000000000000e+02 1.565000000000000000e+02 1.902500000000000000e+02
2.925000000000000000e+01 1.827500000000000000e+02 5.375000000000000000e+01 1.837500000000000000e+02
5.225000000000000000e+01 1.832500000000000000e+02 1.197500000000000000e+02 1.872500000000000000e+02
5.275000000000000000e+01 1.832500000000000000e+02 5.375000000000000000e+01 2.057500000000000000e+02
1.197500000000000000e+02 1.872500000000000000e+02 1.202500000000000000e+02 2.087500000000000000e+02
1.567500000000000000e+02 1.892500000000000000e+02 2.142500000000000000e+02 1.907500000000000000e+02
2.132500000000000000e+02 1.902500000000000000e+02 2.347500000000000000e+02 1.915000000000000000e+02
2.337500000000000000e+02 1.912500000000000000e+02 2.342500000000000000e+02 2.097500000000000000e+02
3.595000000000000000e+02 1.912500000000000000e+02 4.047500000000000000e+02 1.967500000000000000e+02
3.607500000000000000e+02 1.912500000000000000e+02 3.402500000000000000e+02 1.952500000000000000e+02
2.342500000000000000e+02 1.917500000000000000e+02 2.765000000000000000e+02 1.932500000000000000e+02
3.002500000000000000e+02 1.932500000000000000e+02 3.402500000000000000e+02 1.945000000000000000e+02
3.015000000000000000e+02 1.932500000000000000e+02 2.995000000000000000e+02 2.132500000000000000e+02
2.752500000000000000e+02 1.937500000000000000e+02 3.017500000000000000e+02 1.937500000000000000e+02
4.767500000000000000e+02 1.937500000000000000e+02 4.302500000000000000e+02 1.952500000000000000e+02
4.317500000000000000e+02 1.947500000000000000e+02 4.042500000000000000e+02 1.957500000000000000e+02
3.250000000000000000e+00 2.027500000000000000e+02 4.250000000000000000e+00 2.247500000000000000e+02
3.250000000000000000e+00 2.032500000000000000e+02 2.275000000000000000e+01 2.032500000000000000e+02
2.125000000000000000e+01 2.032500000000000000e+02 3.175000000000000000e+01 2.042500000000000000e+02
3.175000000000000000e+01 2.042500000000000000e+02 5.475000000000000000e+01 2.052500000000000000e+02
5.325000000000000000e+01 2.042500000000000000e+02 5.325000000000000000e+01 2.242500000000000000e+02
5.325000000000000000e+01 2.047500000000000000e+02 6.925000000000000000e+01 2.057500000000000000e+02
7.025000000000000000e+01 2.057500000000000000e+02 1.207500000000000000e+02 2.082500000000000000e+02
1.192500000000000000e+02 2.072500000000000000e+02 1.422500000000000000e+02 2.082500000000000000e+02
1.427500000000000000e+02 2.082500000000000000e+02 1.637500000000000000e+02 2.082500000000000000e+02
1.622500000000000000e+02 2.087500000000000000e+02 1.902500000000000000e+02 2.092500000000000000e+02
1.917500000000000000e+02 2.087500000000000000e+02 2.072500000000000000e+02 2.102500000000000000e+02
2.335000000000000000e+02 2.092500000000000000e+02 2.697500000000000000e+02 2.112500000000000000e+02
2.347500000000000000e+02 2.097500000000000000e+02 2.077500000000000000e+02 2.112500000000000000e+02
2.697500000000000000e+02 2.112500000000000000e+02 2.837500000000000000e+02 2.112500000000000000e+02
2.837500000000000000e+02 2.112500000000000000e+02 3.007500000000000000e+02 2.122500000000000000e+02
3.152500000000000000e+02 2.112500000000000000e+02 2.992500000000000000e+02 2.122500000000000000e+02
3.155000000000000000e+02 2.115000000000000000e+02 3.362500000000000000e+02 2.122500000000000000e+02
3.512500000000000000e+02 2.115000000000000000e+02 3.657500000000000000e+02 2.122500000000000000e+02
3.362500000000000000e+02 2.117500000000000000e+02 3.527500000000000000e+02 2.117500000000000000e+02
3.767500000000000000e+02 2.117500000000000000e+02 3.652500000000000000e+02 2.122500000000000000e+02
3.852500000000000000e+02 2.117500000000000000e+02 3.752500000000000000e+02 2.122500000000000000e+02
3.867500000000000000e+02 2.117500000000000000e+02 4.027500000000000000e+02 2.122500000000000000e+02
4.017500000000000000e+02 2.117500000000000000e+02 4.135000000000000000e+02 2.122500000000000000e+02
4.132500000000000000e+02 2.122500000000000000e+02 4.297500000000000000e+02 2.122500000000000000e+02
4.137500000000000000e+02 2.122500000000000000e+02 4.127500000000000000e+02 2.487500000000000000e+02
4.282500000000000000e+02 2.122500000000000000e+02 4.457500000000000000e+02 2.122500000000000000e+02
4.292500000000000000e+02 2.122500000000000000e+02 4.277500000000000000e+02 2.487500000000000000e+02
4.442500000000000000e+02 2.122500000000000000e+02 4.567500000000000000e+02 2.122500000000000000e+02
4.552500000000000000e+02 2.122500000000000000e+02 4.662500000000000000e+02 2.122500000000000000e+02
4.662500000000000000e+02 2.122500000000000000e+02 4.762500000000000000e+02 2.122500000000000000e+02
3.660000000000000000e+02 2.130000000000000000e+02 3.657500000000000000e+02 2.457500000000000000e+02
5.375000000000000000e+01 2.242500000000000000e+02 5.400000000000000000e+01 2.442500000000000000e+02
4.000000000000000000e+00 2.250000000000000000e+02 3.750000000000000000e+00 2.557500000000000000e+02
4.932500000000000000e+02 2.362500000000000000e+02 5.092500000000000000e+02 2.372500000000000000e+02
5.097500000000000000e+02 2.370000000000000000e+02 5.517500000000000000e+02 2.382500000000000000e+02
5.502500000000000000e+02 2.377500000000000000e+02 5.822500000000000000e+02 2.382500000000000000e+02
5.837500000000000000e+02 2.387500000000000000e+02 6.167500000000000000e+02 2.392500000000000000e+02
6.170000000000000000e+02 2.390000000000000000e+02 6.387500000000000000e+02 2.402500000000000000e+02
3.532500000000000000e+02 2.452500000000000000e+02 3.652500000000000000e+02 2.452500000000000000e+02
3.367500000000000000e+02 2.457500000000000000e+02 3.167500000000000000e+02 2.472500000000000000e+02
3.547500000000000000e+02 2.457500000000000000e+02 3.352500000000000000e+02 2.462500000000000000e+02
3.652500000000000000e+02 2.457500000000000000e+02 3.760000000000000000e+02 2.460000000000000000e+02
3.152500000000000000e+02 2.467500000000000000e+02 2.975000000000000000e+02 2.472500000000000000e+02
4.447500000000000000e+02 2.472500000000000000e+02 4.272500000000000000e+02 2.482500000000000000e+02
4.577500000000000000e+02 2.472500000000000000e+02 4.432500000000000000e+02 2.477500000000000000e+02
2.987500000000000000e+02 2.475000000000000000e+02 2.667500000000000000e+02 2.507500000000000000e+02
4.135000000000000000e+02 2.477500000000000000e+02 4.017500000000000000e+02 2.482500000000000000e+02
4.562500000000000000e+02 2.477500000000000000e+02 4.722500000000000000e+02 2.482500000000000000e+02
4.122500000000000000e+02 2.482500000000000000e+02 4.282500000000000000e+02 2.482500000000000000e+02
2.652500000000000000e+02 2.502500000000000000e+02 2.392500000000000000e+02 2.517500000000000000e+02
2.392500000000000000e+02 2.512500000000000000e+02 2.087500000000000000e+02 2.517500000000000000e+02
2.082500000000000000e+02 2.517500000000000000e+02 1.932500000000000000e+02 2.527500000000000000e+02
1.762500000000000000e+02 2.522500000000000000e+02 1.932500000000000000e+02 2.522500000000000000e+02
1.762500000000000000e+02 2.522500000000000000e+02 1.642500000000000000e+02 2.535000000000000000e+02
3.525000000000000000e+01 2.527500000000000000e+02 5.675000000000000000e+01 2.572500000000000000e+02
1.425000000000000000e+01 2.532500000000000000e+02 1.425000000000000000e+01 2.752500000000000000e+02
3.525000000000000000e+01 2.532500000000000000e+02 1.425000000000000000e+01 2.542500000000000000e+02
1.312500000000000000e+02 2.532500000000000000e+02 1.642500000000000000e+02 2.532500000000000000e+02
4.250000000000000000e+00 2.542500000000000000e+02 2.750000000000000000e+00 2.767500000000000000e+02
1.475000000000000000e+01 2.542500000000000000e+02 4.500000000000000000e+00 2.552500000000000000e+02
1.312500000000000000e+02 2.542500000000000000e+02 1.187500000000000000e+02 2.547500000000000000e+02
1.187500000000000000e+02 2.545000000000000000e+02 8.625000000000000000e+01 2.565000000000000000e+02
5.775000000000000000e+01 2.562500000000000000e+02 8.775000000000000000e+01 2.562500000000000000e+02
2.022500000000000000e+02 2.665000000000000000e+02 1.747500000000000000e+02 2.685000000000000000e+02
1.732500000000000000e+02 2.687500000000000000e+02 1.632500000000000000e+02 2.692500000000000000e+02
1.337500000000000000e+02 2.697500000000000000e+02 1.177500000000000000e+02 2.702500000000000000e+02
1.162500000000000000e+02 2.702500000000000000e+02 8.825000000000000000e+01 2.722500000000000000e+02
6.057500000000000000e+02 2.702500000000000000e+02 6.182500000000000000e+02 2.702500000000000000e+02
8.875000000000000000e+01 2.722500000000000000e+02 8.925000000000000000e+01 2.857500000000000000e+02
5.775000000000000000e+01 2.727500000000000000e+02 2.375000000000000000e+01 2.757500000000000000e+02
8.975000000000000000e+01 2.727500000000000000e+02 5.725000000000000000e+01 2.732500000000000000e+02
3.250000000000000000e+00 2.752500000000000000e+02 2.750000000000000000e+00 2.872500000000000000e+02
1.475000000000000000e+01 2.752500000000000000e+02 1.475000000000000000e+01 2.967500000000000000e+02
2.750000000000000000e+00 2.757500000000000000e+02 1.575000000000000000e+01 2.762500000000000000e+02
2.325000000000000000e+01 2.757500000000000000e+02 1.425000000000000000e+01 2.762500000000000000e+02
3.512500000000000000e+02 2.797500000000000000e+02 3.132500000000000000e+02 2.802500000000000000e+02
3.132500000000000000e+02 2.805000000000000000e+02 2.927500000000000000e+02 2.825000000000000000e+02
1.347500000000000000e+02 2.822500000000000000e+02 1.362500000000000000e+02 2.947500000000000000e+02
1.997500000000000000e+02 2.822500000000000000e+02 1.977500000000000000e+02 2.937500000000000000e+02
2.007500000000000000e+02 2.827500000000000000e+02 2.137500000000000000e+02 2.832500000000000000e+02
2.122500000000000000e+02 2.832500000000000000e+02 2.607500000000000000e+02 2.842500000000000000e+02
2.127500000000000000e+02 2.832500000000000000e+02 2.147500000000000000e+02 2.997500000000000000e+02
2.927500000000000000e+02 2.832500000000000000e+02 2.592500000000000000e+02 2.852500000000000000e+02
8.925000000000000000e+01 2.852500000000000000e+02 8.925000000000000000e+01 2.932500000000000000e+02
8.925000000000000000e+01 2.932500000000000000e+02 9.225000000000000000e+01 3.247500000000000000e+02
1.972500000000000000e+02 2.937500000000000000e+02 1.967500000000000000e+02 3.022500000000000000e+02
2.145000000000000000e+02 2.982500000000000000e+02 2.192500000000000000e+02 3.257500000000000000e+02
1.597500000000000000e+02 3.232500000000000000e+02 1.585000000000000000e+02 3.342500000000000000e+02
1.597500000000000000e+02 3.237500000000000000e+02 1.362500000000000000e+02 3.262500000000000000e+02
2.197500000000000000e+02 3.242500000000000000e+02 2.222500000000000000e+02 3.342500000000000000e+02
9.275000000000000000e+01 3.247500000000000000e+02 9.325000000000000000e+01 3.337500000000000000e+02
2.897500000000000000e+02 3.247500000000000000e+02 2.557500000000000000e+02 3.287500000000000000e+02
2.887500000000000000e+02 3.252500000000000000e+02 2.877500000000000000e+02 3.342500000000000000e+02
2.192500000000000000e+02 3.255000000000000000e+02 2.547500000000000000e+02 3.287500000000000000e+02
1.362500000000000000e+02 3.267500000000000000e+02 1.167500000000000000e+02 3.277500000000000000e+02
1.875000000000000000e+02 3.337500000000000000e+02 1.587500000000000000e+02 3.342500000000000000e+02
3.697500000000000000e+02 3.547500000000000000e+02 3.732500000000000000e+02 3.782500000000000000e+02
3.732500000000000000e+02 3.775000000000000000e+02 3.772500000000000000e+02 4.167500000000000000e+02
3.737500000000000000e+02 3.775000000000000000e+02 4.552500000000000000e+02 3.965000000000000000e+02
2.785000000000000000e+02 3.882500000000000000e+02 2.765000000000000000e+02 4.567500000000000000e+02
4.552500000000000000e+02 3.967500000000000000e+02 4.537500000000000000e+02 4.347500000000000000e+02
3.777500000000000000e+02 4.152500000000000000e+02 3.777500000000000000e+02 4.272500000000000000e+02
3.777500000000000000e+02 4.157500000000000000e+02 4.432500000000000000e+02 4.317500000000000000e+02
3.777500000000000000e+02 4.272500000000000000e+02 3.792500000000000000e+02 4.502500000000000000e+02
4.432500000000000000e+02 4.317500000000000000e+02 4.542500000000000000e+02 4.337500000000000000e+02
4.542500000000000000e+02 4.332500000000000000e+02 4.537500000000000000e+02 4.477500000000000000e+02
4.537500000000000000e+02 4.475000000000000000e+02 4.052500000000000000e+02 4.642500000000000000e+02
3.792500000000000000e+02 4.517500000000000000e+02 3.797500000000000000e+02 4.702500000000000000e+02
2.777500000000000000e+02 4.577500000000000000e+02 2.945000000000000000e+02 4.655000000000000000e+02
4.047500000000000000e+02 4.642500000000000000e+02 4.512500000000000000e+02 4.787500000000000000e+02
2.942500000000000000e+02 4.652500000000000000e+02 3.232500000000000000e+02 4.785000000000000000e+02
