2.780229492187500000e+02 2.031721649169921875e+02 1.942818450927734375e+02 2.032129821777343750e+02
2.037566833496093750e+02 2.877913208007812500e+02 2.295821380615234375e+02 2.873516845703125000e+02
5.668021240234375000e+02 2.534279785156250000e+02 5.667366333007812500e+02 1.518611450195312500e+02
5.517356567382812500e+02 1.486746673583984375e+02 6.393609619140625000e+02 1.322365570068359375e+02
2.037566833496093750e+02 2.877913208007812500e+02 2.033847808837890625e+02 2.619436035156250000e+02
6.392920532226562500e+02 2.749397583007812500e+02 5.481024169921875000e+02 2.642245178222656250e+02
2.442617187500000000e+02 2.868861083984375000e+02 2.695026245117187500e+02 2.866097412109375000e+02
1.666264953613281250e+02 1.492879180908203125e+02 8.789407348632812500e+01 1.096295595169067383e+00
2.693841857910156250e+02 2.607853393554687500e+02 2.695026245117187500e+02 2.866097412109375000e+02
2.033847808837890625e+02 2.619436035156250000e+02 2.292483367919921875e+02 2.617606811523437500e+02
2.030738830566406250e+02 2.114782257080078125e+02 2.287980041503906250e+02 2.115321502685546875e+02
2.030738830566406250e+02 2.114782257080078125e+02 2.035534362792968750e+02 2.506792602539062500e+02
2.678279113769531250e+02 2.495306396484375000e+02 2.680599060058593750e+02 2.116711730957031250e+02
3.025011901855468750e+02 1.510124969482421875e+02 1.666264953613281250e+02 1.492879180908203125e+02
5.668021240234375000e+02 2.534279785156250000e+02 6.393414306640625000e+02 2.603845520019531250e+02
2.693841857910156250e+02 2.607853393554687500e+02 2.439537353515625000e+02 2.608561401367187500e+02
5.517356567382812500e+02 1.486746673583984375e+02 5.515288696289062500e+02 2.561717224121093750e+02
2.035534362792968750e+02 2.506792602539062500e+02 2.285800170898437500e+02 2.506444396972656250e+02
1.681577148437500000e+02 2.974072570800781250e+02 1.666264953613281250e+02 1.492879180908203125e+02
7.353030395507812500e+01 4.789319458007812500e+02 6.600741577148437500e+01 1.228383541107177734e+00
5.483587646484375000e+02 2.560720520019531250e+02 5.481024169921875000e+02 2.642245178222656250e+02
2.680599060058593750e+02 2.116711730957031250e+02 2.438199005126953125e+02 2.120069580078125000e+02
2.438199005126953125e+02 2.120069580078125000e+02 2.437863159179687500e+02 2.490568847656250000e+02
2.295821380615234375e+02 2.873516845703125000e+02 2.292483367919921875e+02 2.617606811523437500e+02
2.442617187500000000e+02 2.868861083984375000e+02 2.439537353515625000e+02 2.608561401367187500e+02
5.793166503906250000e+02 2.536866760253906250e+02 5.791903686523437500e+02 1.513545532226562500e+02
2.678279113769531250e+02 2.495306396484375000e+02 2.437863159179687500e+02 2.490568847656250000e+02
1.968072814941406250e+02 2.983226623535156250e+02 2.777951965332031250e+02 2.979360351562500000e+02
4.071513671875000000e+02 8.285951614379882812e-01 2.717463378906250000e+02 1.484655151367187500e+02
2.287980041503906250e+02 2.115321502685546875e+02 2.285800170898437500e+02 2.506444396972656250e+02
1.680431671142578125e+02 2.974083557128906250e+02 1.681214294433593750e+02 3.055922546386718750e+02
3.025011901855468750e+02 1.510124969482421875e+02 3.041604003906250000e+02 2.933617248535156250e+02
3.040293273925781250e+02 2.933631286621093750e+02 3.041184082031250000e+02 3.016635131835937500e+02
3.025011901855468750e+02 1.510124969482421875e+02 5.267440185546875000e+02 7.698816061019897461e-01
5.666357421875000000e+02 2.568964843750000000e+02 5.515288696289062500e+02 2.561717224121093750e+02
5.668021240234375000e+02 2.534279785156250000e+02 5.660372924804687500e+02 2.535653839111328125e+02
3.079654235839843750e+02 2.959026489257812500e+02 5.821103515625000000e+02 4.789709777832031250e+02
2.679779052734375000e+02 1.209232788085937500e+02 2.523349761962890625e+02 1.452507019042968750e+02
4.276777343750000000e+02 2.041753997802734375e+02 4.268544006347656250e+02 6.871327209472656250e+01
2.669381713867187500e+02 1.437483978271484375e+02 2.625260620117187500e+02 1.482456665039062500e+02
2.780229492187500000e+02 2.031721649169921875e+02 2.777951965332031250e+02 2.979360351562500000e+02
3.570741271972656250e+02 1.149123535156250000e+02 3.639345092773437500e+02 3.324042663574218750e+02
1.681577148437500000e+02 2.974072570800781250e+02 1.968110351562500000e+02 2.975454406738281250e+02
4.276777343750000000e+02 2.041753997802734375e+02 4.470620422363281250e+02 2.014760437011718750e+02
4.269428100585937500e+02 2.041758728027343750e+02 4.270480957031250000e+02 3.655515136718750000e+02
3.024724426269531250e+02 1.479938507080078125e+02 3.116042480468750000e+02 1.479068603515625000e+02
2.568227539062500000e+02 2.116757049560546875e+02 2.560807495117187500e+02 2.488779907226562500e+02
1.007810592651367188e+00 3.309501037597656250e+02 1.668180694580078125e+02 2.412316741943359375e+02
1.681577148437500000e+02 2.974072570800781250e+02 7.353030395507812500e+01 4.789319458007812500e+02
4.470620422363281250e+02 2.014760437011718750e+02 4.421112670898437500e+02 2.911669311523437500e+02
1.681577148437500000e+02 2.974072570800781250e+02 8.337225341796875000e+01 4.792610778808593750e+02
4.276777343750000000e+02 2.041753997802734375e+02 4.131641845703125000e+02 2.110046386718750000e+02
4.131641845703125000e+02 2.110046386718750000e+02 4.133992004394531250e+02 2.560690917968750000e+02
1.666999969482421875e+02 1.967699279785156250e+02 3.180181121826171875e+01 1.177165603637695312e+02
7.349339127540588379e-01 9.577449798583984375e+01 2.098636245727539062e+01 1.072381210327148438e+02
2.060442161560058594e+01 1.078657608032226562e+02 3.315040588378906250e+01 1.155004196166992188e+02
1.968072814941406250e+02 2.983226623535156250e+02 1.942818450927734375e+02 2.032129821777343750e+02
2.663619995117187500e+02 1.433013916015625000e+02 2.833622436523437500e+02 1.213891448974609375e+02
2.315851593017578125e+02 1.883501434326171875e+02 2.428459167480468750e+02 1.881809844970703125e+02
3.041604003906250000e+02 2.933617248535156250e+02 2.777951965332031250e+02 2.979360351562500000e+02
2.679779052734375000e+02 1.209232788085937500e+02 2.833622436523437500e+02 1.213891448974609375e+02
2.777951965332031250e+02 2.979360351562500000e+02 3.041184082031250000e+02 3.016635131835937500e+02
2.292024383544921875e+02 2.506380004882812500e+02 2.293174743652343750e+02 2.617599792480468750e+02
4.421112670898437500e+02 2.911669311523437500e+02 4.162556457519531250e+02 2.865786132812500000e+02
1.670211791992187500e+02 1.706789703369140625e+02 2.428208007812500000e+02 1.744895935058593750e+02
1.679679260253906250e+02 2.974089660644531250e+02 1.683161621093750000e+02 3.358597717285156250e+02
1.673726959228515625e+02 2.974112243652343750e+02 1.677370910644531250e+02 3.697444763183593750e+02
4.624966735839843750e+02 4.596421432495117188e+01 5.829122314453125000e+02 9.126481628417968750e+01
4.267376098632812500e+02 1.847672882080078125e+02 3.034498901367187500e+02 2.036905059814453125e+02
1.967862243652343750e+02 2.983219909667968750e+02 1.968072814941406250e+02 2.983226623535156250e+02
4.223819580078125000e+02 2.271752929687500000e+02 4.133205871582031250e+02 2.238274841308593750e+02
4.388563537597656250e+02 2.089309997558593750e+02 4.322766418457031250e+02 2.299920043945312500e+02
4.224999084472656250e+02 2.268126068115234375e+02 4.322766418457031250e+02 2.299920043945312500e+02
4.150049133300781250e+02 2.560034179687500000e+02 4.162556457519531250e+02 2.865786132812500000e+02
1.967816009521484375e+02 2.965558166503906250e+02 2.776825561523437500e+02 2.941493225097656250e+02
2.433042297363281250e+02 1.484903564453125000e+02 2.431606292724609375e+02 1.594475402832031250e+02
2.432003021240234375e+02 1.962372894287109375e+02 2.428208007812500000e+02 1.744895935058593750e+02
