0.0074451 92.6903 189.994 97.2574
201.133 95.5753 186.962 91.1213
186.898 85.2267 239.954 82.1892
240.01 82.9329 266.153 87.0187
268.158 91.5205 251.842 96.4794
247.261 103.353 223.193 108
222.919 107.249 208.787 102.656
4.01178 152.635 300.007 155.19
301.712 157.003 303.112 274.987
300.996 276.922 12.0134 291.27
10.6139 291.071 8.67265 253.017
18.9443 271.478 38.9912 272.233
33.0139 278.205 16.0016 277.906
15.0745 285.564 297.006 272.135
298.28 271.982 296.823 165.989
294.013 159.377 235.997 158.131
251.979 164.108 220.99 163.517
259.001 159.503 47.0014 159.842
57.9354 159.573 34.0142 156.874
14.0907 328.398 334.973 307.579
334.793 308.536 361.655 318.894
361.994 317.855 386.953 316.84
387.139 317.661 515.812 370.457
515.996 369.968 580.852 362.686
582.067 364.021 581.79 378.016
581.063 378.517 516.05 386.411
549.165 383.568 612.665 407.875
613.04 407.242 638.984 402.902
0.622089 299.95 5.53306 263.071
3.96101 371.529 255.974 350.682
223.658 322.261 296.175 386.804
222.921 321.915 16.9909 336.874
16.1326 336.733 5.90022 369.969
295.026 389.268 0.0150032 418.153
0.0873489 447.782 287.847 415.63
288.371 416.652 335.314 466.706
335.104 469.729 271.957 478.7
0.0324404 21.5157 531.061 57.083
499.005 55.9394 639.002 66.9732
9.96537 157.4 36.996 156.815
6.42743 277.93 3.34523 303.042
0.0127183 25.8047 510.063 59.0279
488.02 58.7445 638.971 70.3739
0.0143837 107.202 47.0171 108.049
49.2335 110.021 47.8249 125.985
338.989 132.616 -0.0123549 126.709
338.919 129.935 407.969 127.212
408.084 129.537 455.053 126.981
446.017 127.108 472.986 122.912
475.256 125.019 474.313 138.023
308.809 130.231 358.714 117.848
7.07421 311.031 6.46997 332.014
0.0372849 438.351 304.996 405.966
305.352 405.625 382.73 478.222
0.0671463 450.599 284.961 418.65
285.705 418.342 331.052 466.952
331.061 467.43 252.103 478.721
5.9882 74.3514 183.989 80.3294
8.023 368.272 250.977 347.728
17.1195 408.254 267.041 384.432
267.754 383.292 243.043 356.959
240.581 358.392 263.804 383.183
17.3308 402.096 25.5101 373.858
25.949 373.394 236.97 355.641
19.4675 406.134 28.3414 375.098
21.1321 405.374 261.125 382.302
29.0453 249.042 29.9981 270.957
30.0723 361.858 227.021 345.246
228.324 342.66 210.921 326.083
208.469 327.565 224.948 343.055
36.3516 339.868 32.2369 360.048
33.0125 90.5498 188.005 94.8353
0.0188005 130.013 339.991 136.489
339.952 135.758 357.069 132.349
360.057 134.001 359.854 314.001
37.0041 275.071 16.017 276.292
14.03 314.478 332.968 294.485
28.9771 375.73 239.987 357.843
111.12 380.498 163.009 368.036
34.006 359.07 222.093 343.097
32.9939 96.2414 195.016 100.36
36.9429 340.235 207.961 327.473
52 105 82 105
86.0081 108.717 359.041 116.576
56.8875 110.014 58.5502 123.057
41.9916 126.209 85.9973 125.742
86.9729 125.93 85.8976 111.007
74.988 204.981 73.5771 278.992
73 109 73 123
76.0387 122.944 75.2908 108.984
81.107 214.956 86.7487 228.693
89.7212 241.972 86.0648 278.007
79.1165 177.035 78.4057 200.013
78.7461 124.016 77.7266 108.017
95.1681 179.015 88.9616 250.997
58.0545 56.9114 383.988 73.2375
99.5226 166.048 89.0091 281.092
111.068 204.008 104.517 259.943
102.979 341.806 125.933 339.37
111.04 459.413 134.113 457.156
154.151 468.744 140.122 471.6
132.793 465.622 113.189 476.345
99.8916 469.357 125.993 464.959
110.05 212.007 115.038 177.005
106.043 273.005 116.132 186.015
121.126 177.027 121.947 204.032
120.485 215.037 118.48 186.966
130.269 278.972 123.667 216.035
125.575 271.03 122.549 228.102
109.888 262.277 120.883 226.964
127.09 208.029 132.71 190.905
135.784 191.888 137.804 206.028
197.882 205 197.882 189
137.935 213.429 155.988 214.252
156.67 213.951 158.281 235.979
158.044 236.539 144.968 237.603
144.911 238 144.879 256.002
139.977 177.414 188.996 176.709
110.11 10.6022 582.103 47.685
119.937 12.8289 0.0231719 3.69577
572.026 48.6848 638.975 54.3
145.015 315.175 160.979 313.767
157.941 261.151 187.019 262.635
179.072 471.562 196.106 474.357
166.218 465.927 161.331 451.222
160.429 235.014 159.972 216.025
164.707 214.977 165.383 235.988
158.961 272.562 178.974 273.056
161 237 180 237
181.228 236.938 182.451 261.028
168.17 214.99 167.921 235.999
170.049 213.958 192.989 212.791
211.609 270.949 205.365 195.97
222.289 221.981 220.625 196.958
203.977 212.918 208.847 271.013
222.252 218.981 226.188 271.986
220.627 234.027 223.125 267.991
225.838 200.683 232.681 218.742
231.009 323.125 333.91 315.746
333.976 317.051 607.581 445.889
608.106 445.583 638.993 439.962
236.072 241.988 240.415 268.933
233.111 244.852 237.02 274.131
240.544 247.047 243.325 274.069
260.302 181.04 257.607 268.988
248.954 102.06 387.998 108.038
387.742 106.89 495.718 81.7864
494.95 83.9755 546.967 86.6451
260.6 271.96 263.006 187
256.048 99.7938 388.998 105.049
280.107 248.998 280.477 271.992
279.855 232.007 280.068 207.001
267.004 83.9138 337.994 87.1416
287.402 204.995 288.3 271.01
290.732 171.016 291.961 270.988
258.035 97.6793 322.016 99.399
363.085 0.182281 639 29.0035
370.229 87.7959 386.982 104.019
392.834 89.4529 430.967 77.8896
428.986 76.4493 402.98 75.6237
430.293 129.989 428.7 234.995
431.053 169.849 456 171
452.978 187.718 438.986 188.818
461.196 244.997 460.922 229.001
458.983 227.237 439.014 225.811
438.706 225.987 438.002 241.956
448.017 250.011 447.621 320.998
449.851 323.997 451.24 248.004
428.677 260.005 429.549 312.008
430.042 312.861 445.955 312.081
435 184 435 202
464.837 215.991 465.076 237.999
451.174 110.79 559.747 86.8512
549.929 89.4207 610.992 81.9378
449 109 384.996 108.432
447.16 331.55 470.103 339.71
471.94 325.512 444.982 328.854
461.479 208.053 463.138 193.015
446.006 77.9155 494.055 81.1907
482.978 292.085 514.022 299.915
516.932 141.017 512.39 386.989
491.887 157.438 477.791 153.813
512.827 387.819 532.23 391.908
473.817 165.994 473.95 207.997
472.761 256.006 472.65 288.999
469.454 352.972 468.1 379.057
471.105 167.001 470.774 199.008
474.03 286.878 512.877 296.499
469.8 369.444 511.825 388.387
493.242 164.004 491.758 260.996
496.265 163.005 494.789 235.996
523.554 93.9911 518.139 367.003
520.027 297.388 579.95 293.269
581.935 183.999 580.82 312.99
584.027 222.001 586.115 107.002
587.888 103.872 631.948 99.4777
521.017 300.238 579.997 295.961
547.029 386.261 526.945 388.504
547.489 377.989 553.542 98.0117
550.896 362.998 556.425 99.0089
547.967 95.7253 594.009 97.798
529.039 32.5131 617.954 39.5817
581.013 40.8998 594.996 40.7001
596.996 42.6278 638.991 42.1843
555.994 140.172 583.992 141.207
577 137.913 555 137.913
579.342 305.009 577.83 362.022
581.046 329.899 638.997 326.946
580.968 325.374 633.985 322.702
579.058 350.913 639.005 347.083
581.998 123.186 563 123.014
588.09 356.762 622.671 369.869
623.008 368.903 638.977 370.272
586.999 353.987 638.975 351.485
606.792 250.052 610.067 200.004
609.495 247.037 611.463 221.035
583.023 307.811 624.152 312.734
612.65 367.048 609.792 406.058
612.95 405.937 614.872 373.992
629 232 629 251
639.009 397.921 614.97 395.277
