6 211 206 228
20 219 197 234
395 359 413 358
538 117 552 112
532 331 547 330
0 454 328 402
451 327 461 326
116 352 198 347
419 334 494 329
0 452 322 401
523 291 546 292
426 208 513 213
139 177 152 179
500 127 515 131
0 153 156 177
592 323 637 319
199 171 225 174
302 182 387 194
488 324 535 320
591 214 628 210
90 230 140 233
224 343 236 341
358 120 373 128
228 260 300 265
88 304 88 90
584 296 608 293
576 306 594 304
89 223 200 233
442 89 509 109
163 363 191 361
582 300 594 299
199 358 220 357
292 335 336 329
481 124 492 119
0 244 82 249
531 142 551 140
466 142 521 120
440 239 503 251
471 240 481 242
293 336 336 333
564 321 584 319
284 63 299 71
422 203 459 203
385 325 407 322
482 119 512 103
118 25 275 64
330 69 330 87
236 253 256 251
428 324 444 320
179 361 191 360
416 98 475 116
559 272 605 263
471 236 627 219
270 377 319 373
94 286 120 275
424 325 480 319
3 322 19 316
536 348 562 348
311 340 350 337
159 252 215 255
151 348 166 347
527 305 567 307
464 344 497 343
211 19 353 58
201 293 219 293
126 170 141 173
292 320 336 318
26 372 53 370
99 193 118 194
437 150 499 123
429 197 450 197
488 304 535 293
395 277 414 276
602 276 627 270
208 171 226 170
159 180 172 182
507 242 537 251
284 251 334 246
505 96 529 71
421 180 446 173
395 309 442 310
515 345 536 344
0 401 113 389
489 199 568 152
602 204 612 203
448 317 479 310
623 316 638 317
507 241 543 245
233 347 256 344
502 160 555 145
157 272 176 272
520 352 561 350
622 313 639 314
284 195 339 195
241 369 260 360
0 397 189 377
574 270 604 264
470 227 498 224
536 133 560 140
342 261 413 202
106 4 159 19
229 229 240 227
480 316 540 304
401 169 417 166
395 349 439 297
476 287 509 287
576 97 597 81
486 176 506 187
566 291 596 292
195 217 212 218
438 237 450 236
274 138 293 141
426 199 469 199
519 114 552 104
164 295 300 295
531 262 565 257
425 217 435 239
572 157 603 151
439 151 530 143
515 108 527 103
135 249 197 237
577 150 596 155
52 268 64 266
506 113 522 97
575 80 599 72
427 269 439 269
329 190 342 183
340 340 429 329
339 179 340 224
520 212 540 209
219 379 230 374
416 143 440 138
484 100 497 95
529 328 557 326
449 120 515 139
591 210 635 205
545 331 560 330
619 4 627 102
551 130 572 136
578 287 603 292
316 211 340 205
360 293 380 295
301 246 334 242
156 353 209 350
555 354 573 354
371 125 414 114
604 313 631 310
136 13 296 56
276 214 291 217
303 304 327 304
497 174 544 183
23 265 37 265
203 210 232 200
125 210 142 209
317 346 336 335
90 236 132 239
283 184 301 186
278 180 314 188
404 200 458 202
459 208 477 205
389 139 494 171
573 193 586 193
371 271 411 245
254 361 296 357
149 2 252 33
134 387 196 380
478 213 497 214
333 214 333 240
278 179 299 180
477 216 488 217
358 356 370 356
48 368 64 368
493 204 508 205
509 160 539 153
387 166 415 159
198 193 241 199
409 218 444 238
1 266 21 266
369 199 391 198
297 347 346 345
110 25 281 68
522 98 551 93
40 237 82 239
163 294 181 293
515 311 528 312
550 134 558 123
543 226 589 222
497 276 509 276
507 294 540 296
250 226 267 227
592 324 608 324
95 182 106 183
262 339 280 328
417 316 435 315
85 384 112 381
141 185 151 185
390 280 419 283
410 318 435 293
577 197 612 201
602 275 624 270
537 120 549 115
283 254 300 253
164 291 176 288
550 190 565 189
56 356 66 355
116 177 129 178
162 173 215 156
391 218 402 218
273 177 292 173
494 225 514 222
264 472 383 441
520 82 550 75
141 240 180 240
357 239 367 237
422 167 496 93
229 371 245 358
401 128 482 82
48 305 81 305
374 320 387 318
377 200 399 211
343 272 363 257
307 353 353 353
620 262 638 261
584 244 603 246
321 348 342 347
496 163 532 134
291 299 307 299
548 301 594 303
238 186 277 192
572 48 609 197
377 254 400 236
577 314 607 311
438 281 463 289
306 198 358 197
599 169 611 168
107 192 120 193
284 214 341 202
291 298 305 283
520 324 536 321
9 367 25 366
521 325 539 324
246 196 257 201
180 221 205 211
292 52 337 64
449 117 496 92
4 154 36 161
522 83 533 81
155 204 167 209
371 301 381 302
577 104 597 88
390 283 418 286
364 328 411 328
558 311 574 313
418 340 450 338
395 297 442 306
580 141 601 128
452 276 462 276
178 200 188 200
468 142 494 144
205 375 225 363
211 384 232 363
28 267 65 266
459 167 486 170
457 194 523 195
308 185 338 169
377 264 443 220
230 377 245 363
459 263 474 263
498 267 564 272
371 158 387 149
370 165 395 153
343 347 389 350
451 186 489 187
182 223 194 226
291 149 339 137
459 166 475 165
163 256 175 258
518 164 532 161
387 225 459 211
531 191 565 191
581 192 594 190
457 196 482 197
416 338 431 337
560 288 573 287
565 258 575 257
294 137 320 131
419 119 429 117
19 230 66 234
96 0 119 7
529 79 541 62
423 366 437 364
177 365 219 359
345 186 367 185
291 204 306 207
19 370 37 370
213 379 236 365
472 151 499 149
224 187 238 188
584 315 605 321
362 242 395 238
185 357 204 357
547 195 572 195
386 149 397 153
106 188 125 188
449 181 481 181
474 147 514 143
416 135 436 140
388 262 412 248
272 355 292 354
331 151 331 74
101 0 256 44
377 273 417 248
1 294 17 294
231 224 242 227
433 149 499 117
309 202 349 199
197 223 212 217
164 285 176 285
434 117 452 110
485 207 517 210
330 351 349 351
290 343 310 339
489 218 510 218
588 272 605 271
514 77 528 71
471 237 550 230
344 303 362 302
376 245 411 258
376 243 387 242
339 114 441 84
153 377 169 376
177 344 188 344
141 186 151 187
326 168 344 159
169 305 170 359
522 221 611 210
496 274 548 274
371 149 384 165
488 205 521 186
257 344 268 344
107 191 146 180
488 309 499 310
619 317 629 317
459 262 475 262
485 237 499 238
151 270 174 270
156 203 173 206
507 301 557 315
550 157 587 148
423 183 441 178
505 279 539 279
245 202 272 188
231 293 293 294
17 306 47 305
361 181 400 198
419 308 429 306
244 195 263 200
115 367 133 367
89 174 111 182
311 274 322 274
515 283 539 283
27 0 103 23
509 244 543 247
407 298 446 295
470 218 501 223
200 193 210 193
531 266 547 265
244 229 271 223
574 326 595 329
274 278 301 275
84 145 84 90
448 127 474 94
162 175 181 174
408 246 459 214
441 97 475 72
408 303 447 298
224 256 255 257
497 96 521 90
1 355 39 355
323 356 345 358
476 173 500 168
556 346 576 353
42 356 55 356
339 175 407 164
281 69 312 70
580 41 606 174
399 330 429 328
305 168 338 164
205 378 215 377
359 295 370 296
582 276 605 272
403 102 416 110
618 255 633 291
518 166 533 156
353 188 388 189
409 360 429 360
378 289 416 280
504 237 550 233
343 285 365 285
438 163 448 159
121 251 153 253
351 126 361 126
337 60 355 66
494 342 527 340
386 235 415 212
421 181 472 166
212 239 226 232
518 172 551 155
449 115 503 88
115 180 132 176
354 306 381 303
273 65 284 68
520 334 530 334
284 256 300 255
315 287 327 287
527 344 566 339
381 201 414 198
231 235 251 223
485 109 499 113
163 281 176 280
505 296 517 296
216 344 230 345
420 105 480 95
529 236 550 237
282 369 295 369
584 88 609 189
153 217 171 220
1 155 28 160
437 201 468 200
506 221 540 214
394 313 441 312
90 249 120 251
248 288 335 282
587 249 587 260
417 141 458 154
230 366 245 366
410 94 438 101
202 231 218 229
391 357 417 351
377 269 389 270
370 151 405 134
581 142 602 137
40 324 66 314
585 319 608 317
367 365 378 364
280 465 388 437
469 219 504 235
61 369 82 368
500 318 511 319
450 312 464 310
403 348 421 349
321 349 346 348
11 366 26 365
549 155 603 161
379 228 401 234
367 305 381 304
545 336 565 336
377 262 412 263
177 366 206 365
413 156 449 166
189 173 204 173
414 222 450 224
27 357 41 357
319 202 353 206
428 221 443 216
448 125 494 140
272 133 297 127
604 227 615 226
521 118 534 121
259 346 282 328
437 115 454 104
331 219 331 206
0 293 18 292
575 249 588 246
451 270 475 277
624 203 635 203
194 350 221 345
354 316 381 306
386 283 417 291
351 267 361 266
0 281 16 281
348 201 390 207
480 153 499 150
259 35 352 58
106 356 129 357
554 187 574 187
354 314 379 305
546 134 570 136
41 331 54 324
444 100 481 81
455 156 465 156
558 323 595 327
382 116 418 109
411 324 430 322
548 182 563 182
583 262 596 262
421 232 443 218
489 329 499 331
332 205 356 207
615 252 639 252
97 175 119 172
163 277 176 277
292 319 336 315
480 348 506 348
214 118 227 118
471 250 505 258
595 316 617 314
212 241 231 231
399 219 412 227
372 248 411 257
492 291 511 288
360 352 383 322
124 183 148 177
462 105 478 96
397 293 410 299
394 308 431 305
356 173 376 173
506 142 550 70
471 103 495 90
124 249 134 249
461 201 503 216
1 286 18 286
164 292 176 284
344 132 354 133
153 212 174 213
273 189 310 194
589 217 596 330
589 137 604 134
1 273 14 273
392 143 405 135
436 115 459 100
450 215 467 204
581 112 599 99
261 126 277 131
582 175 596 175
495 180 515 146
537 49 547 44
506 293 517 291
462 188 519 191
90 295 127 297
353 378 367 353
288 258 300 258
324 164 338 156
480 161 517 133
449 121 465 115
313 342 325 341
186 183 207 183
394 306 442 303
547 196 565 196
153 215 173 219
512 361 523 361
480 327 509 327
407 301 432 293
530 66 548 55
438 363 454 362
353 183 398 181
473 282 511 286
239 339 265 339
302 197 332 176
211 349 229 349
436 125 510 146
335 107 351 123
161 202 188 208
444 80 467 73
373 250 408 241
391 142 405 133
487 312 535 357
391 254 412 252
465 157 501 166
481 237 499 247
180 242 197 235
0 372 25 372
489 164 528 135
318 370 342 370
155 174 173 181
371 284 384 280
628 283 638 283
489 288 504 288
184 204 197 208
268 352 303 348
351 343 369 343
622 179 633 179
529 275 548 275
425 211 450 222
268 346 284 328
413 296 446 283
68 180 83 177
455 353 468 353
1 274 14 274
365 165 392 148
520 244 575 241
458 197 465 320
581 156 584 215
485 200 511 176
472 244 499 248
443 217 459 224
574 248 624 238
343 262 344 320
574 184 586 184
94 273 109 268
93 238 106 241
508 248 537 252
524 204 540 210
476 300 498 299
534 104 552 101
370 340 382 339
524 114 534 113
566 197 581 195
489 257 499 240
405 128 475 88
619 234 621 248
195 211 227 214
358 317 382 318
466 189 484 195
337 123 401 103
496 223 540 212
358 156 372 153
630 130 639 253
433 136 480 146
60 367 71 367
231 383 241 371
548 339 563 339
4 350 19 349
378 337 422 333
545 60 547 198
291 194 318 193
339 178 352 178
8 361 23 361
336 451 397 435
613 259 630 259
420 173 456 137
355 121 371 121
395 237 410 235
163 223 163 178
290 268 300 268
354 69 365 65
515 304 540 301
287 137 330 124
392 263 402 265
460 84 477 76
291 288 312 288
321 253 334 254
447 275 470 274
576 68 593 184
372 254 397 222
301 360 311 361
152 184 189 174
528 55 545 46
533 49 550 39
584 43 599 127
312 252 334 250
55 324 71 325
532 212 546 216
505 277 548 278
419 298 442 298
204 114 252 96
235 332 268 329
625 268 635 271
488 312 508 309
490 328 506 328
233 229 246 233
180 169 191 169
281 189 295 187
378 351 417 342
419 223 447 234
382 161 407 156
214 127 240 119
302 369 312 368
298 172 308 168
163 164 175 163
500 331 518 342
380 192 399 192
432 226 440 212
597 266 609 266
520 300 538 297
578 118 600 116
41 354 54 354
221 120 265 104
473 157 501 165
164 284 176 282
391 272 404 273
98 369 110 368
574 65 593 56
454 187 497 153
385 155 440 121
350 376 406 369
402 317 414 313
507 238 545 243
359 347 372 347
438 326 461 324
391 259 401 261
382 208 408 180
386 228 399 231
528 285 554 290
395 279 418 279
558 352 582 350
365 341 380 340
426 117 454 101
612 261 638 260
577 237 597 238
446 292 453 303
429 271 443 270
373 161 386 173
488 306 499 304
387 226 410 228
2 347 2 326
1 321 1 282
457 122 470 120
420 183 443 183
405 213 433 218
465 211 486 198
503 96 517 81
200 163 223 164
529 209 532 230
498 223 536 236
396 190 407 189
184 202 227 212
138 243 153 244
419 159 432 158
541 111 552 107
301 363 311 363
356 187 374 181
311 185 332 174
490 126 531 121
219 252 246 253
365 361 387 359
581 41 598 126
109 191 125 187
569 391 619 377
49 268 72 268
619 295 638 292
90 354 114 352
390 359 412 354
444 86 460 82
588 187 615 183
185 384 204 372
51 245 82 246
358 270 374 271
485 173 504 173
344 366 358 366
611 184 631 190
461 125 471 122
386 214 408 190
395 250 415 250
470 230 494 234
145 208 156 206
293 70 315 72
509 133 537 136
474 362 511 362
476 297 498 298
491 178 505 180
280 344 303 306
583 78 593 78
510 161 526 159
550 152 555 140
400 196 416 203
170 236 188 237
379 314 396 318
7 223 82 229
468 183 498 182
285 217 306 204
441 264 459 264
80 170 93 168
517 298 533 297
160 173 187 181
373 283 389 283
438 125 469 122
537 329 560 327
421 236 438 240
275 48 302 55
305 58 316 59
446 241 458 234
202 192 212 192
288 172 300 172
382 348 397 349
606 195 617 197
3 290 18 290
459 152 487 125
469 229 589 215
553 153 569 150
8 347 19 348
497 345 508 345
3 325 3 264
616 222 635 226
402 120 421 112
421 109 432 104
378 245 395 241
302 296 319 282
200 202 234 208
451 278 466 273
143 172 211 152
51 220 62 220
357 359 386 358
372 313 396 314
146 246 156 247
579 114 590 110
625 54 636 49
7 324 19 319
342 249 363 254
561 233 573 228
392 248 410 237
191 205 203 208
498 286 523 278
351 125 371 122
387 330 405 329
522 91 550 83
442 152 471 150
376 244 401 247
253 375 265 373
550 161 565 130
330 60 340 63
574 69 596 69
502 79 512 77
17 236 39 237
442 158 465 164
428 262 438 263
456 191 477 193
476 117 516 107
290 262 300 262
588 102 588 86
571 37 581 108
463 96 473 90
362 284 380 284
428 159 445 157
471 252 504 252
501 177 513 178
214 116 259 100
70 174 81 172
441 224 463 246
319 205 329 206
199 359 218 359
622 280 639 280
15 242 39 244
476 296 498 292
115 166 130 169
598 219 610 215
484 250 533 222
82 303 82 273
320 321 336 321
275 214 304 197
495 161 537 149
264 329 285 328
502 342 540 357
388 273 407 278
168 223 168 250
462 87 478 78
538 305 558 303
479 357 495 357
281 202 291 196
615 251 625 251
528 66 546 56
355 132 384 125
102 357 116 359
399 128 429 108
261 347 293 342
531 56 543 53
212 209 224 209
354 326 368 326
571 242 586 248
334 73 365 81
434 282 449 286
48 161 68 169
63 221 73 221
83 244 83 160
583 183 610 180
453 110 467 101
95 269 106 270
498 187 510 186
333 341 364 338
398 196 413 196
406 138 430 139
529 327 555 323
212 196 230 195
5 264 20 264
462 361 473 360
191 259 219 259
406 295 422 300
424 181 460 178
142 304 174 303
521 73 548 58
254 202 274 190
458 175 472 175
570 312 580 312
0 82 1 65
408 304 424 303
329 192 358 193
583 239 603 245
72 167 87 167
186 244 197 238
440 142 457 145
592 307 611 305
538 318 551 317
338 163 351 160
460 77 472 71
291 54 304 57
480 266 490 266
418 144 431 148
430 129 442 128
163 273 176 273
212 198 227 198
282 344 294 324
486 205 500 205
452 103 468 99
542 178 553 171
515 179 538 183
515 329 536 335
183 176 193 176
532 317 542 315
490 159 495 140
212 199 224 200
447 346 457 345
494 333 504 331
461 148 495 137
309 207 329 207
164 287 176 286
222 379 232 378
239 356 249 354
207 375 229 373
287 337 300 337
386 222 412 226
513 203 540 211
398 295 418 295
276 343 317 336
301 367 339 360
243 338 272 335
388 151 421 163
562 231 578 225
175 8 217 20
512 159 524 156
493 211 513 212
555 158 558 193
372 147 384 152
629 118 629 129
517 301 540 300
552 316 577 319
228 376 252 375
511 142 532 126
489 141 489 125
479 174 489 177
41 160 66 169
424 206 441 214
203 204 224 208
561 352 563 331
128 222 139 221
525 304 550 325
413 119 427 111
489 320 500 326
576 93 581 80
177 363 177 375
179 177 189 177
64 330 80 314
333 60 337 141
310 310 327 306
600 240 620 235
456 190 471 190
276 361 318 354
528 242 573 238
347 263 361 261
387 288 401 288
192 29 209 35
507 196 540 204
392 208 427 223
528 281 539 282
284 137 306 142
514 344 524 348
329 191 330 245
468 214 508 233
421 311 442 307
370 195 385 190
579 131 601 117
358 279 371 279
450 184 489 184
575 299 589 302
113 242 146 244
78 13 88 18
186 165 200 167
505 92 550 81
529 304 540 303
600 235 615 235
549 180 549 149
190 370 241 368
624 258 624 237
405 136 427 142
521 68 535 61
509 217 527 213
472 196 484 196
605 270 607 303
584 162 604 160
461 93 475 89
375 198 386 195
234 221 246 224
488 244 500 249
354 319 366 315
181 212 196 218
493 312 503 313
95 179 109 182
146 218 160 220
259 258 277 259
411 337 425 349
306 135 318 130
192 379 205 366
588 200 606 191
1 220 25 217
595 219 633 229
544 99 549 87
619 315 629 315
296 127 311 122
575 77 597 67
346 271 361 270
300 338 317 335
385 229 413 227
542 41 563 37
345 333 364 336
163 286 163 255
420 103 446 87
388 123 399 121
537 161 558 147
445 177 464 182
379 267 391 267
232 37 280 50
488 310 508 308
462 204 516 223
520 150 531 149
511 344 525 350
578 120 590 103
386 112 402 102
270 91 280 90
332 60 356 67
579 91 595 87
544 268 563 270
421 223 438 225
251 280 267 278
627 108 638 106
489 156 499 154
396 149 403 137
583 179 594 162
432 162 444 158
353 243 368 242
326 169 338 167
438 224 457 214
605 329 616 330
223 364 244 346
524 128 553 122
531 190 541 190
442 72 458 72
558 137 572 133
211 167 222 168
310 74 331 65
446 315 462 313
472 188 485 187
585 210 607 217
547 141 560 142
211 166 224 166
351 163 366 154
368 150 378 148
579 222 593 220
511 293 539 291
521 187 540 187
303 213 319 208
451 328 461 327
7 218 19 219
590 226 604 241
511 245 537 254
579 104 598 96
342 294 352 294
631 306 632 271
0 218 12 216
493 256 505 261
468 319 472 305
430 311 447 317
140 219 159 222
538 41 550 29
437 322 449 326
427 176 437 175
394 113 404 117
482 198 498 199
412 253 413 271
328 313 328 335
433 101 436 119
484 360 501 358
580 144 597 148
531 192 541 192
411 316 428 313
591 293 603 298
535 34 555 28
32 0 79 14
340 177 364 187
590 151 601 150
528 62 535 77
412 159 420 171
270 62 281 65
461 119 476 112
328 183 363 202
2 64 2 43
528 288 549 284
209 231 235 235
196 221 212 226
374 184 398 183
164 61 165 111
469 343 480 343
146 219 159 221
632 255 635 268
318 121 330 117
569 149 575 161
377 344 388 343
536 168 544 144
167 200 180 198
623 318 639 318
163 114 164 128
492 325 514 323
204 200 217 204
326 166 338 159
104 363 116 364
405 129 420 121
581 286 608 290
302 345 324 344
280 210 291 212
393 137 406 140
237 232 255 222
433 273 457 272
354 307 371 311
76 161 92 161
522 199 534 199
326 167 338 166
433 204 454 204
495 285 518 278
399 124 417 120
202 155 210 168
90 215 100 215
590 331 610 329
442 77 453 77
247 223 259 225
308 189 322 181
401 333 421 331
550 254 565 259
579 123 580 154
503 94 505 82
407 291 417 284
459 176 472 176
533 184 536 240
495 258 499 245
465 173 475 173
192 373 202 373
452 299 463 297
303 368 318 366
40 244 59 244
538 266 554 267
368 315 381 313
519 107 532 102
532 172 557 174
5 319 19 320
398 186 408 186
469 261 475 239
281 333 296 331
477 103 497 99
470 224 500 232
565 324 576 333
508 141 519 138
512 162 529 160
521 353 549 353
412 156 428 175
121 355 155 354
364 107 379 103
372 251 392 247
439 276 460 281
275 332 294 330
228 354 239 353
399 108 427 95
292 305 303 305
628 97 639 94
526 45 542 34
470 71 475 87
538 334 550 332
391 202 417 214
342 136 359 129
374 169 406 153
546 350 559 349
442 206 454 205
120 268 136 269
605 190 617 184
503 73 509 60
384 363 400 361
189 171 200 174
204 356 220 355
451 185 462 168
284 204 295 198
166 162 166 112
478 315 481 298
534 167 558 148
401 341 412 339
487 314 499 320
158 38 226 55
457 337 468 335
444 319 456 324
395 163 413 139
358 246 359 269
480 203 506 215
623 279 634 278
295 344 308 341
153 211 167 216
468 202 481 202
343 176 375 190
149 178 179 170
433 222 457 241
527 98 552 102
427 122 438 118
70 355 80 354
436 94 449 98
256 202 267 196
330 372 357 372
354 325 372 325
555 167 556 185
55 174 66 176
47 329 61 330
402 206 413 206
524 224 536 232
531 264 543 262
627 55 639 53
309 334 310 305
234 383 264 378
521 237 534 238
100 304 128 304
615 248 627 249
522 168 544 167
95 207 95 219
574 180 588 180
488 123 499 121
93 17 112 25
289 146 302 144
597 225 611 225
337 192 369 192
164 300 174 301
66 329 77 318
128 366 147 365
360 72 373 71
449 118 461 115
523 75 542 70
116 190 126 190
263 131 265 108
442 139 460 119
574 72 599 71
430 108 441 106
325 85 335 84
6 318 19 318
311 356 344 355
418 296 429 292
558 227 573 232
283 192 301 190
212 210 225 213
379 207 392 194
500 65 510 59
407 119 426 105
301 358 328 360
549 128 559 126
479 126 501 132
367 308 377 305
188 202 207 206
125 180 142 187
324 366 343 366
595 195 607 198
439 107 446 94
91 369 103 367
415 162 429 161
200 216 212 215
405 130 419 126
385 198 408 207
548 115 551 145
588 129 601 127
541 216 582 212
97 176 107 175
201 218 212 223
314 169 338 155
582 80 596 125
428 220 441 205
474 143 492 146
451 137 462 134
463 242 474 242
519 73 521 57
19 371 19 305
529 296 540 295
406 188 410 203
420 134 433 133
613 261 630 262
581 280 591 281
429 198 437 186
476 73 496 102
307 124 325 118
513 295 540 293
445 127 502 135
520 327 531 325
578 122 598 118
469 220 479 218
529 95 541 92
500 188 522 194
397 289 413 291
529 312 542 313
91 367 103 366
607 172 617 172
532 179 542 177
105 172 116 173
456 303 461 292
596 231 606 230
310 352 330 350
251 331 262 331
391 171 428 166
240 187 258 205
529 299 540 298
422 179 432 175
522 226 534 225
571 321 584 322
354 110 364 125
588 47 600 122
354 310 370 309
215 197 234 195
492 294 504 297
318 138 335 140
251 355 279 350
105 215 120 217
592 248 605 248
237 186 256 192
97 294 97 304
595 269 605 269
259 135 271 123
252 471 281 464
451 141 461 139
284 197 303 197
270 332 280 331
619 250 630 248
400 118 410 112
458 226 458 238
527 45 538 38
487 245 499 244
512 211 516 196
254 97 265 99
591 49 593 68
572 58 594 51
237 342 249 340
576 263 600 263
174 307 174 321
529 248 543 248
410 118 420 111
163 70 163 60
470 363 472 346
514 150 538 143
240 352 258 346
431 313 443 317
478 190 507 193
402 146 410 158
357 180 358 199
463 150 468 138
396 336 410 337
478 118 483 108
138 269 149 269
582 200 593 198
371 300 381 298
392 221 410 223
202 32 255 46
575 89 585 87
421 129 438 104
94 385 119 383
463 364 473 363
405 352 436 348
205 380 215 379
300 210 319 204
65 164 89 162
624 218 634 212
479 123 492 117
213 179 228 178
615 250 625 250
164 302 174 299
544 270 556 270
170 375 189 375
425 121 439 112
402 275 414 275
317 209 332 214
147 0 168 5
503 69 504 84
522 287 537 291
335 289 336 326
520 234 534 233
351 122 375 115
471 239 497 242
300 205 318 194
361 314 371 310
578 128 588 128
293 344 306 341
629 76 639 74
573 66 586 60
538 85 544 68
468 363 473 338
459 324 469 318
625 278 639 279
529 301 540 302
183 30 194 32
614 173 631 184
290 334 303 331
498 196 512 197
335 71 363 79
575 55 588 52
277 190 293 184
491 271 503 272
459 85 478 77
223 186 240 185
522 117 534 120
364 353 365 366
576 266 587 267
390 298 400 299
318 363 334 360
148 207 159 211
548 124 559 127
514 152 528 150
277 370 295 371
448 205 458 208
430 154 441 142
494 228 508 227
162 82 162 60
578 123 594 127
424 289 434 289
325 200 337 202
442 113 460 102
387 133 400 125
470 85 480 80
595 382 618 376
287 209 301 213
463 119 493 87
391 133 411 118
397 276 410 280
379 200 389 204
489 260 504 262
0 347 0 326
470 253 488 255
403 131 417 124
95 181 107 182
591 291 603 290
47 161 62 163
626 257 637 258
547 126 559 124
505 233 525 241
480 130 490 116
546 311 558 312
583 109 593 112
415 150 433 155
313 311 327 308
381 235 395 233
281 176 296 177
421 234 438 234
461 206 479 212
465 201 495 200
47 172 60 173
505 331 516 331
129 364 144 362
218 343 233 333
490 194 507 187
546 279 548 307
625 223 635 217
415 130 425 125
435 159 464 166
211 164 222 165
603 226 607 236
595 267 605 268
525 130 536 128
567 328 577 331
372 249 395 242
115 24 132 28
161 123 162 94
502 50 516 45
358 319 358 334
402 237 413 248
428 231 451 232
343 71 360 75
557 305 570 300
262 124 263 100
366 169 376 167
579 64 595 57
586 82 598 83
84 156 97 158
243 349 254 346
588 283 589 304
456 331 466 332
496 227 534 223
86 36 89 60
383 183 394 183
208 159 219 158
514 312 523 322
385 142 397 139
313 76 324 65
307 343 325 343
195 228 205 229
152 241 163 242
588 236 605 226
297 175 309 168
577 295 599 293
379 363 390 357
243 198 256 193
581 264 595 264
578 119 579 102
613 218 634 216
373 322 383 323
307 204 319 197
417 164 437 162
582 148 599 141
421 226 431 211
554 123 559 134
494 139 510 144
442 322 444 332
375 321 385 321
483 162 493 163
505 86 550 77
509 121 523 140
212 200 225 203
256 281 268 278
489 251 491 239
531 269 548 273
16 342 16 287
344 350 359 350
216 342 227 340
404 243 413 255
553 231 564 232
406 151 427 145
438 228 447 238
494 138 505 137
500 206 511 210
89 37 89 47
552 142 564 149
612 263 629 263
408 240 420 242
594 167 607 168
235 103 256 95
94 285 108 279
603 182 613 182
383 195 398 194
221 352 238 350
15 243 25 242
571 122 572 135
307 336 313 325
252 231 263 224
351 260 361 262
587 94 599 91
520 214 532 211
361 318 362 329
553 338 566 337
476 248 492 250
512 104 530 107
361 66 373 74
291 192 301 187
388 159 399 161
616 227 633 226
400 234 414 248
490 164 504 163
581 186 591 189
212 240 223 241
470 150 491 131
604 303 618 306
466 316 474 330
219 346 238 332
411 156 422 150
370 74 382 77
408 306 424 308
449 116 464 113
123 388 151 384
375 112 393 107
95 281 105 279
162 169 173 169
181 363 191 362
182 293 200 293
417 358 437 355
379 374 404 371
120 6 214 33
610 237 620 238
99 18 115 26
615 253 627 254
534 276 546 276
132 173 142 172
424 296 437 297
597 204 607 202
301 325 303 343
354 300 368 306
213 236 223 237
590 125 600 119
427 117 440 110
527 282 537 282
468 329 484 334
351 129 362 124
183 383 200 372
547 88 547 99
372 280 389 280
624 272 636 282
261 132 277 127
295 293 309 292
582 150 585 136
462 130 472 126
348 131 371 124
306 334 320 332
436 198 450 198
500 189 502 178
371 185 387 185
323 254 334 253
591 138 601 130
578 178 591 177
585 74 596 59
286 66 294 55
364 362 375 364
549 333 560 344
85 67 85 36
568 300 578 299
244 30 257 34
103 362 114 360
446 140 456 136
506 107 523 104
512 318 528 320
199 221 212 225
380 285 398 285
5 229 24 230
163 4 181 9
359 358 370 357
520 186 535 176
539 164 552 163
520 128 528 107
264 38 276 41
460 138 462 153
508 244 518 248
458 106 472 97
507 198 523 201
443 321 460 328
344 349 355 349
419 144 431 135
473 255 483 255
617 209 634 207
516 41 527 37
218 230 230 233
491 196 532 204
502 131 517 128
475 275 477 312
466 247 479 249
455 130 465 128
310 334 322 333
488 302 498 300
350 302 362 304
289 343 315 365
450 135 461 130
301 368 314 366
595 317 608 318
493 272 503 269
498 159 500 145
525 43 535 36
530 188 532 200
509 131 519 128
163 138 163 156
533 228 533 216
385 157 396 152
491 106 504 109
196 350 218 346
586 231 606 228
351 111 362 108
448 115 462 108
413 323 413 333
317 68 329 63
530 118 543 116
167 201 177 199
292 317 312 303
448 355 459 366
574 49 586 45
