0.0852165 118.614 33.0262 125.881
34.0068 126.072 33.5104 133.036
32.4773 132.845 27.6308 149.187
14.6812 155.518 28.1275 163.793
25.7159 187.035 21.3365 277.016
0.00761223 120.966 32.9036 128.425
0.0228367 427.32 109.962 419.474
100.995 420.302 144.982 421.055
145.005 419.154 170.998 419.311
191.004 413.08 248.973 410.417
0.0401993 398.679 59.9779 406.177
-0.0185909 432.596 33.9795 433.657
2.93085 439.673 26.9153 434.599
8.56234 354.007 9.05093 382.982
12.2811 367.06 11.1609 391.008
10.9996 391.006 75.05 395.244
10.0308 429.402 56.909 425.811
11.0001 442.781 92.9995 442.833
82.0495 442.533 116.035 439.373
115.673 438.05 165.023 421.066
-0.0509682 450.203 44.9568 447.325
17.2252 343.066 14.6888 389.983
20.0176 331.031 18.179 390.975
6.99339 445.203 42.9992 444.905
16.0016 430.906 33.0139 431.205
18.0242 394.594 196.046 405.231
13.2063 440.839 96.1102 420.448
77.9763 424.608 130.028 421.46
30.0105 303.073 250.871 271.111
23.9482 324.998 21.8728 390.996
34.9808 410.698 14.9981 411.97
23.0234 465.273 38.9916 463.903
34.7247 323.051 33.1888 344.943
26.9106 404.846 58.871 408.222
31.4478 326.985 30.9744 344.973
36.402 134.966 81.0757 109.131
31.6587 181.269 218.929 93.8489
218.432 90.784 25.8802 180.744
217.856 191.513 27.8598 247.524
226.358 107.993 224.856 247.998
252.257 103.094 269.964 108.127
271.339 99.0571 254.94 93.1681
255.954 90.1821 294.058 99.7697
293.621 101.016 312.92 108.213
322.994 110.016 346.885 119.297
441.785 146.612 537.867 180.378
236.371 70.9308 625.043 205.877
235.508 70.9872 28.6946 171.371
619.708 195.806 440.073 130.798
620.035 195.208 638.998 191.986
226.991 249.553 249.983 249.114
182.074 206.001 181.721 243.997
142.064 227.25 128.209 230.813
126.883 224.529 145.953 219.812
115.93 227.752 50.9873 245.955
31.8857 172.764 235.579 74.1296
236.259 74.248 435.998 143.005
43.9842 205.091 45.3791 190.035
40 206 40 222
50.0249 375.047 51.6404 339.983
49.0066 414.369 70.9996 413.978
23.0206 465.208 57.9759 461.755
39.0027 142.005 226.193 39.3513
224.93 27.8759 147.005 72.0091
118.88 87.806 133.475 78.7664
28.5396 161.098 239.639 53.2928
371.614 104.036 433.024 126.936
52.7908 369.99 54.2414 340.012
23.0231 387.454 177.044 393.959
66.9852 395.311 196.977 401.48
55.1888 187.009 53.7447 215.987
58.0785 186.003 56.9551 215.961
56.9112 308.224 144.904 298.157
52.9739 317.678 88.8999 314.765
62 344 62 330
56.037 320 55.9238 370.002
53.0645 304.465 245.825 277.737
235.027 278.676 335.01 286.875
64.7353 214.003 64.8643 181.003
72.4201 377.041 73.8051 328.994
75.9684 339.054 77.0254 320.057
71.0075 406.312 129.012 406.943
87.97 241.87 72.1201 245.521
72.902 267 72.8627 283
73.0194 430.031 120.001 430.969
72 433 115 433
76.044 204.002 77.3239 168.012
76.0093 291.001 75.9898 269
80.1575 177.005 79.1765 208.006
85.9946 263.073 87.1702 247.086
83.165 194.017 81.769 207.977
82.1508 345.008 81.9292 321.001
85.3819 172.034 82.8886 199.99
85.3175 316.986 84.7514 345.015
90.0582 104.098 105.534 94.8982
98.9547 376.999 100.052 314.001
94.0048 411.118 73.0395 411.971
110.814 275.012 111.086 256.001
95.1962 271.008 96.2645 246.011
97.98 244.111 111.095 246.474
99.9089 238.672 114.865 234.515
105.995 379 106.005 332
101.772 152.992 100.285 195.01
104.148 314.005 102.652 362.989
105.316 165.011 104.12 199.004
113.075 196.962 114.559 160.982
109.777 347.041 107.831 383.991
497.199 413.347 108.131 470.886
486.919 413.506 618.018 392.113
126.197 313.005 125.636 336.015
102.933 312.236 145.047 308.54
123.08 375.993 124.292 390.976
129.212 157.004 128.787 181.014
126.091 193.285 142.062 188.196
142.009 188 143.712 147.988
129.86 284.007 130.066 258.001
127.802 324.998 127.123 391.001
129.611 372.011 130.702 314.013
130.883 138.738 143.957 132.905
131.075 143.167 144.139 137.309
133.269 153.008 132.213 189.978
135.028 157.032 136.121 189.963
133.111 258.002 132.735 282.996
135.21 321.023 134.22 372.004
137.969 365 137.656 317.996
142.268 323.993 141.873 363.999
129.179 469.115 171.083 477.589
140.995 416.838 183.017 415.541
140.997 435.967 163.961 433.621
145.047 468.32 413.961 428.738
145.356 431.072 191.582 415.74
166.972 110.941 143.061 122.13
168.026 405.619 139.024 403.651
157.4 320.009 156.738 347.994
160.846 131.996 159.756 179.994
160.334 181.236 178.117 176.432
160.47 311.986 158.609 382.99
158.915 215.666 180.768 210.092
158.243 222.969 178.004 218.016
163.068 129.154 178.209 122.474
160.521 126.064 175.652 118.32
179.495 299.006 179.005 338
183.114 338.999 182.949 308
163.025 320.003 162.843 379
165.415 136.98 163.991 179
167.976 158.01 167.751 179.008
162 278 162 264
163.976 448.667 196.948 446.279
166.713 137.014 168.147 166.993
182.878 363.014 183.409 330.007
177.999 304.992 163.968 306.746
175.455 355.049 178.69 324.967
179 383 178.647 398.992
181.919 227.003 183.261 263.991
184.976 292.808 242.938 285.508
245.006 286.913 266.966 288.476
272.989 286.058 302.061 291.685
195.919 165.002 196.039 118
173.102 285.631 210.918 279.493
201.709 215.978 203.329 269.021
192.912 299.269 224.93 295.417
195.079 205.306 216.91 199.654
218.414 206.312 197.018 213.057
193.362 275.008 194.066 241.022
193.221 200.85 218.788 194.185
194.507 217.996 194.351 237.995
191.943 303.524 220.016 300.136
197.463 114.068 215.171 106.394
196.702 109.346 214.622 101.172
217.828 161.005 216.177 100.995
198.665 176.198 213.074 170.177
196.848 329.995 197.148 379.999
188.16 478.914 421.007 438.04
200.872 122.995 201.128 167.005
203.46 118.945 205.245 165.991
199.346 219.994 198.843 271.998
189.006 421.175 227.998 419.924
213.025 428.93 158.012 430.426
206.841 122.99 204.702 155.981
213.738 111.398 199.774 117.482
217.764 214.027 216.234 258.008
206.813 357.013 207.187 306.001
204.159 305.996 203.924 353
207.126 92.2369 224.104 83.1959
214.045 331.005 213.892 363.004
213.995 308 214.005 339
206.108 478.617 380.016 448.092
214.999 272.993 242.907 270.807
216.814 301.992 217.439 363.996
263.046 306.026 264.145 346.996
272.552 348.006 273.004 304
223.899 331.002 224.454 363.992
207.972 428.755 244.065 424.56
246.481 399.917 243.389 381.933
226.002 292.97 300.021 297.672
224.006 323.128 248.994 321.872
234.429 18.0652 235.252 0.0114994
224.992 335.157 247.999 334.927
249.949 335.025 249.37 380.992
233.026 35.9295 341.837 76.4367
344.029 74.9993 343.686 62.0083
239.059 15.9974 238.352 -0.0155411
236.419 105.001 236.187 246
258.164 328.017 260.706 304.075
250.019 325.242 236.003 324.892
237.003 327.108 251.019 326.758
238.364 61.9959 431.956 132.121
230.124 478.673 430.78 441.801
242.992 45.0214 360.041 87.889
252.971 167.126 268.084 170.637
273.843 194.095 250.044 190.689
250.057 197.686 275.133 202.272
279.091 251.999 277.505 107.005
278.92 252.478 293.026 254.846
273.525 106.006 274.199 162.998
272.049 164.758 248.021 159.897
239.966 439.418 258.022 438.372
262.637 21.2449 273.024 36.6577
273.961 36.099 293.141 43.6412
300.023 35.9854 309.225 50.4918
309.811 50.5527 324.768 55.6778
329.352 52.9925 328.545 14.9884
245.99 421.847 311.965 417.475
251.376 115.002 251.148 159.001
242.067 105.718 268.034 111.856
268.549 111.981 270.296 162.99
251.102 206.322 273.885 209.759
249.824 210.874 263.091 213.551
263 214 263 233
268.394 257.994 267.697 215.005
259.303 317.003 258.706 373.997
252.958 111.155 266.756 114.9
267 137 267 120
251.026 385.362 282.01 383.136
288.842 371.027 288.334 386.979
251.933 174.292 272.015 178.934
246.928 394.389 297.054 388.455
261.3 125.994 261.96 159.001
271.912 90.2651 256 85
263.603 357.994 263.813 381.002
272.668 380.082 271.252 356.985
264.567 159.995 265.04 116
277 197.999 254.036 193.804
266.003 300.972 252.947 299.451
270.066 213.998 272.057 270.963
276.306 306.012 277.265 359.995
279.656 303.977 280.393 358.008
284.416 359.994 283.604 305.006
286.652 304.994 287.144 362.999
290.709 360.983 289.323 304.016
291.025 301.715 305.997 303.036
290.006 334.772 302.998 335.086
303.108 335.001 302.951 368
308.263 123.943 283.082 117.67
302.814 218.988 303.086 237.999
308.717 272.009 307.199 222.994
290.888 197.541 316.051 202.754
318.021 256 314.844 112.981
291.036 114.873 306.903 119.345
309.271 111.313 293.9 105.255
303.825 126.978 303.039 169.001
291.092 137 291.222 167.003
290.942 205.324 314.092 209.488
293.081 213.455 311.963 216.252
291.141 176.322 308.235 179.867
297.332 166.929 293.517 149.103
291.026 169.871 311.011 173.946
312.533 173.951 310.631 114.98
301.015 127.001 299.579 168.986
239.967 408.612 337.031 406.312
406.067 397.969 309.119 404.716
309.507 218.989 310.198 251.996
307.622 124.993 308.17 171.998
306.946 317.001 307.543 361.006
343.665 377.026 343.322 399.005
319.331 317.993 320.25 359.995
312.429 218.962 313.469 257.988
291.995 411.658 367.001 411.395
314.487 329.021 315.593 356.017
318.036 188.83 345.094 194.554
346.091 208.52 329.133 205.3
336.219 136.038 334.941 176.998
337.946 178.004 338.104 139
341.145 134.595 328.036 129.899
327.133 154.992 326.954 174
332.031 134.937 316.414 127.167
327.779 330.969 328.604 352.016
343.122 340.992 344.21 357.987
348.009 53.1109 392.99 52.7586
402.069 59.1951 371.961 69.8908
371.829 89.4152 390.889 97.2687
323.025 298.716 336.012 299.858
335.994 293.875 322.024 294.524
331.056 179.608 345.056 181.608
347.347 199.989 344.828 123.973
337.383 5.0317 339.539 47.0237
342.448 47.9817 341.47 23.9808
340.927 130.227 327.073 125.773
328.096 183.693 346.204 189.348
332.793 8.00737 334.254 48.9909
332.954 464.907 350.964 464.149
352.516 230.003 352.642 248.003
339.123 226.953 341.432 281.982
341.545 135.978 343.342 179.986
348.017 293.756 402.031 297.556
414.947 307.604 364.968 305.965
400.97 303.522 343.983 300.294
393.749 308.009 396.281 376.027
345.171 326.009 343.73 354.987
344.784 25.9846 345.098 41.9981
347.906 235.002 348.205 252.014
346.629 8.96405 348.458 40.9738
349.953 44.3014 368.964 44.9912
372.21 42.9471 370.333 -0.0145359
371.905 349.958 371.308 322.993
349.781 330.987 350.582 379.007
346.805 355.017 344.623 330.033
349.109 131.962 352.243 223.026
351.701 323.025 352.299 305.975
351.479 0.0181227 352.975 42.9661
350.003 391.137 373.013 390.696
354.894 395.804 375.994 393.933
357.483 152.065 361.519 184.061
370.152 185 370.121 143
353.919 215.798 365.948 201.955
364.837 212.787 383.09 216.566
380.951 149.002 385.526 265.019
388.138 149.914 391.635 196.028
377.44 188.015 376.81 165.005
382.207 237.004 381.423 282.99
378.131 233.35 362.942 230.29
363.981 226.111 383.103 229.403
383.014 284.749 400.017 285.697
361.825 218.911 381.857 222.747
356.853 9.05537 358.445 42.0268
364.006 7.92513 366.699 44.0969
334.95 401.452 397.97 395.675
359.014 461.67 467.989 459.439
373.895 140.277 359.663 134.889
361.019 286.741 429.013 291.833
441.979 295.283 358.001 288.991
443.112 289.931 405.007 285.932
407.864 274.007 406.192 238.991
415.765 269.011 410.594 158.019
376.855 188.858 360.971 186.172
366.992 464.6 463.015 462.782
348.007 48.2162 391.967 46.8957
419.086 50.9994 418.857 17.0077
425.139 2.95665 433.6 30.1245
434.161 29.7001 451.117 38.7819
457.523 21.1194 462.536 41.1164
480.823 45.1388 490.088 56.9306
492.347 56.0322 493.653 41.9678
495.799 42.0478 501.519 66.1142
519.406 55.8884 528.153 87.6829
525.93 79.007 531.563 135.144
377.683 77.1043 428.664 59.0502
428.999 60.0012 526.613 107.79
371.005 92.9859 425.062 113.84
375.368 7.9797 377.244 41.9865
372.83 156.003 373.42 186.992
375.099 233.997 376.582 275.979
381.595 42.9703 379.849 8.00756
374.876 74.665 428.863 54.6319
428.901 55.2022 526.819 103.367
378.664 141.983 380.132 198.997
377.846 235.005 379.152 271.959
375.923 383.221 398.995 380.954
393.95 376.261 375.037 377.54
382.68 3.01429 384.422 42.0258
390.45 42.8971 387.404 -0.0286732
387.302 375.015 385.824 308.026
385.088 371.035 383.733 336.049
464.25 124.256 507.119 138.646
387 385 402 385
388.647 309.01 390.487 374.986
392.216 22.9371 393.305 43.9842
393.023 224.878 411.131 228.309
391.889 335 391.889 352
392.336 33.9428 395.256 0.0220528
414.021 53.9492 390.013 43.969
393.089 356.001 392.805 374.013
374.937 448.656 423.951 439.731
394.089 231.472 413.058 234.653
400.622 12.9705 402.233 46.989
396.541 23.9605 398.151 45.9889
402.004 334.993 402.254 371.998
412.376 318.959 414.058 374.998
501.965 393.656 620.86 381.616
612.012 383.297 639.008 382.207
397.022 392.542 364.002 390.952
398.781 171.952 397.805 156.012
398.799 220.061 440.99 228.054
439.873 232.893 421.951 230.346
409.594 203.96 410.734 220.951
402.682 164.014 404.02 193.999
405.772 332.983 406.103 347.998
404.071 155.994 407.575 195.038
393.044 402.607 489.049 395.675
412.983 279 412.017 240
408.688 239.013 409.958 269.002
408.766 378.471 423.062 372.139
423.032 372.733 450.024 371.551
479.972 360.537 435.952 363.209
490.122 366.794 467.053 370.345
424.058 397.784 444.023 396.306
406.12 233.307 441.112 239.352
438.758 243.01 440.214 276.991
422.664 304.968 425.745 369.012
419.159 369.995 417.487 316.985
425.841 164.004 425.673 198.998
435.245 154.95 438.099 225.996
430.716 201.993 431.614 163.014
417.786 162.011 419.689 199.016
428.679 33.6094 526.018 84.9651
491.845 70.3064 467.897 58.2034
434.991 276 433.544 244.021
424.006 308.872 443.009 309.829
436.533 363.016 434.825 313.006
427.394 336.042 425.73 312.019
415.987 440.917 441.997 436.982
428.176 163.997 428.795 198.004
432.546 176.969 433.933 201.004
436.05 52.8962 463.844 66.3237
435.625 55.7294 521.098 97.8
466.396 162.871 472.594 277.968
467.935 232.361 452.085 229.525
451.961 235.269 470.158 237.917
437.958 360.292 481.924 357.707
482.039 358.918 501.039 367.918
447.075 413.792 421.026 416.273
442.139 176.999 442.439 214.997
441.043 330.998 442.229 351.987
450.277 109.047 448.651 84.0227
454.719 171.999 454.767 206
451.667 207.07 449.763 171.065
463.452 337.95 465.548 357.05
550.986 298.179 434.006 288.922
447.086 117.355 497.782 105.1
451.098 119.404 494.006 109.026
449.783 211.926 462.994 215.025
463.634 213.032 459.989 170.914
453.121 241.151 466.981 243.131
466.282 243.022 467.32 277.021
452.048 294.456 588.043 306.518
547.031 305.642 628.038 312.56
536.016 304.814 463.056 298.369
423.002 443.375 553.997 442.541
459.83 208.962 459.013 191.045
453.021 292.713 496.931 295.939
452.965 375.777 499.087 368.556
457.02 411.194 473.053 409.504
460.261 122.082 492.327 114.356
464.979 329.742 477.997 330.114
460.654 447.551 478.516 458.77
479 458 494 458
464.813 278.008 463.697 252.013
479.809 311.705 485.015 325.995
515.562 313.672 523.508 327.287
465.003 446.892 479.019 447.242
479.059 447.902 492.573 456.049
471.784 349.015 472.098 333.002
465.967 434.816 510.942 426.678
510.996 427.78 547.005 427.95
537.076 426.726 581.694 439.103
510.909 282.954 508.939 244.003
476.105 66.7498 491.853 73.3502
478.499 180.037 483.507 247.037
483.796 233.16 510.04 237.774
472.479 208.946 474.967 184.997
477.024 336 476.976 357.002
490.007 387.174 467.962 388.045
494.195 171.19 475.101 166.582
466.172 429.892 517.016 420.082
489.492 215.992 488.978 183
497.277 216.051 495.645 193.025
504.287 173.838 508.682 235.952
485.242 275.984 483.957 257.003
488.493 257.955 490.058 274.995
503.528 464.171 525.529 478.168
500.017 465.925 483.933 462.299
484.871 230.318 507.026 226.136
503.106 478.857 485.947 466.071
505.577 252.967 507.179 280.99
501.091 281.049 499.627 254.02
502.813 253.958 504.148 279.992
502.743 333.023 506.013 369.999
515.761 355.008 515.978 333.01
502.11 387.012 589.059 377.538
528.432 183.899 534.549 271.032
504.11 384.036 530.03 381.283
519.425 190.978 520.198 205.99
519.628 240.027 516.116 192.065
524.104 222.993 522.213 192.924
503.199 101.825 529.872 132.113
524.358 189.876 527.192 220.983
528.849 371.065 531.668 334.051
521.258 419.41 572.021 410.116
523.006 461.251 627.004 460.73
551.585 200.915 555.678 229.047
558.61 263.985 559.104 283.997
528.952 401.716 582.932 392.595
541.901 312.614 548.056 326.976
537 335 537 349
521.984 381.83 555.974 378.714
543.973 185.083 616 209
546.418 227.892 544.068 196.919
548.847 201.011 555.025 284.998
542.004 375.316 569.999 374.953
538.633 171.033 608.987 196.035
548.932 262.004 550.298 286.984
538.998 420.992 638.899 401.484
544.911 163.233 619.217 191.429
546.018 297.814 631.975 306.257
574.068 318.995 575.299 336.98
556.76 317.013 558.203 342.989
557.028 315.875 586.984 316.627
571.548 315.969 573.042 341.998
561.092 344.928 559.243 316.918
565.19 344.977 561.844 317.019
564.207 204.983 571.009 286.999
569.711 221.952 570.986 241.001
573.443 264.964 575.248 286.98
562.981 425.258 639.019 430.742
559.841 429.565 579.936 435.229
577.13 192.628 554.147 184.58
575.829 235.941 574.834 222.012
564.001 427.987 639.005 433.935
576.567 318.961 578.565 348.03
572.256 478.797 624.669 461.968
609.508 159.096 614.6 185.078
580.534 207.035 586.724 289.021
589.374 204.885 593.917 259.007
599.289 288.977 593.047 211.996
622.836 294.015 615.936 221.006
626.037 293.896 621.437 247.956
618.883 214.383 634.094 211.497
572.086 402.508 603.047 397.282
584.304 210.977 586.694 243.023
577.228 0.904846 638.698 53.354
580.717 0.332397 638.555 49.5232
588.744 267.017 590.165 287.989
619.008 369.151 595.001 368.929
594.977 269.924 596.544 290.036
611.126 318.992 612.874 345.008
596.146 213.983 599.914 246.01
601.889 269.001 602.02 289.994
597.272 445.637 633.237 452.813
595.993 449.025 618.854 455.515
604.561 216.853 611.547 291.043
599.237 478.711 631.94 467.818
606.636 217.078 616.054 260.988
613.545 271.031 614.858 290.01
612.018 416.701 634.997 418.05
614.013 150.853 617.945 177.862
619.996 365.706 603.999 365.941
609 479 637.127 469.37
615.757 183.891 638.958 178.807
619.007 199.042 638.954 195.726
635.089 214.993 636.911 238.007
610.036 393.227 639.089 388.554
634.636 271.021 638.222 334.044
635.204 279.988 633.455 248.974
