4.129342956542968750e+02 2.126999359130859375e+02 4.636250000000000000e+02 2.173536224365234375e+02
3.309473876953125000e+02 2.807120666503906250e+02 3.015091857910156250e+02 2.870362548828125000e+02
4.103471069335937500e+02 2.839342651367187500e+02 3.767151184082031250e+02 2.917312011718750000e+02
4.850716857910156250e+02 4.620569763183593750e+02 4.522074584960937500e+02 4.799822692871093750e+02
3.344162292480468750e+02 1.293557434082031250e+02 3.302169494628906250e+02 2.805938415527343750e+02
4.130936279296875000e+02 2.128515625000000000e+02 4.087279663085937500e+02 2.834331970214843750e+02
1.270206527709960938e+02 4.217364196777343750e+02 1.274433441162109375e+02 4.425376586914062500e+02
3.027983093261718750e+02 1.247302398681640625e+02 3.003211059570312500e+02 3.827104492187500000e+02
4.835572509765625000e+02 2.056919250488281250e+02 4.138860778808593750e+02 2.118809814453125000e+02
4.658038635253906250e+02 2.178435516357421875e+02 4.611341552734375000e+02 2.942921447753906250e+02
1.919247436523437500e+02 2.572719421386718750e+02 1.924554748535156250e+02 3.078360595703125000e+02
1.796508636474609375e+02 4.212543640136718750e+02 1.726671218872070312e+01 4.800000000000000000e+02
2.589674987792968750e+02 2.956961975097656250e+02 1.930242309570312500e+02 3.090126037597656250e+02
2.999125976562500000e+02 3.843593444824218750e+02 2.789633178710937500e+02 3.902707824707031250e+02
3.043114624023437500e+02 1.258301239013671875e+02 6.286511230468750000e+02 1.320210571289062500e+02
3.314711303710937500e+02 2.353475189208984375e+02 3.020774536132812500e+02 2.380890350341796875e+02
5.201049194335937500e+02 1.296183929443359375e+02 5.050416870117187500e+02 3.159438781738281250e+02
1.251786651611328125e+02 4.226624145507812500e+02 1.352157592773437500e+00 4.596027221679687500e+02
2.632492370605468750e+02 3.180212974548339844e+00 2.595963745117187500e+02 3.830074768066406250e+02
5.371972045898437500e+02 2.730807495117187500e+02 5.097038269042968750e+02 2.804895324707031250e+02
6.390778198242187500e+02 4.147944335937500000e+02 5.574970703125000000e+02 4.800000000000000000e+02
1.814974212646484375e+02 4.250061645507812500e+02 1.818682556152343750e+02 4.419926147460937500e+02
4.839919433593750000e+02 4.636490783691406250e+02 5.287670898437500000e+02 4.791511840820312500e+02
1.254395141601562500e+02 2.878782043457031250e+02 1.904104919433593750e+02 3.086203002929687500e+02
5.072451171875000000e+02 3.125939941406250000e+02 4.976284179687500000e+02 3.162958068847656250e+02
3.189903259277343750e+02 2.381362457275390625e+02 3.165249633789062500e+02 2.820623168945312500e+02
4.093298034667968750e+02 2.845583496093750000e+02 4.784043579101562500e+02 2.982935485839843750e+02
4.844530944824218750e+02 4.490837402343750000e+02 5.589320678710937500e+02 4.768227844238281250e+02
4.795672912597656250e+02 3.138629760742187500e+02 4.978933410644531250e+02 3.170592041015625000e+02
3.303642272949218750e+02 2.808851623535156250e+02 3.777424621582031250e+02 2.921012268066406250e+02
1.710906372070312500e+02 2.559246520996093750e+02 1.735404815673828125e+02 3.019812316894531250e+02
1.962873687744140625e+02 2.521423101425170898e+00 1.996549377441406250e+02 9.967141723632812500e+01
6.363370971679687500e+02 3.623010559082031250e+02 4.216903991699218750e+02 4.800000000000000000e+02
6.349388427734375000e+02 1.321390838623046875e+02 6.110465087890625000e+02 2.762428588867187500e+02
2.468441162109375000e+02 1.266345520019531250e+02 2.471243438720703125e+02 2.973248291015625000e+02
5.985040893554687500e+02 2.747696228027343750e+02 6.147745361328125000e+02 2.771050109863281250e+02
2.611109313964843750e+02 2.949451599121093750e+02 2.601031799316406250e+02 3.834763793945312500e+02
5.446896972656250000e+02 2.216411437988281250e+02 6.021008911132812500e+02 2.264547882080078125e+02
3.066755981445312500e+02 1.216650009155273438e+00 2.970248413085937500e+02 3.830662231445312500e+02
5.445581665039062500e+02 2.071600799560546875e+02 5.139781494140625000e+02 2.105424346923828125e+02
2.851116638183593750e+02 1.513366699218750000e+00 2.766407165527343750e+02 3.840465698242187500e+02
4.855095214843750000e+02 4.468264465332031250e+02 4.857474060058593750e+02 4.798346252441406250e+02
4.838632202148437500e+02 4.499780883789062500e+02 4.838478088378906250e+02 4.612840576171875000e+02
2.612374267578125000e+02 3.837363281250000000e+02 2.779265136718750000e+02 3.899758911132812500e+02
5.456480712890625000e+02 2.070922546386718750e+02 5.425658569335937500e+02 2.516430511474609375e+02
4.930210876464843750e+02 1.309931945800781250e+02 4.756120300292968750e+02 3.135541381835937500e+02
5.119613037109375000e+02 1.278739089965820312e+02 4.935120239257812500e+02 3.185247192382812500e+02
1.759786682128906250e+02 2.225475311279296875e+00 1.791154174804687500e+02 6.952983856201171875e+01
6.131427612304687500e+02 1.353140258789062500e+02 5.947385253906250000e+02 2.745764160156250000e+02
5.382158813476562500e+02 2.530524139404296875e+02 5.366307983398437500e+02 2.736933288574218750e+02
1.724622802734375000e+02 2.799932861328125000e+02 1.917289428710937500e+02 2.856429138183593750e+02
4.844327087402343750e+02 2.152987823486328125e+02 4.639048461914062500e+02 2.180468597412109375e+02
1.816784362792968750e+02 4.419381408691406250e+02 7.120383453369140625e+01 4.773381042480468750e+02
4.862812500000000000e+02 4.640629272460937500e+02 4.864297180175781250e+02 4.792060852050781250e+02
9.015972900390625000e+01 2.078150024414062500e+02 9.731598663330078125e+01 3.137085571289062500e+02
5.122741699218750000e+02 4.308902587890625000e+02 5.861732177734375000e+02 4.550226440429687500e+02
2.586200561523437500e+02 2.753350219726562500e+02 1.939764709472656250e+02 2.841893310546875000e+02
2.418377685546875000e+02 6.399961090087890625e+01 1.932886962890625000e+02 6.824110412597656250e+01
3.817114868164062500e+02 1.265126190185546875e+02 3.757631835937500000e+02 2.918816833496093750e+02
2.601601867675781250e+02 6.146853637695312500e+01 2.363684387207031250e+02 6.333572387695312500e+01
2.272450256347656250e+02 1.953098773956298828e+00 2.291357116699218750e+02 1.161289367675781250e+02
3.046304931640625000e+02 6.168384170532226562e+01 3.310113220214843750e+02 6.406502532958984375e+01
1.662025451660156250e+02 1.760054826736450195e+00 1.711365509033203125e+02 7.167863464355468750e+01
2.531050415039062500e+02 2.690021362304687500e+02 2.976398468017578125e+00 3.052118225097656250e+02
1.253801269531250000e+02 4.431174926757812500e+02 1.276901321411132812e+02 4.597792968750000000e+02
2.365364379882812500e+02 9.291243553161621094e-01 2.369891662597656250e+02 6.323011779785156250e+01
6.273738861083984375e+01 4.647698059082031250e+02 6.337603759765625000e+01 4.789759216308593750e+02
5.240560302734375000e+02 1.308565979003906250e+02 5.179674682617187500e+02 2.050163726806640625e+02
2.803864135742187500e+02 1.201154861450195312e+02 2.781222229003906250e+02 3.883039245605468750e+02
1.904813385009765625e+02 1.226390686035156250e+02 1.922929077148437500e+02 3.103302307128906250e+02
3.425768432617187500e+02 1.681187152862548828e+00 3.410330200195312500e+02 1.199378051757812500e+02
1.793832244873046875e+02 4.258098449707031250e+02 1.288841247558593750e+02 4.428510742187500000e+02
1.967300033569335938e+01 3.556401672363281250e+02 1.246468505859375000e+02 4.218048706054687500e+02
1.799211120605468750e+02 4.562896118164062500e+02 1.814093017578125000e+02 4.787904052734375000e+02
