2.157495117187500000e+02 1.103706512451171875e+02 2.003568267822265625e+02 1.172411804199218750e+02
2.517308197021484375e+02 1.049748229980468750e+02 2.499484100341796875e+02 2.515661773681640625e+02
2.284198760986328125e+02 1.008214187622070312e+02 2.246941375732421875e+02 2.538423461914062500e+02
2.931851196289062500e+02 2.149190063476562500e+02 3.136319274902343750e+02 2.175185852050781250e+02
2.386003265380859375e+02 1.028174133300781250e+02 2.353426208496093750e+02 2.523874206542968750e+02
2.411061248779296875e+02 7.955092620849609375e+01 2.665145874023437500e+01 1.854766693115234375e+02
4.292366333007812500e+02 5.707805633544921875e+01 3.746893615722656250e+02 7.487507629394531250e+01
1.441574401855468750e+02 1.414169769287109375e+02 1.323006286621093750e+02 1.469037628173828125e+02
2.516853942871093750e+02 1.623164520263671875e+02 2.742116394042968750e+02 1.659248199462890625e+02
2.168222045898437500e+02 1.117816619873046875e+02 2.158392028808593750e+02 1.626063537597656250e+02
3.180031127929687500e+02 1.253411560058593750e+02 3.173126525878906250e+02 2.609562988281250000e+02
2.797046508789062500e+02 1.087125625610351562e+02 2.780532226562500000e+02 2.630917663574218750e+02
5.786977539062500000e+02 0.000000000000000000e+00 6.393340454101562500e+02 5.398553466796875000e+01
4.990455627441406250e+02 1.066236495971679688e+02 4.460775756835937500e+02 1.197408981323242188e+02
2.931957702636718750e+02 1.179607086181640625e+02 2.912687988281250000e+02 2.549206390380859375e+02
5.004413452148437500e+02 1.000781707763671875e+02 4.369345092773437500e+02 1.143906326293945312e+02
2.377658233642578125e+02 2.885278701782226562e+01 1.865869522094726562e+01 1.614446105957031250e+02
2.535314788818359375e+02 1.079341888427734375e+02 2.699855651855468750e+02 1.123945465087890625e+02
2.522708129882812500e+02 1.356571044921875000e+02 2.659941406250000000e+02 1.377787475585937500e+02
3.081706848144531250e+02 1.243360977172851562e+02 3.071138305664062500e+02 1.729313201904296875e+02
2.917750244140625000e+02 1.725573577880859375e+02 3.133236083984375000e+02 1.758430480957031250e+02
2.032307739257812500e+02 1.177683181762695312e+02 2.019854736328125000e+02 1.655402832031250000e+02
2.537945251464843750e+02 2.341043548583984375e+02 2.687695922851562500e+02 2.355397033691406250e+02
1.374683990478515625e+02 1.494524688720703125e+02 1.352956695556640625e+02 1.916313018798828125e+02
2.934972839355468750e+02 1.465971221923828125e+02 3.046774597167968750e+02 1.486618957519531250e+02
2.162119140625000000e+02 1.637173767089843750e+02 2.015868988037109375e+02 1.683554992675781250e+02
1.772793273925781250e+02 1.257678680419921875e+02 1.645533447265625000e+02 1.319438629150390625e+02
2.517967987060546875e+02 2.078973541259765625e+02 2.755804748535156250e+02 2.109010467529296875e+02
3.180703430175781250e+02 1.100705108642578125e+02 3.160140380859375000e+02 2.599382934570312500e+02
1.166782989501953125e+02 1.498804321289062500e+02 1.145549392700195312e+02 1.977032623291015625e+02
6.394177856445312500e+02 1.802785186767578125e+02 6.150194702148437500e+02 1.840225372314453125e+02
4.096473999023437500e+02 1.544753265380859375e+02 4.161133117675781250e+02 2.699173583984375000e+02
2.804095458984375000e+02 9.827585601806640625e+01 2.769417114257812500e+02 2.575816650390625000e+02
2.408807525634765625e+02 8.129882812500000000e+00 2.326082458496093750e+02 2.801000976562500000e+02
2.356321563720703125e+02 3.627566909790039062e+01 4.361666259765625000e+02 1.121074371337890625e+02
4.292726440429687500e+02 5.545568084716796875e+01 5.325480957031250000e+02 1.048316116333007812e+02
2.369759368896484375e+02 0.000000000000000000e+00 2.369155578613281250e+02 1.714272308349609375e+01
1.195669174194335938e-01 1.780408477783203125e+02 2.553308486938476562e+01 1.806891479492187500e+02
2.331326904296875000e+02 2.761620788574218750e+02 4.440562438964843750e+02 2.879591674804687500e+02
3.112749938964843750e+02 2.175806884765625000e+02 3.103600463867187500e+02 2.644871520996093750e+02
4.428658752441406250e+02 1.180066375732421875e+02 4.415174560546875000e+02 3.520397338867187500e+02
1.672937927246093750e+02 1.337361297607421875e+02 1.658840789794921875e+02 1.792189331054687500e+02
3.283996582031250000e+02 1.805859222412109375e+02 3.477325439453125000e+02 1.835373535156250000e+02
6.391320800781250000e+02 4.684790649414062500e+02 6.058051147460937500e+02 4.793156433105468750e+02
3.300058364868164062e+01 1.598168640136718750e+02 1.159643268585205078e+01 3.921389160156250000e+02
6.391488647460937500e+02 1.902226715087890625e+02 6.227781982421875000e+02 1.940780487060546875e+02
2.942937011718750000e+02 1.195648345947265625e+02 3.080094909667968750e+02 1.236235580444335938e+02
2.361786193847656250e+02 2.517515411376953125e+02 2.280332183837890625e+02 2.535816802978515625e+02
4.305122375488281250e+02 5.455566024780273438e+01 4.319232177734375000e+02 1.124837341308593750e+02
2.369683074951171875e+02 1.045239257812500000e+02 2.265585327148437500e+02 1.079624633789062500e+02
8.225331115722656250e+01 1.700058441162109375e+02 8.041747283935546875e+01 2.108447113037109375e+02
5.313445434570312500e+02 1.076598129272460938e+02 5.331394653320312500e+02 1.351123962402343750e+02
1.451122741699218750e+02 1.291872711181640625e+02 1.437521972656250000e+02 1.893367004394531250e+02
