486.266 163.417 470.354 173.555
459.858 173.253 439.601 161.925
521.664 156.503 501.143 142.787
564.448 144.719 545.368 156.592
57.0612 162.466 28.9849 163.638
508.793 220.248 496.622 207.41
599.701 180.984 603.204 118.008
548.945 134.209 491.941 138.144
89.9852 166.017 65.9903 165.667
520.171 284.656 638.09 343.822
93.0302 336 92.4549 161.998
606.061 310.309 584.128 314.649
60.6467 354.002 59.7393 158.001
248.856 164.401 230.998 158.005
294.947 178.009 268.966 176.653
345.018 187.467 319.015 186.571
626.186 227.766 612.224 216.717
201.81 251.997 203.179 152.002
161.035 144.042 158.771 230.018
634.68 197.031 638.448 114.02
81.8431 143.922 66.9343 141.386
220.938 154.284 191.056 147.745
75.6266 145.421 117.004 155.919
489 161 440 161
157.478 132.684 109.293 115.193
616.577 152.024 617.928 118.997
61.8869 145.553 46.8999 142.49
249.982 167.096 227.831 162.892
334.129 179.1 418.977 183.209
208.98 180.004 205.568 160.074
456.914 253.176 403.095 226.805
28.4117 402.99 26.6038 152.003
338.988 172.483 260.986 170.582
158.545 139.401 95.0636 118.804
565.313 182.01 566.583 144.02
250.062 155.185 206.93 151.925
522.969 173.295 478.994 172.25
137.969 139.113 28.0113 106.966
116.722 140.576 96.5866 130.857
116.926 326.001 117.112 169
112.126 111.661 1.15583 70.5791
368.313 149.426 416.437 1.14192
123.854 312.998 123.512 170.999
454.883 227.387 437.149 230.78
204.01 143.975 1.19107 66.4998
136.997 169.02 125.959 167.258
458.911 198.996 459.574 183.024
421.215 215.007 422.179 185.006
94.834 150.002 94.5826 126.994
524.562 205.947 521.902 177.914
68.6123 138.116 116.994 147.024
284.953 165.21 1.39301 14.2617
280.991 169.13 261.019 167.727
462.676 205.99 463.564 177.986
525.842 282.993 528.224 232.01
259.941 258.517 243.921 256.697
135.724 144.1 104.91 136.36
243.034 150.381 205.981 148.352
515.002 152.899 372.026 149.796
57.0956 159.388 30.9528 155.302
230.734 215.981 233.136 183.01
409.988 351.25 374.971 349.637
601 135.978 548.996 135.61
466.082 202.999 465.822 182.989
462.001 336.02 462 228.003
505.791 382.058 523.201 221.012
580.965 283.242 538.998 282.065
563 126.02 532.014 125.36
133.936 153.309 97.0628 145.696
88.0544 163.596 71.9425 161.427
231.036 168.859 214.817 164.716
539.313 217.015 541.018 181.001
204.993 292.793 180.004 292.574
69.7732 353.318 153.011 306.042
442.949 0.976791 384.184 130.084
96.3435 139.323 134.962 146.141
153.997 303 155.323 174.003
246.298 254.987 247.815 174.996
213.188 239.999 212.952 184
451.762 463.997 452.048 444.001
63.3591 144.997 63.1235 116.991
452.006 171.621 333.004 169.731
529.383 199.018 530.244 181.012
61.5444 355.01 34.3601 369.668
27.395 402.624 1.14787 419.234
48.9592 119.156 31.13 114.502
524.005 160.821 494.03 159.957
424.346 213.998 424.385 183.999
465.635 337.014 467.759 240.995
455.229 332.008 457.845 255.995
632.384 268.834 624.749 251.108
137.305 312.001 137.863 174.999
425.798 210.992 426.588 189.985
468.899 204.995 469.867 183.994
536.547 278.979 538.813 230.944
529.31 284 533.115 226.006
360.461 270.413 394.01 477.842
92.1814 161.944 69.1727 157.994
634.773 114.275 619.059 119.189
15.0418 139.201 1.02462 142.118
407.914 223.999 408.287 187.013
89.9986 170.004 90.0003 340.003
462.755 320.995 464.209 253.004
517.949 121.767 501.099 125.452
172.14 169.989 170.66 288.996
281.397 203.026 282.65 183.977
246.003 264.006 213.252 283.425
182.979 301.964 28.2878 394.814
466.84 476.52 453.873 447.608
519.994 189.096 486.001 188.905
517.994 255.182 461.989 253.34
626.833 283.377 612.211 263.842
158.012 165.837 143.021 164.724
516.027 180.632 485.02 180.017
636.966 297.571 613.035 299.452
115.854 130.486 28.9001 104.332
633.878 148.995 635.184 114.044
32.0002 196 31.9998 165
427.415 231.011 428.266 199.007
584.945 260.682 568.905 263.449
122.197 321.86 127.244 184.005
475.006 108.211 397.995 107.656
637.974 110.914 620.08 116.268
457.008 122.537 398.99 121.572
581.796 176.992 583.253 138.009
626.388 272.804 620.953 262.024
59.9014 129.092 37.9002 127.105
584.085 178.003 585.275 142.009
102.999 181 103 335.008
222.774 233.966 225.007 219.152
518.717 409.985 524.008 309
418.79 478.049 398.597 391.094
502.975 122.914 470.972 122.057
406.185 264.999 406.035 239
132.001 315 132 194
44.999 121.005 31.9239 118.379
54.9954 156.04 33.0555 153.517
437.986 159.512 321.991 156.344
631.938 185.997 633.288 162.016
418.065 286.003 420.073 244.004
109.981 313 110.003 185
397.681 386.096 391.837 366.747
32.5909 421.399 2.10073 442.148
28.0001 129 27.9999 113
466.996 157.808 397.003 159.138
237.374 255.005 238.223 187.003
488.988 252.12 468.893 250.036
616.262 272.312 583.449 259.82
58.0158 353 55.5227 251.012
168.486 298.003 169.218 174.001
513 177 500 177
257.999 190.006 258 257
274.898 226.004 275.052 188.004
234.697 264.994 236.127 187.002
345.063 190.299 322.038 195.18
218.604 246.004 218.317 214.006
231.079 260.975 232.119 222.003
115.001 309 114.999 193
86.9761 283.923 66.1258 290.405
110.944 327.964 113.248 175.991
387.733 348.065 368.765 270.057
526.186 363.009 528.876 310.044
402.924 388.54 378.838 385.148
531.008 415.373 516.016 415.707
187.887 149.397 167.805 143.686
345.86 239.003 345.993 199.003
424.988 287 426.269 249.009
420.287 286.014 422.062 249.003
442.999 111.053 393.98 110.269
213.587 150.139 158.002 129.995
82.9892 146.138 65.0216 144.725
99.999 191 100 317
241 244.006 241 200
223.89 271.001 223.956 219
85.9904 286.969 70.8811 291.613
259.153 272.2 2.06577 469.086
472.013 351.805 454.001 352.09
533.922 412.996 537.797 343.044
362.77 234.01 363.121 207.002
158.924 303 159.18 246.996
394 268.994 364 268.91
200.907 293.038 202.279 260.012
150.74 206.992 151.12 195.004
56.6505 242.999 56.5672 180.999
423 249 423 284
530.677 381.982 534.395 316.022
359.743 237.989 361.081 208.004
401.012 228.224 367.989 227.7
453.792 335.159 424.815 297.375
112.192 341.319 29.1833 391.304
580.997 478.003 532.97 419.025
562.082 477.938 532.086 438.181
572.002 116.958 501.998 116.796
52.0326 148.808 36.957 146.254
179 220 179 179
404.139 207.012 405.286 194.025
343 227.936 344.215 209.014
284.781 252.702 262.212 269.289
55.8982 296.681 36.0093 303.029
560.399 339.441 540.713 325.402
289.229 354.705 241.971 476.988
534.019 439.397 510.979 438.66
600 132.972 570 132.967
55.9516 152.285 30.8285 148.007
204.623 256.993 206.012 181.982
335 248.053 269.005 247.788
151.992 303 151.939 204
611.845 264.468 586.334 255.995
33.1133 289.006 32.8741 254.001
140.887 305.004 141.054 272
202.999 303.062 182.002 302.826
565.016 337.978 541.083 320.884
534.989 315.033 638.011 377.976
34.1919 364.993 33.3037 341.026
520.959 407.998 523.443 364.968
510.29 432.028 511.655 417.966
558.392 434.665 536.679 409.274
443.7 445.756 434.624 419.782
584.045 477.964 535.002 416.998
350.073 148.998 346.577 44.0141
337.979 227.022 285.002 225.927
52.292 276.845 49.9047 256.892
182.001 290 182 184.001
453.661 325.274 424.211 288.83
512 349.985 471.999 350.016
622.491 374.243 580.59 347.09
32.0001 420 31.9999 403
504.015 429.944 505.088 411.005
514 186.944 487.001 187.119
363.064 197.797 345.061 196.842
134 271 134 194
342.009 208.626 311.028 207.862
442.654 301.465 424.074 278.758
25.9388 321.835 1.90609 330.747
561.043 427.002 565.804 338.043
492.991 136.329 433.981 134.705
103.998 156.08 62.0049 154.835
118.101 161.36 77.0188 154.881
340.965 237.752 283.996 235.078
180.284 300.473 132.206 329.343
26.0113 319.031 1.93437 327.82
370.976 346.787 296.984 344.506
295.527 347.208 244.288 477.113
575.707 449.922 581.379 356.023
318.726 349.945 291.999 478
474.968 21.367 454.947 19.6007
49.0426 132.826 32.0807 128.671
294.833 189.941 293.71 212.036
68.3305 285.012 67.896 261.002
452.109 319.914 430.019 291.985
564.672 424.98 569.73 340.984
531.439 409.021 533.695 361.985
223.229 421.132 190.312 478.18
221.262 429.572 193.093 478.054
128.986 85.0267 0.942749 18.1095
95.0412 120.861 27.9952 101.016
357.419 119.022 359.226 84.959
26.0001 128 25.9999 110
277.461 192.07 282.646 231.916
422.876 344.995 424.221 310.008
315.99 363.197 289.009 361.831
580.046 442.003 585.46 355.966
615.269 478.019 622.531 375.037
169.013 439.01 139.885 476.912
168.164 444.126 142.019 478.015
515.747 478.147 497.029 445.983
538.932 400.997 542.531 330.027
567.449 428.028 572.503 348.032
584.655 428.034 588.095 361.056
124.629 441.65 94.0418 474.039
303.339 436.073 294.341 478.073
