
6.389844e+02	3.753167e+02	4.240530e+02	3.648048e+02	
3.620147e+02	181	3.110049e+02	181	
544	273	544	273	
3.620160e+02	185	3.150053e+02	185	
3.990212e+02	338	3.439849e+02	338	
6.389865e+02	3.812620e+02	3.960238e+02	3.685289e+02	
3.990122e+02	4.037443e+02	1.179760e+02	3.904910e+02	
3.202261e+01	198	2.005943e+00	198	
3.339892e+02	3.374580e+02	2.910065e+02	3.358819e+02	
5.060242e+02	342	4.750080e+02	342	
6.499642e+01	3.250758e+02	2.100358e+01	3.229242e+02	
5.740317e+02	310	5.510099e+02	310	
2.159878e+02	2.054361e+02	1.800082e+02	2.038652e+02	
6.140268e+02	218	5.860089e+02	218	
1.689868e+02	3.292019e+02	1.319739e+02	3.274564e+02	
4.210123e+02	366	3.600041e+02	366	
5.629969e+02	4.150438e+02	4.000308e+02	4.045053e+02	
4.829740e+02	4.573149e+02	2.740192e+02	4.397685e+02	
3.250005e+02	3.609885e+02	2.930123e+02	3.588078e+02	
6.389924e+02	4.021330e+02	5.600223e+02	3.975796e+02	
6.389836e+02	4.043054e+02	5.600135e+02	3.997521e+02	
2.729637e+02	4.393615e+02	2.016229e+00	4.118396e+02	
5.019925e+02	30	4.819675e+02	30	
6.230523e+02	350	6.049415e+02	350	
3.589574e+02	3.656436e+02	8.301157e+01	3.468315e+02	
6.389703e+02	4.204348e+02	5.649822e+02	4.152611e+02	
4.270416e+02	323	4.090138e+02	323	
2.199498e+02	3.766510e+02	7.500154e+01	3.649887e+02	
5.568811e+02	4.803667e+02	2.870185e+02	4.558073e+02	
5.619894e+02	4.631515e+02	5.180056e+02	4.599216e+02	
6.389920e+02	4.691064e+02	5.719861e+02	4.641858e+02	
2.379873e+02	46	2.229540e+02	46	
6.599839e+01	3.230138e+02	3.202258e+01	3.206380e+02	
1.869880e+02	3.421948e+02	1.490191e+02	3.396729e+02	
5.759860e+02	3.441918e+02	5.500153e+02	3.426034e+02	
1.019882e+02	3.511309e+02	7.801740e+01	3.495808e+02	
2.040125e+02	3.598474e+02	1.800003e+02	3.579997e+02	
5.049993e+02	9.900102e+01	4.800227e+02	9.672796e+01	
2.560620e+02	310	2.409292e+02	310	
5.769864e+02	3.501745e+02	5.500074e+02	3.479090e+02	
2.199589e+02	3.745311e+02	7.501068e+01	3.628688e+02	
2.859310e+02	4.556471e+02	1.201216e+01	4.258899e+02	
6.119900e+02	4.410912e+02	5.919730e+02	4.392695e+02	
3.100634e+01	1.959192e+02	6.021903e+00	1.937333e+02	
293	221	293	221	
2.140058e+02	3.329285e+02	1.780240e+02	3.297172e+02	
1.330524e+02	353	1.200140e+02	353	
5.179834e+02	3.791559e+02	4.969654e+02	3.773541e+02	
6.109849e+02	4.371400e+02	5.910217e+02	4.355688e+02	
2.340112e+02	70	1.670037e+02	70	
5.498526e+01	261	4.294367e+01	261	
5.298526e+01	318	4.094367e+01	318	
5.370338e+02	348	5.029750e+02	348	
5.100518e+02	1.455545e+02	4.830497e+02	1.425735e+02	
3.690103e+02	262	2.960034e+02	262	
1.849996e+02	3.380007e+02	1.709816e+02	3.361303e+02	
4.369690e+02	3.452784e+02	4.079485e+02	3.424840e+02	
5.400983e+02	196	5.289180e+02	196	
4.000534e+02	217	3.860177e+02	217	
2.320753e+02	332	2.169426e+02	332	
3.959688e+02	3.444382e+02	3.820179e+02	3.428980e+02	
3.708601e+01	98	2.902376e+01	98	
1.180622e+02	208	1.060206e+02	208	
1.620678e+02	336	1.510224e+02	336	
4.550728e+02	360	4.460174e+02	360	
4.950241e+02	3.788453e+02	4.820225e+02	3.768558e+02	
5.630744e+02	381	5.530246e+02	381	
1.098261e+01	425	1.927222e+00	425	
305	3	305	3	
3.089462e+02	7.048774e+01	3.000124e+02	6.900876e+01	
3.880692e+02	1.906586e+02	3.631405e+02	1.853144e+02	
3.760622e+02	213	3.640206e+02	213	
7.297398e+01	260	6.590291e+01	260	
3.009709e+01	331	2.302602e+01	331	
2.039588e+02	3.534264e+02	1.940117e+02	3.519930e+02	
2.290622e+02	361	2.170206e+02	361	
590	383	590	383	
1.149993e+02	3.900039e+02	1.030007e+02	3.879961e+02	
5.000308e+02	4.597619e+02	4.840334e+02	4.577409e+02	
4.659714e+02	6	4.598886e+02	6	
3.869625e+02	1.861905e+02	3.631031e+02	1.814229e+02	
3.250574e+02	215	3.120190e+02	215	
2.580000e+02	2.540044e+02	2.530000e+02	2.539956e+02	
2.511114e+02	335	2.450286e+02	335	
1.680000e+02	3.370044e+02	1.630000e+02	3.369956e+02	
2.800744e+02	340	2.700246e+02	340	
4.070904e+02	340	4.000194e+02	340	
1.410904e+02	355	1.340194e+02	355	
1.309042e+01	472	6.019352e+00	472	
296	77	296	77	
6.009194e+01	2.057132e+02	3.220090e+01	1.963810e+02	
4.903259e+01	2.038609e+02	3.317114e+01	1.993426e+02	
2.279648e+02	2.321919e+02	2.160352e+02	2.298081e+02	
233	253	233	253	
402	344	402	344	
583	350	583	350	
5.209684e+02	462	5.158694e+02	462	
1.959899e+02	5.799577e+01	1.872702e+02	5.425851e+01	
438	58	438	58	
1.979507e+02	6.832427e+01	1.920144e+02	6.699736e+01	
2.089653e+02	127	2.048422e+02	127	
4.079066e+02	1.932955e+02	3.880934e+02	1.867045e+02	
271	220	271	220	
2.679483e+02	2.552079e+02	2.610449e+02	2.536774e+02	
1.650000e+02	3.240026e+02	1.620000e+02	3.239974e+02	
5.479990e+02	3.820109e+02	5.270010e+02	3.799891e+02	
5.759856e+02	3.820026e+02	5.700493e+02	3.806757e+02	
9.899261e+01	3.890013e+02	9.388573e+01	3.872926e+02	
1.128511e+02	3.423527e+01	1.031489e+02	2.776473e+01	
3.689973e+02	256	2.969904e+02	256	
1.880000e+02	2.600532e+02	1.270000e+02	2.599468e+02	
1.880000e+02	2.420524e+02	1.280000e+02	2.419476e+02	
3.690092e+02	242	2.970022e+02	242	
2.379970e+02	42	1.769888e+02	42	
4.049990e+02	2.229726e+02	2.600113e+02	2.265160e+02	
2.310008e+02	2.260476e+02	8.400807e+01	2.293834e+02	
2.379973e+02	6	1.839880e+02	6	
2.339904e+02	7.846955e+01	1.770039e+02	8.006133e+01	
5.799702e+01	2.299176e+02	1.995456e+00	2.318732e+02	
5.810201e+02	274	5.450062e+02	274	
2.309906e+02	1.997241e+02	8.399515e+01	2.048573e+02	
5.040000e+02	1.970271e+02	4.730000e+02	1.969729e+02	
5.299502e+01	2.279220e+02	5.011003e+00	2.295138e+02	
3.299998e+01	3.180271e+02	2.000024e+00	3.179729e+02	
6.150000e+02	3.460271e+02	5.840000e+02	3.459729e+02	
3.789943e+02	1.968318e+02	2.569890e+02	2.006659e+02	
5.050000e+02	2.730262e+02	4.750000e+02	2.729738e+02	
6.140000e+02	2.730262e+02	5.840000e+02	2.729738e+02	
5.050000e+02	2.750262e+02	4.750000e+02	2.749738e+02	
6.150000e+02	3.420262e+02	5.850000e+02	3.419738e+02	
5.760000e+02	2.210253e+02	5.470000e+02	2.209747e+02	
5.040000e+02	2.230253e+02	4.750000e+02	2.229747e+02	
5.040000e+02	2.490253e+02	4.750000e+02	2.489747e+02	
5.050000e+02	3.440244e+02	4.770000e+02	3.439756e+02	
6.160250e+02	244	5.860083e+02	244	
5.069958e+02	191	4.719815e+02	191	
5.760000e+02	2.770227e+02	5.500000e+02	2.769773e+02	
8.499998e+01	3.070227e+02	5.900002e+01	3.069773e+02	
5.759935e+02	217	5.469762e+02	217	
3.430000e+02	3.360070e+02	3.350000e+02	3.359930e+02	
4.599199e+01	2.088269e+02	2.010187e+00	2.104396e+02	
6.110000e+02	2.200209e+02	5.870000e+02	2.199791e+02	
5.750000e+02	3.080209e+02	5.510000e+02	3.079791e+02	
5.340000e+02	3.250209e+02	5.100000e+02	3.249791e+02	
6.390010e+02	1.390241e+02	5.290097e+02	1.442112e+02	
5.850183e+02	245	5.440061e+02	245	
5.040258e+02	247	4.750086e+02	247	
2.350000e+02	5.801920e+01	2.130000e+02	5.798080e+01	
4.620000e+02	1.980192e+02	4.400000e+02	1.979808e+02	
6.099912e+02	198	5.859704e+02	198	
5.069872e+02	1.925421e+02	4.710075e+02	1.941130e+02	
1.880000e+02	2.060183e+02	1.670000e+02	2.059817e+02	
4.620000e+02	2.470183e+02	4.410000e+02	2.469817e+02	
3.120257e+02	1.284318e+02	2.590289e+02	1.314876e+02	
5.719940e+02	199	5.459748e+02	199	
2.300000e+02	2.040113e+02	2.170000e+02	2.039887e+02	
5.039957e+02	2.200045e+02	4.750182e+02	2.215231e+02	
2.400000e+02	3.370175e+02	2.200000e+02	3.369825e+02	
4.620000e+02	3.410175e+02	4.420000e+02	3.409825e+02	
4.209924e+02	139	3.979706e+02	139	
6.080000e+02	2.230166e+02	5.890000e+02	2.229834e+02	
4.610000e+02	2.490166e+02	4.420000e+02	2.489834e+02	
4.610000e+02	2.730166e+02	4.420000e+02	2.729834e+02	
4.610000e+02	2.750166e+02	4.420000e+02	2.749834e+02	
1.199819e+02	3.224865e+02	9.100714e+01	3.240557e+02	
6.040000e+02	3.330166e+02	5.850000e+02	3.329834e+02	
4.760000e+02	3.640166e+02	4.570000e+02	3.639834e+02	
4.200000e+02	1.410157e+02	4.020000e+02	1.409843e+02	
1.450288e+02	207	1.190096e+02	207	
6.070000e+02	2.280157e+02	5.890000e+02	2.279843e+02	
6.070000e+02	2.300157e+02	5.890000e+02	2.299843e+02	
6.040000e+02	3.250157e+02	5.860000e+02	3.249843e+02	
6.390000e+02	3.260157e+02	6.210000e+02	3.259843e+02	
6.040000e+02	3.390157e+02	5.860000e+02	3.389843e+02	
4.610000e+02	3.430157e+02	4.430000e+02	3.429843e+02	
3.810369e+02	3	3.620106e+02	3	
1.410000e+02	1.560148e+02	1.240000e+02	1.559852e+02	
1.229905e+02	1.588737e+02	9.301494e+01	1.604447e+02	
4.620281e+02	195	4.390064e+02	195	
2.799999e+01	3.140148e+02	1.100001e+01	3.139852e+02	
2.320367e+02	9.140144e+01	1.890025e+02	9.501512e+01	
5.060209e+02	1.173490e+02	4.710151e+02	1.192448e+02	
4.530000e+02	1.230140e+02	4.370000e+02	1.229860e+02	
4.050306e+02	1.224832e+02	3.410186e+02	1.262862e+02	
3.929889e+02	126	3.749612e+02	126	
2.329856e+02	1.337857e+02	8.399620e+01	1.439428e+02	
2.699999e+01	3.100140e+02	1.100001e+01	3.099860e+02	
2.969917e+02	328	2.769667e+02	328	
4.930000e+02	3.470140e+02	4.770000e+02	3.469860e+02	
4.639855e+02	3.578938e+01	4.339997e+02	3.799140e+01	
3.600524e+02	52	3.399526e+02	52	
3.799680e+02	7.249693e+01	3.460007e+02	7.499133e+01	
6.390025e+02	9.004015e+01	5.290098e+02	9.715306e+01	
3.810000e+02	1.030131e+02	3.660000e+02	1.029869e+02	
5.040389e+02	1.145674e+02	4.720176e+02	1.161896e+02	
3.110000e+02	1.250131e+02	2.960000e+02	1.249869e+02	
2.060005e+02	1.330141e+02	8.503177e+01	1.414731e+02	
1.549891e+02	1.418545e+02	1.270150e+02	1.434185e+02	
5.599999e+01	2.060131e+02	4.100001e+01	2.059869e+02	
2.520000e+02	2.500131e+02	2.370000e+02	2.499869e+02	
4.639878e+02	3.880919e+01	4.350130e+02	4.037840e+01	
3.799993e+02	7.000867e+01	3.460320e+02	7.250307e+01	
5.049853e+02	9.081227e+01	4.779772e+02	9.270086e+01	
1.759895e+02	9.686999e+01	1.139973e+02	1.019667e+02	
4.580609e+02	100	4.389560e+02	100	
3.619924e+02	104	3.429661e+02	104	
6.389799e+02	1.055364e+02	6.160088e+02	1.070621e+02	
3.109927e+02	1.308716e+02	2.700162e+02	1.333061e+02	
5.129844e+02	1.385850e+02	4.860135e+02	1.401874e+02	
6.101581e+01	1.452137e+02	2.001660e+01	1.482245e+02	
5.998540e+01	1.477426e+02	2.200789e+01	1.501320e+02	
2.040000e+02	1.540122e+02	1.900000e+02	1.539878e+02	
4.619933e+02	2.230002e+02	4.420273e+02	2.245365e+02	
3.340000e+02	2.470122e+02	3.200000e+02	2.469878e+02	
2.899999e+01	2.700122e+02	1.500001e+01	2.699878e+02	
2.699999e+01	3.020122e+02	1.300001e+01	3.019878e+02	
4.240000e+02	3.210122e+02	4.100000e+02	3.209878e+02	
1.370000e+02	3.220122e+02	1.230000e+02	3.219878e+02	
6.030396e+02	329	5.860102e+02	329	
6.140000e+02	3.520122e+02	6.000000e+02	3.519878e+02	
5.440000e+02	3.620122e+02	5.300000e+02	3.619878e+02	
5.029859e+02	5.378935e+01	4.700141e+02	5.621065e+01	
4.029831e+02	6.081132e+01	3.450169e+02	6.618868e+01	
2.170000e+02	7.301134e+01	2.040000e+02	7.298866e+01	
3.789846e+02	120	3.649490e+02	120	
4.629847e+02	1.196034e+02	4.370140e+02	1.211918e+02	
5.060000e+02	1.200113e+02	4.930000e+02	1.199887e+02	
2.329788e+02	1.117317e+02	9.804498e+01	1.225882e+02	
3.600000e+02	1.280113e+02	3.470000e+02	1.279887e+02	
5.290000e+02	1.850113e+02	5.160000e+02	1.849887e+02	
4.619826e+02	1.915808e+02	4.380118e+02	1.931309e+02	
4.010394e+02	196	3.820131e+02	196	
5.580460e+02	197	5.430127e+02	197	
4.619772e+02	2.205243e+02	4.410099e+02	2.220641e+02	
1.630000e+02	2.570113e+02	1.500000e+02	2.569887e+02	
5.009884e+02	3.283542e+01	4.680209e+02	3.531426e+01	
5.010464e+02	3.548844e+01	4.690188e+02	3.817787e+01	
1.730414e+02	4.340872e+01	1.530122e+02	4.509062e+01	
2.340000e+02	7.301047e+01	2.220000e+02	7.298953e+01	
1.358620e+02	8.431320e+01	9.501682e+01	9.306964e+01	
4.599901e+02	9.692550e+01	4.390201e+02	9.842865e+01	
3.110490e+02	109	2.970133e+02	109	
2.330140e+02	1.141905e+02	1.650314e+02	1.194215e+02	
4.619799e+02	1.165714e+02	4.410099e+02	1.180745e+02	
1.359890e+02	1.219236e+02	1.160230e+02	1.234599e+02	
1.119799e+02	1.235714e+02	9.100992e+01	1.250745e+02	
3.150000e+02	1.450105e+02	3.030000e+02	1.449895e+02	
2.960000e+02	1.480105e+02	2.840000e+02	1.479895e+02	
1.230000e+02	1.570105e+02	1.110000e+02	1.569895e+02	
6.390000e+02	1.820105e+02	6.270000e+02	1.819895e+02	
6.139837e+02	192	6.009453e+02	192	
6.390000e+02	1.930105e+02	6.270000e+02	1.929895e+02	
1.610000e+02	2.070105e+02	1.490000e+02	2.069895e+02	
3.069674e+02	2.144569e+02	2.900081e+02	2.160003e+02	
6.070000e+02	2.160105e+02	5.950000e+02	2.159895e+02	
6.100000e+02	2.350105e+02	5.980000e+02	2.349895e+02	
5.498896e+01	265	3.995566e+01	265	
2.699999e+01	2.720105e+02	1.500001e+01	2.719895e+02	
2.499999e+01	3.160105e+02	1.300001e+01	3.159895e+02	
5.360000e+02	3.170105e+02	5.240000e+02	3.169895e+02	
2.580000e+02	3.200105e+02	2.460000e+02	3.199895e+02	
1.650327e+02	356	1.440089e+02	356	
6.389914e+02	1.690148e+01	5.129934e+02	2.792487e+01	
3.830471e+02	27	3.690115e+02	27	
4.090032e+02	3.903382e+01	2.580368e+02	5.436843e+01	
2.100000e+02	4.400960e+01	1.990000e+02	4.399040e+01	
4.080084e+02	4.208407e+01	2.590219e+02	5.721757e+01	
6.390233e+02	4.930510e+01	5.600293e+02	5.538336e+01	
5.029749e+02	4.973444e+01	4.689576e+02	5.253118e+01	
4.630075e+02	5.309919e+01	4.370260e+02	5.532659e+01	
4.630593e+02	5.649595e+01	4.389921e+02	5.889818e+01	
8.497696e+01	6.855933e+01	6.601195e+01	7.008522e+01	
2.900250e+02	8.030053e+01	2.660065e+02	8.206434e+01	
2.900000e+02	1.100096e+02	2.790000e+02	1.099904e+02	
1.599890e+02	1.199074e+02	1.399657e+02	1.216592e+02	
2.900590e+02	126	2.780174e+02	126	
3.740590e+02	127	3.620174e+02	127	
2.120000e+02	1.380096e+02	2.010000e+02	1.379904e+02	
1.990000e+02	1.390096e+02	1.880000e+02	1.389904e+02	
1.840000e+02	1.400096e+02	1.730000e+02	1.399904e+02	
1.690000e+02	1.410096e+02	1.580000e+02	1.409904e+02	
1.110000e+02	1.450096e+02	1.000000e+02	1.449904e+02	
3.110000e+02	1.470096e+02	3.000000e+02	1.469904e+02	
2.620000e+02	1.480096e+02	2.510000e+02	1.479904e+02	
2.030000e+02	1.520096e+02	1.920000e+02	1.519904e+02	
4.899999e+01	1.630096e+02	3.800001e+01	1.629904e+02	
2.099999e+01	1.650096e+02	1.000001e+01	1.649904e+02	
3.710272e+02	2.193054e+02	3.490016e+02	2.210002e+02	
3.060590e+02	222	2.940174e+02	222	
6.080590e+02	257	5.960174e+02	257	
5.120000e+02	4.590096e+02	5.010000e+02	4.589904e+02	
2.799853e+02	2	2.679437e+02	2	
1.427560e+02	1.209048e+01	9.703539e+01	2.511436e+01	
5.000333e+02	1.429798e+01	4.820121e+02	1.609674e+01	
5.369993e+02	1.599898e+01	5.120227e+02	1.827204e+01	
5.009567e+02	1.866143e+01	4.609373e+02	2.350430e+01	
5.049772e+02	2.458206e+01	4.870126e+02	2.609058e+01	
4.340361e+02	2.839366e+01	4.110237e+02	3.024519e+01	
1.809817e+02	4.480407e+01	1.590002e+02	4.699811e+01	
1.950000e+02	4.600873e+01	1.850000e+02	4.599127e+01	
1.599724e+02	4.854748e+01	1.440071e+02	5.000043e+01	
4.040009e+02	5.700936e+01	3.420085e+02	6.308777e+01	
3.269853e+02	66	3.149437e+02	66	
3.119770e+02	6.572623e+01	2.610230e+02	7.027377e+01	
6.502147e+01	7.519342e+01	2.041242e+00	8.236911e+01	
2.889762e+02	7.777069e+01	2.659575e+02	7.954189e+01	
2.899904e+02	84	2.659696e+02	84	
2.909919e+02	9.000267e+01	2.760330e+02	9.149578e+01	
3.600000e+02	1.060087e+02	3.500000e+02	1.059913e+02	
6.039853e+02	108	5.919437e+02	108	
5.900641e+02	109	5.790187e+02	109	
2.739813e+02	127	2.629359e+02	127	
2.329848e+02	1.308470e+02	2.130189e+02	1.323833e+02	
2.240000e+02	1.370087e+02	2.140000e+02	1.369913e+02	
3.300000e+02	1.440087e+02	3.200000e+02	1.439913e+02	
9.599999e+01	1.460087e+02	8.600001e+01	1.459913e+02	
2.450000e+02	1.490087e+02	2.350000e+02	1.489913e+02	
1.390000e+02	1.580087e+02	1.290000e+02	1.579913e+02	
2.999999e+01	2.070087e+02	2.000001e+01	2.069913e+02	
3.780467e+02	209	3.620155e+02	209	
2.690000e+02	3.190087e+02	2.590000e+02	3.189913e+02	
1.349360e+02	3.239382e+02	4.302472e+01	3.303653e+02	
5.940000e+02	3.440087e+02	5.840000e+02	3.439913e+02	
4.560000e+02	3.580087e+02	4.460000e+02	3.579913e+02	
3.490000e+02	3.700087e+02	3.390000e+02	3.699913e+02	
3.810000e+02	9.007854e+00	3.720000e+02	8.992146e+00	
4.980007e+02	1.100524e+01	4.739993e+02	1.399476e+01	
4.050000e+02	2.600785e+01	3.960000e+02	2.599215e+01	
3.629740e+02	2.757709e+01	3.470139e+02	2.908576e+01	
1.719362e+02	3.043032e+01	1.169991e+02	3.698118e+01	
3.810700e+02	39	3.710201e+02	39	
3.389876e+02	63	3.269460e+02	63	
2.779670e+02	7.253050e+01	2.640082e+02	7.399763e+01	
1.759558e+02	8.045637e+01	1.370015e+02	8.400148e+01	
6.398452e+01	7.787147e+01	2.042510e+00	8.536728e+01	
6.205315e+01	9.049750e+01	2.403213e+01	9.429250e+01	
5.080000e+02	9.500785e+01	4.990000e+02	9.499215e+01	
3.950000e+02	1.400079e+02	3.860000e+02	1.399921e+02	
4.799999e+01	1.430079e+02	3.900001e+01	1.429921e+02	
1.230000e+02	1.440079e+02	1.140000e+02	1.439921e+02	
2.509901e+02	1.500026e+02	2.380408e+02	1.515238e+02	
1.510000e+02	1.570079e+02	1.420000e+02	1.569921e+02	
1.090000e+02	1.580079e+02	1.000000e+02	1.579921e+02	
4.699999e+01	1.610079e+02	3.800001e+01	1.609921e+02	
6.199999e+01	1.620079e+02	5.300001e+01	1.619921e+02	
5.270000e+02	1.930079e+02	5.180000e+02	1.929921e+02	
6.139918e+02	1.940024e+02	6.000330e+02	1.954695e+02	
1.049659e+02	2.067271e+02	8.594568e+01	2.085250e+02	
6.070416e+02	226	5.890138e+02	226	
5.360000e+02	3.280079e+02	5.270000e+02	3.279921e+02	
4.130000e+02	3.450079e+02	4.040000e+02	3.449921e+02	
4.762708e+02	376	4.560471e+02	376	
1.799501e+02	1.611828e+00	1.479415e+02	5.541996e+00	
1.829320e+02	7.364843e+00	1.439952e+02	1.193887e+01	
4.559751e+02	1.860324e+01	4.400231e+02	2.019545e+01	
4.039751e+02	2.360324e+01	3.880231e+02	2.519545e+01	
3.639742e+02	2.960332e+01	3.490153e+02	3.109642e+01	
4.309985e+02	3.099066e+01	4.110240e+02	3.323116e+01	
2.590594e+02	4.646781e+01	2.350281e+02	4.920583e+01	
2.569651e+02	4.967905e+01	2.379755e+02	5.177552e+01	
4.190000e+02	5.500698e+01	4.110000e+02	5.499302e+01	
8.497855e+01	6.578796e+01	6.401092e+01	6.810280e+01	
4.019751e+02	6.860324e+01	3.860231e+02	7.019545e+01	
1.710000e+02	7.300698e+01	1.630000e+02	7.299302e+01	
1.498356e+01	97	4.933681e+00	97	
3.109742e+02	1.056033e+02	2.960153e+02	1.070964e+02	
2.749591e+02	1.095069e+02	2.630098e+02	1.109952e+02	
5.740663e+02	110	5.640164e+02	110	
5.600582e+02	111	5.490129e+02	111	
4.040000e+02	1.250070e+02	3.960000e+02	1.249930e+02	
3.497986e+01	1.438815e+02	2.094617e+01	1.456295e+02	
2.960000e+02	1.460070e+02	2.880000e+02	1.459930e+02	
2.340000e+02	1.500070e+02	2.260000e+02	1.499930e+02	
2.319836e+02	152	2.219337e+02	152	
1.870000e+02	1.530070e+02	1.790000e+02	1.529930e+02	
6.389905e+02	1.839916e+02	6.260334e+02	1.854449e+02	
5.570000e+02	1.870070e+02	5.490000e+02	1.869930e+02	
4.999998e+00	1.950026e+02	2.000002e+00	1.949974e+02	
9.999994e+00	2.650070e+02	2.000006e+00	2.649930e+02	
3.110000e+02	2.950070e+02	3.030000e+02	2.949930e+02	
4.899999e+01	2.960070e+02	4.100001e+01	2.959930e+02	
8.999999e+01	3.280070e+02	8.200001e+01	3.279930e+02	
3.109483e+02	3.305414e+02	2.650125e+02	3.361003e+02	
4.010000e+02	3.430035e+02	3.970000e+02	3.429965e+02	
4.120000e+02	3.470070e+02	4.040000e+02	3.469930e+02	
5.880000e+02	4.390070e+02	5.800000e+02	4.389930e+02	
2.549691e+02	1.592474e+00	2.420197e+02	3.113674e+00	
3.610000e+02	4.006109e+00	3.540000e+02	3.993891e+00	
2.960279e+02	9.313859e+00	2.730155e+02	1.116540e+01	
2.370173e+02	2.213157e+01	1.990353e+02	2.726693e+01	
7.198151e+01	2.586969e+01	3.305456e+01	3.140982e+01	
9.976243e+00	38	1.913985e+00	38	
2.210000e+02	4.500611e+01	2.140000e+02	4.499389e+01	
3.829669e+02	4.858659e+01	3.710100e+02	5.001237e+01	
2.580000e+02	7.200611e+01	2.510000e+02	7.199389e+01	
2.890000e+02	7.200611e+01	2.820000e+02	7.199389e+01	
1.869099e+02	7.317152e+01	1.209796e+02	8.079992e+01	
6.298632e+01	9.289185e+01	3.206059e+01	9.657952e+01	
6.199690e+01	9.498737e+01	4.295817e+01	9.773090e+01	
4.789602e+02	9.761915e+01	4.700114e+02	9.900449e+01	
5.706830e+01	1.024633e+02	4.302274e+01	1.041133e+02	
2.909895e+02	1.070007e+02	2.800412e+02	1.084615e+02	
5.120000e+02	1.420061e+02	5.050000e+02	1.419939e+02	
2.809895e+02	1.480007e+02	2.700412e+02	1.494615e+02	
1.720000e+02	1.540061e+02	1.650000e+02	1.539939e+02	
1.580000e+02	2.050061e+02	1.510000e+02	2.049939e+02	
5.399999e+01	2.080061e+02	4.700001e+01	2.079939e+02	
8.999995e+00	2.380061e+02	2.000005e+00	2.379939e+02	
8.999995e+00	2.700061e+02	2.000005e+00	2.699939e+02	
3.100000e+02	2.930061e+02	3.030000e+02	2.929939e+02	
2.696910e+01	3.065925e+02	1.401974e+01	3.081137e+02	
2.670000e+02	3.110061e+02	2.600000e+02	3.109939e+02	
8.999995e+00	3.130061e+02	2.000005e+00	3.129939e+02	
2.949382e+02	3.295592e+02	2.659629e+02	3.337346e+02	
1.399999e+01	3.430061e+02	7.000005e+00	3.429939e+02	
5.710860e+02	464	5.630238e+02	464	
3.159693e+02	2.846241e+00	3.049391e+02	4.672281e+00	
5.897398e+01	11	5.190291e+01	11	
7.302400e+01	1.116543e+01	3.206408e+01	1.743318e+01	
4.789617e+02	1.657849e+01	4.680265e+02	1.813479e+01	
1.296929e+01	2.284624e+01	1.939083e+00	2.467228e+01	
9.200000e+01	2.400524e+01	8.600000e+01	2.399476e+01	
3.950000e+02	2.700524e+01	3.890000e+02	2.699476e+01	
7.098191e+01	2.886963e+01	3.401809e+01	3.413037e+01	
5.330000e+02	3.000524e+01	5.270000e+02	2.999476e+01	
5.210000e+02	3.100524e+01	5.150000e+02	3.099476e+01	
2.930000e+02	3.400524e+01	2.870000e+02	3.399476e+01	
1.094621e+01	3.451226e+01	2.012421e+00	3.599124e+01	
2.939991e+02	3.599240e+01	2.680138e+02	3.817446e+01	
6.800000e+01	6.000524e+01	6.200000e+01	5.999476e+01	
2.230000e+02	6.000524e+01	2.170000e+02	5.999476e+01	
7.102469e+01	6.120841e+01	3.703103e+01	6.526191e+01	
3.229462e+02	6.351226e+01	3.140124e+02	6.499124e+01	
2.590000e+02	7.000524e+01	2.530000e+02	6.999476e+01	
310	69	310	69	
5.600000e+01	7.400524e+01	5.000000e+01	7.399476e+01	
3.599883e+02	7.599297e+01	3.500412e+02	7.742638e+01	
7.100000e+01	8.900524e+01	6.500000e+01	8.899476e+01	
3.069617e+02	8.857849e+01	2.960265e+02	9.013479e+01	
7.900000e+01	9.000524e+01	7.300000e+01	8.999476e+01	
1.500000e+01	9.500524e+01	9.000005e+00	9.499476e+01	
3.920000e+02	1.000052e+02	3.860000e+02	9.999476e+01	
3.810971e+02	101	3.740260e+02	101	
4.830000e+02	1.210052e+02	4.770000e+02	1.209948e+02	
6.098908e+01	1.268972e+02	4.002145e+01	1.292120e+02	
5.998162e+01	142	5.191936e+01	142	
1.480000e+02	1.550052e+02	1.420000e+02	1.549948e+02	
9.800000e+01	1.580052e+02	9.200000e+01	1.579948e+02	
8.000000e+01	1.590052e+02	7.400000e+01	1.589948e+02	
8.800000e+01	1.610052e+02	8.200000e+01	1.609948e+02	
3.500000e+01	1.620052e+02	2.900000e+01	1.619948e+02	
363	214	363	214	
3.410678e+02	221	3.300224e+02	221	
1.370000e+02	2.520052e+02	1.310000e+02	2.519948e+02	
3.070000e+02	2.540052e+02	3.010000e+02	2.539948e+02	
4.280000e+02	2.670052e+02	4.220000e+02	2.669948e+02	
2.430000e+02	3.350052e+02	2.370000e+02	3.349948e+02	
4.670000e+02	3.610052e+02	4.610000e+02	3.609948e+02	
6.260225e+02	3.845707e+02	5.779746e+02	3.824729e+02	
6.240000e+02	3.860052e+02	6.180000e+02	3.859948e+02	
9.305337e+01	388	7.901770e+01	388	
1.297687e+01	3.868945e+00	2.028533e+00	5.329764e+00	
467	5	467	5	
1.198635e+01	6.002961e+00	4.054019e+00	7.444510e+00	
3.148910e+02	6.623033e+00	3.058502e+02	8.429567e+00	
7.197305e+01	1.381391e+01	3.504685e+01	1.933257e+01	
1.196308e+01	2.062310e+01	2.028840e+00	2.214325e+01	
1.940000e+02	2.800436e+01	1.890000e+02	2.799564e+01	
4.750000e+02	2.900436e+01	4.700000e+02	2.899564e+01	
3.159265e+02	3.261640e+01	2.999632e+02	3.580617e+01	
1.518584e+02	4.536620e+01	1.019950e+02	5.696978e+01	
2.779886e+02	4.899551e+01	2.690398e+02	5.038085e+01	
2.929460e+02	5.955549e+01	2.850136e+02	6.099704e+01	
1.500000e+02	7.500436e+01	1.450000e+02	7.499564e+01	
3.920000e+02	1.190044e+02	3.870000e+02	1.189956e+02	
3.597687e+01	1.298689e+02	2.502853e+01	1.313298e+02	
2.650000e+02	1.340044e+02	2.600000e+02	1.339956e+02	
3.780000e+02	1.410044e+02	3.730000e+02	1.409956e+02	
5.800000e+01	1.600044e+02	5.300000e+01	1.599956e+02	
3.600000e+01	1.640044e+02	3.100000e+01	1.639956e+02	
5.000000e+02	1.950044e+02	4.950000e+02	1.949956e+02	
4.160000e+02	2.260044e+02	4.110000e+02	2.259956e+02	
6.600000e+01	2.400044e+02	6.100000e+01	2.399956e+02	
1.830000e+02	2.490044e+02	1.780000e+02	2.489956e+02	
1.370000e+02	2.500044e+02	1.320000e+02	2.499956e+02	
1.830000e+02	2.520044e+02	1.780000e+02	2.519956e+02	
2.519631e+02	2.526231e+02	2.420288e+02	2.541432e+02	
3.030000e+02	2.600044e+02	2.980000e+02	2.599956e+02	
3.670000e+02	2.600044e+02	3.620000e+02	2.599956e+02	
2.500000e+02	2.880044e+02	2.450000e+02	2.879956e+02	
2.510000e+02	2.900044e+02	2.460000e+02	2.899956e+02	
2.410000e+02	2.940044e+02	2.360000e+02	2.939956e+02	
6.140000e+02	3.250044e+02	6.090000e+02	3.249956e+02	
6.140000e+02	3.290044e+02	6.090000e+02	3.289956e+02	
1.300000e+01	3.320044e+02	8.000004e+00	3.319956e+02	
6.140000e+02	3.330044e+02	6.090000e+02	3.329956e+02	
2.490000e+02	3.370044e+02	2.440000e+02	3.369956e+02	
2.010000e+02	3.420044e+02	1.960000e+02	3.419956e+02	
4.610000e+02	3.460044e+02	4.560000e+02	3.459956e+02	
8.200000e+01	3.480044e+02	7.700000e+01	3.479956e+02	
1.519210e+02	1.521036e+00	1.460189e+02	2.992590e+00	
4.779512e+02	3.061012e+01	4.700452e+02	3.218988e+01	
1.400000e+02	4.300349e+01	1.360000e+02	4.299651e+01	
9.999997e+00	4.400349e+01	6.000003e+00	4.399651e+01	
1.340000e+02	4.400349e+01	1.300000e+02	4.399651e+01	
4.069793e+02	4.585550e+01	3.920207e+02	4.814450e+01	
1.890000e+02	5.700349e+01	1.850000e+02	5.699651e+01	
3.640000e+02	6.700349e+01	3.600000e+02	6.699651e+01	
2.990000e+02	7.100349e+01	2.950000e+02	7.099651e+01	
3.719664e+02	7.483423e+01	3.630352e+02	7.632880e+01	
3.910000e+02	7.600349e+01	3.870000e+02	7.599651e+01	
3.110745e+02	7.651920e+01	2.970098e+02	7.799746e+01	
4.029684e+02	101	3.978694e+02	101	
3.919811e+02	1.020074e+02	3.860790e+02	1.034790e+02	
4.810000e+02	1.680035e+02	4.770000e+02	1.679965e+02	
2.917412e+02	1.853146e+02	2.570029e+02	1.989984e+02	
3.099210e+02	1.815875e+02	2.930419e+02	1.852061e+02	
3.138202e+02	1.853885e+02	2.728594e+02	1.975216e+02	
5.280000e+02	1.880035e+02	5.240000e+02	1.879965e+02	
5.490000e+02	1.940035e+02	5.450000e+02	1.939965e+02	
6.049684e+02	201	5.998694e+02	201	
5.999997e+00	2.080035e+02	2.000003e+00	2.079965e+02	
2.380000e+02	2.540035e+02	2.340000e+02	2.539965e+02	
5.999997e+00	3.160035e+02	2.000003e+00	3.159965e+02	
6.390000e+02	3.240035e+02	6.350000e+02	3.239965e+02	
4.790000e+02	3.490035e+02	4.750000e+02	3.489965e+02	
4.230000e+02	3.610035e+02	4.190000e+02	3.609965e+02	
3.710000e+02	3.720035e+02	3.670000e+02	3.719965e+02	
5.259865e+02	3.790036e+02	5.190525e+02	3.803892e+02	
6.389512e+02	3.856101e+02	6.310452e+02	3.871899e+02	
5.370000e+02	4.650035e+02	5.330000e+02	4.649965e+02	
4.139483e+02	5.679213e+01	4.070449e+02	5.832259e+01	
1.139983e+02	7.999332e+01	1.020017e+02	8.300668e+01	
2.779856e+02	2.199974e+02	2.720493e+02	2.213243e+02	
3.641578e+02	254	3.600347e+02	254	
1.609856e+02	3.229974e+02	1.550493e+02	3.243243e+02	
166	323	166	323	
5.349483e+02	3.347921e+02	5.280449e+02	3.363226e+02	
1.470618e+02	3.412663e+02	1.222513e+02	3.480071e+02	
564	416	564	416	
5.239075e+02	6.701153e+00	5.140010e+02	9.996626e+00	
496	378	496	378	
439	3.409984e+02	439	1.969950e+02	
508	3.239984e+02	508	1.949945e+02	
434	2.519965e+02	434	1.829892e+02	
583	3.399966e+02	583	2.739891e+02	
469	1.910124e+02	469	1.310040e+02	
618	3.050104e+02	618	1.949923e+02	
407	3.379951e+02	407	2.889849e+02	
606	3.339951e+02	606	2.849849e+02	
5.424456e+02	2.720184e+02	5.406125e+02	2.020139e+02	
87	2.689931e+02	87	2.349784e+02	
616	3.139961e+02	616	2.729839e+02	
258	309	258	305	
465	9.902996e+01	465	6.197594e+01	
381	2.219915e+02	381	1.969715e+02	
202	6.898966e+01	202	4.696694e+01	
511	8.399319e+01	511	5.997237e+01	
438	6.100694e+01	438	9.702082e+01	
524	1.690287e+02	524	1.460070e+02	
295	1.059908e+02	295	8.596581e+01	
6.210020e+02	3.489942e+02	6.194518e+02	3.250234e+02	
44	2.589889e+02	44	2.409612e+02	
232	3.309879e+02	232	3.149567e+02	
358	1.000433e+02	358	8.401208e+01	
4.700745e+02	9.498955e+01	4.684999e+02	7.302319e+01	
613	2.159898e+02	613	1.989604e+02	
504	4.905102e+01	504	3.501535e+01	
5.063280e+02	8.998003e+01	5.039436e+02	5.500412e+01	
544	3.259894e+02	544	3.099581e+02	
149	6.998367e+01	149	5.694526e+01	
2.841284e+02	3.498813e+01	2.826026e+02	1.201701e+01	
459	1.149837e+02	459	1.019453e+02	
464	191	464	179	
393	9.798852e+01	393	8.395285e+01	
410	2.089904e+02	410	1.939571e+02	
5.075168e+02	1.159675e+02	5.060082e+02	1.000074e+02	
5.090706e+02	1.369880e+02	5.075307e+02	1.190262e+02	
6.349578e+01	1.239670e+02	6.200267e+01	1.090081e+02	
80	143	80	133	
187	4.098130e+01	187	2.993594e+01	
295	1.239881e+02	295	1.109497e+02	
312	1.229881e+02	312	1.099497e+02	
529	1.369881e+02	529	1.239497e+02	
5.782296e+02	2.429803e+02	5.766167e+02	2.220184e+02	
617	3.409853e+02	617	3.289437e+02	
25	1.430609e+02	25	1.320156e+02	
41	110	41	101	
1.801653e+02	3.069836e+02	1.786394e+02	2.880186e+02	
4.725925e+02	2.209736e+02	4.709169e+02	1.970113e+02	
5.020858e+02	1.798610e+01	5.005771e+02	2.026033e+00	
520	1.209876e+02	520	1.089460e+02	
5.784695e+02	2.149670e+02	5.770024e+02	2.010082e+02	
177	2.897818e+01	177	1.992280e+01	
197	5.706632e+01	197	4.701644e+01	
3.714382e+02	2.396878e+01	3.698980e+02	1.001788e+01	
75	3.220728e+02	75	3.130174e+02	
2.724615e+02	3.289588e+02	2.710007e+02	3.180105e+02	
3.105835e+02	1.040514e+02	3.087942e+02	8.702796e+01	
433	1.510860e+02	433	1.430238e+02	
6.111137e+02	2.949803e+02	6.095925e+02	2.820309e+02	
101	1.200971e+02	101	1.130260e+02	
4.714264e+02	1.195884e+01	4.699930e+02	2.011713e+00	
5.151348e+02	1.909735e+02	5.135785e+02	1.800383e+02	
80	3.199806e+02	80	3.129096e+02	
2.639959e+02	2.430011e+02	2.600041e+02	2.279989e+02	
286	295	286	291	
3.445019e+02	7.381779e+01	3.417470e+02	6.374751e+01	
3.765208e+02	1.170998e+02	3.744792e+02	1.049002e+02	
4.574445e+02	9.945981e+00	4.560030e+02	2.013647e+00	
4.837612e+02	8.482244e+01	4.800072e+02	7.100550e+01	
8.216577e+01	2.029664e+02	8.067120e+01	1.940352e+02	
4.731899e+02	8.195479e+01	4.716101e+02	7.404882e+01	
5.163892e+02	7.794752e+01	5.150036e+02	7.101353e+01	
9.700007e+01	1.040000e+02	9.399993e+01	9.400002e+01	
9.899161e+01	1.149811e+02	9.759468e+01	1.100771e+02	
1.013550e+02	4.221302e+01	9.664495e+01	2.578698e+01	
1.011429e+02	5.296893e+01	9.947218e+01	4.205066e+01	
1.809916e+02	4.098106e+01	1.795947e+02	3.607712e+01	
1.832769e+02	3.690107e+01	1.795575e+02	2.481114e+01	
1.857411e+02	1.090844e+02	1.839978e+02	1.030048e+02	
5.292079e+02	1.079483e+02	5.276774e+02	1.010449e+02	
272	316	272	245	
466	279	466	208	
407	288	407	224	
470	293	470	233	
464	1.230042e+02	464	1.780133e+02	
472	343	472	290	
434	320	434	268	
269	309	269	258	
230	2.539875e+02	230	3.089966e+02	
235	192	235	152	
463	271	463	234	
470	340	470	304	
433	119	433	84	
1.200000e+01	2.339848e+02	1.200000e+01	2.769964e+02	
549	309	549	278	
616	242	616	211	
2.580824e+02	2.580054e+02	2.564766e+02	3.039882e+02	
549	341	549	311	
5.613469e+01	2.670069e+02	5.442319e+01	3.160178e+02	
346	2.006463e+00	346	3.402208e+01	
525	72	525	43	
577	307	577	278	
30	302	30	274	
385	99	385	71	
407	30	407	2	
33	265	33	238	
37	260	37	233	
7.977490e+01	1.629917e+02	7.698098e+01	2.429991e+02	
239	1.497527e+01	239	4.399251e+01	
317	32	317	5	
458	95	458	68	
461	95	461	68	
620	322	620	295	
11	309	11	284	
2.213298e+01	1.000078e+02	2.044217e+01	1.440208e+02	
21	300	21	275	
283	225	283	200	
292	106	292	81	
438	27	438	2	
543	243	543	218	
544	308	544	283	
1.500000e+01	2.400061e+02	1.500000e+01	2.690233e+02	
286	2.959778e+02	286	3.259945e+02	
406	221	406	197	
577	343	577	319	
38	2.669771e+02	38	2.959943e+02	
61	2.070069e+02	61	2.340254e+02	
182	69	182	46	
472	247	472	224	
96	85	96	63	
133	74	133	52	
178	115	178	93	
180	115	180	93	
232	2.279722e+02	232	2.529922e+02	
388	24	388	2	
404	92	404	70	
14	2.730053e+02	14	3.010232e+02	
76	2.719692e+02	76	2.949909e+02	
135	73	135	52	
174	42	174	21	
342	104	342	83	
513	92	513	71	
613	242	613	221	
19	300	19	280	
40	2.330060e+02	40	2.590252e+02	
48	3.397605e+01	48	6.099456e+01	
81	1.079718e+02	81	1.319926e+02	
157	71	157	51	
161	70	161	50	
261	2.020094e+02	261	2.240322e+02	
350	101	350	81	
512	63	512	43	
527	1.469699e+02	527	1.699917e+02	
546	243	546	223	
23	293	23	274	
2.698856e+01	9.899926e+01	2.507928e+01	1.270056e+02	
3.208995e+01	3.500488e+01	2.979854e+01	7.598963e+01	
2.360887e+02	8.000787e+01	2.345195e+02	1.109843e+02	
382	81	382	62	
467	5.696640e+01	467	7.799020e+01	
514	138	514	119	
39	2.969619e+02	39	3.159882e+02	
148	225	148	207	
164	225	164	207	
166	225	166	207	
312	96	312	78	
353	100	353	82	
434	341	434	323	
4.000000e+00	299	4.000000e+00	282	
3.145948e+01	2.400160e+02	2.989026e+01	2.689908e+02	
3.683989e+01	3.499183e+01	3.467404e+01	7.498319e+01	
3.850383e+01	1.000196e+02	3.696072e+01	1.259930e+02	
55	227	55	210	
86	297	86	280	
9.373196e+01	2.798466e+01	9.178213e+01	6.398741e+01	
382	100	382	83	
475	243	475	226	
508	54	508	37	
37	316	37	300	
44	125	44	109	
48	125	48	109	
69	58	69	42	
189	259	189	243	
373	100	373	84	
397	97	397	81	
438	118	438	102	
470	116	470	100	
475	218	475	202	
545	217	545	201	
17	300	17	285	
58	2.389675e+02	58	2.589925e+02	
99	6.396237e+01	99	8.199012e+01	
126	259	126	244	
235	130	235	115	
260	129	260	114	
274	326	274	311	
291	125	291	110	
465	56	465	41	
6	299	6	285	
51	47	51	33	
82	8.995222e+01	82	1.049855e+02	
150	222	150	208	
185	133	185	119	
187	133	187	119	
210	4.501208e+01	210	6.104330e+01	
212	131	212	117	
233	167	233	153	
255	251	255	237	
278	125	278	111	
342	123	342	109	
355	100	355	86	
361	119	361	105	
382	118	382	104	
385	118	385	104	
410	225	410	211	
463	289	463	275	
525	115	525	101	
528	76	528	62	
8	297	8	284	
1.252075e+01	4.802773e+01	1.099486e+01	6.699275e+01	
2.719182e+01	2.740140e+02	2.560338e+01	2.999847e+02	
40	294	40	281	
5.901454e+01	2.080071e+02	5.751309e+01	2.279757e+02	
7.248691e+01	3.602428e+01	7.098546e+01	5.599290e+01	
94	1.964424e+00	94	1.999218e+01	
104	54	104	41	
139	136	139	123	
177	311	177	298	
196	132	196	119	
224	130	224	117	
226	130	226	117	
237	212	237	199	
256	213	256	200	
262	126	262	113	
276	125	276	112	
344	89	344	76	
347	101	347	88	
362	95	362	82	
363	1.049490e+02	363	1.189846e+02	
370	255	370	242	
382	23	382	10	
393	1.040154e+02	393	1.180510e+02	
414	265	414	252	
437	339	437	326	
472	263	472	250	
580	243	580	230	
2.000000e+00	251	2.000000e+00	239	
39	142	39	130	
63	108	63	96	
85	320	85	308	
102	14	102	2	
113	138	113	126	
149	135	149	123	
151	135	151	123	
266	3.702775e+01	266	1.000924e+01	
274	8.593078e+01	274	1.030480e+02	
3.213724e+01	1.060137e+02	3.059750e+01	1.269810e+02	
35	13	35	2	
49	141	49	130	
51	141	51	130	
83	2.139476e+02	83	2.269860e+02	
99	2.017439e+00	99	1.405903e+01	
129	136	129	125	
244	308	244	297	
296	32	296	21	
367	40	367	29	
387	37	387	26	
467	51	467	40	
509	118	509	118	
509	80	509	69	
524	133	524	122	
25	284	25	274	
33	12	33	2	
3.500043e+01	1.110071e+02	3.354748e+01	1.269724e+02	
5.414968e+01	1.050162e+02	5.259069e+01	1.239785e+02	
58	284	58	274	
80	1.439497e+02	80	1.569881e+02	
109	12	109	2	
131	135	131	125	
140	6.193594e+01	140	7.298130e+01	
143	73	143	63	
160	1.219497e+02	160	1.349881e+02	
168	310	168	300	
229	128	229	118	
236	69	236	59	
345	101	345	91	
347	119	347	109	
384	38	384	28	
397	113	397	103	
4.579926e+02	1.100910e+01	4.564524e+02	2.496001e+01	
473	8.291768e+01	473	9.607063e+01	
530	52	530	42	
532	5.294967e+01	532	6.598807e+01	
5.363626e+02	5.403397e+01	5.333593e+02	8.703368e+01	
581	347	581	337	
2.000000e+00	18	2.000000e+00	9	
2.000000e+00	300	2.000000e+00	291	
6.998521e+00	4.900000e+01	4.885524e+00	6.698708e+01	
4.199763e+01	1.110082e+02	4.053050e+01	1.249670e+02	
46	115	46	106	
58	73	58	64	
5.827124e+01	1.040314e+02	5.644955e+01	1.240484e+02	
62	140	62	131	
86	226	86	217	
9.352384e+01	1.260408e+02	9.200264e+01	1.389901e+02	
106	69	106	60	
115	5.801239e+01	115	7.005398e+01	
142	61	142	52	
163	130	163	121	
1.673917e+02	5.102238e+01	1.659075e+02	6.798696e+01	
201	128	201	119	
210	126	210	117	
213	56	213	47	
221	129	221	120	
267	49	267	40	
292	79	292	70	
295	2.439391e+02	295	2.549844e+02	
296	46	296	37	
3.042722e+02	1.088706e+01	3.016135e+02	3.193299e+01	
302	46	302	37	
366	93	366	84	
368	96	368	87	
405	68	405	59	
410	248	410	239	
4.668189e+02	2.059781e+02	4.636737e+02	1.000059e+02	
467	329	467	320	
469	217	469	208	
510	337	510	328	
520	68	520	59	
5	79	5	71	
48	73	48	65	
48	255	48	247	
86	1.080164e+02	86	1.180663e+02	
1.374382e+02	1.230312e+02	1.358980e+02	1.369821e+02	
146	68	146	60	
166	130	166	122	
237	2.969337e+02	237	3.069836e+02	
2.674449e+02	8.603337e+01	2.659916e+02	9.899051e+01	
268	35	268	27	
270	35	270	27	
280	49	280	41	
283	3.801644e+01	283	4.806632e+01	
286	47	286	39	
359	116	359	108	
419	2.520164e+02	419	2.620663e+02	
469	1.949228e+02	469	2.039782e+02	
536	134	536	126	
5.491409e+02	6.502137e+01	5.460121e+02	8.500162e+01	
615	205	615	197	
3.012367e+00	9.801004e+01	1.586594e+00	1.099669e+02	
32	75	32	68	
68	9	68	2	
1.704615e+02	5.204116e+01	1.690007e+02	6.298949e+01	
199	126	199	119	
2.724075e+02	1.120309e+02	2.708863e+02	1.249803e+02	
366	252	366	245	
5.125835e+02	1.039486e+02	5.107942e+02	1.209720e+02	
5.144615e+02	1.600412e+02	5.130007e+02	1.709895e+02	
517	49	517	42	
5.404615e+02	2.041159e+00	5.390007e+02	1.298949e+01	
540	135	540	128	
5.835148e+02	2.009247e+02	5.817423e+02	2.149553e+02	
1.442151e+01	7.038293e+00	1.286521e+01	1.797346e+01	
5.148774e+01	2.053788e+00	5.000876e+01	1.098758e+01	
102	112	102	112	
107	51	107	45	
115	137	115	131	
2.450070e+02	3.210117e+02	2.435736e+02	3.309588e+02	
2.640450e+02	1.080704e+02	2.627552e+02	7.595598e+01	
298	8	298	2	
312	238	312	232	
529	61	529	55	
5.582417e+02	3.703122e+01	5.562487e+02	5.303209e+01	
578	256	578	250	
3.832976e+01	2.028533e+00	3.686894e+01	1.297687e+01	
71	7	71	2	
204	124	204	119	
2.351401e+02	1.980169e+02	2.318599e+02	2.239831e+02	
267	108	267	103	
410	340	410	335	
9	218	9	214	
5.138915e+01	2.490525e+02	5.000361e+01	2.559865e+02	
1.281377e+02	6.304483e+01	1.243887e+02	7.611941e+01	
467	340	467	336	
5.023186e+02	4.130840e+02	4.906814e+02	4.559160e+02	
5.199961e+02	1.010184e+02	5.117642e+02	1.174572e+02	
542	331	542	327	
615	190	615	186	
176	248	176	248	
5.000075e+02	4.130053e+02	4.882208e+02	4.557964e+02	
5.782438e+02	4.005770e+01	5.749936e+02	5.299740e+01	
5.913015e+02	6.208768e+01	5.886985e+02	6.991232e+01	
5.992980e+02	3.709208e+01	5.947020e+02	5.090792e+01	
6.120071e+02	5.700273e+01	6.069929e+02	6.999727e+01	
6.258799e+02	2.394783e+01	6.151201e+02	4.905217e+01	
6.290002e+02	5.500007e+01	6.229998e+02	6.899993e+01	
6.390024e+02	3.500122e+01	6.349976e+02	4.299878e+01	
6.394032e+02	5.920388e+01	6.333959e+02	7.120022e+01	
6.220059e+02	5.600262e+01	6.139941e+02	7.399738e+01	
6.320089e+02	5.500423e+01	6.229911e+02	7.399577e+01	
6.353914e+02	2.718647e+01	6.246086e+02	4.881353e+01	
6.390043e+02	5.400214e+01	6.319957e+02	6.799786e+01	