
2.894052e+01	3.816895e+02	5.088177e+02	4.178463e+02	
1	4.483734e+02	5.408326e+02	4.176799e+02	
3.342636e+02	1	3.271698e+02	3.950538e+02	
9.500622e+01	4.603767e+02	5.518632e+02	4.252226e+02	
9.111660e+01	480	4.330811e+02	4.529985e+02	
4.406325e+01	4.433733e+02	3.900650e+02	4.243946e+02	
4.885932e+02	7.314906e+01	4.932788e+02	3.736272e+02	
4.907339e+02	6.694881e+01	4.958561e+02	3.580765e+02	
5.560385e+02	9.199882e+01	5.647024e+02	3.661455e+02	
1	3.907442e+02	2.652102e+02	4.021662e+02	
2.375289e+02	1.140142e+02	2.261280e+02	3.729588e+02	
1.210227e+02	1.280125e+02	3.313454e+02	2.149400e+01	
4.286843e+01	1.973509e+02	3.146538e+02	8.601442e+01	
4.194689e+02	1.570336e+02	4.151856e+02	3.949673e+02	
1	4.325556e+02	2.251419e+02	4.171111e+02	
3.850266e+02	4.552681e+02	640	4.284496e+02	
1.266261e+02	480	3.680877e+02	4.599621e+02	
6.346480e+01	1.379818e+02	3.090490e+02	1	
3.705367e+02	480	640	4.429067e+02	
1	3.636282e+02	2.288375e+02	3.960152e+02	
7.742776e+01	1.388256e+02	6.040697e+01	3.565980e+02	
3.924631e+02	480	5.931629e+02	4.515540e+02	
1.173746e+02	1.327922e+02	1.017280e+02	3.625345e+02	
1	3.681900e+02	2.058424e+02	3.856857e+02	
3.995309e+01	1.549932e+02	2.456664e+01	3.422121e+02	
5.449258e+02	9.502151e+01	5.522419e+02	3.601006e+02	
2.395560e+02	1.260683e+02	2.322916e+02	2.989282e+02	
3.111331e+02	2.060436e+02	3.064542e+02	3.859598e+02	
1.704772e+02	1.472645e+02	3.209039e+02	8.599347e+01	
5.491885e+02	1.680221e+02	5.539829e+02	3.299886e+02	
7.312443e+00	1	1.820280e+02	5.990965e+01	
1.052222e+02	2.111511e+02	9.604761e+01	3.458636e+02	
1	4.658049e+02	1.449830e+02	4.547257e+02	
3.517909e+02	2.060770e+02	3.497333e+02	3.530386e+02	
6.607094e+01	2.169909e+02	5.571435e+01	3.529994e+02	
4.385513e+02	2.408492e+02	4.385513e+02	3.590000e+02	
2.829670e+02	4.037097e+02	4.208710e+02	4.233127e+02	
3.479172e+02	3.978204e+02	5.130377e+02	4.119234e+02	
2.397369e+02	2.230331e+02	2.329218e+02	3.539746e+02	
1.628307e+02	2.281165e+02	1.550012e+02	3.677819e+02	
4.492505e+02	480	5.810168e+02	4.607863e+02	
3.709132e+02	4.067358e+02	4.940993e+02	4.120612e+02	
1.730286e+02	8.908086e+01	1.663634e+02	2.079777e+02	
5.059610e+02	2.388887e+02	5.080212e+02	3.559830e+02	
6.890911e+01	3.098817e+02	2.050086e+02	3.035081e+02	
3.900017e+01	3.907103e+02	1.530187e+02	3.954109e+02	
3.806685e+02	9.947766e+00	4.827787e+02	6.248651e+01	
2.165011e+02	1.560154e+02	2.152497e+02	2.811581e+02	
4.277561e+02	2.491926e+02	4.274845e+02	3.849842e+02	
1	1.844103e+02	1.499209e+02	2.150951e+02	
7.348341e+01	2.431923e+02	6.482544e+01	3.539667e+02	
1.522185e+02	2.590134e+02	1.459318e+02	3.636662e+02	
2.140789e+02	1.741509e+02	2.111133e+02	2.800355e+02	
1	3.621437e+02	1.028534e+02	3.759992e+02	
1.683378e+02	2.380877e+02	1.607910e+02	3.488994e+02	
1.147598e+02	2.416125e+02	1.072346e+02	3.459479e+02	
5.472529e+02	4.760714e+02	640	4.562258e+02	
4.542435e+02	1.245491e+02	5.454819e+02	1.583927e+02	
8.887180e+01	4.069049e+02	2.099920e+02	4.063240e+02	
2.151299e+02	3.864789e+02	3.169770e+02	3.951778e+02	
5.147802e+02	480	640	4.542519e+02	
5.411295e+02	4.202808e+02	640	4.277303e+02	
3.974577e+01	2.573989e+02	1.379876e+02	2.357604e+02	
1.293620e+02	1.336853e+02	2.352996e+02	8.292961e+01	
1.210725e+02	2.219964e+02	2.077354e+02	1.990538e+02	
1	3.927685e+02	9.099437e+01	3.982834e+02	
2.454139e+02	4.585042e+01	3.300885e+02	4.445856e+00	
4.290221e+02	4.298462e+02	5.179973e+02	4.228207e+02	
1.830557e+02	3.869094e+02	2.669551e+02	3.983225e+02	
7.306535e+01	5.489435e+01	1.904987e+02	9.034808e+01	
3.087360e+01	2.019847e+02	2.404513e+01	2.850719e+02	
7.392799e+01	2.398820e+02	1.508632e+02	2.208265e+02	
3.287184e+02	2.090262e+02	3.273693e+02	2.839706e+02	
4.398509e+02	2.746940e+02	5.346448e+02	2.870104e+02	
8.705291e+01	6.056748e+01	1.576482e+02	8.327482e+01	
1.079913e+02	3.481017e+02	1.869931e+02	3.537365e+02	
1.706985e+02	8.776646e+01	1.653028e+02	1.840169e+02	
2.426764e+02	4.115634e+01	3.123583e+02	1	
3.435593e+02	8.349223e+01	4.165337e+02	1.105611e+02	
5.710591e+02	4.345764e+02	640	4.253671e+02	
3.385971e+02	1	4.123779e+02	3.711493e+01	
5.661432e+02	3.677461e+02	640	3.730138e+02	
2.388702e+02	2.194749e+02	3.193437e+02	2.025919e+02	
4.873994e+02	4.390852e+02	5.687348e+02	4.514780e+02	
4.380432e+02	4.052301e+02	4.999761e+02	4.049331e+02	
3.810933e+02	4.063653e+02	4.637684e+02	4.006685e+02	
4.666483e+02	2.418972e+02	5.383346e+02	2.554761e+02	
3.650110e+02	3.604710e+02	4.600133e+02	3.611554e+02	
3.362181e+02	4.470729e+02	4.098413e+02	4.627039e+02	
2.488838e+01	1.468009e+02	1.757133e+01	2.169033e+02	
4.960113e+02	4.095515e+02	5.728557e+02	4.127195e+02	
1.647176e+02	2.373370e+02	1.611545e+02	3.008965e+02	
3.280639e+02	3.955146e+02	4.110830e+02	3.979398e+02	
3.615567e+01	2.510753e+02	3.031702e+01	3.257778e+02	
3.882103e+01	2.631740e+02	3.243518e+01	3.448777e+02	
2.369959e+02	2.724606e+02	3.080003e+02	2.652792e+02	
2.482866e+02	5.065212e+01	3.153071e+02	1.517948e+01	
4.881424e+01	1.645826e+02	1.122243e+02	1.324684e+02	
3.518578e+02	2.986581e+01	3.509040e+02	9.798759e+01	
5.290071e+02	4.251760e+02	5.919794e+02	4.203304e+02	
6.288909e+02	2.529378e+02	6.313074e+02	3.110027e+02	
2.201885e+02	4.270914e+02	2.929712e+02	4.228071e+02	
1.350882e+02	4.321008e+02	2.042317e+02	4.280307e+02	
4.941312e+02	1.049105e+02	5.553975e+02	1.310452e+02	
2.359957e+02	3.020570e+02	3.069980e+02	2.987319e+02	
6.237653e+02	2.489391e+02	6.265994e+02	3.110589e+02	
1	3.993491e+02	6.361779e+01	4.050759e+02	
3.540258e+02	2.688978e+02	4.151892e+02	2.764717e+02	
4.166461e+02	4.004236e+01	4.162065e+02	9.498565e+01	
4.217173e+02	3.213618e+01	4.206216e+02	9.300372e+01	
2.570303e+02	4.149138e+02	3.198794e+02	4.105832e+02	
2.148818e+02	3.179447e+02	2.142014e+02	3.859820e+02	
8.509096e+01	1.780130e+02	1.376663e+02	1.562296e+02	
3.542104e+02	2.663008e+02	4.126808e+02	2.735413e+02	
2.498590e+02	3.143497e+02	3.049707e+02	3.133137e+02	
1	4.636428e+02	5.875542e+01	4.590824e+02	
1.081592e+02	3.813017e+02	1.746348e+02	3.914303e+02	
2.371786e+02	1.994477e+02	3.016249e+02	1.834855e+02	
2.444799e+02	1.395427e+02	3.094278e+02	1.163638e+02	
6.303330e+02	2.539205e+02	6.327086e+02	3.110021e+02	
2.600509e+02	3.711688e+01	3.135428e+02	7.139749e+00	
4.210046e+02	3.190104e+02	4.216191e+02	3.830748e+02	
2.488489e+02	3.164494e+02	3.069743e+02	3.154730e+02	
4.718779e+01	1.538127e+02	1.025109e+02	1.219311e+02	
2.421085e+02	2.323890e+02	3.090571e+02	2.202896e+02	
4.399924e+02	3.956321e+02	5.018310e+02	3.981816e+02	
3.160496e+02	1.698797e+01	3.143605e+02	8.193810e+01	
3.532981e+02	2.204262e+02	4.118215e+02	2.315118e+02	
3.519835e+02	2.998253e+02	4.140034e+02	3.046229e+02	
2.369802e+02	2.749295e+02	3.069806e+02	2.679912e+02	
2.609483e+01	4.385166e+02	8.094471e+01	4.352879e+02	
7.556902e+01	1.868896e+02	7.186391e+01	2.331046e+02	
2.814148e+02	6.083536e+01	3.306048e+02	3.726795e+01	
4.851399e+02	3.750016e+02	5.466786e+02	3.793908e+02	
4.521783e+01	1.488679e+02	4.120768e+01	2.029601e+02	
5.462203e+02	2.600420e+02	5.477287e+02	3.239641e+02	
2.277062e+02	6.290538e+01	2.252955e+02	1.130897e+02	
2.421173e+02	2.340919e+02	3.031340e+02	2.466643e+02	
3.543551e+02	2.293036e+01	3.535287e+02	8.195377e+01	
4.237513e+02	3.200713e+02	4.237513e+02	3.950478e+02	
6.105769e+02	2.511532e+02	6.127064e+02	3.049114e+02	
3.191016e+02	4.254829e+02	3.729897e+02	4.225270e+02	
3.789274e+01	2.946629e+02	9.792867e+01	2.887122e+02	
3.508844e+02	2.045660e+02	4.132212e+02	2.176705e+02	
3.677145e+02	1.040846e+01	4.182579e+02	3.603219e+01	
1.470375e+02	2.262052e+02	1.441056e+02	2.719532e+02	
4.399533e+02	2.795383e+02	4.862146e+02	2.852669e+02	
2.967986e+02	3.030571e+02	2.952389e+02	3.550331e+02	
3.834245e+02	4.900566e+01	3.835827e+02	9.304156e+01	
4.079848e+01	3.433093e+02	9.512950e+01	3.471844e+02	
3.635286e+02	3.917871e+01	3.628861e+02	8.506317e+01	
3.610395e+02	3.434314e+02	4.108883e+02	3.446881e+02	
3.577278e+02	1	4.184568e+02	3.209341e+01	
1.901829e+02	2.939687e+02	1.873515e+02	3.483695e+02	
2.995962e+02	2.098309e+02	2.979954e+02	2.631750e+02	
5.127343e+02	3.128986e+02	5.134536e+02	3.590241e+02	
3.508191e+02	1.766735e+02	4.163832e+02	1.912801e+02	
1.261363e+02	1.052202e+02	1.623021e+02	8.551927e+01	
1	2.018086e+02	3.209281e+01	1.758949e+02	
3.578374e+02	1.733850e+02	4.109261e+02	1.853238e+02	
1.724095e+02	1.682383e+02	2.306449e+02	1.479787e+02	
1.205369e+02	1.080985e+02	1.175327e+02	1.549757e+02	
2.484799e+02	1.913174e+02	3.107714e+02	1.752261e+02	
3.118465e+02	3.038710e+02	3.117404e+02	3.569069e+02	
3.972650e+02	1.313292e+02	4.426462e+02	1.178463e+02	
3.530754e+02	3.159595e+02	3.989498e+02	3.187707e+02	
2.348873e+02	3.563899e+02	3.029856e+02	3.570167e+02	
2.436486e+01	2.249351e+02	2.035500e+01	2.749514e+02	
4.382706e+02	1.961562e+02	4.837642e+02	2.062915e+02	
4.389490e+02	3.065527e+02	4.880795e+02	3.103533e+02	
5.038342e+02	7.332019e+01	5.437774e+02	9.387213e+01	
4.978269e+02	3.614278e+02	5.528749e+02	3.618243e+02	
2.703731e+02	3.031335e+02	2.686386e+02	3.541269e+02	
4.362153e+02	4.118582e+01	4.862540e+02	6.680575e+01	
5.418620e+02	3.837456e+02	5.889138e+02	3.871962e+02	
2.199692e+02	2.239688e+02	2.177502e+02	2.701628e+02	
2.497453e+02	2.189275e+02	2.478784e+02	2.680329e+02	
3.598343e+02	3.030365e+02	3.590917e+02	3.560780e+02	
3.541196e+02	9.020868e+01	4.046152e+02	1.088245e+02	
4.049472e+02	2.210612e+02	4.056002e+02	2.690957e+02	
4.183953e+02	4.701218e+01	4.188457e+02	9.396556e+01	
2.954311e+02	3.019524e+02	2.942547e+02	3.411547e+02	
1.670190e+02	2.795380e+02	2.080561e+02	2.753875e+02	
1.717475e+02	1.654999e+02	2.218505e+02	1.476189e+02	
3.998995e+02	1.018319e+02	4.447147e+02	8.684141e+01	
1.551662e+02	2.245951e+02	2.070221e+02	2.301756e+02	
1.800432e+02	7.725063e+01	2.275759e+02	4.985848e+01	
2.980107e+02	2.159915e+02	2.967810e+02	2.569702e+02	
5.424961e+02	1.022159e+02	5.436473e+02	1.510034e+02	
3.532032e+02	2.634361e+02	4.129586e+02	2.712000e+02	
3.569077e+02	1.248254e+01	3.929066e+02	3.353640e+01	
3.670328e+02	2.728026e+02	4.147885e+02	2.786193e+02	
2.234117e+02	1.523047e+02	2.213641e+02	1.949315e+02	
2.717620e+02	2.211126e+02	2.704338e+02	2.601643e+02	
4.392067e+02	4.665245e+01	4.866184e+02	7.068854e+01	
4.873719e+02	2.370333e+02	4.882797e+02	3.038130e+02	
3.021404e+02	1.250518e+02	3.007419e+02	1.716545e+02	
4.426245e+02	2.846153e+02	4.874662e+02	3.065648e+02	
3.005269e+01	4.413375e+02	7.398438e+01	4.389278e+02	
1.660126e+02	2.170743e+02	2.109814e+02	2.059363e+02	
3.834311e+02	3.038552e+02	3.829094e+02	3.560255e+02	
5.046921e+02	7.985124e+01	5.409271e+02	9.822110e+01	
2.465096e+02	3.040372e+02	2.446863e+02	3.519951e+02	
5.841461e+02	3.596045e+02	640	3.601186e+02	
3.623553e+02	1.229770e+02	3.616851e+02	1.708433e+02	
4.131303e+02	6.208225e+01	4.130624e+02	9.601066e+01	
5.231484e+01	1.705994e+02	9.435750e+01	1.504564e+02	
3.629725e+02	3.575688e+02	4.119987e+02	3.580200e+02	
3.133696e+02	1.200412e+02	3.121000e+02	1.688605e+02	
4.079258e+02	1.200250e+02	4.498795e+02	1.078340e+02	
2.910352e+02	4.150452e+02	3.280246e+02	4.194005e+02	
4.799566e+02	2.359558e+02	4.805290e+02	2.780627e+02	
2.309322e+02	3.312774e+02	2.293078e+02	3.699289e+02	
1.336712e+01	1.781316e+02	1.033718e+01	2.190020e+02	
5.686092e+01	3.875923e+02	9.297846e+01	3.886473e+02	
1.065066e+02	3.270225e+02	1.043359e+02	3.608934e+02	
3.843280e+02	2.141692e+02	3.838085e+02	2.661137e+02	
4.382192e+02	1.462908e+02	4.769431e+02	1.593475e+02	
1	1.804298e+02	3.448649e+01	1.611322e+02	
4.143528e+02	3.266951e+02	4.141095e+02	3.571083e+02	
2.526652e+02	1.421248e+02	2.510330e+02	1.850555e+02	
1.477542e+02	2.400390e+02	1.452525e+02	2.790750e+02	
1.129893e+02	2.850025e+02	1.490013e+02	2.813602e+02	
1.717725e+02	3.080194e+02	1.695303e+02	3.480156e+02	
4.279624e+02	1.460055e+02	4.278446e+02	2.049185e+02	
4.640238e+02	3.130941e+02	4.643588e+02	3.572057e+02	
3.860215e+02	4.482026e+01	3.855496e+02	9.201398e+01	
2.556871e+02	6.263840e+01	2.540370e+02	1.060433e+02	
5.089193e+02	2.892758e+02	5.459839e+02	2.875401e+02	
4.400482e+02	2.816959e+02	4.838392e+02	2.870297e+02	
3.450315e+02	4.033270e+02	3.799188e+02	4.047653e+02	
1.688695e+02	3.748449e+02	2.050431e+02	3.780074e+02	
4.455513e+02	1.632012e+02	4.455513e+02	1.942050e+02	
5.590477e+02	3.700816e+02	5.968388e+02	3.720184e+02	
5.071242e+02	1.033020e+02	5.083913e+02	1.369913e+02	
5.067735e+02	2.148255e+02	5.464031e+02	2.255039e+02	
4.852104e+02	7.802433e+01	4.859037e+02	1.290287e+02	
4.045145e+02	5.817499e+01	4.058508e+02	9.794037e+01	
5.068960e+02	2.191365e+02	5.425771e+02	2.279138e+02	
1.655379e+02	2.127432e+02	2.098641e+02	2.012927e+02	
4.458243e+02	4.138963e+01	4.795862e+02	5.555278e+01	
5.063787e+02	1.656368e+02	5.445529e+02	1.783383e+02	
1.969982e+02	1.630243e+02	1.950675e+02	2.001179e+02	
1.572675e+02	1.749646e+02	1.552216e+02	2.090218e+02	
5.272741e+02	2.450270e+02	5.288998e+02	2.840912e+02	
3.123520e+02	5.112054e+01	3.122962e+02	7.900069e+01	
2.477941e+02	6.822672e+01	2.458812e+02	1.049796e+02	
5.083785e+02	2.376745e+02	5.453899e+02	2.454551e+02	
2.877152e+02	3.019726e+02	2.862362e+02	3.389294e+02	
4.971682e+02	2.912943e+02	5.288601e+02	3.116616e+02	
6.077974e+02	2.339240e+02	640	2.410982e+02	
5.970676e+02	4.191004e+02	6.287139e+02	4.218033e+02	
2.732417e+02	2.187941e+02	2.716710e+02	2.649737e+02	
4.359947e+02	2.002910e+02	4.218431e+02	2.330300e+02	
4.084014e+02	4.601179e+02	4.448833e+02	4.680160e+02	
1.593600e+02	3.329081e+02	1.576274e+02	3.638149e+02	
5.352245e+02	1.150774e+02	5.367567e+02	1.502053e+02	
4.570672e+02	2.872785e+02	4.838538e+02	3.035986e+02	
5.420482e+02	3.952747e+02	5.858797e+02	3.922544e+02	
3.603740e+02	1.170572e+02	3.964065e+02	1.290462e+02	
1.669974e+02	2.818662e+02	2.080009e+02	2.778019e+02	
4.489614e+02	1.251734e+02	4.869296e+02	1.391708e+02	
1.756414e+02	2.390029e+02	1.735664e+02	2.760184e+02	
2.406989e+02	4.201693e+01	2.391156e+02	7.797698e+01	
3.680381e+02	2.283984e+02	4.002920e+02	2.344412e+02	
1.856521e+02	9.707467e+01	2.136373e+02	8.325136e+01	
2.222683e+02	4.071461e+02	2.563058e+02	4.133119e+02	
1	1.504875e+02	2.988748e+01	1.309444e+02	
1.184697e+02	1.845141e+02	1.555344e+02	1.712862e+02	
3.507766e+01	3.732371e+02	6.594437e+01	3.788285e+02	
1.834289e+02	1.000873e+02	1.814168e+02	1.359788e+02	
1.242937e+02	1.871995e+02	1.221245e+02	2.190513e+02	
6.357666e+02	2.876699e+02	6.365158e+02	3.129818e+02	
4.075986e+02	7.094050e+01	4.073771e+02	9.862174e+01	
4.900104e+02	2.900000e+02	4.903234e+02	3.169956e+02	
2.603921e+02	3.070051e+02	2.607629e+02	3.389900e+02	
6.140125e+02	3.622647e+02	640	3.624520e+02	
4.401878e+02	1.850458e+02	4.262978e+02	2.171794e+02	
6.117995e+02	4.443552e+02	640	4.409892e+02	
2.803368e+02	1.350559e+02	2.795647e+02	1.672203e+02	
2.988943e+02	1.904644e+01	3.221087e+02	1	
4.040087e+02	1.520179e+02	4.044302e+02	1.830300e+02	
4.651832e+02	4.511494e+02	4.958338e+02	4.567017e+02	
5.262334e+02	2.560087e+02	5.266132e+02	2.839493e+02	
5.216238e+02	1.092579e+02	5.231561e+02	1.460767e+02	
5.059144e+02	1.691159e+02	5.338162e+02	1.785237e+02	
5.116336e+02	2.423138e+02	5.122701e+02	2.831293e+02	
1.243680e+02	1.093352e+02	1.619659e+02	8.766826e+01	
4.810178e+02	3.140251e+02	4.815887e+02	3.560212e+02	
4.720039e+01	1.559643e+02	4.446100e+01	1.910133e+02	
3.564459e+02	5.500558e+01	3.565356e+02	7.999448e+01	
2.007465e+02	9.100534e+01	1.987031e+02	1.302664e+02	
1	1.543133e+02	2.879237e+01	1.362316e+02	
4.151665e+02	2.249795e+02	4.148050e+02	2.701736e+02	
1.023427e+02	1.929218e+02	1.002382e+02	2.229364e+02	
2.063728e+02	3.160163e+02	2.055570e+02	3.500009e+02	
4.951276e+02	4.158276e+02	5.289355e+02	4.139732e+02	
4.254732e+02	6.099558e+01	4.552935e+02	7.457104e+01	
6.373725e+02	2.880808e+02	6.386125e+02	3.130651e+02	
5.320648e+02	3.994280e+02	5.760284e+02	4.012405e+02	
4.300248e+02	3.984931e+02	4.610595e+02	3.993997e+02	
1.876109e+02	3.101053e+02	1.861605e+02	3.369379e+02	
1.104158e+02	1.348921e+02	1.082991e+02	1.659726e+02	
4.759342e+02	1.029154e+02	4.761756e+02	1.280765e+02	
4.833228e+02	1.010228e+02	4.837152e+02	1.298894e+02	
3.670354e+02	1.340005e+02	3.977396e+02	1.484256e+02	
4.779772e+02	9.034170e+01	4.785031e+02	1.290313e+02	
1.911848e+02	2.439856e+02	1.895488e+02	2.742525e+02	
1.729198e+02	1.708094e+02	1.706760e+02	2.037549e+02	
5.009675e+02	3.400157e+02	5.248901e+02	3.403316e+02	
1.950246e+02	1.729469e+02	1.934587e+02	2.019167e+02	
4.062515e+02	3.170140e+02	4.067819e+02	3.560340e+02	
1.118349e+02	2.873338e+02	1.489549e+02	2.836545e+02	
2.172220e+02	8.392649e+01	2.168419e+02	1.219357e+02	
5.056290e+02	1.460646e+02	5.439269e+02	1.601837e+02	
5.459763e+02	4.450629e+02	5.794889e+02	4.490087e+02	
5.380618e+02	1.801232e+02	5.396744e+02	2.170936e+02	
1.739836e+02	3.714674e+02	2.051123e+02	3.731875e+02	
3.045474e+02	4.484330e+01	3.036139e+02	7.594886e+01	
1.517848e+02	1.771474e+02	1.496787e+02	2.100106e+02	
5.344402e+02	3.202224e+02	5.334054e+02	3.600127e+02	
2.874523e+02	1.734485e+01	3.174572e+02	1	
5.094921e+02	1.049868e+02	5.100530e+02	1.409565e+02	
5.099714e+02	4.313809e+02	5.389033e+02	4.353166e+02	
1.935578e+02	3.070737e+02	1.897557e+02	3.348576e+02	
5.140136e+02	3.123595e+02	5.421527e+02	3.145363e+02	
7.265310e+01	2.543465e+02	1.010265e+02	2.483939e+02	
4.399917e+02	3.582777e+02	4.889031e+02	3.587279e+02	
2.730371e+02	3.412130e+02	3.060296e+02	3.420447e+02	
3.539035e+02	2.571252e+02	3.795221e+02	2.624038e+02	
4.501142e+02	3.201960e+02	4.787220e+02	3.220065e+02	
1.402710e+02	1.210308e+02	1.382888e+02	1.540284e+02	
6.119420e+02	3.727924e+02	640	3.742303e+02	
1.283332e+02	1.278865e+02	1.262072e+02	1.591043e+02	
5.437793e+02	3.111980e+02	5.451544e+02	3.427235e+02	
4.157264e+02	1.549984e+02	4.154705e+02	1.869878e+02	
5.071497e+02	3.001373e+01	5.269296e+02	1.291598e+01	
1.494781e+02	1.881234e+02	1.479481e+02	2.119966e+02	
4.049426e+02	1.316538e+02	4.410457e+02	1.266840e+02	
4.440277e+02	3.215331e+02	4.790152e+02	3.236771e+02	
3.609990e+02	3.671234e+02	3.611374e+02	3.918549e+02	
5.680052e+02	1.894894e+02	5.957180e+02	1.873569e+02	
4.573950e+02	6.033706e+01	4.846045e+02	7.489240e+01	
1.328876e+02	2.439395e+02	1.308338e+02	2.781282e+02	
4.563923e+02	4.073131e+01	4.812920e+02	5.348004e+01	
1	2.278705e+02	2.693452e+01	2.188480e+02	
1	4.431368e+02	2.610173e+01	4.401407e+02	
2.788132e+02	5.498860e+01	2.774879e+02	9.395371e+01	
1.180141e+02	2.520961e+02	1.161479e+02	2.779704e+02	
5.096302e+02	7.877445e+01	5.435549e+02	9.614398e+01	
4.382345e+02	4.189483e+02	4.659352e+02	4.174289e+02	
4.617927e+02	1.683360e+02	4.623454e+02	1.939292e+02	
1.228080e+02	1.300248e+02	1.206440e+02	1.600282e+02	
1.410697e+02	3.833084e+02	1.669693e+02	3.843762e+02	
1.773553e+02	1.798440e+02	1.760026e+02	2.039737e+02	
3.749947e+01	1.305668e+02	6.261160e+01	1.142289e+02	
9.193838e+01	4.090430e+02	1.166176e+02	4.172544e+02	
3.592255e+02	5.000992e+01	3.593876e+02	7.899631e+01	
4.455072e+02	3.896042e+01	4.694170e+02	2.938848e+01	
1.081376e+02	3.660120e+02	1.409835e+02	3.658545e+02	
3.912092e+02	2.359634e+02	3.918033e+02	2.611412e+02	
1.365472e+02	1.830197e+02	1.345669e+02	2.159852e+02	
6.487334e+01	1.148668e+02	6.240409e+01	1.416307e+02	
1.790565e+02	1.780834e+02	1.775468e+02	2.050148e+02	
1.241106e+02	3.985706e+02	1.503773e+02	4.042572e+02	
4.791943e+02	1.798784e+02	4.794706e+02	2.002047e+02	
6.149859e+02	2.246856e+02	640	2.224586e+02	
5.179721e+02	2.911871e+02	5.457993e+02	2.945765e+02	
3.503301e+02	1.389766e+02	3.498815e+02	1.710200e+02	
4.081653e+02	4.408208e+02	4.359471e+02	4.458534e+02	
4.455513e+02	2.410648e+02	4.455513e+02	2.740872e+02	
1	3.775338e+02	2.405925e+01	3.784845e+02	
5.244457e+02	1.770647e+02	5.259384e+02	2.129316e+02	
2.820274e+02	2.728210e+02	3.040370e+02	2.706839e+02	
7.071737e+01	1.559714e+02	6.866521e+01	1.829216e+02	
9.820924e+01	2.518744e+02	9.594891e+01	2.841121e+02	
5.070292e+02	2.114745e+02	5.378958e+02	2.183511e+02	
1.149833e+02	2.454658e+02	1.429663e+02	2.395951e+02	
2.684345e+02	3.189445e+02	2.677515e+02	3.390255e+02	
2.642175e+02	2.354618e+02	2.886645e+02	2.270664e+02	
4.455513e+02	3.229914e+02	4.455513e+02	3.570000e+02	
2.509598e+02	4.080861e+02	2.779541e+02	4.097403e+02	
3.604685e+02	3.231242e+01	3.822023e+02	4.786791e+01	
4.843183e+02	1.742521e+02	4.846975e+02	2.021509e+02	
4.960432e+02	3.641515e+02	5.191168e+02	3.640408e+02	
1.342529e+02	2.560090e+02	1.331175e+02	2.770146e+02	
3.810741e+02	3.932031e+02	4.110121e+02	3.944374e+02	
2.005490e+02	1.738986e+02	1.977215e+02	1.990385e+02	
2.760234e+02	1.370099e+02	2.745986e+02	1.789002e+02	
4.549393e+02	3.283366e+02	4.531451e+02	3.518997e+02	
5.150050e+02	2.559327e+02	5.383184e+02	2.603005e+02	
2.321032e+02	4.204852e+02	2.558864e+02	4.226603e+02	
6.604703e+01	3.802155e+02	9.012002e+01	3.812079e+02	
1.849366e+02	1.227763e+02	2.091552e+02	1.137488e+02	
2.118792e+02	1.731888e+02	2.086383e+02	1.968722e+02	
1.357033e+02	4.179919e+02	1.630227e+02	4.152288e+02	
4.603177e+02	1.000363e+02	4.608143e+02	1.230347e+02	
6.158126e+02	2.341474e+02	640	2.317011e+02	
7.668345e+01	2.022493e+02	7.491638e+01	2.248582e+02	
9.057550e+01	1.972233e+02	8.867210e+01	2.269234e+02	
1.113310e+01	3.821570e+02	3.372530e+01	3.896740e+02	
2.777274e+02	1.460026e+02	2.769722e+02	1.669706e+02	
8.105687e+01	2.029070e+02	7.905015e+01	2.307299e+02	
2.425876e+02	5.393010e+01	2.417395e+02	7.411166e+01	
5.037637e+02	1.140052e+02	5.041981e+02	1.386971e+02	
4.428109e+02	1.632154e+02	4.428601e+02	1.941048e+02	
3.889250e+01	2.485597e+02	6.102109e+01	2.430789e+02	
3.608854e+02	2.279617e+02	3.603945e+02	2.630229e+02	
1.199527e+02	2.509400e+02	1.181731e+02	2.770699e+02	
3.675183e+02	1.225886e+01	3.850984e+02	2.166304e+01	
4.628432e+02	3.807472e+01	4.827819e+02	4.874062e+01	
4.496145e+02	2.421897e+02	4.491401e+02	2.619554e+02	
1.802608e+02	4.107268e+02	2.063517e+02	4.163753e+02	
5.107263e+02	1.841281e+02	5.111464e+02	2.110690e+02	
4.415166e+02	1.440555e+02	4.612607e+02	1.506249e+02	
3.559702e+02	3.672817e+02	3.547967e+02	3.889933e+02	
5.048381e+02	3.829995e+02	5.309377e+02	3.798843e+02	
8.693834e+01	2.539764e+02	8.495203e+01	2.849700e+02	
5.412290e+02	2.590378e+02	5.403913e+02	2.869517e+02	
1.927913e+02	2.438522e+02	1.914296e+02	2.700163e+02	
4.623832e+02	9.701228e+01	4.625828e+02	1.233089e+02	
1.593519e+01	3.627337e+02	3.802783e+01	3.639545e+02	
1.701678e+02	2.356761e+02	2.071452e+02	2.390580e+02	
1.003545e+02	1.451232e+02	9.910898e+01	1.658570e+02	
4.261935e+02	1.520168e+02	4.254594e+02	1.749507e+02	
4.525489e+02	1.701786e+02	4.720362e+02	1.849684e+02	
1.191309e+02	2.310084e+02	1.451749e+02	2.333904e+02	
4.532178e+02	9.208256e+01	4.526467e+02	1.158753e+02	
4.291852e+02	1.446371e+02	4.523061e+02	1.386645e+02	
2.424911e+02	3.171509e+02	2.422728e+02	3.389827e+02	
1.660271e+02	3.251582e+02	1.623946e+02	3.468395e+02	
3.649863e+02	3.647801e+02	4.129896e+02	3.645498e+02	
4.054461e+02	3.400022e+02	4.053102e+02	3.569865e+02	
4.893730e+02	2.350189e+02	4.895806e+02	2.529286e+02	
8.493076e+01	1.491960e+02	8.292349e+01	1.770265e+02	
4.421241e+02	1.997661e+02	4.636525e+02	2.095667e+02	
8.316320e+01	3.128823e+02	8.124081e+01	3.428786e+02	
3.849780e+02	1.491653e+02	3.846869e+02	1.782812e+02	
1.423800e+02	3.238962e+02	1.409647e+02	3.459807e+02	
6.157952e+02	3.697559e+02	640	3.668668e+02	
3.495441e+02	1	3.732946e+02	1.096336e+01	
4.279114e+02	4.067439e+02	4.480302e+02	4.075734e+02	
1.282568e+02	3.210265e+02	1.268148e+02	3.450319e+02	
3.909930e+01	2.924756e+02	5.884611e+01	2.904785e+02	
4.161042e+02	1.002117e+02	4.461495e+02	9.042816e+01	
1.152574e+02	3.198813e+02	1.140091e+02	3.382115e+02	
5.220299e+02	3.907004e+02	5.499001e+02	3.922405e+02	
1.842531e+02	3.187881e+02	1.822163e+02	3.368979e+02	
3.268660e+02	3.119271e+02	3.264691e+02	3.339724e+02	
4.251735e+01	1.400454e+02	3.453339e+01	1.577334e+02	
7.659349e+01	8.574473e+01	8.735906e+01	9.980104e+01	
4.029421e+02	7.355559e+01	4.032732e+02	9.791778e+01	
1.571192e+02	2.407241e+01	1.760310e+02	2.227425e+01	
7.211105e+01	1.145820e+02	9.207506e+01	1.190296e+02	
3.681113e+02	2.896926e+02	3.856628e+02	2.978956e+02	
1	4.090315e+02	1.951161e+01	4.135067e+02	
2.999866e+02	1.501488e+02	2.993622e+02	1.709547e+02	
1.926482e+02	2.410295e+02	2.102499e+02	2.534685e+02	
3.715353e+01	3.113688e+02	5.692708e+01	3.104428e+02	
4.753975e+01	1.761234e+02	4.627798e+01	1.918619e+02	
1	4.073264e+02	2.000093e+01	4.072352e+02	
3.893628e+02	2.410321e+02	3.897541e+02	2.610012e+02	
4.789394e+02	3.883192e+02	4.990866e+02	3.894325e+02	
4.299945e+02	9.918583e+01	4.500173e+02	9.371336e+01	
5.431236e+02	1.959026e+02	5.425212e+02	2.159768e+02	
9.405394e+01	3.111388e+02	9.246482e+01	3.338035e+02	
2.096527e+02	3.671196e+02	2.101684e+02	3.889760e+02	
4.658464e+02	3.948965e+02	4.860373e+02	3.957289e+02	
4.619181e+02	1.996041e+02	4.792652e+02	2.022827e+02	
1.814447e+02	2.605602e+02	1.991666e+02	2.623598e+02	
5.851045e+02	3.178589e+02	6.049225e+02	3.193920e+02	
1.489574e+02	6.751028e+01	1.641721e+02	7.728827e+01	
6.031344e+02	4.167748e+02	6.209785e+02	4.175462e+02	
1.251979e+02	1.937184e+02	1.456948e+02	1.868623e+02	
9.114364e+01	3.833933e+02	1.079124e+02	3.864309e+02	
5.307772e+02	3.292034e+02	5.319371e+02	3.570729e+02	
3.630691e+02	3.145307e+02	3.809703e+02	3.142300e+02	
5.233661e+02	4.996720e+01	5.408700e+02	4.647732e+01	
2.430718e+02	1.589582e+02	2.416653e+02	1.859819e+02	
5.710902e+02	4.045213e+01	5.879472e+02	3.709122e+01	
2.313471e+01	1.209068e+02	3.890380e+01	1.243537e+02	
3.647540e+02	1.649849e+02	3.800047e+02	1.759464e+02	
4.215871e+02	1.424402e+02	4.435591e+02	1.366235e+02	
1.210884e+02	3.185955e+02	1.419705e+02	3.182447e+02	
1.642542e+02	3.498491e+02	1.839299e+02	3.508574e+02	
2.381611e+02	4.061888e+02	2.529310e+02	4.061180e+02	
3.478933e+02	3.130212e+02	3.475988e+02	3.340622e+02	
3.958786e+02	2.171990e+02	4.119615e+02	2.208157e+02	
2.899472e+02	2.390677e+02	2.895655e+02	2.629233e+02	
6.260190e+02	3.330371e+02	6.266866e+02	3.490783e+02	
1.041228e+02	4.360729e+02	1.210809e+02	4.351427e+02	
1	2.600865e+02	1.815225e+01	2.676068e+02	
4.187030e+01	2.608046e+02	6.094839e+01	2.568021e+02	
2.431944e+02	2.468238e+02	2.430601e+02	2.602500e+02	
1.550135e+02	3.211704e+01	1.720759e+02	3.107843e+01	
6.250087e+02	4.195942e+02	640	4.184407e+02	
3.301646e+02	1	3.298277e+02	1.784402e+01	
3.938428e+02	2.639484e+02	4.128377e+02	2.666098e+02	
1.957420e+02	2.416803e+02	2.101593e+02	2.499965e+02	
5.787980e+02	1.828211e+02	5.945292e+02	1.833437e+02	
7.963110e+01	3.281934e+02	7.889559e+01	3.428915e+02	
3.638605e+02	2.760278e+02	3.635857e+02	2.989262e+02	
5.819831e+02	3.211861e+02	6.040282e+02	3.229359e+02	
2.287340e+02	1.970785e+02	2.291698e+02	2.141031e+02	
2.794735e+02	1.309915e+02	2.954545e+02	1.254319e+02	
9.333283e+01	1.541989e+02	9.207326e+01	1.738527e+02	
4.246090e+02	1.076793e+02	4.427173e+02	1.024173e+02	
3.249204e+02	2.631746e+02	3.245018e+02	2.841018e+02	
2.577375e+02	7.802184e+01	2.580270e+02	1.029948e+02	
4.360417e+01	2.425048e+02	6.008382e+01	2.381421e+02	
1.821173e+02	3.403557e+02	2.038089e+02	3.419028e+02	
5.391831e+02	3.272146e+02	5.382863e+02	3.570968e+02	
9.694938e+01	1.549303e+02	9.571562e+01	1.720362e+02	
1.811060e+02	1.129364e+02	1.802516e+02	1.281775e+02	
4.223292e+01	2.631545e+02	4.061147e+01	2.839002e+02	
6.058755e+02	3.682442e+02	6.225951e+02	3.670585e+02	
2.596729e+02	2.449687e+02	2.599053e+02	2.650159e+02	
3.978668e+02	3.700367e+02	3.973650e+02	3.879542e+02	
1.190300e+02	3.242742e+02	1.349050e+02	3.243568e+02	
1.697180e+02	2.454719e+02	1.887390e+02	2.420343e+02	
5.084254e+02	1.010973e+02	5.209297e+02	1.084104e+02	
3.597849e+02	1.500241e+02	3.598909e+02	1.689816e+02	
3.998495e+02	3.629607e+01	4.149268e+02	4.334271e+01	
1.827600e+02	2.312465e+02	2.056900e+02	2.264359e+02	
2.190443e+02	1.059950e+02	2.191362e+02	1.180957e+02	
6.356370e+02	2.531140e+02	6.364711e+02	2.699203e+02	
7.006992e+01	3.616409e+02	8.677871e+01	3.601197e+02	
1.847188e+01	1.568215e+02	3.386824e+01	1.492929e+02	
3.149282e+02	1.455921e+02	3.299784e+02	1.409564e+02	
4.635678e+02	2.530326e+02	4.637424e+02	2.760239e+02	
6.347159e+02	2.521775e+02	6.351784e+02	2.677990e+02	
4.366539e+02	5.349732e+01	4.496646e+02	5.957808e+01	
6.264162e+02	2.470638e+02	640	2.507240e+02	
1	1.676173e+02	1.361295e+01	1.605489e+02	
3.654923e+02	1.400512e+02	3.653491e+02	1.519802e+02	
4.124823e+02	3.860619e+02	4.124584e+02	3.979969e+02	
4.810113e+02	4.021340e+02	4.959331e+02	4.034385e+02	
4.129462e+02	1.541093e+02	4.128865e+02	1.839796e+02	
1	2.579450e+02	1.721717e+01	2.539283e+02	
4.927631e+01	1.730379e+02	4.789243e+01	1.907439e+02	
3.943959e+02	3.710129e+02	3.947475e+02	3.859112e+02	
3.169718e+02	3.739403e+02	3.171231e+02	3.869915e+02	
2.207689e+02	3.331277e+02	2.209176e+02	3.527147e+02	
5.928147e+02	3.412285e+02	6.059378e+02	3.414018e+02	
3.974834e+02	1.880607e+02	4.128091e+02	1.965370e+02	
3.439084e+02	2.409324e+02	3.426704e+02	2.563753e+02	
4.272779e+02	2.271363e+02	4.266950e+02	2.410074e+02	
5.280749e+02	1.077041e+02	5.414274e+02	1.137827e+02	
1.439491e+02	1.434124e+01	1.557096e+02	2.407137e+01	
3.657727e+02	1.859315e+02	3.650259e+02	1.997481e+02	
1.237732e+02	2.537753e+02	1.440371e+02	2.501131e+02	
3.547827e+02	1.523323e+01	3.702385e+02	2.245683e+01	
1.891759e+02	3.507967e+02	2.040156e+02	3.494456e+02	
1	3.605062e+02	1.497395e+01	3.612784e+02	
1.776809e+02	3.200403e+02	1.766044e+02	3.349658e+02	
5.992141e+02	4.129225e+02	6.149071e+02	4.120618e+02	
5.274295e+02	3.440020e+02	5.276051e+02	3.569198e+02	
5.564118e+02	2.680375e+02	5.567895e+02	2.840438e+02	
2.082807e+02	3.089798e+02	2.087267e+02	3.278780e+02	
5.432028e+02	4.144998e+02	5.589780e+02	4.158472e+02	
4.521300e+02	2.153111e+02	4.639724e+02	2.151359e+02	
4.902883e+02	3.643055e+02	4.791158e+02	3.760605e+02	
6.274929e+02	2.344028e+02	640	2.384258e+02	
2.753410e+02	2.149945e+02	2.886421e+02	2.122595e+02	
5.162141e+02	3.449878e+02	5.167412e+02	3.590044e+02	
4.206791e+02	3.841580e+02	4.201033e+02	3.978610e+02	
3.365170e+02	3.767630e+01	3.501821e+02	4.350547e+01	
1.912043e+02	3.359254e+02	2.040164e+02	3.360946e+02	
5.941339e+00	2.651561e+02	1.946830e+01	2.711192e+02	
5.009743e+02	4.450754e+02	5.138671e+02	4.462546e+02	
7.203523e+01	3.279909e+02	7.101536e+01	3.421313e+02	
4.865583e+02	3.390347e+02	4.867756e+02	3.550254e+02	
1.895103e+02	1.849948e+02	1.875078e+02	1.969472e+02	
4.237513e+02	2.431351e+02	4.237513e+02	2.630547e+02	
4.885633e+02	3.246774e+02	4.890029e+02	3.570154e+02	
1.767193e+02	1.150204e+02	1.758409e+02	1.279178e+02	
4.934375e+02	6.807442e+01	4.943373e+02	8.696450e+01	
5.254501e+02	3.449776e+02	5.255891e+02	3.569677e+02	
2.203960e+02	2.840122e+02	2.204803e+02	2.951171e+02	
3.366202e+02	2.158418e+01	3.450112e+02	3.063495e+01	
6.271400e+02	2.774696e+02	640	2.786458e+02	
1.801062e+02	1.770583e+02	1.942940e+02	1.724384e+02	
5.340512e+02	3.777033e+02	5.470814e+02	3.763855e+02	
5.950636e+02	4.536806e+02	6.080575e+02	4.548690e+02	
5.620862e+02	1.837714e+02	5.740128e+02	1.811944e+02	
6.092454e+02	4.200957e+01	6.088417e+02	5.387918e+01	
4.257198e+02	2.453372e+02	4.401683e+02	2.366213e+02	
6.282088e+02	4.474652e+02	640	4.490692e+02	
2.700183e+01	8.117246e+01	3.776351e+01	8.644019e+01	
1.830588e+02	1.374222e+02	1.933471e+02	1.331595e+02	
2.791426e+02	2.182439e+02	2.896238e+02	2.130144e+02	
6.309640e+02	1.621443e+01	640	1.051408e+01	
4.669565e+02	3.260847e+02	4.777365e+02	3.261408e+02	
3.860547e+02	3.161418e+02	3.980276e+02	3.168995e+02	
1.724742e+02	2.669145e+02	1.719638e+02	2.760200e+02	
6.045264e+00	2.768949e+02	5.157975e+00	2.888634e+02	
2.162605e+02	6.760288e+01	2.276321e+02	6.158415e+01	
6.309003e+02	4.083803e+02	640	4.078812e+02	
2.681534e+02	2.433525e+02	2.638725e+02	2.568092e+02	
5.743080e+02	4.155286e+02	5.869415e+02	4.160748e+02	
1.252888e+02	2.024455e+02	1.480773e+02	2.030200e+02	
3.388834e+01	3.545399e+02	4.899131e+01	3.546789e+02	
4.740295e+02	2.110516e+02	4.877963e+02	2.144381e+02	
2.219110e+02	3.986336e+02	2.329033e+02	4.003085e+02	
5.495388e+02	4.333876e+01	5.599416e+02	4.045080e+01	
6.291076e+02	3.138303e+02	640	3.160747e+02	
5.026433e+02	8.433870e+01	5.139964e+02	8.964477e+01	
2.146316e+02	2.850760e+01	2.231194e+02	3.567424e+01	
5.391803e+02	1.379527e+02	5.388384e+02	1.511009e+02	
1.960446e+02	2.660969e+02	2.068826e+02	2.645165e+02	
7.695093e+01	7.410883e+01	7.613243e+01	8.485779e+01	
4.430389e+02	2.104556e+02	4.599340e+02	2.108816e+02	
4.740106e+02	2.892792e+02	4.860840e+02	2.967682e+02	
1.771966e+02	2.636622e+02	1.879968e+02	2.627006e+02	
4.301223e+02	1.101103e+02	4.445601e+02	1.056632e+02	
4.351685e+02	4.179146e+02	4.469052e+02	4.172709e+02	
5.545748e+02	3.499834e+02	5.549602e+02	3.630025e+02	
5.859170e+02	3.267038e+02	6.038098e+02	3.267969e+02	
6.062145e+02	3.739004e+02	6.113195e+02	3.823861e+02	
5.048551e+02	1.760370e+02	5.050654e+02	1.879898e+02	
5.240322e+02	3.655259e+02	5.204139e+02	3.756898e+02	
1.821266e+02	1.669311e+02	1.945963e+02	1.635230e+02	
5.194246e+02	3.449975e+02	5.196809e+02	3.580771e+02	
4.817381e+02	2.640156e+02	4.819296e+02	2.781044e+02	
3.351218e+02	2.130341e+02	3.482830e+02	2.154726e+02	
9.953259e+00	2.785519e+02	1.982409e+01	2.776731e+02	
6.312928e+02	3.788639e+02	640	3.750919e+02	
2.033739e+02	1.010384e+02	2.036351e+02	1.121058e+02	
2.729823e+02	3.554212e+02	2.848965e+02	3.560318e+02	
2.241731e+02	1.735463e+02	2.332418e+02	1.707530e+02	
8.817557e+01	3.616376e+02	9.872006e+01	3.655489e+02	
1.830128e+02	3.073078e+02	1.846452e+02	3.152952e+02	
2.798512e+02	1.770973e+02	2.898543e+02	1.744064e+02	
4.497466e+01	2.280753e+02	4.404847e+01	2.399255e+02	
6.019962e+02	3.881556e+02	6.167227e+02	3.892355e+02	
5.150203e+02	3.341838e+02	5.229851e+02	3.342730e+02	
8.837054e+01	1.709703e+01	9.671931e+01	2.171456e+01	
8.275366e+01	2.657943e+02	8.229443e+01	2.749712e+02	
4.343817e+02	3.811413e+02	4.306957e+02	3.897632e+02	
2.877067e+01	1.327202e+02	4.084201e+01	1.345842e+02	
6.319861e+02	4.151573e+02	640	4.154877e+02	
2.910484e+02	5.954077e+01	3.020728e+02	5.842578e+01	
1.091534e+02	4.325697e+02	1.168732e+02	4.308693e+02	
2.169368e+02	3.599173e+02	2.249312e+02	3.605036e+02	
1.125274e+02	3.281686e+02	1.119596e+02	3.360407e+02	
4.069496e+02	1.520644e+02	4.068539e+02	1.640230e+02	
4.670610e+02	1.972568e+02	4.778788e+02	1.964244e+02	
2.835520e+02	2.459551e+02	2.831464e+02	2.560905e+02	
1.257316e+02	1.450931e+02	1.251602e+02	1.530164e+02	
5.476595e+02	2.468496e+02	5.471763e+02	2.548933e+02	
7.657820e+01	2.650032e+02	7.571969e+01	2.769063e+02	
1.612401e+02	1.088344e+02	1.607498e+02	1.169953e+02	
5.168865e+01	2.699835e+02	5.111533e+01	2.830051e+02	
5.904907e+02	3.290205e+02	5.908630e+02	3.394753e+02	
9.719859e+01	9.750202e+01	1.059735e+02	9.487586e+01	
1.657334e+02	3.400331e+02	1.666269e+02	3.480063e+02	
6.297979e+02	2.126821e+02	640	2.125311e+02	
2.777219e+02	2.439891e+02	2.774563e+02	2.550539e+02	
6.310807e+02	4.035101e+02	640	4.038778e+02	
1.226340e+02	3.301541e+02	1.222145e+02	3.379161e+02	
3.175344e+02	3.010711e+02	3.151265e+02	3.088551e+02	
1.704763e+02	4.603826e+02	1.787543e+02	4.628276e+02	
6.319918e+02	3.903553e+02	640	3.909426e+02	
5.874673e+02	3.922127e+02	5.959814e+02	3.961920e+02	
1	3.274376e+02	9.940559e+00	3.280753e+02	
4.799738e+02	3.771725e+02	4.889729e+02	3.765343e+02	
1.800232e+02	2.540193e+02	1.890720e+02	2.524400e+02	
1.359828e+02	2.304997e+02	1.451552e+02	2.306575e+02	
5.970060e+02	4.018532e+02	5.964934e+02	4.169231e+02	
6.340350e+02	3.188923e+02	640	3.221914e+02	
5.180113e+02	4.095603e+02	5.250085e+02	4.091484e+02	
3.657577e+01	6.526584e+01	4.104011e+01	7.233007e+01	
2.637274e+02	1.602488e+02	2.634947e+02	1.699422e+02	
2.444832e+02	1.607882e+01	2.523923e+02	2.148054e+01	
5.318342e+02	9.798164e+01	5.408420e+02	1.021916e+02	
5.379372e+02	3.730620e+02	5.468885e+02	3.724272e+02	
1.860669e+02	1.329002e+02	1.933512e+02	1.278654e+02	
3.469146e+02	3.829286e+02	3.467758e+02	3.928416e+02	
3.106906e+02	3.634990e+02	3.177392e+02	3.570527e+02	
3.333130e+02	3.730923e+02	3.326020e+02	3.819607e+02	
2.863985e+02	2.523777e+02	2.883751e+02	2.607592e+02	
5.441450e+02	4.076535e+02	5.528051e+02	4.084106e+02	
6.319919e+02	3.967768e+02	640	3.972194e+02	
4.861961e+02	3.909304e+02	4.909150e+02	3.962077e+02	
6.322858e+02	3.997566e+02	640	4.000746e+02	
3.716478e+02	2.899378e+01	3.717884e+02	3.699023e+01	
3.012871e+01	1.371364e+02	3.897007e+01	1.389951e+02	
3.744681e+02	2.506204e+01	3.738278e+02	3.690781e+01	
8.266724e+01	2.079447e+02	9.162665e+01	2.049478e+02	
3.731133e+02	3.826995e+02	3.768048e+02	3.889198e+02	
5.721960e+02	4.103985e+02	5.796948e+02	4.099872e+02	
1	2.726741e+02	7.861650e+00	2.732049e+02	
3.038956e+02	1.706290e+02	3.101168e+02	1.689554e+02	
2.587108e+02	1.619835e+02	2.588368e+02	1.728505e+02	
6.320955e+02	4.314421e+02	640	4.319265e+02	
4.385513e+02	1.748777e+02	4.385513e+02	1.829859e+02	
4.679297e+02	2.629087e+02	4.757573e+02	2.636246e+02	
2.477556e+02	3.366722e+02	2.569347e+02	3.367934e+02	
4.506788e+02	9.505012e+01	4.507233e+02	1.029979e+02	
3.450177e+02	1.849186e+02	3.449932e+02	1.910583e+02	
5.298368e+02	3.240161e+02	5.297271e+02	3.349827e+02	
2.964036e+02	3.014750e+01	2.934810e+02	3.786501e+01	
5.979854e+02	3.730597e+02	5.976856e+02	3.818718e+02	
1.084457e+02	9.552909e+01	1.127436e+02	1.001649e+02	
4.215889e+02	1.589024e+01	4.289717e+02	1.544083e+01	
5.444372e+02	3.656356e+02	5.483420e+02	3.702942e+02	
1.986197e+02	2.888113e+02	1.963228e+02	2.935907e+02	
2.083887e+02	2.320368e+02	2.082226e+02	2.389573e+02	
8.006368e+01	2.616748e+02	8.658283e+01	2.604966e+02	
4.024691e+02	5.856417e+01	3.996747e+02	6.249500e+01	
3.330540e+02	1.966086e+02	3.385117e+02	1.977902e+02	
4.128104e+02	2.220262e+02	4.127966e+02	2.289220e+02	
4.993707e+02	2.228358e+02	4.992845e+02	2.289959e+02	
6.364647e+01	1.771754e+02	6.362355e+01	1.829047e+02	
2.710174e+02	3.314500e+02	2.779595e+02	3.315277e+02	
4.426691e+02	7.415266e+01	4.426818e+02	8.209978e+01	
2.047930e+02	1.611758e+02	2.049090e+02	1.660933e+02	
4.508701e+02	1.898865e+02	4.507442e+02	1.951289e+02	