0.0143204 178.609 98.9914 182.235
99.703 257.994 103.019 95.0004
100.314 269.009 99.1081 313.003
107.528 327.003 106.907 225.001
116.951 317.374 245.827 334.319
237.024 333.452 283.001 331.016
284.528 323.008 285.317 271.02
272.418 271.792 264.856 292.949
281.799 281.807 260.696 302.703
284.983 286.228 299.998 285.897
300.085 286 299.961 329
300.076 330.091 323.034 328.484
314.009 329.165 639.006 311.099
103.976 258.999 104.053 188.999
106.26 186.058 104.47 132.018
105.114 143.003 106.315 97.0082
111.142 85.1895 90.0323 101.043
90.8524 101.018 89.2221 180.005
0.002213 180.946 80.9886 184.277
0.117256 219.266 85.7987 181.543
-0.0117588 352.565 253.019 345.718
242.973 345.595 639.027 319.402
13.9779 392.282 -0.0143147 391.182
-0.00723505 473.542 99.9883 474.877
66.082 474.674 108.069 469.565
10.6579 278.984 9.74345 297.988
7.08696 300 7.08696 278
-0.0384407 304.406 32.9502 307.526
32.9425 306.602 61.916 302.419
48.0045 311.444 97.9978 311.287
-0.0361137 144.544 89.0361 150.456
17.1748 184.629 57.032 187.566
5.07733 310.677 18.9981 314.008
20.8963 312.529 94.2159 326.899
-0.00146389 142.022 89.0015 147.978
6.04196 92.7251 39.8643 97.8886
55.9909 101.044 80.0012 105.994
19 276 19 292
16.2049 275.986 15.9065 292.998
15.0272 129.706 43.0646 132.303
34.9768 191.133 55.9885 190.571
6.90094 329.348 44.6873 340.099
41.979 22.5877 72.4892 43.7369
37.0564 407.194 84.1401 393.481
28.0023 477.248 82.0069 476.748
63.0057 320.659 10.0039 319.768
46.5145 254.99 45.486 302.989
46.9775 254.816 63.9691 252.746
64.2284 253.006 63.9143 265.998
67.021 278.272 84.9911 276.885
61.9328 175.954 47.9904 176.851
55.0802 328.602 73.9198 332.398
61.9795 431.284 43.0062 429.915
59.1691 260.003 58.4586 302.008
77.8213 430.804 156.948 424.364
101.16 259.281 67.0691 263.552
72.9878 334.869 58.0236 336.255
65.9971 316.394 95.0029 316.606
78.0379 394.309 62.0331 396.27
72.8991 0.518808 198.992 25.0395
88.2471 386.988 74.1294 390.518
92.0296 332.835 128.915 339.471
110.207 163.988 111.268 92.004
114.204 169.475 235.669 117.23
233.933 118.433 638.974 181.168
348.309 114.124 340.404 133.76
322.746 82.0001 322.712 290
320.14 115.007 319.934 89.0005
330.986 304 329.503 159.995
328.603 149.996 329.401 79.0045
329.769 105.372 361.838 93.5605
362.823 97.0339 365.695 112.058
337.627 116.998 337.667 132.998
330.688 192.717 346.85 174.864
348.989 182.055 350.014 200.999
363.034 200.988 362.699 171.992
350.07 169.027 330.623 187.606
321.284 254.406 270.45 230.061
110.77 154.994 111.7 266.011
113.502 267.994 112.787 322.997
110.936 149.297 148.992 151.161
113.937 88.3322 141.093 93.5114
128.577 86.0111 129.729 26.014
118.805 176.993 119.081 210.999
126.86 87.98 113 86
115.368 283.061 118.641 317.035
117.418 280.954 121.252 316.082
119.02 271.269 158.025 268.327
158.076 268 157.899 165
162.894 162.987 161.716 266.985
153.003 269.047 220.989 264.827
123.094 182.998 122.954 262
129.889 182 129.931 258.999
120.984 333.1 191.802 344.256
192.114 344.802 639.026 316.408
123 272 123 303
125.977 397.273 110.008 395.903
132.919 42.4132 183.042 45.2708
183.987 45.9985 184.015 64
180.529 88.0248 181.178 48.0029
181.023 47.5266 135.935 45.341
142.076 50.8119 166.201 60.4992
131.712 59.4325 154.569 74.6479
142.847 256.996 142.399 168.998
134.261 172.991 133.838 253.004
131.887 81.9994 132.052 51.0003
146.034 153.139 111.049 151.753
140.225 47.4235 169.114 58.7089
147.257 168.99 146.722 259.998
231.928 28.3917 158.038 14.7924
163 139 163 116
146.875 1.60733 236.005 19.9748
168.309 162.989 166.829 256.982
176.091 160.001 176.149 234.001
167.045 282 166.906 322.003
150.011 334.254 199.003 332.066
236.254 475.014 162.034 455.87
167.271 460.766 212.084 470.616
182.388 153.987 181.593 255.997
212.505 270.738 217.921 301.84
217.849 314.07 224.26 327.879
181.998 99.0117 205.996 103.026
197 102 197 121
199.805 121.013 200.089 103.001
190.997 1.01418 251.079 13.6247
193.937 155.999 194.031 217
200.038 150.999 199.981 255
215.326 143.998 216.178 263.999
200.072 451.7 223.924 449.26
212.379 291.222 207.379 277.222
204.009 468.972 235.15 478.512
226.021 137 225.959 331
217.032 94.1647 242.055 89.2799
245.52 101.047 246.331 74.9792
233.083 120.001 232.978 249
233.025 266 233.035 332
236.103 386.337 272.016 391.897
243 73 243 94
262.773 113.232 287.843 117.851
260.885 94.7833 278.641 85.3267
253.026 264.776 322.016 266.253
262.176 230.373 318.239 255.467
266.027 138.804 320.947 146.382
290.212 146 290.027 237.002
268.997 17.0139 308.067 25.7002
268.324 146.016 267.887 182.999
289.178 437.379 308.061 442.789
266.094 423.838 288.942 437.1
271.495 299.587 284.153 284.125
281.046 326.973 254.058 328.236
261.997 344.34 329.001 344.922
290.225 287.009 289.914 328.999
303.055 353.916 331.003 353.117
301.985 269.216 317.998 268.902
301.005 373.163 319.019 372.626
295.003 351.142 328.989 350.462
323.064 45.9988 323.38 62.9929
322.035 152.806 301.164 149.079
340.363 417.717 363.502 405.991
329.926 147.489 380.969 155.205
420.708 174.958 416.003 208
327.869 440.161 344.384 453.525
343.415 456.763 329.768 446.302
330.318 28.1034 522.579 96.1893
513.83 92.6555 596.946 114.208
596.864 113.64 638.905 97.7493
335.361 36.896 378.947 51.1606
333.984 31.0411 379.234 48.3903
339.033 347.449 639.046 325.635
321.004 345.077 398.004 341.075
351.89 476.039 333.896 478.091
341.293 118.081 345.945 101.261
340 256.882 356 256.882
358.893 255.004 359.107 201.996
355.422 55.7534 385.069 65.7959
355.996 351.126 338.014 350.558
356.519 473.63 344.438 456.688
353.758 101.981 354.108 115.997
349.138 457.904 360.52 474.332
360.991 473.96 393.985 466.928
333.994 266.415 391.996 267.246
373.705 163.818 360.04 158.889
349.867 44.4091 379.029 53.9098
369.295 109.007 368.64 136.016
369.908 256.293 383.979 257.298
386.183 256.977 385.223 166.998
363.783 475.891 409.968 466.839
379.833 382.884 415.086 389.545
385.967 360.304 419.008 363.929
392.901 58.299 413.909 65.2741
391.832 55.5003 414.917 63.2486
396.624 171.006 398.367 272.994
400.567 169.962 403.536 293.011
418.148 296.022 422.86 264.127
396.797 69.6193 429.855 80.4432
396.272 382.957 425.135 390.482
405.972 465.814 445.006 460.039
400.991 96.0426 491.024 114.884
491.282 114.958 496.555 150.067
405.117 115.476 428.911 109.637
429.058 109.813 445.973 115.085
448.215 113.35 465.926 119.223
405.333 116.967 407.924 143.008
405.53 224.928 409.777 256.03
422.576 270.009 420.593 175.008
406.053 99.7531 477.186 115.14
424.428 113.251 407.067 119.196
406.073 62.7644 442.924 74.2425
429.201 83.2671 449.078 88.7141
451.138 90.5001 518.027 108.902
499.058 144.209 609.38 113.359
600.062 115.165 638.868 100.646
424.79 140.01 423.711 117.014
423.951 360.484 495.865 353.588
458.689 186.101 424.846 176.545
448.99 184.082 512.923 191.654
515.104 189.186 447.925 180.583
443.48 210.64 452.84 223.12
434.528 196.992 436.421 321.978
440.141 265.019 441.404 321.013
442.782 263.092 458.817 259.24
449.006 260.501 509.998 261.189
469.033 415.531 440.019 417.315
440.937 462.5 495.951 455.608
436.045 461.289 508.149 449.95
465.823 152.271 490.094 146.389
484.759 140.022 483.365 124.966
468.871 318.98 467.717 269.007
473.268 92.6369 486.946 86.8726
486.925 87.2667 551.87 105.463
472.703 197.253 493.875 222.107
477.061 418.739 502.833 424.718
463.018 345.699 496.017 347.715
497.708 198.98 498.393 256.995
470.049 343.829 529.986 346.336
498.724 252.002 499.217 317.998
485.969 421.078 516.312 433.221
498.113 456.409 548.191 466.003
499.997 452.981 515.933 450.559
500.059 454.621 536.114 460.271
515.975 451.097 539.227 457.122
503.193 263.996 504.326 317.014
480.024 411.243 526.876 406.713
510.897 195.964 626.856 208.352
529.173 435.668 598.886 417.56
590.01 420.062 638.997 411.984
512.12 350.381 639.114 339.302
517.944 229.79 591.001 234.991
592.684 235.002 592.716 206.001
573.695 234.02 574.046 204.012
554.995 232 555.006 202
534.829 231.009 535.171 198.991
518.548 272.985 517.773 296.993
517.935 298.429 535.989 299.252
536.829 299.009 537.171 266.991
526.986 265.422 556.02 266.405
557.806 266.897 559.576 298.024
528.996 298.842 630.003 296.124
631.016 295.952 629.797 270.01
632.682 269.979 633.531 296.983
632 299.055 599.995 298.884
615.242 295.926 614.004 275
614.002 274.857 601.003 274.714
600.048 266.514 615.992 268.078
616.724 267.957 618.344 294.979
577.929 298.001 577.95 266
516.026 232.982 548.004 232.144
522.045 140.163 538.87 135.527
536.718 200.01 537.734 230.009
538.001 270.914 557.012 271.186
538.972 276.002 540.299 296.981
538.923 274.632 554.985 273.726
555.843 273.992 556.073 296.999
517.007 302.209 609.011 299.347
540.951 458.231 626.942 476.275
528.994 233.088 630.996 240.055
634.46 265.965 630.56 215.034
612.873 239.006 613.06 210
628.8 238.012 629.2 210.988
597.69 235.011 598.087 209.001
556.711 203.011 557.773 231.009
556.956 430.814 579.857 425.397
557.057 432.47 599.105 437.036
558.451 135.959 560.361 156.967
562.831 157.93 560.989 136.001
571.946 212.154 558.003 213.05
560.915 467.336 579.966 472.134
579.795 474.835 560.95 470.202
562.242 108.034 589.061 114.757
575 268 575 297
599.064 392.335 576.136 396.711
600.257 117.717 638.907 125.465
601.745 211.942 603.465 233.964
599.195 274.987 598.911 292.999
594.057 422.343 638.978 414.869
600.83 277.015 602.475 296.045
611.985 165.002 612.016 148
613.99 146.049 639.01 150.951
603.915 115.437 638.95 122.259
618.969 379.778 601.046 382.325
615.077 212.946 616.279 236.986
628.996 435.961 612.949 437.456
