576.981 168.313 604.005 169.911
548.002 166.89 567.994 167.301
544.038 220.622 580.964 224.353
334.121 129.002 331.082 281.002
548.287 149.019 547.232 165.015
197.085 0.998908 198.352 99.9955
228 1 228 116
352.19 456.961 356.508 477.895
623.995 229.035 637.986 231.096
483.437 216.021 480.758 270.988
2.0931 459.304 157.896 411.659
92.855 44.7263 107.877 36.7684
552.058 209.426 565.026 210.738
460.67 249.016 462.086 278.996
620.357 238.028 617.356 276.028
461 281 461 293
623.005 220.859 637.022 221.313
212.53 373.076 216.404 396.934
122.857 193.006 124.23 225.99
65.9872 205.322 89.989 206.277
170 1 170 68
334.835 457.956 329.58 477.889
543.08 207.005 540.432 249.965
121.185 251.991 124.207 310.989
215.053 353.007 212.947 368.993
187.01 122.474 285.007 120.331
483.898 462.253 524.724 478.685
146.251 49.9856 145.751 75.9952
0.997074 211.97 33.9712 208.709
350.028 12.3073 363.011 11.1177
262.349 1.00441 260.919 113.999
511.635 212.977 505.695 308.981
513.029 211.189 541.956 206.713
144.952 1.00017 145.096 42.0032
310.089 8.57135 329.094 5.60002
53.9703 40.1788 70.0257 42.8453
307.024 6.1295 328.041 2.22199
550.021 154.823 561.97 156.252
124.641 258.019 126.168 286.991
26.9319 200.307 60.0744 207.665
191.07 309.35 259.935 295.675
121.684 1.01002 122.791 36.0066
600.385 228.033 596.553 272.962
100.722 1.01149 102.252 37.9896
550 162 571 162
102.212 388.904 139.065 380.276
310.046 28.3377 327.989 25.916
301.961 274.17 377.838 291.701
410.99 212.096 465.992 218.075
261 297 261 382
137.776 268.014 138.94 287.004
316 238 316 281
535.099 255.002 534.753 272.015
91.5878 201.018 96.3864 312.983
564.038 182.426 603.994 185.09
342 2 358 2
420.782 313.093 429.186 332.921
42.2157 370.643 123.972 420.047
81.8978 1.00288 83.6176 62.0108
407.164 283.237 457.963 294.171
243.867 129 244.288 262.999
301.427 214.993 299.296 380.004
585.883 308.516 617.822 315.784
269.191 392.671 299.97 383.895
555.795 477.736 638.006 414.008
170.034 221.914 184.192 227.515
461.835 0.992733 456.601 119.982
64.6999 1.01175 66.2263 39.9911
71.8886 16.0076 74.0171 46.9988
595.993 275.055 613.933 277.491
607.35 134.032 604.252 167.932
104.108 385.475 128.959 379.82
187.139 232.255 205.99 221.981
310.022 25.2644 327.983 23.7878
506.828 2.0416 500.802 121.99
487.926 446.194 558.844 473.408
143.277 37.021 142.291 50.0221
474.968 313.181 495.044 316.753
225 1 225 65
230.689 1.00409 232.253 119.997
330.998 130 328.621 277.994
557.73 278.128 578.874 271.591
545.188 1.06741 538.156 125.009
578.154 1.0097 570.244 127.015
247.726 128.003 248.648 210.004
485.116 449.698 552.748 475.655
588.106 305.476 619.059 311.709
40.327 248.067 36.4069 267.084
571.106 410.47 588.026 413.868
436.062 1.00234 431.62 117.986
68.0227 124.646 92.9919 123.769
319.281 237.007 318.345 276.008
147.548 155.014 149.201 208.994
342.288 4.00681 339.641 115.992
546.877 176.99 545.266 196.022
76.6926 15.0102 77.8584 50.0047
303.845 0.998256 302.57 114.006
526.871 1.04635 520.324 124.017
522.405 149.026 518.894 202.993
118.855 1.00633 120.253 32.989
130.204 269.011 129.432 283.024
48.4041 0.981719 49.9882 36.0005
300.898 287.515 328.921 281.626
166.679 1.00524 167.789 69.0034
486.016 127.598 519.043 128.933
153.046 161.999 154.436 210.988
467.056 217.391 483.017 215.116
407.655 0.989186 403.958 118.999
559.009 205.797 592.983 207.363
202.033 251.218 254.042 243.273
18.7885 355.374 39.8472 367.27
93.7622 10.006 94.5418 41.0115
444.167 349.481 476.129 338.37
485.603 1.03096 479.335 123.017
200.642 1.00479 201.955 99.0006
592.909 1.99391 584.649 124.976
606.668 3.97668 597.945 127.996
425.076 478.137 486.05 444.089
258.113 0.997532 257.946 60.9999
132.07 289.787 190.03 308.909
292.717 0.997552 291.696 118.997
2.87361 323.179 25.7701 339.326
513.063 428.112 569.321 396.572
589.553 186.085 585.127 215.019
579.352 391.026 577.958 409.997
69.1185 478.34 180.801 439.429
423.972 313.813 436.005 312.036
274.035 1.00042 272.625 117.995
152.78 48.9858 153.108 66.998
44.026 200.821 60.9581 203.288
115.914 469.117 127.976 478.032
258 249 258 292
289.35 1.00371 288.101 119.001
629.922 137.99 626.943 161.993
127 172 127 187
463.01 293.935 473.918 295.554
376.317 1.00742 373.629 115.991
520.836 132.99 516.585 202.975
562.243 1.07448 554.875 123.993
619.693 1.05017 610.578 126.969
378.174 333.958 381.337 347.159
459.027 346.8 485.098 350.263
497.129 14.0057 494.084 83.0037
423.074 210.655 483.977 203.792
303.053 239.377 327.978 235.848
107.035 281.931 119.795 288.405
107.057 318.312 125.975 314.864
98.8343 119.601 109.133 115.321
302.016 237.116 327.935 233.527
169.711 256.01 171.2 298.993
307.09 347.783 339.126 344.091
513.059 429.831 582.046 453.868
475.294 10.0125 472.361 79.0153
99.9342 470.814 178.062 443.175
33.6549 1.01394 35.0677 35.9973
425.483 0.982779 423.05 74.0017
194.337 9.99448 195.271 66.9956
396.897 0.996888 394.778 70.9933
605.23 373.445 629.054 361.105
77.1522 478.467 93.9916 472.974
19.5838 1.02568 21.8655 38.0083
365.304 1.00725 363.755 65.9942
10.7191 312.151 19.3975 328.323
330.304 7.00575 329.265 62.005
535.142 177.009 533.689 198.979
179.43 456.426 159.035 477.035
172.645 1.00723 174.111 72.9977
517.072 20.0036 513.87 84.9936
59.7835 20.012 60.5044 33.0275
586.347 191.057 584.043 205.007
631.981 0.998533 622.102 129.008
261.15 127.003 260.651 152.013
58.0276 198.828 85.9493 203.315
16.7942 388.992 17.0917 416.999
203.009 124.65 259.998 126.084
172.702 257.011 174.212 298.992
509.993 279.974 531.028 274.102
581.12 389.198 605.339 374.561
235.927 1.00048 236.326 60.9978
487.935 129.996 483.941 202.997
120.894 181.824 194.956 191.34
552.379 30.0211 549.043 90.0024
210.461 3.99438 211.205 64.9975
149 53 149 70
606.058 381.676 637.923 387.428
127.6 464.961 220.12 429.312
147.911 1.00065 148.209 42.0058
194 258 194 304
479.175 295.007 478.577 311.022
17.6946 422.027 19.8741 447.011
568.293 33.0177 564.788 90.9872
451.89 1.99585 449.023 78.0009
550 139 566 139
129.947 203.438 185.92 198.156
125.997 442.997 91.0506 478.05
535.41 26.0216 532.196 87.0104
177.899 1.00021 178.04 67.9999
638.622 60.0476 633.881 121.991
608.009 131.884 626.977 133.304
91.8299 134.858 74.4962 155.579
75.369 157.29 47.6835 192.537
304.002 126.668 465.001 127.864
335.323 3.00465 333.768 110.997
265.147 1.99837 264.928 116
522.204 1.01089 515.746 121.986
281.215 1.00123 279.624 279.998
457.805 477.682 481.936 462.895
113.149 4.00139 112.925 27.9993
379.086 290.363 406.005 284.021
8 3 8 30
516.418 130.025 512.075 203.004
297.335 1.00454 295.793 114.997
93.8158 99.0064 94.4073 116.021
543.007 298.112 561.992 296.881
204.694 1.007 206.155 64.9965
582.849 36.9911 579.6 91.9763
253.897 247.003 255.198 287.994
549.992 159.147 571.98 160.359
532.063 426.004 530.766 446.986
121.826 468.237 135.045 477.939
53.0516 222.235 63.9656 219.843
603.21 191.018 601.725 207.976
19.2279 478.69 179.875 425.622
264.967 384.075 276.863 389.311
124.694 1.00956 126.38 54.9881
142 1 142 30
300.381 1.00467 298.945 117.999
41.0106 302.059 92.9478 292.71
596.644 40.9764 593.062 95.0041
158.148 17.0004 158.031 65.0001
370.357 1.0094 367.301 117.008
71.7422 132.19 80.6295 144.273
183 1 183 66
157 1 157 15
479.927 0.996798 474.411 126.018
221.164 264.995 222.295 299.99
63.9662 93.0078 66.9742 106.006
609.363 45.0248 605.883 95.992
456.433 1.01831 451.525 116.98
442.072 352.252 456.989 347.963
54.8632 356.208 74.7908 369.318
21.6243 389.03 26.4082 449.968
1.01521 214.193 31.98 211.746
636.025 1.00208 633.83 26.9856
325.908 349.724 347.817 342.448
451.942 477.905 479.889 460.819
128.922 1.00222 130.348 50.9901
501.962 2.04768 495.97 122.999
376.094 315.473 395.906 311.527
612.106 1.00834 610.691 18.9756
401.9 0.996617 397.904 118.997
103.721 1.01271 105.225 33.9898
621.34 48.0238 617.772 98.984
625.357 179.031 622.727 208.976
599.162 2.01736 597.777 14.9761
241.651 3.99564 242.039 61.9997
181.183 456.99 182.312 477.983
624.228 1.01485 622.732 23.9825
430.451 1.01774 425.775 119.991
540.71 1.04002 533.728 124.985
142.591 50.9821 143.138 68.9958
217.908 264.004 219.374 301.025
108.85 4.99346 109.073 33.9994
189.032 173.999 190.299 226.993
195.984 253.843 239.035 249.333
144.078 271.357 164.006 267.03
188.689 259.982 189.139 276.996
411.644 213.985 408.79 280.991
387.856 1.00057 388.126 69.0035
209.759 406.441 220.01 402.023
91.0776 456.073 74.1508 474.141
153 5 153 22
632.767 49.9825 629.098 99.0073
505.011 313.018 523.714 301.535
1.80048 408.008 2.54896 427.018
573.989 425.036 605.092 434.703
133.748 1.00769 135.241 49.9926
574.114 1.00723 566.189 126.012
338 45 338 75
299.653 382.092 319.234 374.612
178.898 460.002 179.213 477.015
332 3 332 62
352.437 3.99384 351.835 58.9982
399.18 1.00494 397.696 54.9917
554.032 186.605 598.981 190.239
83.9366 276.514 106.956 279.355
270.307 1.00283 269.276 113.003
243.025 64.1953 258.031 62.2407
20.9396 271.297 32.0889 273.562
166.989 315.923 191.902 312.322
302.18 327.482 342.205 341.411
576.188 395.021 574.752 407.972
558.105 1.00639 549.979 135.059
89.8391 10.9926 90.0786 37.9993
592.02 424.739 608.003 425.955
84.6147 1.01438 86.4807 51.0194
24.884 6.00868 26.3039 24.9773
130.031 177.81 142.041 179.746
609.216 418.618 631.895 410.698
562.85 423.42 602.771 437.643
427.93 0.997361 426.694 33.9885
323.988 10.0001 324.257 57.9986
385.613 0.9937 384.717 55.9954
40.7687 351.374 72.1321 370.787
20.0544 144.049 1.19793 165.177
111.08 373.334 129.957 368.821
53.8437 1.00426 54.2531 16.0204
158.746 412.482 179.729 423.515
23.0503 87.0431 5.0486 108.042
616.108 1.00797 606.721 127.979
198.077 199.568 227.936 195.529
366 54 366 67
66.5796 165.506 44.6844 190.597
339 1 339 15
505.634 145.978 499.505 248.971
223.925 327.484 236.939 325.582
302.001 343.012 316.972 341.687
301.978 356.88 317.016 354.089
367 8 367 40
191.763 169.015 192.972 188.002
77.9377 189.31 88.8972 191.512
499.486 253.03 495.736 312.983
201.889 323.551 232.968 315.872
67.6893 1.00827 68.674 38.0087
305.996 63.0369 331.014 65.8736
602.951 0.996631 594.386 126.026
237.98 326.062 250.928 330.225
344.004 64.9521 360.975 66.3167
343.01 66.9226 365.013 69.9077
173.973 318.112 195.909 323.379
349.874 13.9957 350.06 51.9997
589.172 1.01172 580.58 126.971
24.5782 354.895 32.3589 397.935
638.472 17.036 629.009 141.001
228.307 257.622 241.043 267.947
195.967 275.797 238.977 268.855
20.3181 357.987 21.2656 380.989
628.314 1.02387 618.575 128.968
377.381 230.009 375.98 288
313.008 303.276 355.002 302.059
472.911 345.345 487.942 349.226
310.962 369.532 324.038 368.468
125.552 423.979 126.191 440.993
232.731 304.69 257.814 314.477
301.79 128.005 302.47 156.013
622.291 148.025 611.579 272.964
304.05 267.276 327.018 263.101
337 101 337 115
250 212 250 235
551.713 256.98 550.447 274.961
303.976 264.87 325.959 260.78
26.0206 144.217 40.9804 142.794
553.988 132.806 572.999 133.093
302.02 305.688 317.022 306.658
55.9269 21.0067 57.3018 35.9723
305.992 60.0618 323.957 62.3425
377.017 70.8872 396.038 73.7469
426 49 426 63
556.999 135.984 603.975 133.524
30.2128 400.983 31.9979 424
77.0498 267.926 89.6924 276.456
159.885 277.394 189.022 285.926
399.951 431.121 424.91 441.223
2 15 2 31
344.08 300.558 363.004 303.975
86.2161 380.418 100.152 385.59
481.361 398.029 479.031 427.002
220.03 458.341 237.979 456.764
323.181 246.993 322.935 275.999
450.967 297.335 463.048 298.513
31.1001 434.389 53.182 428.707
76.9664 271.053 89.826 279.272
195.95 285.699 244.931 277.585
238.801 137.001 239.042 212
196.074 283.427 243.041 275.236
380.263 1.00688 379.32 37.0084
134.098 127.464 153.985 131.082
426.204 440.404 551.091 377.18
382.01 439.022 399.049 431.105
312.228 11.0241 309.806 33.9795
234.202 317.507 257.918 327.201
195.996 210.005 209.812 220.253
544.382 138.025 540.203 203.013
77.0737 320.42 96.0171 317.097
191 280 191 296
100.028 329.158 124.948 324.711
312 130 379 130
562.015 184.788 581.985 186.212
161.912 275.298 185.897 282.351
89.1021 377.755 103.162 383.611
623.97 238.22 637.984 240.117
499.865 404.419 532.068 414.789
253.22 183.028 254.237 210.991
576.109 363.216 600.842 350.689
192.126 450.802 203.839 458.253
71.9211 264.674 86.062 261.257
397.005 129.765 485.009 131.546
462 221 462 243
197.072 305.346 228.938 298.702
378.842 300.556 406.852 308.521
50.1795 367.616 68.8368 376.349
375.816 447.323 390.569 455.754
372.794 468.511 397.949 457.879
139.094 362.36 155.053 358.205
166.18 394.628 218.907 420.192
174.978 182.586 221.008 180.153
353.077 290.787 364.972 295.077
437.898 298.526 457.925 302.39
380.965 131.999 379.611 179.989
165.98 202.808 183.997 200.968
562.021 231.717 580.992 233.108
389.985 358.947 404.898 354.647
104.7 291.017 106.087 314.995
503.993 403.022 533.178 412.45
387.973 393.418 401.989 392.765
408.261 91.0088 407.244 121.008
250.744 183.016 252.132 204.992
102.003 448.003 121.997 427.997
227.133 423.557 255.919 416.663
398.11 451.233 417.938 441.869
258.537 158.088 254.969 179.995
144.882 381.22 157.88 388.223
325.169 367.274 335.82 360.708
97.933 448.933 114.942 431.942
423.757 78.9908 422.283 118.011
364 78 364 101
378.211 80.0072 376.77 121.992
163.995 180.909 184.988 179.776
395 80 395 102
436 84 436 99
128.29 193.97 127.538 211.981
491.105 442.188 509.847 431.726
492.989 322.964 512.083 317.278
228 161 228 193
560.948 249.251 576.878 252.582
484 94 484 107
500.034 445.906 561.888 468.308
351.29 244.019 349.994 264
448.803 103.989 447.716 122.984
472.38 90.0145 471.045 125.002
537 1 537 16
494.259 86.0104 492.735 123.989
279 345 279 366
554 5 554 20
543.168 98.011 541.341 126.022
91.0218 350.954 116.056 362.882
532 93 532 105
513 106 513 118
