552.01 98.8976 2.06708 45.3114
179.151 318 179.077 294
638.032 414.355 190.122 455.335
181.955 200.85 157.992 201.792
192.026 454.363 1.01625 468.224
165.065 285.999 164.773 249.002
182.546 222.914 186.097 204.208
552.999 52.0156 553 129.014
464.105 55.0623 2.10107 3.10149
197.874 176.695 177.013 172.929
177 320 177 294
207.965 124.319 185.128 121.824
190 145 170 145
183.308 288.031 181.438 246.025
299.995 343.107 188.003 343.677
558.083 198.147 315.032 187.278
171.263 334.015 170.884 315.002
153.021 99.7336 0.997574 88.0316
39.3117 130.163 1.35895 116.036
187.041 341.926 167.048 330.913
32.0559 209.42 12.8741 174.52
156.152 201.996 155.657 181.984
638.032 349.693 533.146 338.618
182 154 164 154
41.9995 211.479 22.7814 174.593
197.794 283.984 198.742 271.98
315.026 112.682 571.984 134.211
554.655 163.014 553.856 143.006
31.0981 214.391 10.0393 176.424
199.999 189 200 312.991
550.835 67.2948 459.048 55.6231
314.243 149.633 218.724 202.501
556.004 335.11 311.047 344.264
17.2241 124.175 1.05868 119.784
51.6171 207.632 32.2992 175.226
24.0443 214.974 1.88725 177.476
638 283.067 581.997 282.859
155.075 349.186 1.01582 354.462
40.2332 214.343 19.2105 174.888
316.706 187.146 291.89 195.679
556.011 300.739 305.008 304.55
275.023 343.905 179.268 315.121
636.971 344.283 575.996 338.034
221.102 92.1333 208.047 90.5985
157.021 140.64 -0.0202484 131.342
16.5923 208.668 1.92707 182.481
638 334.996 575.987 337.691
531.024 340.664 4.02795 359.77
568.957 39.3092 286.183 -0.304203
552.006 164.912 318.006 149.904
47.1154 212.463 30.239 177.404
14.6878 210.629 1.73803 186.602
155.31 304.002 155.518 266.003
193.871 286.949 194.768 266.99
557.28 230.119 555.545 205.031
313.916 225.655 203.124 252.511
556.997 265.802 294.004 264.855
27.913 133.277 1.05066 124.839
583.132 138.906 557.03 135.755
155.041 181.103 43.0438 176.032
455.033 216.694 437.908 214.867
153.998 264.295 0.998764 263.167
637.094 122.342 579.088 138.319
252.922 210.826 234.94 218.867
308.69 342.897 279.42 332.785
314.656 111.122 201.872 191.822
155.02 222.181 3.01242 218.489
213.991 272.899 274.983 267.789
294.641 90.7355 204.951 168.944
226.038 296.513 201.951 294.622
152.998 306.877 1.00195 309.131
157.164 140.998 156.636 101.991
151.98 168.406 225.994 172.132
635.998 199.035 566.04 195.255
29.0649 216.418 8.907 179.505
306.069 91.223 156.997 78.0363
463.13 210.915 442.072 208.399
637.999 285.239 582.001 284.895
637.949 319.895 576.975 316.432
164.309 327.984 163.863 346.997
622.014 139.765 589.009 137.847
202 313.975 173.001 313.816
602.007 322.86 576.001 323.066
278.056 301.298 260.09 299.872
311.477 109.93 315.344 80.9126
302.392 153.06 308.059 116.009
254.79 327.243 233.881 323.706
209.213 296.002 208.965 321
196.923 185.412 159.047 190.36
476.999 204.026 452.025 203.215
154.79 348.014 155.225 323.004
638.024 408.232 590.915 413.191
584.068 144.25 556.913 151.683
585.076 176.044 574.13 195.075
21.5778 205.659 5.60889 178.64
291.491 198.98 269.501 210.004
616.992 142.19 582.969 140.719
575.738 272.992 576.513 246.985
291.107 302.004 290.949 267
258.01 301 257.495 265.007
226.067 316.999 225.83 296.99
243.405 364.761 249.221 272.007
265.007 94.9203 234.054 92.3465
184.045 186.44 154.911 184.108
348 81.0673 348.001 246.993
590.124 178.072 580.279 195.161
575 242.947 575 191.985
565.099 244.077 563.64 227.031
255.72 324.989 254.674 254.99
559 269.995 559 227.989
233 327 233 260.988
158.975 72.2855 306.998 85.0144
260.409 95.3977 193.356 164.374
260 206.005 241.065 204.894
213.909 315.999 214.282 289.004
278.057 333 277.88 301.995
146.008 451.114 1.9951 460.928
62.866 204.401 45.6647 179.54
277.829 264.001 277.603 229.003
223.307 250.238 227.178 293.993
52.7566 203.57 42.1555 184.912
596.99 321.246 575.984 320.39
184.9 406.995 184.745 377.996
155.012 65.8623 116.96 62.4477
177.043 173.281 163.065 175.424
56.5457 201.646 40.3828 176.751
271.49 242.018 272.329 265.988
247.786 269.013 248.214 243.987
286.001 364 285.999 241
346.994 84.0529 316.03 80.717
596 175 596 148
252.022 98.0215 192.746 159.716
68.1558 202.864 45.3005 176.609
208.898 273.001 208.941 245
274.952 334.166 256.732 328.931
632.475 177.999 632.415 151.001
308 261 308 228
272.587 329.993 273.05 301.001
157.739 99.0192 158.261 78.9808
574.147 332.46 540.981 335.808
155.744 411.01 156.117 383.002
47.3447 129.389 0.472221 102.935
631.965 177.933 598.013 176.659
314.701 338.974 317.248 154
258.049 392 257.758 361.993
72.0762 197.922 48.7382 175.24
244 325 244 303
555.99 370.848 348.096 384.46
318.773 426.544 292.724 415.66
317.248 153.997 315.761 261.997
320.8 385.691 297.705 379.022
274.051 435.352 238.65 410.498
307.266 113.011 306.872 86.0019
311.971 340.001 310.843 298.004
625.005 353.939 569.057 349.316
355.996 383.502 311.006 383.83
586.929 132.1 556.989 130.17
33.0855 148.808 2.39545 135.114
38.9924 173.009 10.6481 150.195
192.967 166.989 156.008 165.751
582.059 351.641 621.997 356.058
154.115 393.115 0.951035 401.044
568.866 405.344 484.932 412.157
112.042 442.753 59.0389 445.7
37.2392 125.532 16.1351 114.736
71.019 200.984 52.5438 179.39
312.768 246.996 313.037 230.001
289 333 289 306
433.085 415.08 359.989 420.861
243.532 440.504 225.698 421.35
568.89 3.97847 542.992 1.06703
28.7461 176.259 1.47536 149.515
292.231 411.994 290.769 375.017
349.029 423.284 317.051 426.502
224.754 445.277 203.022 425.976
152.027 438.452 109.939 440.989
54.9887 444.583 2.00048 446.018
217 177 206 177
291 255 291 240
602 308 577 308
211.49 466.995 187.416 478.845
371.051 469.101 351.515 479.015
203.978 96.322 184.005 94.9324
116.052 135 115.994 92
12.9603 142.113 1.02598 137.926
308.026 187 308.051 162
165.202 229.059 166.328 206.016
602.011 289.821 583.001 290.067
232.016 98.7479 217.014 97.7885
190.994 109.063 177.021 107.774
194.017 112.795 173.99 111.117
221.017 113.771 206.002 114.103
315 148 315 121
25.2722 152.53 9.38775 143.33
29.9283 185.188 3.29803 154.739
276.899 296.993 278.26 277.086
353.29 311.007 352.876 268.001
306.933 322.326 291.951 319.237
205.361 467.929 177.325 478.835
53.2556 147.619 40.8196 139.269
350.898 312.004 349.709 284.012
632.003 326.121 590.029 327.162
635.994 383.389 586.99 382.602
638.004 25.9678 488.016 0.903067
637.969 99.2722 556.013 89.885
476.003 355.883 387.98 353.874
146.95 371.666 71.0006 365.992
202.003 441.414 187.998 441.33
591.175 1.33048 529.91 33.8297
217.866 95.6116 178.983 87.0796
471.941 365.543 407.958 363.08
401.981 368.503 365.957 367.132
182.971 458.701 168.014 460.15
