-0.0831046 2.24589 187.159 65.5297
229.283 43.5032 62.1862 137.332
240.302 37.5508 308.975 -0.0451965
61.3145 136.157 64.0822 113.01
63.4723 112.2 0.49485 153.75
42.5428 135.203 32.4355 162.163
8.68987 221.97 13.3498 173.033
-0.0124223 11.0374 108.029 46.913
176.377 71.8527 0.0377955 13.885
0.0880671 22.7205 122.87 61.4115
0.0705366 30.774 159.175 80.44
-0.148461 33.4774 188.003 91.9902
188.123 92.2574 225.266 74.5576
315.298 29.6109 238.937 66.8714
311.017 51.0049 311.18 83.9991
302.959 82.9988 303.89 50.9968
0.0998821 98.6426 56.1911 114.316
0.17968 149.284 28.5795 131.335
23.4105 226.034 19.3296 276.027
23.4027 344.114 31.6297 242.97
1.78355 358.363 78.9026 370.613
0.00015533 392.871 49.0001 392.929
11.1354 1.60336 29.9869 8.03838
14.7311 0.800948 195.204 61.3917
-0.0406418 94.1573 57.9626 109.145
0.0988846 91.6179 95.1998 116.228
3.88432 246.669 17.0267 242.076
16.0312 252.109 -0.0779343 256.728
-0.0365181 366.214 117.782 386.279
0.814201 363.214 270.765 404.537
291.042 403.71 155.137 384.055
290.996 402.762 373.002 402.5
375.022 400.636 457.991 397.747
464.959 381.657 485.97 381.013
487.01 396.83 466.001 397.079
440.999 407.045 525.998 409.079
515.998 417.031 585.938 421.892
506.032 414.666 483.947 412.549
575.039 421.365 638.944 414.477
426.646 394.998 426.12 219.003
426.773 218.906 449.67 163.863
460 167 460 198
460.112 197.55 480.824 202.707
437.553 194.111 442.78 168.157
427.545 143.99 425.982 212
427.924 143.703 452.125 137.485
459.423 125.859 548.096 158.742
545.862 87.004 549.657 218.981
541.339 88.3714 500.637 68.754
543.061 218.742 511.911 211.377
524.09 197.923 525.149 212.919
489.805 65.0036 495.136 355.016
428.753 206.332 442.102 176.045
434.101 200.594 491.777 214.901
436.637 240.971 437.169 270.997
436.7 273.158 485.019 279.864
486.623 280.026 487.416 231.007
486.875 231.73 465.974 228.154
465.973 240.123 484.943 244.259
0.00486279 461.163 18.0187 460.626
-0.0959091 25.3045 120.87 63.4114
6.01753 429.517 63.0198 427.585
21.0365 6.89329 73.9975 25.0072
21 447 36.9577 446.179
23.0505 282.087 28.2773 219.106
31.5391 340.039 33.6599 310.975
33.9916 310.157 56.9993 309.927
35.2578 294.082 37.6856 256.979
37.8928 256.503 60.9011 251.541
32.8376 228.986 38.6965 160.059
42.4831 167.016 66.644 154.322
35.9813 284.998 33.1529 319.013
37.0339 291.304 57.0081 289.073
47.0837 240.29 63.1832 235.633
9.99281 460.873 66.9798 457.643
37.2537 248.077 62.2785 242.182
70.0594 359.475 141.932 367.603
39.0366 260.177 60.929 255.656
44.0215 441.464 110.019 438.414
46.9058 172.993 45.5127 191.04
57.9989 293.989 36.0279 296.269
22.0448 378.815 73.9051 391.391
49.0104 461.213 99.9858 458.71
46.728 156.485 70.8589 143.733
38 393 73 393
56.8028 0.547323 107.116 18.6783
54.9511 427.056 134.995 422.907
95.2562 346.017 102.063 241.004
55.9901 445.255 83.9984 444.883
63.9133 0.24015 82.9589 7.11376
63.1321 305.924 70.6875 219.973
71.1742 255.013 65.0036 339
70.7662 253.935 99.8986 247.538
69.7245 217.977 76.8933 133.906
101.987 231.947 53.9804 243.921
73.1999 231.137 76.7626 199.859
59.0042 458.076 171.989 451.794
67.9926 308.838 92.9864 307.701
83.2108 124.291 68.0622 119.791
68.9925 292.91 98.0406 290.487
52.0771 253.354 100.934 242.698
51.9658 385.867 114.027 388.315
74.8374 195.991 76.0325 174.002
80.3331 225.991 79.902 210.003
99.0542 149.07 98.0659 164.004
77.8018 198.428 104.69 189.105
80.021 289.272 97.9911 287.885
81.0096 370.941 138.945 380.34
82.8556 15.3121 101.112 23.7569
79.9574 147.919 108.085 133.162
87 385 68.0635 383.904
86.174 407.331 111.988 414.045
83.0879 479.11 486.096 447.208
485.966 445.103 518.994 443.851
505.983 444.153 563.953 450.436
355.931 456.322 486.995 442.953
481.948 436.259 509.833 441.836
509.937 440.518 638.948 423.605
114.021 443.359 333.975 430.563
101.659 350.045 114.796 156.986
103.018 404.587 140.987 406.285
103.403 34.8045 189.105 63.6885
103.791 361.976 109.009 316.001
113.951 307.233 147.008 305.122
105.084 347.454 145.02 349.625
145.418 350.027 147.976 311.064
106.53 165.055 109.958 131.996
131.995 441.918 86.024 444.439
108.858 305.916 113.701 239.978
154.786 219.973 112.935 228.689
154.993 221.033 186.118 227.428
209.802 280.961 213.884 155.996
211.729 282.973 207.147 328.915
207.12 250.803 183.413 236.323
182.844 237.728 162.902 233.455
161.742 232.907 159.881 257.991
151.199 257.953 147.711 317.983
216.196 166.002 214.779 279.997
222.28 145.766 169.963 164.9
177.85 175.554 203.034 167.1
210.217 170.95 208.634 195.977
111 319 111 336
112.946 316.439 137.012 314.125
113.909 339 113.909 318
120.777 126.551 156.835 108.668
160.028 110.058 159.021 128.001
115.975 255.998 114.024 283.002
131.677 281.07 133.968 258.997
115.102 458.431 450.047 434.665
117.969 161.911 136.21 155.607
136.692 155.036 138.428 122.023
153.706 210.05 156.423 171.959
116.477 184.602 155.062 170.165
123.035 220.123 152.244 211.864
122.408 127.031 120.014 159.001
115.039 244.192 142.915 238.576
144.979 228 145.321 279.005
127.306 135.017 126.027 158.001
129.509 278.047 131.903 251.9
110.983 288.827 149.01 285.098
145.918 418.341 131.053 414.777
104.005 441.095 271.981 431.657
126.901 113.819 161.845 94.7167
121.585 110.286 163.084 86.1448
151.26 186.1 149.68 206.054
142.118 322.094 140.098 346.008
138.997 436.946 212.985 432.735
140.676 128.987 139.898 148.957
135.95 392.643 158.966 394.434
128.059 478.725 367.11 459.358
143.001 380.991 323.977 394.309
326.465 349.047 333.171 0.00328302
139.354 56.9095 179.355 69.9064
134.031 395.637 161.998 398.021
147.071 224.554 160.062 226.61
154.871 404.018 186.004 407.966
165.293 192.015 164.041 217.002
157.528 316.021 159.215 274.009
158.066 308.005 155.739 336.979
163.869 189.993 167.986 116.999
163.533 293.035 159.91 348.994
163.013 304.329 204.988 302.694
159.907 350.258 184.991 352.119
166.022 346.998 164.473 331.951
154.902 366.675 205.984 374.111
165.588 216.366 210.038 205.151
166.82 237.048 163.697 289.982
164.985 280.834 208.882 276.734
183.519 319.079 180.789 336.968
187.005 340.064 203.977 338.715
174.935 205.725 201.858 199.395
164.975 211.9 207.078 201.31
172.628 275.979 174.357 244.964
173.076 276.856 209.06 273.681
169.038 396.06 204.98 397.508
165.063 452.838 550.055 423.73
171.326 179.974 170.368 204.976
175.539 178.02 174.57 204.021
164.992 283.921 204.962 279.645
170.917 317.994 169.166 341.013
170.959 401.283 191.95 404.341
172.066 169.195 193.017 162.05
176.104 111.087 174.779 127.983
178.708 126.976 179.92 111.993
177.1 204.005 178.306 178.014
187.992 261.934 173.947 263.539
176.409 333.993 175.938 306.984
182 109 182 122
184.385 339.139 186.505 318.051
197.43 96.7204 183.886 104.809
200.216 99.4116 185.949 106.902
182.07 224.351 208.999 218.993
193.137 172.031 192.379 200.01
192.4 259.878 195.256 245.849
189.839 104.64 215.13 93.2905
217.021 97.0032 214.236 115.037
194.926 198.952 196.179 171.008
199.136 170.05 197.897 197.995
208.902 364 208.943 388
213.842 328.003 213.892 314
219.079 223.003 217.154 273.044
224.889 116 224.889 99
222.775 173.98 219.875 206.989
234.112 179.948 229.526 259.031
229.77 250.995 228.756 294.018
229.01 422.9 255.949 425.525
231.085 418.653 283.067 421.945
238.165 217.007 231.989 357
240.055 218.264 309.916 203.601
310.22 204.95 305.862 359.996
293.935 354.452 263.997 357.978
307.978 266.768 235.95 273.457
237.04 300.977 306.006 298.148
234.722 214.98 235.781 199.985
235.759 199.039 312.914 179.658
309.977 163.999 311.941 115.998
309.93 114.804 240.844 139.564
222.996 431.925 333.991 425.843
233.762 194.079 292.947 178.796
241.042 115.1 306.858 87.6582
309.372 89.9144 244.517 116.273
245.325 104.021 246.914 79.9943
246.333 270.08 249.472 218.028
242.612 187.042 243.733 143.993
244.118 46.22 317.062 7.11589
243.412 51.7706 266.289 39.5409
247.059 316.106 268.997 314.935
270.925 300.045 269.527 328.977
244.628 307.018 245.988 335.049
236.033 276.349 306.97 269.678
253.31 85.0071 252.9 102.998
251.02 155.001 249.69 184.986
258.981 229.889 293.019 224.111
252.978 234.113 268.944 237.283
237.036 270.407 300.077 264.885
236.012 407.777 273.003 407.223
237.729 212.786 304 197.999
251.826 140.521 292.861 125.618
274.551 133.984 273.194 172.972
267 332 267 316
248.011 411.736 293.019 413.526
293.05 410.532 368.031 413.09
357.01 412.924 434.823 423.323
435.01 422.135 492.971 417.629
267.112 37.2091 314 12.0005
316.301 13.5601 256.394 45.7335
268.19 260.107 269.991 239.999
273.843 231.994 272.499 266.02
297.58 253.99 298.665 207.015
272 340.667 292 340.667
292.423 354.01 293.155 324.004
270.693 470.213 302.911 478.354
275.703 96.9864 277.079 67.0036
273.983 224.908 298.082 220.44
276.515 239.981 275.786 258.992
269.138 144.414 299.143 134.43
277.052 145.002 275.691 178.988
280.216 52.008 278.463 99.0173
269.978 55.9543 292.984 44.9665
278.697 166.983 279.913 144.995
277.976 315.36 305.973 314.298
275.724 469.177 317.035 478.851
295.008 355.969 296.261 316.008
292.031 398.608 318.105 400.662
301.92 140.999 301.946 170
313.89 81.9715 314.556 55.9886
311.969 358.14 310.049 343.993
313.71 145.147 328.984 139.952
310 423.121 347 423.089
361.826 205.813 414.962 217.179
414.601 381.009 418.142 155.018
412.363 382.959 411.392 397.961
413.5 333.948 412.775 354.992
404.11 357.004 403.948 323
403.052 303.483 349.985 298.151
350.837 205.014 348.33 354.989
350.947 267.428 414.955 275.36
406.363 151.971 405.831 181.997
410.935 183.024 411.709 153.018
317.156 390.059 315.964 373.073
331.056 36.1158 318.168 42.3474
330.013 196.686 359.005 197.886
347.999 195.02 332.005 193.922
331.023 228.803 350.114 231.013
331 295 331 311
365.997 122.009 394.12 131.651
381.964 128 381.484 180.004
365.191 137.345 406.861 149.477
349.038 179.832 365.115 183.497
348.045 144.831 330.927 140.273
334.091 36.7632 355.603 45.0323
361.994 42.0226 361.506 85.0057
349.038 78.9011 353.662 33.9652
336.158 105.07 358.036 108.789
346.005 407.242 404 405.978
401.016 424.298 277.004 431.079
348.549 5.95189 417.249 38.4743
417.805 38.9873 418.089 56.9986
417.674 57.7324 351.341 28.2321
348.79 173.01 347.711 150.014
354.886 366.991 353.295 388.022
350.187 174.261 416.953 191.185
354.411 15.1052 370.728 22.5929
414.065 39.858 353.935 12.14
351.318 86.1309 395.851 102.409
407.186 97.9759 406.355 56.9928
406.039 56.9109 354.813 34.4253
385.101 47.9945 384.815 94.9989
415 69 415 95
417.978 94.9914 417.556 47.0039
421.11 86.9986 420.395 31.9949
425.139 91.5352 443.909 86.6521
451.748 95.0031 452.248 135.997
486.872 68.0022 489.297 205.995
486.514 88.0963 436.116 65.7393
358.653 261.992 359.497 223.011
355.49 54.0149 356.191 77.9944
363.522 273.032 359.097 345.945
371 356.951 414 356.96
360.949 312.741 396.986 315.201
398.919 318.212 350.003 314.955
357.933 317 357.817 354.999
361.818 357.045 360.981 391
411.019 393.103 361.999 392.05
354.54 1.87207 419.109 32.7719
356.005 429.109 399.003 427.073
359.171 116.482 398.814 129.562
362.082 228.003 360.696 262.988
366.011 226.959 381.049 230.807
382.532 211.993 381.714 265.996
415.171 270.683 361.902 263.757
360.938 0.127365 415.964 27.0743
427.221 28.9979 447.892 45.1387
450.572 42.6968 480.14 55.6805
481.473 53.0252 454.928 40.1475
364.936 134.32 380.894 137.528
363.124 48.7076 401.945 65.1293
365.091 272.226 415.105 278.11
363.138 51.6742 403.163 68.616
403.173 59.0119 400.415 98.9597
381.959 50.0001 382.086 94.0026
369 419 385 419
359.91 395.926 399.923 399.797
388.009 395.848 409.988 397.195
375.287 202.646 414.027 210.87
376.292 186.744 416.009 195.96
364.181 479.312 638.917 441.399
609.002 445.01 638.905 438.558
387.111 193.575 416.215 201.177
382.288 303.008 380.828 355.995
383.953 178 384.007 129
372.793 175.77 400.909 183.337
402.667 183.025 403.156 150.002
384.904 226.997 385.046 266
385.919 260.353 405.059 264.742
384.589 308.008 383.915 355.999
404.316 227.989 403.736 262.996
401.988 343.383 360.997 342.1
403.984 231.086 376.964 226.202
391 241 391 260
461.018 400.414 361.947 404.799
391.131 478.934 620.133 446.949
560.879 456.555 581.97 461.14
406.227 220.995 407.296 267.993
413.056 269.001 413.776 222.012
426.985 424.744 402.01 426.179
420.469 277.03 421.707 299.016
439.002 305.979 488.005 309.942
487.186 319.928 489.44 356.973
485.999 357.236 439 357.03
437.261 357.016 436.876 314.001
412.964 409.451 495.916 416.056
438.003 277.979 489.06 284.529
491.85 361.99 490.188 214.998
491.612 362.765 473.322 377.402
436.022 52.9514 449.929 59.1598
485.44 73.1961 436.794 50.4408
438.186 196.255 492.075 209.7
443.893 237.996 444.051 273
444.145 466.366 429.971 463.127
436.812 47.3923 486.017 70.9656
438.81 142.554 460.95 150.146
469.245 151.432 486.602 158.923
456.987 152.046 443.013 147.954
444.889 180 444.889 197
444.243 355.999 444.1 322
461.146 89.9642 462.241 124.961
443.951 320.78 485.975 323.401
448.522 197.125 450.504 173.042
448.995 261.974 461 262.03
445.021 281.827 487.015 286.875
453.014 325 453.193 353.005
463 326 463 354
458.637 90.971 459.169 120.997
444.964 434.639 537.047 425.478
444.83 285.342 486.899 306.203
449.084 478.581 573.088 460.61
460.945 37.1068 482.424 48.1779
462.043 168.999 462.727 194.007
476.795 189.014 477.094 172.002
477.12 171.614 453.885 164.37
458.948 357.511 469 377
464.759 275.998 465.161 228.993
462.966 423.355 486.94 425.636
475.39 89.9922 474.904 127.986
475.972 168.1 461.959 164.147
465.169 313.995 464.918 356
469.98 411.201 449.882 409.166
465.953 222.211 487.028 226.876
479.079 230.998 478.961 278
454.774 287.475 487.884 303.244
470.731 375.684 464.322 360.861
486.018 75.9588 461.899 65.2268
482.324 99.9918 483.114 130.997
479.961 356 480.082 313
478.563 90.9906 479.195 128.997
479.784 180.988 478.694 200.983
484.949 365.085 468.002 366.029
479 401.108 499 401.082
477.992 403.843 500.999 404.073
479.983 374.76 544.973 376.223
552.004 363.439 501.999 363.124
563.377 366.99 559.087 206.971
482.189 323.993 483.388 356.023
519 395 532.016 395.715
520.982 390.601 558.946 388.843
506.95 196.007 507.05 182
494.007 359.951 552.998 360.349
553.713 359.982 549.818 206.979
550.361 224.597 505.022 212.914
504.862 217.577 546.128 227.468
547.648 227.964 548.617 271.986
543.972 287.227 506.925 282.602
506.246 345.999 505.679 237.996
507.105 236.514 546.965 245.16
502.847 96.3698 516.917 102.199
515.08 112.797 492.097 103.754
501.693 114.956 503.087 136.995
509.502 138.989 508.927 112.023
501.084 74.825 542.988 95.024
536.126 178.616 503.967 168.101
504.747 164.746 543.979 178.061
546.383 202.989 544.081 120.998
498.015 419.175 513.979 417.767
499.005 423.079 516.998 421.974
505.166 180.529 521.277 186.215
505.145 230.378 546.746 240.088
506.495 138.986 505.812 114.005
507.015 286.869 546.934 291.564
551.193 359.994 548.383 261.989
546.219 283.997 545.725 246.004
506.195 250.892 544.078 257.556
525.117 254.001 524.948 284
513.96 311.563 542.032 313.54
543.539 315.99 544.324 358.994
512.012 356.998 511.907 311.003
521.202 144.996 520.541 108.99
524.055 146.964 522.764 109.008
513.785 248.956 534.845 253.689
512.969 290.251 544.98 294.167
545.224 293.992 547.595 359.015
513 253 513 282
514.483 84.9025 537.07 94.8408
515 342 515 359
525.999 440.994 621.83 428.677
613.026 429.566 638.994 431.094
562.923 445.533 578.042 447.712
538.572 259.961 539.196 284.995
527.45 258.015 528.18 283.995
535.086 133.001 534.814 152.012
534.889 335.992 533.224 358.944
537.746 138.027 539.113 150.988
536.784 359.008 537.087 328.991
541.039 10.8517 554.88 14.4604
541.623 335.982 542.294 359.021
562.98 369.273 595.03 371.576
546 393.125 561 393.125
558.848 211.005 554.93 99.0025
598.859 211.71 622.904 216.483
541.998 383.046 584.019 384.442
556.701 131.615 638.964 113.831
558.214 159.024 587.961 152.811
557.954 161.785 639.078 144.363
559.089 188.734 607.657 205.022
608.023 204.202 638.963 200.675
559.168 191.493 577.178 197.464
625.287 310.919 622.979 246.001
623.036 245.873 638.903 250.345
625.109 276.911 639.069 278.307
615.981 361.462 633.991 362.221
569.052 126.246 589.966 121.841
610.285 262.987 609.413 243.981
607.122 232.543 638.984 241.062
589.058 386.199 572.691 390.932
590.963 339.586 606.029 340.539
573.055 125.261 638.896 111.505
597.513 398.973 598.199 411.99
599.92 359.059 616.968 357.617
592.005 424.056 615.002 422.026
599.097 150.446 638.954 141.787
604.004 368.943 638.989 371.167
609.986 206.964 638.994 206.57
617.98 373.352 638.989 373.103
630.945 207.605 611.055 210.395
628.697 286.016 630.045 311.998
638.987 230.804 613.963 232.43
630.656 276.01 629.863 250.035
630.932 287.004 632.298 311.984
632.893 250.038 633.822 276.972
635.242 251.029 636.24 276.991
634.498 286.011 635.073 312.977
637.074 287 637.074 313
