4.785446472167968750e+02 2.125830230712890625e+02 4.792130737304687500e+02 2.355101776123046875e+02
6.136411132812500000e+02 1.846041412353515625e+02 6.005902099609375000e+02 1.812424774169921875e+02
5.142549438476562500e+02 2.917185974121093750e+02 5.132694091796875000e+02 2.647285766601562500e+02
5.844656982421875000e+02 1.924565277099609375e+02 5.692835083007812500e+02 1.888466644287109375e+02
5.525718383789062500e+02 2.684006042480468750e+02 5.540132446289062500e+02 2.954050598144531250e+02
2.817084350585937500e+02 2.339648590087890625e+02 2.241954650878906250e+02 2.272498474121093750e+02
6.178045654296875000e+02 2.220988006591796875e+02 6.163936767578125000e+02 1.997120819091796875e+02
6.130299072265625000e+02 1.631927032470703125e+02 6.136411132812500000e+02 1.846041412353515625e+02
2.982421264648437500e+02 2.409993591308593750e+02 3.408404541015625000e+02 2.457348937988281250e+02
4.661439208984375000e+02 2.636592712402343750e+02 4.678487854003906250e+02 3.119286804199218750e+02
6.130299072265625000e+02 1.631927032470703125e+02 5.987413330078125000e+02 1.587176055908203125e+02
5.588330688476562500e+02 3.626796875000000000e+02 5.760623779296875000e+02 3.628576354980468750e+02
2.233899841308593750e+02 2.768922729492187500e+02 2.821492919921875000e+02 2.821121520996093750e+02
5.727603149414062500e+02 2.309446105957031250e+02 5.883016357421875000e+02 2.336433868408203125e+02
5.760623779296875000e+02 3.628576354980468750e+02 5.772387084960937500e+02 3.886556396484375000e+02
2.980103149414062500e+02 2.634255676269531250e+02 3.409915771484375000e+02 2.678271179199218750e+02
2.728029174804687500e+02 1.555525054931640625e+02 2.937395935058593750e+02 1.414717712402343750e+02
5.540132446289062500e+02 2.954050598144531250e+02 5.709481201171875000e+02 2.973271179199218750e+02
5.883016357421875000e+02 2.336433868408203125e+02 5.886469726562500000e+02 2.524303436279296875e+02
6.091390380859375000e+02 1.282233886718750000e+02 5.961551513671875000e+02 1.245205841064453125e+02
4.879119567871093750e+02 2.154342193603515625e+02 4.883505249023437500e+02 2.378325042724609375e+02
5.785969238281250000e+02 3.466688537597656250e+02 5.773645629882812500e+02 3.123506774902343750e+02
2.393485870361328125e+02 2.418714752197265625e+02 2.688597412109375000e+02 2.445077972412109375e+02
5.017966308593750000e+02 3.533824768066406250e+02 4.964079284667968750e+02 2.419179992675781250e+02
5.588330688476562500e+02 3.626796875000000000e+02 5.594355468750000000e+02 3.890584411621093750e+02
2.235441589355468750e+02 2.643578491210937500e+02 2.828577270507812500e+02 2.692431030273437500e+02
5.727603149414062500e+02 2.309446105957031250e+02 5.735404052734375000e+02 2.500641326904296875e+02
5.562820434570312500e+02 2.076765136718750000e+02 5.422483520507812500e+02 6.543943786621093750e+01
5.987413330078125000e+02 1.587176055908203125e+02 6.005902099609375000e+02 1.812424774169921875e+02
6.039549560546875000e+02 2.195153961181640625e+02 6.024165649414062500e+02 1.963887023925781250e+02
6.394564208984375000e+02 3.232677612304687500e+02 5.959714965820312500e+02 3.207377929687500000e+02
2.180823669433593750e+02 1.524400329589843750e+02 2.732177429199218750e+02 1.633437500000000000e+02
5.326828613281250000e+02 2.935135498046875000e+02 5.142549438476562500e+02 2.917185974121093750e+02
5.326828613281250000e+02 2.935135498046875000e+02 5.312205200195312500e+02 2.674893493652343750e+02
5.858560791015625000e+02 2.157070465087890625e+02 5.844656982421875000e+02 1.924565277099609375e+02
5.685634765625000000e+02 1.741415100097656250e+02 5.819403076171875000e+02 1.769615783691406250e+02
5.807378540039062500e+02 1.552873229980468750e+02 5.819403076171875000e+02 1.769615783691406250e+02
5.606029663085937500e+02 7.766193389892578125e+01 5.759831542968750000e+02 8.346222686767578125e+01
6.043177490234375000e+02 2.759133300781250000e+02 6.061287841796875000e+02 3.006019287109375000e+02
5.709481201171875000e+02 2.973271179199218750e+02 5.693150024414062500e+02 2.717231445312500000e+02
2.612918395996093750e+02 1.782573242187500000e+02 2.612634582519531250e+02 2.051474304199218750e+02
5.667086791992187500e+02 1.517657775878906250e+02 5.807378540039062500e+02 1.552873229980468750e+02
5.520212402343750000e+02 2.264166412353515625e+02 5.589333496093750000e+02 2.484511718750000000e+02
4.272001647949218750e+02 2.191824188232421875e+02 4.333032836914062500e+02 4.026466674804687500e+02
6.390264892578125000e+02 3.025299987792968750e+02 6.245325317382812500e+02 3.020605468750000000e+02
2.229890441894531250e+02 2.945619506835937500e+02 2.784682922363281250e+02 2.986511230468750000e+02
5.685634765625000000e+02 1.741415100097656250e+02 5.667086791992187500e+02 1.517657775878906250e+02
2.982669372558593750e+02 2.183726806640625000e+02 3.391090698242187500e+02 2.234095306396484375e+02
4.393709716796875000e+02 2.597066955566406250e+02 4.973147277832031250e+02 2.656253967285156250e+02
2.980727539062500000e+02 2.520540618896484375e+02 3.408897399902343750e+02 2.565281066894531250e+02
4.421102600097656250e+02 3.257269897460937500e+02 5.008140258789062500e+02 3.288945312500000000e+02
6.039549560546875000e+02 2.195153961181640625e+02 6.178045654296875000e+02 2.220988006591796875e+02
5.644078979492187500e+02 1.365850524902343750e+02 5.791235351562500000e+02 1.397655029296875000e+02
4.363665161132812500e+02 1.775948333740234375e+02 2.963216857910156250e+02 1.508350677490234375e+02
5.913767700195312500e+02 2.990959167480468750e+02 6.061287841796875000e+02 3.006019287109375000e+02
6.073859252929687500e+02 2.562146911621093750e+02 6.059528808593750000e+02 2.351313476562500000e+02
5.525718383789062500e+02 2.684006042480468750e+02 5.693150024414062500e+02 2.717231445312500000e+02
6.059528808593750000e+02 2.351313476562500000e+02 6.209586181640625000e+02 2.385107116699218750e+02
5.975839233398437500e+02 1.455393371582031250e+02 5.961551513671875000e+02 1.245205841064453125e+02
4.425570983886718750e+02 3.515630798339843750e+02 4.383033447265625000e+02 2.345010833740234375e+02
6.229132690429687500e+02 2.762564697265625000e+02 6.245325317382812500e+02 3.020605468750000000e+02
6.024165649414062500e+02 1.963887023925781250e+02 6.163936767578125000e+02 1.997120819091796875e+02
4.416459960937500000e+02 3.105552062988281250e+02 4.988988037109375000e+02 3.138370971679687500e+02
6.093597412109375000e+02 1.485695190429687500e+02 6.091390380859375000e+02 1.282233886718750000e+02
5.574390869140625000e+02 5.748827743530273438e+01 6.028292236328125000e+02 7.395939636230468750e+01
5.773645629882812500e+02 3.123506774902343750e+02 5.890094604492187500e+02 3.119861755371093750e+02
6.093597412109375000e+02 1.485695190429687500e+02 5.975839233398437500e+02 1.455393371582031250e+02
2.981736755371093750e+02 2.759411926269531250e+02 3.413029174804687500e+02 2.795038452148437500e+02
6.269200439453125000e+02 1.337434082031250000e+02 6.391573486328125000e+02 1.374187011718750000e+02
5.785969238281250000e+02 3.466688537597656250e+02 5.926303710937500000e+02 3.460458068847656250e+02
2.281993408203125000e+02 4.789117126464843750e+02 1.684285736083984375e+02 4.490914001464843750e+02
2.982444763183593750e+02 2.294131774902343750e+02 3.390137329101562500e+02 2.343982391357421875e+02
5.692835083007812500e+02 1.888466644287109375e+02 5.730192260742187500e+02 2.164532775878906250e+02
5.132694091796875000e+02 2.647285766601562500e+02 5.312205200195312500e+02 2.674893493652343750e+02
6.391936035156250000e+02 2.610583190917968750e+02 4.280325927734375000e+02 2.299888610839843750e+02
2.387847747802734375e+02 2.642501220703125000e+02 2.405152740478515625e+02 2.296664123535156250e+02
2.978430786132812500e+02 1.994250488281250000e+02 2.811087341308593750e+02 2.088203125000000000e+02
6.330460205078125000e+02 2.037055206298828125e+02 6.340909423828125000e+02 2.260760803222656250e+02
6.283501586914062500e+02 1.525617828369140625e+02 6.394942626953125000e+02 1.560675354003906250e+02
2.374554138183593750e+02 3.320503845214843750e+02 2.382102355957031250e+02 2.969620971679687500e+02
6.269200439453125000e+02 1.337434082031250000e+02 6.283501586914062500e+02 1.525617828369140625e+02
5.387866821289062500e+02 4.078565673828125000e+02 5.830679931640625000e+02 4.075568237304687500e+02
3.506485595703125000e+02 2.682733459472656250e+02 3.885863952636718750e+02 2.714215698242187500e+02
2.718010864257812500e+02 1.748787231445312500e+02 2.708038024902343750e+02 2.045217590332031250e+02
2.982287902832031250e+02 1.787618865966796875e+02 4.183247070312500000e+02 1.979904937744140625e+02
2.208274230957031250e+02 1.712697448730468750e+02 2.216621398925781250e+02 1.999616241455078125e+02
4.813284912109375000e+02 2.648479614257812500e+02 4.813966674804687500e+02 3.024801025390625000e+02
5.868613891601562500e+02 2.717042541503906250e+02 6.043177490234375000e+02 2.759133300781250000e+02
5.791235351562500000e+02 1.397655029296875000e+02 5.781833496093750000e+02 1.187618942260742188e+02
4.879119567871093750e+02 2.154342193603515625e+02 5.520212402343750000e+02 2.264166412353515625e+02
6.229132690429687500e+02 2.762564697265625000e+02 6.389912109375000000e+02 2.791642761230468750e+02
4.185259704589843750e+02 2.188093414306640625e+02 4.179068298339843750e+02 1.818019256591796875e+02
4.425570983886718750e+02 3.515630798339843750e+02 5.017966308593750000e+02 3.533824768066406250e+02
5.023910827636718750e+02 6.637906432151794434e-01 5.879706420898437500e+02 3.277252578735351562e+01
2.225258026123046875e+02 3.326053771972656250e+02 2.667669982910156250e+02 3.318667297363281250e+02
2.978430786132812500e+02 1.994250488281250000e+02 4.185259704589843750e+02 2.188093414306640625e+02
3.880707092285156250e+02 2.522473754882812500e+02 3.508813476562500000e+02 2.490662384033203125e+02
6.292071533203125000e+02 1.666189575195312500e+02 6.396356811523437500e+02 1.701677093505859375e+02
5.520212402343750000e+02 2.264166412353515625e+02 5.730192260742187500e+02 2.164532775878906250e+02
3.416937255859375000e+02 3.456623535156250000e+02 3.408503417968750000e+02 2.071942291259765625e+02
6.065411987304687500e+02 3.215725402832031250e+02 6.080516967773437500e+02 3.463000793457031250e+02
5.781833496093750000e+02 1.187618942260742188e+02 5.638825683593750000e+02 1.171604461669921875e+02
4.716622924804687500e+02 4.282256698608398438e+01 4.773146057128906250e+02 1.894994964599609375e+02
2.612918395996093750e+02 1.782573242187500000e+02 2.208274230957031250e+02 1.712697448730468750e+02
4.272001647949218750e+02 2.191824188232421875e+02 4.186680297851562500e+02 2.178792724609375000e+02
2.980103149414062500e+02 2.634255676269531250e+02 2.828577270507812500e+02 2.692431030273437500e+02
8.090180158615112305e-01 4.326349792480468750e+02 2.065778350830078125e+02 4.296193237304687500e+02
2.208274230957031250e+02 1.712697448730468750e+02 2.068814086914062500e+02 1.660860443115234375e+02
6.292071533203125000e+02 1.666189575195312500e+02 6.313461914062500000e+02 1.887700653076171875e+02
1.589246978759765625e+02 3.574562377929687500e+02 1.362387237548828125e+02 3.592886962890625000e+02
3.819990539550781250e+02 4.112775268554687500e+02 4.082066040039062500e+02 4.113541870117187500e+02
2.987180786132812500e+02 3.198534851074218750e+02 3.415533752441406250e+02 3.217261657714843750e+02
6.178107299804687500e+02 3.568851623535156250e+02 6.156325683593750000e+02 3.231984558105468750e+02
6.393142700195312500e+02 8.755598449707031250e+01 6.208355102539062500e+02 8.080212402343750000e+01
5.644078979492187500e+02 1.365850524902343750e+02 5.638825683593750000e+02 1.171604461669921875e+02
2.766403503417968750e+02 4.791900024414062500e+02 1.967003784179687500e+02 4.482127380371093750e+02
1.728662719726562500e+02 3.135180053710937500e+02 1.825974731445312500e+02 3.103669433593750000e+02
2.981466674804687500e+02 1.593243713378906250e+02 2.718010864257812500e+02 1.748787231445312500e+02
2.709799804687500000e+02 1.732803649902343750e+02 2.612918395996093750e+02 1.782573242187500000e+02
3.416937255859375000e+02 3.456623535156250000e+02 2.985775756835937500e+02 3.433595581054687500e+02
2.065616760253906250e+02 1.973728179931640625e+02 2.068814086914062500e+02 1.660860443115234375e+02
2.981186218261718750e+02 1.890852813720703125e+02 2.708038024902343750e+02 2.045217590332031250e+02
5.666860961914062500e+02 7.877757549285888672e-01 5.674317626953125000e+02 2.028754234313964844e+01
5.061795349121093750e+02 1.963970336914062500e+02 4.968601989746093750e+02 5.055218505859375000e+01
2.688351440429687500e+02 2.673378906250000000e+02 2.693753356933593750e+02 2.332950286865234375e+02
4.363665161132812500e+02 1.775948333740234375e+02 4.182965087890625000e+02 1.890120697021484375e+02
5.834200439453125000e+02 4.190265808105468750e+02 5.412228393554687500e+02 4.209162902832031250e+02
2.981186218261718750e+02 1.890852813720703125e+02 4.185658264160156250e+02 2.078050231933593750e+02
5.422483520507812500e+02 6.543943786621093750e+01 3.478112487792968750e+02 1.112451314926147461e+00
5.897431030273437500e+02 2.813234519958496094e+01 5.983464965820312500e+02 3.141872024536132812e+01
6.209586181640625000e+02 2.385107116699218750e+02 6.210133056640625000e+02 2.575321655273437500e+02
2.715226135253906250e+02 1.749682464599609375e+02 2.718010864257812500e+02 1.748787231445312500e+02
5.772387084960937500e+02 3.886556396484375000e+02 5.594355468750000000e+02 3.890584411621093750e+02
2.865193557739257812e+01 4.027669982910156250e+02 3.874888610839843750e+01 2.872550964355468750e+02
6.392432250976562500e+02 6.259832382202148438e+01 6.176838378906250000e+02 5.379447174072265625e+01
3.699874496459960938e+01 4.791480102539062500e+02 8.598816394805908203e-01 4.478110046386718750e+02
3.662897033691406250e+02 2.087677154541015625e+02 3.777512817382812500e+02 2.018130645751953125e+02
2.937395935058593750e+02 1.414717712402343750e+02 4.366688842773437500e+02 1.707979125976562500e+02
1.684285736083984375e+02 4.490914001464843750e+02 1.077519302368164062e+02 4.528843383789062500e+02
4.182965087890625000e+02 1.890120697021484375e+02 5.730192260742187500e+02 2.164532775878906250e+02
4.272001647949218750e+02 2.191824188232421875e+02 4.519415283203125000e+02 2.092291564941406250e+02
2.809340209960937500e+02 3.843575744628906250e+02 2.811087341308593750e+02 2.088203125000000000e+02
5.807378540039062500e+02 1.552873229980468750e+02 5.975839233398437500e+02 1.455393371582031250e+02
3.416217651367187500e+02 3.345003967285156250e+02 2.980346069335937500e+02 3.322494506835937500e+02
2.985468444824218750e+02 3.445095214843750000e+02 2.817874450683593750e+02 3.440617370605468750e+02
5.830678100585937500e+02 4.075296630859375000e+02 6.326901855468750000e+02 4.071633300781250000e+02
5.241692504882812500e+02 3.622316284179687500e+02 5.266459960937500000e+02 3.960366516113281250e+02
1.728662719726562500e+02 3.135180053710937500e+02 1.726673889160156250e+02 3.430584106445312500e+02
2.180823669433593750e+02 1.524400329589843750e+02 2.166739501953125000e+02 9.701375961303710938e-01
2.666462707519531250e+02 3.345735778808593750e+02 2.814262084960937500e+02 3.352329101562500000e+02
5.976541137695312500e+02 3.554559936523437500e+02 6.178107299804687500e+02 3.568851623535156250e+02
4.785446472167968750e+02 2.125830230712890625e+02 4.325879211425781250e+02 2.055475463867187500e+02
5.422483520507812500e+02 6.543943786621093750e+01 5.879706420898437500e+02 3.277252578735351562e+01
5.772387084960937500e+02 3.886556396484375000e+02 5.974650878906250000e+02 3.884576721191406250e+02
2.983684997558593750e+02 1.679587554931640625e+02 2.715952148437500000e+02 1.846869049072265625e+02
2.065616760253906250e+02 1.973728179931640625e+02 2.811087341308593750e+02 2.088203125000000000e+02
2.429170532226562500e+02 3.960234375000000000e+02 1.972743377685546875e+02 3.959985961914062500e+02
4.185259704589843750e+02 2.188093414306640625e+02 4.264425048828125000e+02 2.165396881103515625e+02
5.868613891601562500e+02 2.717042541503906250e+02 5.959714965820312500e+02 3.207377929687500000e+02
2.821492919921875000e+02 2.821121520996093750e+02 2.981736755371093750e+02 2.759411926269531250e+02
2.180823669433593750e+02 1.524400329589843750e+02 1.474934539794921875e+02 2.078855285644531250e+02
5.976541137695312500e+02 3.554559936523437500e+02 5.420231323242187500e+02 3.545703735351562500e+02
5.387866821289062500e+02 4.078565673828125000e+02 5.412228393554687500e+02 4.209162902832031250e+02
1.187270879745483398e+00 4.027747497558593750e+02 2.865193557739257812e+01 4.027669982910156250e+02
2.620137939453125000e+02 3.460227966308593750e+02 2.328919067382812500e+02 3.466794433593750000e+02
2.732177429199218750e+02 1.633437500000000000e+02 2.963216857910156250e+02 1.508350677490234375e+02
2.065616760253906250e+02 1.973728179931640625e+02 1.624028320312500000e+02 2.378587188720703125e+02
2.225258026123046875e+02 3.326053771972656250e+02 2.216621398925781250e+02 1.999616241455078125e+02
1.328567199707031250e+02 3.731276550292968750e+02 1.585511169433593750e+02 3.689049377441406250e+02
2.065778350830078125e+02 4.296193237304687500e+02 2.067178039550781250e+02 4.181837768554687500e+02
4.323208007812500000e+02 2.089007568359375000e+02 4.185658264160156250e+02 2.078050231933593750e+02
2.977408447265625000e+02 2.830601196289062500e+02 3.417340087890625000e+02 2.857349243164062500e+02
4.077876281738281250e+02 4.252620849609375000e+02 3.825363769531250000e+02 4.249247131347656250e+02
2.985775756835937500e+02 3.433595581054687500e+02 2.987180786132812500e+02 3.198534851074218750e+02
5.987413330078125000e+02 1.587176055908203125e+02 5.815523071289062500e+02 1.642281799316406250e+02
4.325350646972656250e+02 3.952241210937500000e+02 3.782032470703125000e+02 3.964252014160156250e+02
5.834029541015625000e+02 5.996174335479736328e+00 5.972965087890625000e+02 1.260653495788574219e+01
2.865095329284667969e+01 4.029352111816406250e+02 1.921145019531250000e+02 4.038902282714843750e+02
5.906981811523437500e+02 3.211470031738281250e+02 5.926303710937500000e+02 3.460458068847656250e+02
5.645021438598632812e+01 3.920031127929687500e+02 1.193802356719970703e+00 3.889251708984375000e+02
4.215194702148437500e+02 2.420998840332031250e+02 3.510375366210937500e+02 2.346308593750000000e+02
6.173993530273437500e+02 3.472471618652343750e+02 6.391596679687500000e+02 3.477342834472656250e+02
5.631565551757812500e+02 1.172073287963867188e+02 5.606029663085937500e+02 7.766193389892578125e+01
5.972965087890625000e+02 1.260653495788574219e+01 5.983464965820312500e+02 3.141872024536132812e+01
4.333032836914062500e+02 4.026466674804687500e+02 4.082066040039062500e+02 4.113541870117187500e+02
2.865094375610351562e+01 4.029360656738281250e+02 2.118247070312500000e+02 4.040119628906250000e+02
2.684409179687500000e+02 2.979476318359375000e+02 2.667669982910156250e+02 3.318667297363281250e+02
2.954173889160156250e+02 2.128296203613281250e+02 2.812875671386718750e+02 2.200934143066406250e+02
4.185259704589843750e+02 2.188093414306640625e+02 3.925759582519531250e+02 2.309235229492187500e+02
6.391893310546875000e+02 2.385626068115234375e+02 6.209586181640625000e+02 2.385107116699218750e+02
3.506485595703125000e+02 2.682733459472656250e+02 3.574507446289062500e+02 2.274283142089843750e+02
1.710932769775390625e+02 4.106078186035156250e+02 2.067178039550781250e+02 4.181837768554687500e+02
6.029116210937500000e+02 2.760979309082031250e+02 6.019609985351562500e+02 2.688571777343750000e+02
3.782032470703125000e+02 3.964252014160156250e+02 3.825363769531250000e+02 4.249247131347656250e+02
6.183965454101562500e+02 4.791802978515625000e+02 6.326901855468750000e+02 4.071633300781250000e+02
5.830679931640625000e+02 4.075568237304687500e+02 5.830776367187500000e+02 4.075526733398437500e+02
5.926150512695312500e+02 3.469154663085937500e+02 6.173975219726562500e+02 3.473514404296875000e+02
6.173990478515625000e+02 3.472471618652343750e+02 6.173993530273437500e+02 3.472471618652343750e+02
5.739735107421875000e+02 2.194681854248046875e+02 5.858560791015625000e+02 2.157070465087890625e+02
2.985775756835937500e+02 3.433595581054687500e+02 2.984989013671875000e+02 3.433628234863281250e+02
5.953541870117187500e+02 3.457333374023437500e+02 6.015396118164062500e+02 3.996501159667968750e+02
6.028292236328125000e+02 7.395939636230468750e+01 6.016114501953125000e+02 4.746880340576171875e+01
5.649250411987304688e+01 3.902910461425781250e+02 1.379568481445312500e+02 3.923032226562500000e+02
4.325394592285156250e+02 3.954755249023437500e+02 4.436232910156250000e+02 3.952818298339843750e+02
1.723269348144531250e+02 3.430522155761718750e+02 1.710932769775390625e+02 4.106078186035156250e+02
2.978525085449218750e+02 2.115777893066406250e+02 3.000360412597656250e+02 2.122039794921875000e+02
4.847724914550781250e+02 3.021685791015625000e+02 4.857937316894531250e+02 3.132351074218750000e+02
2.817084350585937500e+02 2.339648590087890625e+02 2.982444763183593750e+02 2.294131774902343750e+02
5.963792114257812500e+02 3.455627136230468750e+02 5.963840942382812500e+02 3.456006164550781250e+02
5.645021438598632812e+01 3.920031127929687500e+02 5.648619842529296875e+01 3.920032348632812500e+02
5.751683959960937500e+02 2.135494384765625000e+02 5.736666259765625000e+02 2.132462615966796875e+02
3.589537353515625000e+02 3.955122375488281250e+02 4.325390014648437500e+02 3.953119812011718750e+02
4.564407653808593750e+02 3.888387756347656250e+02 5.265050048828125000e+02 3.887217102050781250e+02
2.065778350830078125e+02 4.296193237304687500e+02 2.270826110839843750e+02 4.374283447265625000e+02
5.879706420898437500e+02 3.277252578735351562e+01 5.834029541015625000e+02 5.996174335479736328e+00
5.830679931640625000e+02 4.075568237304687500e+02 5.834200439453125000e+02 4.190265808105468750e+02
2.980684204101562500e+02 3.350303955078125000e+02 2.814262084960937500e+02 3.352329101562500000e+02
2.810856323242187500e+02 2.089688415527343750e+02 2.978525085449218750e+02 2.115777893066406250e+02
5.017972717285156250e+02 3.533620910644531250e+02 5.420227050781250000e+02 3.545836486816406250e+02
2.985101928710937500e+02 3.458576965332031250e+02 2.620137939453125000e+02 3.460227966308593750e+02
1.684741668701171875e+02 4.500778808593750000e+02 6.392275390625000000e+02 4.283207397460937500e+02
5.893306884765625000e+02 2.852904891967773438e+01 5.895893554687500000e+02 2.861195945739746094e+01
4.318013610839843750e+02 2.056741790771484375e+02 4.325879211425781250e+02 2.055475463867187500e+02
3.574507446289062500e+02 2.274283142089843750e+02 3.925759582519531250e+02 2.309235229492187500e+02
1.113998718261718750e+02 9.606284499168395996e-01 1.066791381835937500e+02 7.284130859375000000e+01
2.982669372558593750e+02 2.183726806640625000e+02 2.960023803710937500e+02 2.186021728515625000e+02
4.813284912109375000e+02 2.648479614257812500e+02 4.865843505859375000e+02 2.462601470947265625e+02
2.666010437011718750e+02 3.341598815917968750e+02 2.666758117675781250e+02 3.341652832031250000e+02
4.182965087890625000e+02 1.890120697021484375e+02 2.983684997558593750e+02 1.679587554931640625e+02
2.985241699218750000e+02 3.460659179687500000e+02 2.985121154785156250e+02 3.460660095214843750e+02
2.728029174804687500e+02 1.555525054931640625e+02 2.720135803222656250e+02 1.748874053955078125e+02
5.735860595703125000e+02 2.137522125244140625e+02 5.734529418945312500e+02 2.137310180664062500e+02
6.073859252929687500e+02 2.562146911621093750e+02 6.019609985351562500e+02 2.688571777343750000e+02
5.926303710937500000e+02 3.460458068847656250e+02 5.926466064453125000e+02 3.460464172363281250e+02
5.760568847656250000e+02 8.325849151611328125e+01 6.392328491210937500e+02 1.061372833251953125e+02
4.319254760742187500e+02 3.587351989746093750e+02 5.016179504394531250e+02 3.604887695312500000e+02
5.959714965820312500e+02 3.207377929687500000e+02 5.971785888671875000e+02 3.456449279785156250e+02
2.715395202636718750e+02 1.748433074951171875e+02 2.212656402587890625e+02 1.680342407226562500e+02
6.178107299804687500e+02 3.568851623535156250e+02 6.379642944335937500e+02 3.620615234375000000e+02
1.707775268554687500e+02 4.126635437011718750e+02 1.525840606689453125e+02 4.098691406250000000e+02
4.564407653808593750e+02 3.888387756347656250e+02 4.441540222167968750e+02 3.961712036132812500e+02
4.436900939941406250e+02 3.952482299804687500e+02 4.436232910156250000e+02 3.952818298339843750e+02
5.737956542968750000e+02 2.164081420898437500e+02 5.730192260742187500e+02 2.164532775878906250e+02
2.088321838378906250e+02 4.186170043945312500e+02 2.118247070312500000e+02 4.040119628906250000e+02
5.926466064453125000e+02 3.460466003417968750e+02 5.926571655273437500e+02 3.460471191406250000e+02
3.580378112792968750e+02 2.340060729980468750e+02 3.510375366210937500e+02 2.346308593750000000e+02
3.390941162109375000e+02 2.336171722412109375e+02 3.510155944824218750e+02 2.348440551757812500e+02
4.354342346191406250e+02 1.830005493164062500e+02 4.488276367187500000e+02 1.853103332519531250e+02
2.385037994384765625e+02 2.969708862304687500e+02 2.394810791015625000e+02 2.642709350585937500e+02
6.177148437500000000e+02 2.225109558105468750e+02 6.340909423828125000e+02 2.260760803222656250e+02
