638.029 278.508 406.991 291.849
394.994 292.848 354.976 294.382
403.999 294 404 383.005
413.795 372.999 413.908 353.005
486.798 366.029 484.93 353.01
436.057 394.752 414.033 396.435
474.954 354.78 428.982 356.518
20.9841 275.737 1.99321 276.888
444.026 342.616 407.007 344.161
472.991 367.829 427.013 370.243
399.001 383.008 399 266.004
83.9871 265 10 265
370.059 364 369.972 296
526.97 384.671 461.957 390.518
75.5508 300.053 72.5803 275.05
590.823 454.91 563.726 459.31
41.1861 285.012 40.914 266.001
351.789 295.097 90.2482 244.712
485.328 342 485.265 291
483.021 369.345 414.032 373.529
389.73 409.534 362.111 395.777
435.974 392.348 414.009 393.218
525.04 387.424 463.025 393.269
56.0001 283 55.9999 266
413.222 420.011 412.9 398.001
23.0035 171.937 1.01585 170.715
66.9847 202.174 28.9262 198.843
55.8853 253.418 29.1352 258.686
488.999 59.9962 489 159
199.263 139.051 202.236 245.988
543.916 377.554 530.815 380.018
356.821 73.5055 636.991 107.052
38.8545 301.007 39.06 277.001
83.9903 225.122 51.0405 222.492
454.96 386.638 439.923 388.309
584.994 466.048 559.009 462.922
373 96 373 76
426.497 99.8704 381.998 91.9955
402.079 100.1 379.899 98.1585
47.9993 223.724 0.999603 223.847
526.301 392.225 494.079 396.583
637.966 419.973 617.044 445.844
460.715 478.531 117.656 294.642
30.0505 293.01 33.1019 277.019
431.933 104.386 415.898 101.585
56.0073 248.707 27.025 247.989
87.6614 174.103 345.998 72.9986
21.9972 213.755 0.999912 213.992
543.337 477.175 413.632 419.825
571.927 99.0387 568.766 257.002
567.982 257.61 530.968 259.287
443.009 261 486.998 261
352.998 75.0015 353 291
341.999 296 342 389.002
332.753 373.552 250.648 336.781
544.912 365.386 495.011 354.931
450 416.652 430 416.652
86.0003 220 85.9999 180.001
402.765 427.923 376.915 421.333
277.999 99.9936 278 256.008
175.978 245 175.941 166
22.9353 284.604 2.0041 288.025
237 312 237 276
152.228 150.14 156.206 226.96
178.89 298.004 179.053 264
544.198 401.935 528.074 405.351
235.841 330.371 207.475 318.227
471.002 260 471 59
23.9946 255.907 1.01356 257.235
140.9 291 141.058 251
467.762 341.968 469.013 294
292 344.211 274 344.211
638.305 425.257 621.869 444.733
390.998 102.098 374.985 101.784
637.986 364.106 593.108 358.182
636.994 73.037 356.135 28.1521
105.297 241.976 103.025 213.998
402.774 396.8 371.968 388.113
348.118 395.492 307.233 385.998
533.822 402.491 454.861 411.822
449.683 478.581 265.483 378.114
337.998 78.0007 338 251
83.9917 246.785 64.9814 247.516
387 395.997 370.021 397.283
634.88 418.372 594.253 405.218
428.958 106.433 405.982 104.183
46 252 31 252
103.771 281.978 102.811 249.005
394.366 383.265 379.559 375.884
348.624 35.2327 85.9945 163.989
348.998 40 349 261
239.707 180.995 240.763 114.996
227.937 120.343 235.203 250.969
138.999 155.996 139 239.003
395.865 377.349 381.135 371.651
515.972 390.699 491.992 392.91
606.292 442.916 562.699 426.814
443.178 105.013 442.935 90.0011
178.704 305.652 149.772 292.502
125.402 238.01 124.157 160.981
388.883 412.999 389.005 397
638.038 125.629 600.03 121.705
126.677 180.978 128.273 157.95
113.192 199.994 112.194 165.965
351 73 351 169
235.132 184.992 214.106 187.794
22.979 247.652 0.998873 248.981
114.854 276.007 115.069 251.001
111.498 298.996 77.8443 282.298
602.285 414.986 571.005 424.017
461.985 107.136 444.967 105.304
489.977 110.278 524.984 113.211
462.933 119.833 420.048 116.399
194.907 181.999 195.208 152.992
94.997 243.873 2.00076 246.033
77.9715 307.567 27.947 305.056
351.288 37.8769 424.991 49.0663
560.684 155.003 560.825 118.003
462.992 231.795 442.983 232.547
467.001 258.988 467 89.9973
109 278 109 257
351.999 270 352 393
510.025 352.619 492.036 351.445
561.055 117.536 548.001 115.993
339.869 263.244 206.116 247.955
71.9604 305.447 40.9377 302.704
461.037 339 460.919 292.998
298.535 387.979 280.299 378.429
456.908 383.355 438.849 385.943
532.561 476.787 419.281 424.393
399.965 114.377 376.975 112.269
400 173 373 173
95.0001 223 94.9999 207
79.0224 241.762 27.0086 243.293
560.024 255 559.875 239.001
144.11 294 144.122 260
182.848 310.999 183.067 265
638.07 327.122 623.306 335.537
605.937 358.366 546.033 364.335
598.901 403.781 569.585 417.085
354.897 41.7798 470.998 58.0043
219 144 219 131
170.058 190 169.86 164.993
22.9864 242.777 2.00344 244.056
349.971 271.233 284.971 263.232
134.993 285.883 112.017 287.283
637.908 327.003 638.046 286
599.966 325.48 564.986 327.785
401.708 291.004 402.701 100.004
186 192.01 186 141.985
244.287 287.985 243.259 336.006
251.043 330.025 252.268 279.006
339.002 355.203 315.004 355.441
550.054 369.392 524.987 367.15
520.99 369.819 495.016 371.291
385.662 418.185 319.873 399.445
349.677 41.3211 88.6975 165.364
638.462 75.8576 374.005 37.9832
441 102 441 88
560.972 129.302 489.041 122.562
462.995 176.138 424.008 174.76
118.22 291.008 117.824 252.991
208.03 299.917 192.85 294.413
227.303 371.139 84.6631 283.916
375.277 418.033 324.832 403.587
35.8768 54.1657 17.9718 56.809
337.874 115.553 297.022 127.078
212.999 132 213 245
233.118 145.386 214.064 151.209
163.999 150.981 164 224.999
338.984 324.896 318.988 327.918
596.994 328.92 569.002 331.025
348.833 39.6411 287.993 67.9859
377.827 43.2995 485.981 58.1379
205.933 184 206.133 129.997
389.997 175.179 373.001 174.91
489.061 176.69 556.991 180.207
637.002 182 585.002 182
279.999 255.095 346.999 262.013
636.977 255.499 584.022 258.241
484.042 267.084 637.995 260.895
361.037 268.964 501.996 262.921
302.351 332.955 252.83 316.511
266.828 379.66 218.707 367.124
637.004 400.958 613.01 398.88
177.123 68.0587 135.91 62.6936
331.019 87.0542 291.419 101.175
543 100 543 112
274.024 108.07 249.233 116.671
637.023 136.812 585.004 131.919
338.014 174.109 299.997 178.98
319.013 174.133 280.982 177.809
416 233.001 393.001 232.89
527.003 258.939 503.01 257.785
405.004 259 634.996 259
351.223 256.712 452.741 265.217
503.95 446.837 479.976 445.395
356.924 35.5368 471.994 52.0168
476.643 53.221 614.999 77.9888
570.157 71.8611 428.002 51.9958
288.09 61.1839 245.075 82.1548
198 181 198 163
350.03 167.425 399.989 170.204
372.993 171.196 352.983 170.433
42.0085 204.946 29.9905 203.06
68.9992 226 0 226
538 232 506 232
276.844 327.422 254.006 318.985
111.975 349.724 89.0675 351.759
638.003 398.365 613.004 398.229
574.054 73.6677 637.989 84.063
396.082 82.2007 440.105 87.0701
373 114 373 144
221 146 221 129
265.042 136.153 247.97 140.893
637.009 189.824 617.013 188.763
276.003 230.918 248.012 229.722
346.999 262.013 308.003 257.987
521.772 262.471 441.987 255.787
122.293 279.013 121.867 255.002
94.3878 275.026 93.2126 246.991
148.573 290.972 150.189 266.012
113.954 278.629 89.9491 281.587
70.058 299.431 57.0245 301.182
278.078 394.366 259.092 398.431
531.707 478.639 480.03 454.934
636.843 81.8992 587.011 72.9786
446.961 119.988 421.002 118.954
583.999 131.995 584 225
131.83 237 131.812 164
293.908 178.795 237.01 183.136
405.855 133.998 405.252 175.004
146 173.001 146 225.016
489.178 229.013 488.935 214.001
338.004 232.851 298.009 231.695
393 251 393 233
198 247.002 183.017 245.786
135.988 291.972 116.991 291.728
189.474 310.095 186.177 291.788
320.393 316.384 307.051 330.049
284.134 391.083 252.992 394.935
531.031 408.206 422.199 424.344
524.017 454.115 505.121 456.838
287.67 478.392 125.113 341.865
282.106 479.058 122.984 343.019
530.065 21.2365 481.198 34.7186
285.882 195 286.213 99.9973
374.113 107.125 459.984 117.066
336.98 112.929 295.219 124.774
559.968 126.327 507.973 121.283
275.915 130.679 248.268 138.011
158.848 170.998 159.076 150.001
119 168.005 119 234.997
260.987 183.879 250.006 185.053
60.9865 205.25 38.9966 204.062
295.001 254.011 295 109
89.0049 230 2.00005 230
348.924 268.591 250.015 255.886
469.997 266.911 344.051 271.413
637.989 134.097 596.932 129.624
226.833 176.997 227.435 140.991
108.587 235.002 108.731 183.999
248.001 249 248 122.998
523 235 523 211
637.966 227.759 608.128 231.921
441.11 238.003 440.637 256.017
416.805 259.013 417.074 242.001
616.012 255.554 590.005 254.83
188.912 291.997 189.823 266.994
325.389 315.345 309.848 329.837
201.975 360.018 178.989 359.463
294.033 398.891 276.131 393.56
572.935 402.448 542.993 405.944
523.012 457.096 502.958 459.676
574.988 478.044 550.883 471.426
399.167 84.6736 459.991 93.045
508.083 95.3732 541.994 100.042
195.352 106.7 127.035 141.07
629.013 180.74 566.024 177.528
611 185 611 203
230 229 213 229
461 229.073 420.995 228.829
491 229 557 229
610.945 252.995 610.815 229.001
624.961 251.145 585.997 252.943
257.14 257.3 197.004 251.957
348.146 383.678 313.112 367.754
468.122 477.769 396.144 439.727
426 80 426 55
473 83 473 62
520.008 99.9356 492.933 96.5352
266 133 266 117
59.0096 129.851 20.9742 127.401
524.043 127.001 523.242 154.007
460.998 173.036 420.954 170.825
307.086 252.999 306.804 226.991
499.237 307.014 500.209 290.012
92.9903 319.823 47.0194 322.352
572.956 404.699 474.026 419.176
569 95 569 75
320 143 320 121
98.7823 212.993 99.4369 193.981
448.966 256.236 405.055 258.219
99.0267 321.322 55.9909 324.89
586 100 586 79
304.77 123.012 305.122 101.002
216.914 167.998 217.229 157.007
53.9967 209.262 28.0008 208.939
177.987 247.199 134.974 244.406
542.015 254.444 526.999 254.956
371.519 296.037 372.251 266.006
564.769 152.997 565.386 104.005
102.96 152.571 78.9384 150.871
388.019 228.757 374.003 229.109
563.628 253.995 564.522 179.994
