3.697500000000000000e+02 1.175000000000000000e+01 3.712500000000000000e+02 2.025000000000000000e+01
3.712500000000000000e+02 2.075000000000000000e+01 3.712500000000000000e+02 3.475000000000000000e+01
3.717500000000000000e+02 3.325000000000000000e+01 3.722500000000000000e+02 5.675000000000000000e+01
3.727500000000000000e+02 5.575000000000000000e+01 3.442500000000000000e+02 6.025000000000000000e+01
3.717500000000000000e+02 5.675000000000000000e+01 3.707500000000000000e+02 8.375000000000000000e+01
2.960000000000000000e+02 5.875000000000000000e+01 2.957500000000000000e+02 6.775000000000000000e+01
3.442500000000000000e+02 5.975000000000000000e+01 2.957500000000000000e+02 6.750000000000000000e+01
1.522500000000000000e+02 7.325000000000000000e+01 1.647500000000000000e+02 7.375000000000000000e+01
1.532500000000000000e+02 7.375000000000000000e+01 1.365000000000000000e+02 7.675000000000000000e+01
1.367500000000000000e+02 7.625000000000000000e+01 1.257500000000000000e+02 7.825000000000000000e+01
3.702500000000000000e+02 8.225000000000000000e+01 3.702500000000000000e+02 9.225000000000000000e+01
3.552500000000000000e+02 8.525000000000000000e+01 3.462500000000000000e+02 8.650000000000000000e+01
3.477500000000000000e+02 8.675000000000000000e+01 3.255000000000000000e+02 9.075000000000000000e+01
3.462500000000000000e+02 8.725000000000000000e+01 3.462500000000000000e+02 1.062500000000000000e+02
1.117500000000000000e+02 9.025000000000000000e+01 1.122500000000000000e+02 1.027500000000000000e+02
3.257500000000000000e+02 9.025000000000000000e+01 2.987500000000000000e+02 9.425000000000000000e+01
3.697500000000000000e+02 9.325000000000000000e+01 3.987500000000000000e+02 1.127500000000000000e+02
3.702500000000000000e+02 9.325000000000000000e+01 3.697500000000000000e+02 1.107500000000000000e+02
2.975000000000000000e+02 9.425000000000000000e+01 2.812500000000000000e+02 9.725000000000000000e+01
1.367500000000000000e+02 9.575000000000000000e+01 1.222500000000000000e+02 1.002500000000000000e+02
2.822500000000000000e+02 9.625000000000000000e+01 2.817500000000000000e+02 1.055000000000000000e+02
2.825000000000000000e+02 9.675000000000000000e+01 2.672500000000000000e+02 9.975000000000000000e+01
2.677500000000000000e+02 9.925000000000000000e+01 2.682500000000000000e+02 1.087500000000000000e+02
1.232500000000000000e+02 9.950000000000000000e+01 1.117500000000000000e+02 1.022500000000000000e+02
2.687500000000000000e+02 9.950000000000000000e+01 2.247500000000000000e+02 1.067500000000000000e+02
3.242500000000000000e+02 9.975000000000000000e+01 2.802500000000000000e+02 1.052500000000000000e+02
1.115000000000000000e+02 1.022500000000000000e+02 7.500000000000000000e-01 1.247500000000000000e+02
2.815000000000000000e+02 1.052500000000000000e+02 2.787500000000000000e+02 1.177500000000000000e+02
2.817500000000000000e+02 1.052500000000000000e+02 2.687500000000000000e+02 1.077500000000000000e+02
3.462500000000000000e+02 1.062500000000000000e+02 3.457500000000000000e+02 1.297500000000000000e+02
2.247500000000000000e+02 1.067500000000000000e+02 2.102500000000000000e+02 1.095000000000000000e+02
2.677500000000000000e+02 1.077500000000000000e+02 2.657500000000000000e+02 1.187500000000000000e+02
3.697500000000000000e+02 1.092500000000000000e+02 3.997500000000000000e+02 1.282500000000000000e+02
3.697500000000000000e+02 1.092500000000000000e+02 3.697500000000000000e+02 1.337500000000000000e+02
2.107500000000000000e+02 1.095000000000000000e+02 1.987500000000000000e+02 1.115000000000000000e+02
1.982500000000000000e+02 1.102500000000000000e+02 1.977500000000000000e+02 1.297500000000000000e+02
1.997500000000000000e+02 1.112500000000000000e+02 1.842500000000000000e+02 1.137500000000000000e+02
3.972500000000000000e+02 1.117500000000000000e+02 4.222500000000000000e+02 1.282500000000000000e+02
1.852500000000000000e+02 1.122500000000000000e+02 1.847500000000000000e+02 1.287500000000000000e+02
3.977500000000000000e+02 1.122500000000000000e+02 3.982500000000000000e+02 1.287500000000000000e+02
1.852500000000000000e+02 1.132500000000000000e+02 1.712500000000000000e+02 1.157500000000000000e+02
1.727500000000000000e+02 1.155000000000000000e+02 1.595000000000000000e+02 1.175000000000000000e+02
2.772500000000000000e+02 1.162500000000000000e+02 2.642500000000000000e+02 1.182500000000000000e+02
2.787500000000000000e+02 1.162500000000000000e+02 2.787500000000000000e+02 1.387500000000000000e+02
1.607500000000000000e+02 1.172500000000000000e+02 1.472500000000000000e+02 1.202500000000000000e+02
2.652500000000000000e+02 1.172500000000000000e+02 2.647500000000000000e+02 1.397500000000000000e+02
2.657500000000000000e+02 1.182500000000000000e+02 2.062500000000000000e+02 1.292500000000000000e+02
3.982500000000000000e+02 1.272500000000000000e+02 4.287500000000000000e+02 1.455000000000000000e+02
3.987500000000000000e+02 1.272500000000000000e+02 3.997500000000000000e+02 1.482500000000000000e+02
5.245000000000000000e+02 1.275000000000000000e+02 5.265000000000000000e+02 1.707500000000000000e+02
2.067500000000000000e+02 1.282500000000000000e+02 1.975000000000000000e+02 1.292500000000000000e+02
3.457500000000000000e+02 1.282500000000000000e+02 3.447500000000000000e+02 1.547500000000000000e+02
1.842500000000000000e+02 1.287500000000000000e+02 1.852500000000000000e+02 1.517500000000000000e+02
3.467500000000000000e+02 1.287500000000000000e+02 3.282500000000000000e+02 1.317500000000000000e+02
1.977500000000000000e+02 1.297500000000000000e+02 1.402500000000000000e+02 1.397500000000000000e+02
3.297500000000000000e+02 1.315000000000000000e+02 3.127500000000000000e+02 1.335000000000000000e+02
3.300000000000000000e+02 1.320000000000000000e+02 3.297500000000000000e+02 1.557500000000000000e+02
3.695000000000000000e+02 1.325000000000000000e+02 4.007500000000000000e+02 1.492500000000000000e+02
3.132500000000000000e+02 1.332500000000000000e+02 3.127500000000000000e+02 1.577500000000000000e+02
3.137500000000000000e+02 1.332500000000000000e+02 2.967500000000000000e+02 1.352500000000000000e+02
2.977500000000000000e+02 1.352500000000000000e+02 2.772500000000000000e+02 1.377500000000000000e+02
2.787500000000000000e+02 1.372500000000000000e+02 2.787500000000000000e+02 1.617500000000000000e+02
2.787500000000000000e+02 1.387500000000000000e+02 2.642500000000000000e+02 1.392500000000000000e+02
2.642500000000000000e+02 1.392500000000000000e+02 2.642500000000000000e+02 1.637500000000000000e+02
3.375000000000000000e+01 1.397500000000000000e+02 7.500000000000000000e-01 1.445000000000000000e+02
2.657500000000000000e+02 1.397500000000000000e+02 2.517500000000000000e+02 1.412500000000000000e+02
2.527500000000000000e+02 1.412500000000000000e+02 2.362500000000000000e+02 1.432500000000000000e+02
2.377500000000000000e+02 1.427500000000000000e+02 2.225000000000000000e+02 1.452500000000000000e+02
2.377500000000000000e+02 1.432500000000000000e+02 2.367500000000000000e+02 1.662500000000000000e+02
4.272500000000000000e+02 1.442500000000000000e+02 4.507500000000000000e+02 1.592500000000000000e+02
4.277500000000000000e+02 1.442500000000000000e+02 4.287500000000000000e+02 1.627500000000000000e+02
2.237500000000000000e+02 1.447500000000000000e+02 2.062500000000000000e+02 1.482500000000000000e+02
1.207500000000000000e+02 1.472500000000000000e+02 1.207500000000000000e+02 1.607500000000000000e+02
2.077500000000000000e+02 1.472500000000000000e+02 2.082500000000000000e+02 1.697500000000000000e+02
2.077500000000000000e+02 1.477500000000000000e+02 1.957500000000000000e+02 1.502500000000000000e+02
3.997500000000000000e+02 1.482500000000000000e+02 3.997500000000000000e+02 1.802500000000000000e+02
3.992500000000000000e+02 1.485000000000000000e+02 4.287500000000000000e+02 1.625000000000000000e+02
1.962500000000000000e+02 1.492500000000000000e+02 1.957500000000000000e+02 1.717500000000000000e+02
1.967500000000000000e+02 1.495000000000000000e+02 1.842500000000000000e+02 1.507500000000000000e+02
1.852500000000000000e+02 1.502500000000000000e+02 1.847500000000000000e+02 1.722500000000000000e+02
1.857500000000000000e+02 1.505000000000000000e+02 1.692500000000000000e+02 1.532500000000000000e+02
1.702500000000000000e+02 1.522500000000000000e+02 1.697500000000000000e+02 1.737500000000000000e+02
1.692500000000000000e+02 1.527500000000000000e+02 1.432500000000000000e+02 1.562500000000000000e+02
3.452500000000000000e+02 1.532500000000000000e+02 3.447500000000000000e+02 1.767500000000000000e+02
3.457500000000000000e+02 1.535000000000000000e+02 3.302500000000000000e+02 1.555000000000000000e+02
2.975000000000000000e+01 1.552500000000000000e+02 2.875000000000000000e+01 1.737500000000000000e+02
3.297500000000000000e+02 1.555000000000000000e+02 3.122500000000000000e+02 1.575000000000000000e+02
3.075000000000000000e+01 1.557500000000000000e+02 7.500000000000000000e-01 1.592500000000000000e+02
6.625000000000000000e+01 1.557500000000000000e+02 6.575000000000000000e+01 1.687500000000000000e+02
3.132500000000000000e+02 1.562500000000000000e+02 3.127500000000000000e+02 1.957500000000000000e+02
1.437500000000000000e+02 1.565000000000000000e+02 1.352500000000000000e+02 1.577500000000000000e+02
3.137500000000000000e+02 1.572500000000000000e+02 2.977500000000000000e+02 1.592500000000000000e+02
4.497500000000000000e+02 1.582500000000000000e+02 4.512500000000000000e+02 1.727500000000000000e+02
1.342500000000000000e+02 1.587500000000000000e+02 1.202500000000000000e+02 1.592500000000000000e+02
4.492500000000000000e+02 1.587500000000000000e+02 4.717500000000000000e+02 1.727500000000000000e+02
1.202500000000000000e+02 1.592500000000000000e+02 1.202500000000000000e+02 1.772500000000000000e+02
1.217500000000000000e+02 1.595000000000000000e+02 8.825000000000000000e+01 1.642500000000000000e+02
2.967500000000000000e+02 1.595000000000000000e+02 2.782500000000000000e+02 1.615000000000000000e+02
2.787500000000000000e+02 1.605000000000000000e+02 2.792500000000000000e+02 1.977500000000000000e+02
2.797500000000000000e+02 1.612500000000000000e+02 2.632500000000000000e+02 1.632500000000000000e+02
2.642500000000000000e+02 1.622500000000000000e+02 2.637500000000000000e+02 1.987500000000000000e+02
2.647500000000000000e+02 1.627500000000000000e+02 2.512500000000000000e+02 1.642500000000000000e+02
8.825000000000000000e+01 1.647500000000000000e+02 7.925000000000000000e+01 1.657500000000000000e+02
2.512500000000000000e+02 1.647500000000000000e+02 2.362500000000000000e+02 1.652500000000000000e+02
2.372500000000000000e+02 1.652500000000000000e+02 2.357500000000000000e+02 2.007500000000000000e+02
2.372500000000000000e+02 1.655000000000000000e+02 2.222500000000000000e+02 1.675000000000000000e+02
7.975000000000000000e+01 1.662500000000000000e+02 6.675000000000000000e+01 1.672500000000000000e+02
6.625000000000000000e+01 1.672500000000000000e+02 6.575000000000000000e+01 1.847500000000000000e+02
2.235000000000000000e+02 1.672500000000000000e+02 2.082500000000000000e+02 1.692500000000000000e+02
6.625000000000000000e+01 1.677500000000000000e+02 3.625000000000000000e+01 1.717500000000000000e+02
2.082500000000000000e+02 1.682500000000000000e+02 2.080000000000000000e+02 2.040000000000000000e+02
2.097500000000000000e+02 1.687500000000000000e+02 1.947500000000000000e+02 1.712500000000000000e+02
1.957500000000000000e+02 1.702500000000000000e+02 1.937500000000000000e+02 2.057500000000000000e+02
1.957500000000000000e+02 1.707500000000000000e+02 1.842500000000000000e+02 1.712500000000000000e+02
5.267500000000000000e+02 1.707500000000000000e+02 5.272500000000000000e+02 1.917500000000000000e+02
1.842500000000000000e+02 1.712500000000000000e+02 1.837500000000000000e+02 2.077500000000000000e+02
1.857500000000000000e+02 1.715000000000000000e+02 1.692500000000000000e+02 1.727500000000000000e+02
3.750000000000000000e+01 1.717500000000000000e+02 2.825000000000000000e+01 1.732500000000000000e+02
1.697500000000000000e+02 1.722500000000000000e+02 1.687500000000000000e+02 2.067500000000000000e+02
2.825000000000000000e+01 1.727500000000000000e+02 2.500000000000000000e-01 1.762500000000000000e+02
1.707500000000000000e+02 1.727500000000000000e+02 1.442500000000000000e+02 1.757500000000000000e+02
4.717500000000000000e+02 1.727500000000000000e+02 4.722500000000000000e+02 1.822500000000000000e+02
4.717500000000000000e+02 1.732500000000000000e+02 4.882500000000000000e+02 1.827500000000000000e+02
2.825000000000000000e+01 1.737500000000000000e+02 2.775000000000000000e+01 1.887500000000000000e+02
1.332500000000000000e+02 1.752500000000000000e+02 1.327500000000000000e+02 2.097500000000000000e+02
3.447500000000000000e+02 1.752500000000000000e+02 3.447500000000000000e+02 1.937500000000000000e+02
1.337500000000000000e+02 1.757500000000000000e+02 1.192500000000000000e+02 1.785000000000000000e+02
1.447500000000000000e+02 1.757500000000000000e+02 1.322500000000000000e+02 1.762500000000000000e+02
1.202500000000000000e+02 1.772500000000000000e+02 1.192500000000000000e+02 2.107500000000000000e+02
1.207500000000000000e+02 1.787500000000000000e+02 1.107500000000000000e+02 1.792500000000000000e+02
4.002500000000000000e+02 1.817500000000000000e+02 4.002500000000000000e+02 2.417500000000000000e+02
4.887500000000000000e+02 1.822500000000000000e+02 4.890000000000000000e+02 1.970000000000000000e+02
6.575000000000000000e+01 1.832500000000000000e+02 6.425000000000000000e+01 2.157500000000000000e+02
2.725000000000000000e+01 1.882500000000000000e+02 2.525000000000000000e+01 2.172500000000000000e+02
2.775000000000000000e+01 1.887500000000000000e+02 1.150000000000000000e+01 1.912500000000000000e+02
5.137500000000000000e+02 1.897500000000000000e+02 5.277500000000000000e+02 1.912500000000000000e+02
5.275000000000000000e+02 1.907500000000000000e+02 5.305000000000000000e+02 2.212500000000000000e+02
5.262500000000000000e+02 1.912500000000000000e+02 5.927500000000000000e+02 1.932500000000000000e+02
3.442500000000000000e+02 1.922500000000000000e+02 3.572500000000000000e+02 1.922500000000000000e+02
3.447500000000000000e+02 1.925000000000000000e+02 3.447500000000000000e+02 2.347500000000000000e+02
3.457500000000000000e+02 1.927500000000000000e+02 3.282500000000000000e+02 1.937500000000000000e+02
5.922500000000000000e+02 1.932500000000000000e+02 5.917500000000000000e+02 2.017500000000000000e+02
5.922500000000000000e+02 1.935000000000000000e+02 6.157500000000000000e+02 1.942500000000000000e+02
3.287500000000000000e+02 1.937500000000000000e+02 3.112500000000000000e+02 1.947500000000000000e+02
3.127500000000000000e+02 1.947500000000000000e+02 2.782500000000000000e+02 1.972500000000000000e+02
3.127500000000000000e+02 1.947500000000000000e+02 3.117500000000000000e+02 2.357500000000000000e+02
2.792500000000000000e+02 1.962500000000000000e+02 2.787500000000000000e+02 2.367500000000000000e+02
2.797500000000000000e+02 1.967500000000000000e+02 2.632500000000000000e+02 1.982500000000000000e+02
2.637500000000000000e+02 1.972500000000000000e+02 2.627500000000000000e+02 2.377500000000000000e+02
2.647500000000000000e+02 1.982500000000000000e+02 2.352500000000000000e+02 2.002500000000000000e+02
2.362500000000000000e+02 1.992500000000000000e+02 2.352500000000000000e+02 2.387500000000000000e+02
2.367500000000000000e+02 2.002500000000000000e+02 2.082500000000000000e+02 2.035000000000000000e+02
2.082500000000000000e+02 2.027500000000000000e+02 2.067500000000000000e+02 2.407500000000000000e+02
5.912500000000000000e+02 2.027500000000000000e+02 5.907500000000000000e+02 2.417500000000000000e+02
2.097500000000000000e+02 2.032500000000000000e+02 1.935000000000000000e+02 2.052500000000000000e+02
1.942500000000000000e+02 2.042500000000000000e+02 1.937500000000000000e+02 2.272500000000000000e+02
1.947500000000000000e+02 2.052500000000000000e+02 1.832500000000000000e+02 2.062500000000000000e+02
1.687500000000000000e+02 2.055000000000000000e+02 1.677500000000000000e+02 2.417500000000000000e+02
1.682500000000000000e+02 2.062500000000000000e+02 1.847500000000000000e+02 2.062500000000000000e+02
1.682500000000000000e+02 2.067500000000000000e+02 1.322500000000000000e+02 2.082500000000000000e+02
1.697500000000000000e+02 2.067500000000000000e+02 1.442500000000000000e+02 2.072500000000000000e+02
1.457500000000000000e+02 2.077500000000000000e+02 1.322500000000000000e+02 2.082500000000000000e+02
1.327500000000000000e+02 2.082500000000000000e+02 1.307500000000000000e+02 2.307500000000000000e+02
1.192500000000000000e+02 2.092500000000000000e+02 1.187500000000000000e+02 2.292500000000000000e+02
1.332500000000000000e+02 2.097500000000000000e+02 1.182500000000000000e+02 2.102500000000000000e+02
1.197500000000000000e+02 2.102500000000000000e+02 1.095000000000000000e+02 2.112500000000000000e+02
7.625000000000000000e+01 2.142500000000000000e+02 7.575000000000000000e+01 2.332500000000000000e+02
7.675000000000000000e+01 2.147500000000000000e+02 6.325000000000000000e+01 2.152500000000000000e+02
4.050000000000000000e+01 2.167500000000000000e+02 2.425000000000000000e+01 2.187500000000000000e+02
2.575000000000000000e+01 2.175000000000000000e+02 2.375000000000000000e+01 2.487500000000000000e+02
5.307500000000000000e+02 2.212500000000000000e+02 5.317500000000000000e+02 2.337500000000000000e+02
1.942500000000000000e+02 2.262500000000000000e+02 1.937500000000000000e+02 2.417500000000000000e+02
1.302500000000000000e+02 2.302500000000000000e+02 1.302500000000000000e+02 2.422500000000000000e+02
1.092500000000000000e+02 2.307500000000000000e+02 1.087500000000000000e+02 2.447500000000000000e+02
5.312500000000000000e+02 2.322500000000000000e+02 5.322500000000000000e+02 2.597500000000000000e+02
7.525000000000000000e+01 2.332500000000000000e+02 7.525000000000000000e+01 2.457500000000000000e+02
3.442500000000000000e+02 2.332500000000000000e+02 3.442500000000000000e+02 2.607500000000000000e+02
3.127500000000000000e+02 2.345000000000000000e+02 2.772500000000000000e+02 2.365000000000000000e+02
3.122500000000000000e+02 2.347500000000000000e+02 3.122500000000000000e+02 2.607500000000000000e+02
3.442500000000000000e+02 2.347500000000000000e+02 3.577500000000000000e+02 2.362500000000000000e+02
3.457500000000000000e+02 2.347500000000000000e+02 3.112500000000000000e+02 2.352500000000000000e+02
2.787500000000000000e+02 2.352500000000000000e+02 2.792500000000000000e+02 2.607500000000000000e+02
2.632500000000000000e+02 2.362500000000000000e+02 2.627500000000000000e+02 2.607500000000000000e+02
3.565000000000000000e+02 2.362500000000000000e+02 3.697500000000000000e+02 2.377500000000000000e+02
2.787500000000000000e+02 2.367500000000000000e+02 2.622500000000000000e+02 2.372500000000000000e+02
2.347500000000000000e+02 2.372500000000000000e+02 2.352500000000000000e+02 2.607500000000000000e+02
2.357500000000000000e+02 2.375000000000000000e+02 2.062500000000000000e+02 2.402500000000000000e+02
2.357500000000000000e+02 2.377500000000000000e+02 1.925000000000000000e+02 2.405000000000000000e+02
2.637500000000000000e+02 2.377500000000000000e+02 2.342500000000000000e+02 2.382500000000000000e+02
3.692500000000000000e+02 2.377500000000000000e+02 3.892500000000000000e+02 2.397500000000000000e+02
3.692500000000000000e+02 2.377500000000000000e+02 3.687500000000000000e+02 2.597500000000000000e+02
2.075000000000000000e+02 2.392500000000000000e+02 2.045000000000000000e+02 2.617500000000000000e+02
2.077500000000000000e+02 2.397500000000000000e+02 1.922500000000000000e+02 2.402500000000000000e+02
3.897500000000000000e+02 2.397500000000000000e+02 4.007500000000000000e+02 2.407500000000000000e+02
1.937500000000000000e+02 2.402500000000000000e+02 1.672500000000000000e+02 2.407500000000000000e+02
1.687500000000000000e+02 2.407500000000000000e+02 1.432500000000000000e+02 2.427500000000000000e+02
5.912500000000000000e+02 2.407500000000000000e+02 6.162500000000000000e+02 2.447500000000000000e+02
1.297500000000000000e+02 2.422500000000000000e+02 1.277500000000000000e+02 2.692500000000000000e+02
1.292500000000000000e+02 2.427500000000000000e+02 1.447500000000000000e+02 2.427500000000000000e+02
1.307500000000000000e+02 2.427500000000000000e+02 1.097500000000000000e+02 2.437500000000000000e+02
1.092500000000000000e+02 2.442500000000000000e+02 8.775000000000000000e+01 2.447500000000000000e+02
8.750000000000000000e+01 2.447500000000000000e+02 7.575000000000000000e+01 2.457500000000000000e+02
7.575000000000000000e+01 2.452500000000000000e+02 7.250000000000000000e+01 2.877500000000000000e+02
7.450000000000000000e+01 2.457500000000000000e+02 5.625000000000000000e+01 2.467500000000000000e+02
3.725000000000000000e+01 2.462500000000000000e+02 3.575000000000000000e+01 2.667500000000000000e+02
5.775000000000000000e+01 2.465000000000000000e+02 3.725000000000000000e+01 2.477500000000000000e+02
3.725000000000000000e+01 2.472500000000000000e+02 2.350000000000000000e+01 2.482500000000000000e+02
2.475000000000000000e+01 2.477500000000000000e+02 1.075000000000000000e+01 2.487500000000000000e+02
7.500000000000000000e-01 2.487500000000000000e+02 1.075000000000000000e+01 2.487500000000000000e+02
5.327500000000000000e+02 2.582500000000000000e+02 5.347500000000000000e+02 2.842500000000000000e+02
3.697500000000000000e+02 2.587500000000000000e+02 3.442500000000000000e+02 2.592500000000000000e+02
2.627500000000000000e+02 2.592500000000000000e+02 2.632500000000000000e+02 2.747500000000000000e+02
2.787500000000000000e+02 2.592500000000000000e+02 2.792500000000000000e+02 2.737500000000000000e+02
2.797500000000000000e+02 2.592500000000000000e+02 2.622500000000000000e+02 2.602500000000000000e+02
3.127500000000000000e+02 2.592500000000000000e+02 3.117500000000000000e+02 2.745000000000000000e+02
3.442500000000000000e+02 2.592500000000000000e+02 3.442500000000000000e+02 2.702500000000000000e+02
3.682500000000000000e+02 2.592500000000000000e+02 3.682500000000000000e+02 2.722500000000000000e+02
2.347500000000000000e+02 2.595000000000000000e+02 2.357500000000000000e+02 2.742500000000000000e+02
3.457500000000000000e+02 2.597500000000000000e+02 3.122500000000000000e+02 2.602500000000000000e+02
2.042500000000000000e+02 2.612500000000000000e+02 2.037500000000000000e+02 2.732500000000000000e+02
1.682500000000000000e+02 2.617500000000000000e+02 1.677500000000000000e+02 2.747500000000000000e+02
3.625000000000000000e+01 2.657500000000000000e+02 3.575000000000000000e+01 2.752500000000000000e+02
3.675000000000000000e+01 2.657500000000000000e+02 2.425000000000000000e+01 2.662500000000000000e+02
2.525000000000000000e+01 2.662500000000000000e+02 2.475000000000000000e+01 2.757500000000000000e+02
1.282500000000000000e+02 2.682500000000000000e+02 1.272500000000000000e+02 2.877500000000000000e+02
1.287500000000000000e+02 2.697500000000000000e+02 1.072500000000000000e+02 2.717500000000000000e+02
1.082500000000000000e+02 2.702500000000000000e+02 1.077500000000000000e+02 2.877500000000000000e+02
1.087500000000000000e+02 2.707500000000000000e+02 7.925000000000000000e+01 2.717500000000000000e+02
3.442500000000000000e+02 2.717500000000000000e+02 3.437500000000000000e+02 2.877500000000000000e+02
8.075000000000000000e+01 2.722500000000000000e+02 5.475000000000000000e+01 2.755000000000000000e+02
2.792500000000000000e+02 2.722500000000000000e+02 2.782500000000000000e+02 2.877500000000000000e+02
3.682500000000000000e+02 2.722500000000000000e+02 3.682500000000000000e+02 2.872500000000000000e+02
2.782500000000000000e+02 2.727500000000000000e+02 3.127500000000000000e+02 2.742500000000000000e+02
2.797500000000000000e+02 2.727500000000000000e+02 2.622500000000000000e+02 2.732500000000000000e+02
1.427500000000000000e+02 2.732500000000000000e+02 1.427500000000000000e+02 2.877500000000000000e+02
1.672500000000000000e+02 2.732500000000000000e+02 1.667500000000000000e+02 2.877500000000000000e+02
1.907500000000000000e+02 2.732500000000000000e+02 2.047500000000000000e+02 2.732500000000000000e+02
2.032500000000000000e+02 2.732500000000000000e+02 2.042500000000000000e+02 2.877500000000000000e+02
2.632500000000000000e+02 2.732500000000000000e+02 2.622500000000000000e+02 2.877500000000000000e+02
3.122500000000000000e+02 2.732500000000000000e+02 3.117500000000000000e+02 2.867500000000000000e+02
1.422500000000000000e+02 2.737500000000000000e+02 1.677500000000000000e+02 2.747500000000000000e+02
1.662500000000000000e+02 2.737500000000000000e+02 1.917500000000000000e+02 2.742500000000000000e+02
1.912500000000000000e+02 2.737500000000000000e+02 1.892500000000000000e+02 2.877500000000000000e+02
2.032500000000000000e+02 2.737500000000000000e+02 2.367500000000000000e+02 2.752500000000000000e+02
2.637500000000000000e+02 2.737500000000000000e+02 2.352500000000000000e+02 2.747500000000000000e+02
2.357500000000000000e+02 2.742500000000000000e+02 2.357500000000000000e+02 2.877500000000000000e+02
5.600000000000000000e+01 2.750000000000000000e+02 3.525000000000000000e+01 2.752500000000000000e+02
9.250000000000000000e+00 2.752500000000000000e+02 8.750000000000000000e+00 2.887500000000000000e+02
2.325000000000000000e+01 2.752500000000000000e+02 3.650000000000000000e+01 2.752500000000000000e+02
2.425000000000000000e+01 2.752500000000000000e+02 2.375000000000000000e+01 2.877500000000000000e+02
3.625000000000000000e+01 2.752500000000000000e+02 3.525000000000000000e+01 2.877500000000000000e+02
5.525000000000000000e+01 2.752500000000000000e+02 5.475000000000000000e+01 2.877500000000000000e+02
8.750000000000000000e+00 2.757500000000000000e+02 2.475000000000000000e+01 2.757500000000000000e+02
4.002500000000000000e+02 2.757500000000000000e+02 4.212500000000000000e+02 2.772500000000000000e+02
3.625000000000000000e+01 2.862500000000000000e+02 3.475000000000000000e+01 3.167500000000000000e+02
5.425000000000000000e+01 2.862500000000000000e+02 5.375000000000000000e+01 3.172500000000000000e+02
7.225000000000000000e+01 2.862500000000000000e+02 7.225000000000000000e+01 3.175000000000000000e+02
1.077500000000000000e+02 2.862500000000000000e+02 1.082500000000000000e+02 3.257500000000000000e+02
1.272500000000000000e+02 2.862500000000000000e+02 1.257500000000000000e+02 3.212500000000000000e+02
1.762500000000000000e+02 2.862500000000000000e+02 1.757500000000000000e+02 2.987500000000000000e+02
2.042500000000000000e+02 2.862500000000000000e+02 2.032500000000000000e+02 3.197500000000000000e+02
2.627500000000000000e+02 2.862500000000000000e+02 2.617500000000000000e+02 3.257500000000000000e+02
2.782500000000000000e+02 2.862500000000000000e+02 2.762500000000000000e+02 3.257500000000000000e+02
3.117500000000000000e+02 2.862500000000000000e+02 3.117500000000000000e+02 3.267500000000000000e+02
3.442500000000000000e+02 2.862500000000000000e+02 3.437500000000000000e+02 3.287500000000000000e+02
3.575000000000000000e+01 2.867500000000000000e+02 2.250000000000000000e+01 2.882500000000000000e+02
5.425000000000000000e+01 2.867500000000000000e+02 7.375000000000000000e+01 2.867500000000000000e+02
5.575000000000000000e+01 2.867500000000000000e+02 3.525000000000000000e+01 2.872500000000000000e+02
7.225000000000000000e+01 2.867500000000000000e+02 1.077500000000000000e+02 2.872500000000000000e+02
1.277500000000000000e+02 2.867500000000000000e+02 1.072500000000000000e+02 2.872500000000000000e+02
1.427500000000000000e+02 2.867500000000000000e+02 1.262500000000000000e+02 2.872500000000000000e+02
1.662500000000000000e+02 2.867500000000000000e+02 1.767500000000000000e+02 2.872500000000000000e+02
1.677500000000000000e+02 2.867500000000000000e+02 1.412500000000000000e+02 2.872500000000000000e+02
1.752500000000000000e+02 2.867500000000000000e+02 1.902500000000000000e+02 2.872500000000000000e+02
2.052500000000000000e+02 2.867500000000000000e+02 1.892500000000000000e+02 2.872500000000000000e+02
2.782500000000000000e+02 2.867500000000000000e+02 2.957500000000000000e+02 2.872500000000000000e+02
2.797500000000000000e+02 2.867500000000000000e+02 2.612500000000000000e+02 2.877500000000000000e+02
3.112500000000000000e+02 2.867500000000000000e+02 3.447500000000000000e+02 2.872500000000000000e+02
3.127500000000000000e+02 2.867500000000000000e+02 2.952500000000000000e+02 2.872500000000000000e+02
3.432500000000000000e+02 2.867500000000000000e+02 3.562500000000000000e+02 2.872500000000000000e+02
8.750000000000000000e+00 2.872500000000000000e+02 9.750000000000000000e+00 3.175000000000000000e+02
2.325000000000000000e+01 2.872500000000000000e+02 2.175000000000000000e+01 3.175000000000000000e+02
2.042500000000000000e+02 2.872500000000000000e+02 2.357500000000000000e+02 2.872500000000000000e+02
2.342500000000000000e+02 2.872500000000000000e+02 2.627500000000000000e+02 2.877500000000000000e+02
3.567500000000000000e+02 2.872500000000000000e+02 3.687500000000000000e+02 2.877500000000000000e+02
3.672500000000000000e+02 2.872500000000000000e+02 3.897500000000000000e+02 2.892500000000000000e+02
3.687500000000000000e+02 2.875000000000000000e+02 3.687500000000000000e+02 3.285000000000000000e+02
2.375000000000000000e+01 2.877500000000000000e+02 8.750000000000000000e+00 2.882500000000000000e+02
1.757500000000000000e+02 2.987500000000000000e+02 1.747500000000000000e+02 3.247500000000000000e+02
3.425000000000000000e+01 3.162500000000000000e+02 5.375000000000000000e+01 3.162500000000000000e+02
3.575000000000000000e+01 3.162500000000000000e+02 2.125000000000000000e+01 3.172500000000000000e+02
5.325000000000000000e+01 3.162500000000000000e+02 7.275000000000000000e+01 3.162500000000000000e+02
7.225000000000000000e+01 3.162500000000000000e+02 7.225000000000000000e+01 3.327500000000000000e+02
2.275000000000000000e+01 3.167500000000000000e+02 9.250000000000000000e+00 3.172500000000000000e+02
2.032500000000000000e+02 3.192500000000000000e+02 2.012500000000000000e+02 3.382500000000000000e+02
5.362500000000000000e+02 3.192500000000000000e+02 5.387500000000000000e+02 3.517500000000000000e+02
2.047500000000000000e+02 3.200000000000000000e+02 1.862500000000000000e+02 3.242500000000000000e+02
2.372500000000000000e+02 3.212500000000000000e+02 2.370000000000000000e+02 3.320000000000000000e+02
2.367500000000000000e+02 3.227500000000000000e+02 2.612500000000000000e+02 3.242500000000000000e+02
1.752500000000000000e+02 3.232500000000000000e+02 1.742500000000000000e+02 3.377500000000000000e+02
1.877500000000000000e+02 3.232500000000000000e+02 1.745000000000000000e+02 3.242500000000000000e+02
4.017500000000000000e+02 3.237500000000000000e+02 4.202500000000000000e+02 3.242500000000000000e+02
2.612500000000000000e+02 3.242500000000000000e+02 2.762500000000000000e+02 3.252500000000000000e+02
2.762500000000000000e+02 3.257500000000000000e+02 3.117500000000000000e+02 3.262500000000000000e+02
3.102500000000000000e+02 3.267500000000000000e+02 3.445000000000000000e+02 3.272500000000000000e+02
3.682500000000000000e+02 3.272500000000000000e+02 3.682500000000000000e+02 3.362500000000000000e+02
3.432500000000000000e+02 3.277500000000000000e+02 3.562500000000000000e+02 3.282500000000000000e+02
3.687500000000000000e+02 3.277500000000000000e+02 3.552500000000000000e+02 3.282500000000000000e+02
3.675000000000000000e+01 3.307500000000000000e+02 7.275000000000000000e+01 3.312500000000000000e+02
7.225000000000000000e+01 3.312500000000000000e+02 7.175000000000000000e+01 3.422500000000000000e+02
2.752500000000000000e+02 3.347500000000000000e+02 3.112500000000000000e+02 3.362500000000000000e+02
1.742500000000000000e+02 3.362500000000000000e+02 1.742500000000000000e+02 3.482500000000000000e+02
3.682500000000000000e+02 3.362500000000000000e+02 3.682500000000000000e+02 3.467500000000000000e+02
3.687500000000000000e+02 3.377500000000000000e+02 3.430000000000000000e+02 3.380000000000000000e+02
2.012500000000000000e+02 3.382500000000000000e+02 1.992500000000000000e+02 3.522500000000000000e+02
7.500000000000000000e-01 3.385000000000000000e+02 7.175000000000000000e+01 3.432500000000000000e+02
1.087500000000000000e+02 3.437500000000000000e+02 1.277500000000000000e+02 3.447500000000000000e+02
1.267500000000000000e+02 3.442500000000000000e+02 1.357500000000000000e+02 3.452500000000000000e+02
3.682500000000000000e+02 3.452500000000000000e+02 3.677500000000000000e+02 3.582500000000000000e+02
1.357500000000000000e+02 3.457500000000000000e+02 1.507500000000000000e+02 3.462500000000000000e+02
1.507500000000000000e+02 3.467500000000000000e+02 1.747500000000000000e+02 3.487500000000000000e+02
1.735000000000000000e+02 3.487500000000000000e+02 1.992500000000000000e+02 3.517500000000000000e+02
5.297500000000000000e+02 3.512500000000000000e+02 5.387500000000000000e+02 3.527500000000000000e+02
2.005000000000000000e+02 3.522500000000000000e+02 3.672500000000000000e+02 3.597500000000000000e+02
6.252500000000000000e+02 3.682500000000000000e+02 6.382500000000000000e+02 3.692500000000000000e+02
7.500000000000000000e-01 4.392500000000000000e+02 7.350000000000000000e+01 4.567500000000000000e+02
2.137500000000000000e+02 4.542500000000000000e+02 1.795000000000000000e+02 4.627500000000000000e+02
