0.284094 42.3764 67.0875 72.8079
0.0408182 38.911 118.443 93.2142
118.998 91.9173 174.015 90.6181
13.6564 143.988 15.6768 257.006
2.92193 148.002 10.2235 432.02
22.1543 431.994 20.6187 389.014
0.43069 184.015 6.6172 416.01
0.0577087 439.341 24.0476 435.281
23.4228 434.082 115.229 376.365
113.823 373.717 23.9201 429.872
0.198988 138.837 35.0352 144.794
31.9959 138.587 245.005 136.478
23.9057 91.4105 0.0180931 85.9213
15.0798 433.441 0.0296173 436.164
8.2851 188.022 15.7902 432.037
0.121236 7.77295 99.9569 61.0807
1.27769 16.4762 76.3768 56.2892
18.2192 144.984 19.3667 230.995
21.0556 63.9613 35.0156 64.7092
18.983 59.2283 33.9977 58.8971
24.7645 149.803 49.6745 157.11
56.002 153.99 33.8607 149.723
33.9857 154.174 19.998 153.025
23.0827 250.014 60.0002 247.003
59.7112 247.005 58.7334 194.005
44.1567 192.992 43.9267 215.999
58.2232 220.935 27.1223 214.416
26.0278 215.037 27.0106 241
42.0633 272.3 25.9367 275.7
22.8692 283.4 41.8394 279.264
43.1397 263.005 42.9575 302
42.9763 302.719 59.9907 303.28
21.9901 128.55 97.0198 126.897
22.0141 131.613 428.006 122.274
96.978 124.744 436.996 118.799
18.996 157.119 44.9667 157.991
36.6628 197.975 34.5196 226.964
23.0616 201.929 24.5652 181.967
27.0189 181.737 55.9743 180.996
55.9636 189.364 34.9734 187.266
21.0312 95.0354 122 91.9965
25 99 25 125
31.0042 165.05 56.9897 162.877
24.9307 387.001 25.1645 406.998
26.9315 408.88 66.2646 386.464
66.661 385.988 62.5053 158.991
70.007 386.981 65.7667 158.004
31.104 389.298 53.0662 392.553
25.8835 412.8 59.9676 392.944
29.0607 414.103 112.186 365.316
112.426 365.013 114.167 307.005
131.019 305.968 130.509 289.984
111.04 182.999 113.857 313.003
110.972 181.427 127.985 181.129
129.027 181.981 129.86 225.984
129.855 240.995 130.007 269
74.1751 387.972 72.9359 335.025
74.7798 335.008 75.1025 302.001
90.2424 300.993 90.0606 269
73.516 269.237 82.758 288.118
30.0312 27.9401 80.7954 54.3927
33.0525 236.068 31.621 216.027
43.0328 384.999 41.6958 333.008
42.9873 385.805 60.9986 386.089
60.4453 386.017 58.6222 327.012
59.2985 317.979 58.2934 303.908
39.9172 330.791 26.1056 336.266
38.2618 190.838 41.1069 212.986
29.9742 175.674 55.0141 176.633
52.7824 83.6171 73.3936 90.8837
33.0093 98.2512 76.0243 96.6567
55.543 0.685381 163.303 72.5455
163.169 73.0056 162.608 90.0201
65.5661 0.632757 174.687 75.4564
176.417 83.0203 177.735 55.9871
149.95 54.0662 197.985 56.3232
149.962 50.5954 178.97 52.4669
199.081 55.9249 196.164 13.9192
195.637 13.4924 184.934 0.0527954
71.5063 265.009 73.2246 163.004
75.0165 162.519 105.016 163.547
105.846 163.986 109.228 363.996
106.203 362.978 102.557 164.008
102.184 293.109 98.1505 262.98
72.9916 181.286 99.0008 181.159
100.114 167.98 101.768 258.023
91.2993 191.989 93.2774 246.99
71.9754 143.143 87.0455 145.736
75.0175 174.789 95.0454 176.454
75.1511 293.747 88.0284 291.14
74.9996 263.037 89.9975 263.213
100.086 361.998 98.5064 306.985
96.0061 305.412 80.0095 305.647
78.0629 377.112 97.9575 365.924
83 231 83 246
85.8798 154.552 115.023 160.893
75.0827 51.8437 145.846 89.2916
122.867 77 122.867 91
92.7211 266.013 94.4601 304.025
103.648 119.698 117.15 107.161
92.1476 56.7282 151.133 88.7549
122.099 66.8196 106.025 57.9549
113.968 260.868 129.06 257.25
116.059 351.098 130.324 342.539
135.79 349.989 133.38 169.995
120.012 166.926 180.891 176.682
188.755 179.008 189.654 315.002
168.123 327.998 166.191 176.01
161.831 174.002 163.827 330.989
172.544 326.261 143.941 343.904
136.168 169.998 138.535 353.006
125.646 0.410763 157.283 27.6712
182.832 47.1863 130.754 0.273178
120.658 0.39991 179.937 51.0742
101.999 95.9526 159.993 94.6757
137.8 358.207 186.582 325.878
142.046 181.002 140.682 219.989
143.477 230.936 145.225 243.97
147.309 243.998 146.814 179.994
140.416 0.618027 190.265 47.7191
143.853 192.982 144.829 240.004
143.181 253.016 144.828 336.003
147.949 266 147.949 304
151.782 177.992 152.512 249.005
160.965 332.016 158.587 174.021
154.833 233.001 154.926 177.002
152.293 262.908 153.298 276.979
142.77 46.5946 153.543 32.6472
151.967 132.694 168.986 130.867
185.977 180.168 166.917 177.618
193.395 18.9899 194.137 47.9709
177.986 155.505 279.996 154.531
278.991 151.229 223.995 149.118
189.193 61.007 187.889 96.9597
188.655 97.9153 201.687 102.83
204.977 89.9156 405.991 85.5999
401.637 81.9144 404.921 67.9814
195.876 103.563 179.031 99.8605
185.81 181.002 187.322 316.008
214.994 143.487 353.997 141.771
342.014 144.795 325.002 145.094
323 149 309 149
306.994 153.976 355.993 154.263
191.058 180 190.877 210.005
196 322 221 322
223.243 321.981 221.951 169
221.985 168.084 299.98 166.803
302.006 177.286 369.999 175.96
369.971 164.595 290.984 166.243
305.981 162.373 394.016 161.335
394.588 160.146 398.087 146.022
406.673 147.048 398.168 267.012
405.517 196.008 405.087 281.006
403.129 272.998 403.91 335.001
402.001 334.235 358 334.165
313.027 323.497 401.989 328.215
331.001 324.616 223.002 324.273
233.004 325.136 189.008 326.312
193.556 178.996 194.458 315.997
205.003 20.1713 238.345 60.5408
271.053 84.9589 204.864 0.106354
215.895 260.018 213.458 246.095
280 161.979 192 162.109
214.028 -0.0207748 278.368 86.7272
233.116 248.998 231.663 180.028
239.202 247.999 238.912 179
219.005 93.2428 436.003 89.1839
457.005 86.6416 587.997 85.6614
239.906 265.997 240.045 306
233.314 307.017 232.297 267.018
241.843 64.9916 242.073 87.9993
246.579 63.3355 262.159 82.8734
247.186 66.9884 246.914 85.9988
246.944 185.706 264.911 187.125
247.005 182.883 267.013 183.689
249.001 253.097 300.999 252.782
249.003 257.119 298.993 255.744
255.045 306 255.052 266
256.993 264.219 292.991 265.294
294.817 264.994 294.95 306.997
314.991 309.224 255.965 306.888
316.733 309.016 317.127 267.001
316.993 265.196 355.997 265.054
357.442 269.008 356.753 308.996
365.985 322.105 245.993 320.483
304.812 319.999 304.963 269
306.677 269.008 307.952 320.001
253 449 269 449
255.102 191.998 255.004 247.998
256 191.003 294 190.996
294.217 191 294.088 249
294 249.947 257 249.947
268.577 200.921 270.545 240.023
265.073 243 265.09 195
284.968 347.567 268.963 346.665
258.951 459.656 287.936 455.548
342.805 429.33 367.996 433.025
278.073 194.511 293.037 196.755
277.919 0.0344467 309.528 74.7767
284.971 345.202 269.853 343.023
287.369 55.9894 288.255 86.9927
288.332 0.254059 320.965 86.0134
276.995 409.413 312.002 409.809
303.999 365.084 349.005 365.612
210.005 140.442 385.004 138.365
307.04 181.002 307.133 238.001
341.011 370.882 362.022 372.757
316.786 245.011 317.103 192.001
316.997 191.096 356 190.954
356.934 190.998 357.032 249
357.003 249.901 319 250.047
320.008 59.9525 340.998 59.7747
314.99 51.8373 345.002 50.0341
356.812 51.013 353.561 3.96123
314 253.021 363.003 253.779
362.998 257.03 312 256.931
316.998 345.929 342.969 345.072
320.07 460.69 341.854 465.641
324.042 148.771 341.986 152.076
324 245 339 245
329.188 61.0051 328.505 85.9865
315.014 324.908 356.945 331.355
339.905 6.01325 345.496 45.9305
342.502 3.93606 344.556 20.0566
338.989 133.518 397.979 132.116
350.009 308.171 317.991 307.829
358 328.889 375 328.889
363.82 -0.0025959 364.086 83.9997
365.001 148.924 387.009 149.163
373.045 140.605 387.09 142.21
371.961 153.614 385.967 154.515
371.002 147.098 387.015 146.784
373 179 373 250
380.101 178.003 379.778 308.002
372.33 309.011 372.051 268.006
385.906 412.601 367.877 409.786
383.04 352.634 400.936 354.589
391.564 139.997 390.154 326.001
390.984 331.184 364.014 328.837
399.17 198.98 397.66 262.992
408.727 53.2029 423.545 0.152145
407.087 280 406.96 322
421.808 359.007 423.321 190.003
419.193 356.002 421.268 162.003
420.608 171.953 423.486 148.059
419.556 412.908 422.736 432.044
424.976 434.717 463.999 436.032
464.934 436.017 467.607 292.993
491.497 319.076 489.525 306.072
409.677 154.989 408.707 271.006
417.313 165.011 415.762 353.99
408.233 339.934 422.099 388.687
421.062 389.001 420.618 413.011
411.919 172.998 412.039 220
414.754 167.998 413.694 333.998
409.418 222.962 411.944 251.095
410.779 243.001 411.042 285
418.112 55.373 436.622 0.208618
410.992 83.8525 434.999 84.0763
445.991 85.7536 413.038 87.0044
424.994 126.84 497 127.078
426.311 234.004 425.168 333.002
438 124.923 463 124.923
442.688 55.8629 467.224 0.0983429
448.059 54.0282 474.089 0.042923
464.648 84.7203 531.608 0.483612
466.808 105.977 468.984 87.9981
468.3 228.977 470.263 254.98
470.028 256.145 505.007 255.299
506.161 255.02 507.796 161.996
467.001 410.928 561.995 412.364
562.848 412.018 568.515 145.99
568.999 145.178 633 145.099
639 139.386 555 139.428
491.629 -0.203949 455.016 66.4594
467.405 85.3255 517.289 23.2325
532.327 138.99 531.228 103.993
598.987 98.8067 490.014 106.204
468.397 140.976 470.752 180.015
481.078 211.996 480.333 195.984
470.014 99.4551 525.991 97.7027
475.064 299.475 489.078 297.573
475.015 405.794 505.004 405.238
469.998 147.07 525 146.966
513.002 148.741 565 149.063
472.99 424.548 567.994 426.306
568.013 426 574.421 230.981
588.491 240.745 574.833 249.746
473.675 85.6095 486.173 75.2081
474.926 151 474.863 169.003
475 145 536 145
477.314 170.012 477.039 154.016
477.989 84.3164 589.993 82.5688
491.758 193.981 492.108 207.997
488.137 210.008 489.039 194.002
469.974 102.513 515.005 100.097
499.084 103.16 531.984 100.784
499.012 430.396 478.001 429.968
501.017 305.072 520.011 305.429
506.997 44.6941 639.001 44.3819
512.617 254.989 514.333 195.038
515.91 255.016 517.439 169.99
517.906 169.073 561.958 164.583
564.299 172.006 559.534 410.991
513.104 156.894 565.099 150.856
514.011 168.999 513.988 189
523.991 256.905 525.534 273.045
536.186 271.632 560.017 274.876
517 405 534 405
536.175 402.985 534.767 387.021
535.325 386.097 557.595 394.124
522.598 197.035 521.829 209.99
518.019 214.515 532.996 215.11
514.996 25.9972 535.362 0.286835
526.136 22.112 544.226 0.186737
530.003 38.4717 634.999 37.9057
637.192 35.9988 636.97 0.000184059
524.988 100.792 596.979 96.6352
533 216 533 255
535.571 256.021 537.183 212.007
535.002 372.8 558.99 373.04
535.005 188.051 560.049 185.482
538.012 103.997 544.933 132.776
540.993 147.14 567 146.934
546.778 286.054 550.667 302.081
558.003 175.117 544.009 175.416
561.023 434.376 530.027 433.251
565 151 565 169
569.603 424.249 583.919 447.051
585.998 41.098 569.985 40.784
571.003 372.793 630.988 373.764
575.203 147.011 573.76 172.987
575.846 173.047 574.836 212.996
575.032 214.18 613.031 213.163
602.975 213.878 638.882 206.433
575.994 149.488 636.997 150.221
574.97 103.438 639 100.01
582.304 246.035 577.231 290.142
573.995 105.884 638.991 102.814
590 202.075 639 201.965
588.035 280.246 639.017 282.628
586.032 283.905 639.109 301.675
598.048 329.537 623.975 332.243
584 83 627 83
603.629 316.072 605.59 298.953
606.287 298.311 621.201 304.517
613 273 625.972 274.283
614.951 153.338 629.924 155.518
615 224 639 224
629.997 237.872 611.008 238.328
629.989 241.228 612.98 240.438
621.249 135.994 620.251 94.9939
623 41 639 41
620.392 325.102 619.179 306.052
623.983 295.228 638.998 294.897
635.657 130.978 634.771 104.008
632.63 365.952 637.033 332.004
