3.79151 150.998 4.38893 76.9951
6.18261 153.56 37.1491 143.457
39.0451 141.001 42.4801 15.0131
41.3385 26.8466 0.239967 50.4184
1.9376 121.997 0.688007 152.987
-0.0278816 214.843 37.046 208.259
38.7376 196.692 0.0888824 204.443
0.0387926 216.437 35.0792 218.849
38.509 202.994 37.1728 317.002
584.935 352.067 23.0182 317.702
586.594 350.945 574.725 8.97484
40.0051 325.216 0.0038209 326.162
20.7447 291.981 22.4211 269.031
9.74194 268.992 8.93449 293.966
14.3374 302.727 0.146423 309.315
-0.0218182 330.414 89.9652 327.064
78.966 328.465 638.904 369.317
73.2537 330.951 76.7463 349.049
76.9208 349.657 546.84 406.325
537.015 403.849 639.006 413.942
0.102913 414.668 197.999 476.004
198.056 475.162 245.977 478.35
173.056 466.128 363.046 478.276
4.98944 343.806 22.9906 342.827
22.0229 337.335 -0.0110645 338.838
4.84484 82.9999 4.86965 56.9999
19.9167 76 19.9167 99
17.4626 311.983 16.9119 297.003
19 110 19 147
-0.0292797 334.521 55.0097 331.159
21.2832 145.007 22.1896 108.029
23.3046 41.0053 21.9381 118.999
11.9958 284.833 56.9922 283.691
62.0158 15.982 56.5056 317.973
63.6682 13.4504 85.9856 -0.0238953
51.2136 -0.0146507 45.2889 317.987
44.9998 281.039 13.0004 280.904
27.0078 372.067 51.9039 369.174
25.896 367.272 44.936 364.552
27.3564 398.01 26.7261 421.02
31 64 32.2922 48.0236
53.8189 -0.0216267 47.9957 318
58.9724 191.621 90.9537 193.043
90.9681 191.84 170.018 176.088
171.167 181.999 171.958 324.995
61.2922 354.024 60 370
61.0392 137.746 81.0255 140.835
80.5371 139.49 171.21 111.686
171.629 111.007 172.817 -0.00195754
85.1971 18.3582 118.899 -0.182777
80.7215 138.041 83.5617 18.9657
58.9974 273.826 96.0041 273.279
97.9753 223.999 97.9216 321
98.9888 223.116 159.005 222.356
73.7076 363.979 69.7164 418.979
77.8652 355.067 638.883 425.924
77.4501 358.969 82.9384 438.936
81.5453 282.99 80.7884 317.995
82.7527 139.994 81.5872 191.991
85 101 85 126
105.011 44.0235 131.149 31.3059
105.222 54.0193 104.024 130
99.9286 203.744 142.021 207.786
101.956 195.761 170.046 183.253
101.976 196.477 150.007 198.869
108.247 44.0044 106.765 127.996
115.969 55.933 131.031 49.067
130.755 48.9901 131.609 27.9841
134.004 213.113 100.048 214.33
131 44 131 88
133 99 133 117
136.829 98.0045 137.172 111.022
162.01 108.987 163.246 15.0032
141.931 199.707 170.053 202.459
165 0 165 16
168.02 74.997 167.977 88.9999
187.971 -0.00046929 187.822 327
188.006 351.996 178.764 338.158
189.913 269.005 191.303 0.00156289
190.441 261.995 191.118 326.988
207.929 385.998 208.071 468.002
208.123 327.999 206.695 0.00132847
192 268.847 250 269.023
250.825 182.002 252.223 330.998
253.009 179.937 358.955 195.31
359.037 197.324 309.003 203.025
229.081 329 228.955 1.73002e-05
198.082 161.45 228.011 165.923
207.779 7.56278 228.172 15.561
208.019 89.9223 228.057 94.7628
207.9 5.2781 248.986 20.0383
251.036 109 250.983 8.53837e-06
251.892 109.433 375.943 140.23
379.942 194.977 375.718 25.007
378.59 196.991 380.794 335.003
457.996 271.809 364.974 273.778
453.944 44.0015 461.902 343.003
363.501 217.993 365.188 337.997
376.602 23.6825 325.343 0.249695
226.012 309.995 226.099 326.999
206.877 385.868 610.96 443.282
533.684 433.009 535.04 478.999
288.766 396.992 289.031 455
231.725 0.000178739 231.938 329
237.009 164.935 251.009 166.935
252.107 174.304 377.91 193.588
252.047 23.1421 269.747 17.2421
277.026 0.000399113 276.49 35.0075
251.862 27.6437 274.548 18.8355
251.7 69.1169 316.072 47.2128
317.625 12.0008 317.894 134
294.909 1.20972 345.883 23.2696
282.89 57.9958 283.052 91.9998
281.071 93.0035 280.128 112.006
255.412 83.887 260.611 102.832
264.963 233.413 297.963 236.403
300.009 234.918 322.955 237.412
281 27 281 50
283.175 -0.00369263 284.376 56.9921
286 115 286 58
297.049 82.8015 314.951 87.1985
307.737 122.176 313.475 98.1132
321.002 99.1645 340.999 98.9307
320.529 96.0061 319.835 42.0021
320.886 111.003 321.258 124.021
319.803 136.01 321.469 167.976
320.758 184.019 321.108 170.003
363.156 23.6458 318.94 4.13586
336.483 348.989 337.204 379.995
338.845 349.004 340.149 400.996
351.998 219.031 334.022 217.707
348.33 85.993 349.269 129.994
351 53 351 97
361.142 98.9988 360.938 75.0005
358.935 0.135559 394.865 17.2827
393.368 16.8778 391.261 45.0195
389.347 44.9601 387.877 68.9925
369.878 256.099 375.673 204.85
377 233 377 264
378.869 194.855 439.868 187.852
439.97 189.164 456.951 192.266
381 270.982 457.995 269.685
382.006 334.871 436.981 337.415
437.327 336.993 430.362 22.992
392.429 96.0652 393.252 78.0115
392.875 77.5311 429.916 67.6824
396.396 414.995 397.248 478.997
378.963 20.8898 429.068 4.20265
399.018 73.069 429.95 64.8144
392.977 135.868 431.996 128.976
437.288 9.78371 441.534 35.0781
436.102 8.36733 465.087 0.313438
452.998 18.9942 517.75 0.139862
459.059 160.766 530.999 179.002
529.871 94.9777 532.964 216.001
556.099 106.787 457.146 60.6875
530.983 217.114 460.104 206.316
455.258 46.472 577.39 106.203
460.762 103 460.762 123
460.001 209.996 511.95 217.356
468.695 281.013 470.07 313.997
481.849 280.985 482.551 319.99
461.949 221.826 517.972 219.371
475.296 343.984 474.158 322.991
476.09 29.3129 505.927 20.7467
496.006 303.251 521.99 302.601
520.012 305.531 491.005 306.202
503.046 278.268 549.871 270.247
549.982 271.106 572.018 274.894
572.255 275.024 570.439 294.042
516.992 310.236 581.022 312.328
519 277 517.708 292.976
528.853 218 528.813 241.001
534.002 305 533.632 273.992
537 434 537 479
538.378 91.2254 574.954 109.095
544 219 557.057 221.726
561.91 215.233 579.026 213.219
543.013 13.0493 559.906 8.63867
542.617 243.03 544.091 262.07
561 242 561 263
560.991 263.28 543.976 262.719
546.836 89.1702 575.885 83.4185
553.014 241.357 581.978 241.999
562.124 433.956 587.998 437.021
581.114 26.4578 638.997 11.9888
578.787 104.834 638.975 93.8654
576.893 30.5816 638.916 14.6737
579.149 101.859 638.909 91.4749
587.001 265.044 639.002 264.088
586.949 345.199 638.983 347.402
595.049 347.955 629.022 349.534
621.805 442.013 622.089 424.001
584.977 268.179 638.99 266.659
621.011 399 620.239 368.019
626.692 0.0174789 631.915 92.0048
623.077 368.998 624.086 410.998
630.009 7.99952 637.957 162.054
631.886 86.0047 638.441 246.023
