524 334 540 333
495 334 539 332
626 369 639 370
541 335 577 332
98 358 119 361
309 346 361 349
541 339 639 341
468 217 481 228
492 421 540 429
177 355 204 357
266 424 454 444
492 442 503 443
3 340 15 340
336 358 347 358
441 337 451 337
395 384 439 392
176 329 187 330
112 335 193 334
200 354 237 354
550 305 584 336
530 371 561 371
259 261 274 261
368 129 420 175
501 364 561 368
149 108 270 84
363 247 363 121
131 325 155 328
417 68 554 205
28 401 97 407
538 285 578 282
195 322 207 323
236 343 252 342
575 253 622 232
345 370 363 372
539 301 577 339
34 365 47 366
21 248 35 248
239 380 260 384
476 308 554 308
160 155 172 153
461 348 477 348
443 385 544 388
588 345 611 345
135 279 157 287
2 345 15 342
431 218 462 249
599 416 635 419
346 369 383 359
117 360 135 360
160 380 174 380
2 101 165 63
560 418 582 423
447 360 471 360
461 333 552 321
257 34 294 60
282 219 301 220
541 336 565 336
168 373 181 373
375 309 375 131
621 305 638 322
550 217 564 224
41 343 72 312
468 204 485 204
232 383 258 385
403 309 403 200
526 239 559 214
112 253 135 262
119 368 148 373
22 349 40 352
448 104 623 279
396 331 430 342
405 403 430 405
40 147 41 125
480 197 481 253
14 338 42 338
2 371 48 369
503 417 523 427
533 220 579 266
418 110 454 142
561 381 619 391
410 126 433 137
387 310 441 311
327 349 361 351
480 184 495 192
80 350 92 351
385 352 422 359
145 102 258 80
337 315 337 134
10 227 21 230
371 416 410 420
255 352 269 357
358 430 452 439
83 353 93 353
460 277 461 365
313 328 329 330
304 349 327 358
110 358 130 356
424 139 453 151
350 423 390 427
473 163 541 195
14 137 122 117
535 245 572 239
176 331 191 332
292 75 372 58
297 374 319 378
418 221 419 281
185 359 213 363
409 49 410 96
464 126 473 136
134 356 166 353
329 421 339 421
484 247 529 282
251 54 268 64
48 204 76 213
428 197 442 212
484 403 513 414
415 55 469 112
111 294 144 306
278 366 296 371
373 79 393 98
502 407 515 411
411 169 411 153
192 369 202 370
320 82 425 66
310 94 369 126
32 310 32 300
184 152 205 148
549 295 589 292
242 216 269 215
118 304 147 309
579 217 638 244
179 45 249 29
68 338 78 336
174 289 185 293
535 246 553 264
483 235 539 289
150 376 177 376
417 399 432 404
128 297 144 301
499 421 538 423
490 403 510 412
617 386 631 386
153 380 154 364
593 385 610 387
458 391 483 397
175 327 186 328
384 356 426 370
282 240 286 273
47 333 68 333
255 300 286 308
89 246 136 257
351 365 363 368
87 256 118 262
454 341 500 337
13 177 171 155
3 310 19 311
46 263 57 265
547 408 572 411
519 265 541 257
264 153 282 149
318 337 332 337
135 378 163 378
193 308 204 313
465 80 536 165
428 143 445 150
522 270 579 280
511 327 594 326
358 81 399 74
89 240 104 245
3 321 45 327
465 92 537 175
360 358 375 364
53 329 74 329
410 146 473 179
354 247 364 248
460 336 472 337
298 451 298 431
263 274 296 287
432 352 449 353
444 427 482 431
123 342 144 341
588 330 639 330
397 380 442 391
131 327 143 328
213 34 361 0
463 424 483 428
25 196 38 201
564 202 604 202
614 231 625 227
409 427 428 429
280 67 403 43
62 291 73 293
550 257 625 256
30 279 53 280
185 372 202 373
297 343 315 337
429 385 462 398
529 281 576 281
395 368 417 368
62 201 77 201
185 315 204 317
240 271 296 291
263 405 307 402
5 322 8 266
496 222 541 226
255 282 296 303
432 350 458 352
315 11 327 26
426 310 441 306
479 146 525 199
516 313 530 332
47 245 62 250
430 318 441 310
627 409 639 409
586 406 610 407
470 396 483 400
3 191 18 194
494 425 531 438
538 287 612 303
417 394 430 395
478 410 504 413
571 314 594 319
291 423 352 430
89 225 104 228
601 398 612 401
538 219 562 217
47 338 57 336
596 383 610 384
382 370 448 386
111 222 135 233
476 283 576 247
429 252 461 247
0 334 23 334
0 154 163 125
480 424 508 433
441 347 452 347
602 451 639 455
588 227 638 252
317 400 360 402
255 287 303 272
383 357 423 373
428 187 451 187
467 425 467 444
534 217 551 237
23 341 40 340
12 382 22 382
476 210 513 206
486 242 512 268
255 295 281 296
430 326 441 328
598 417 621 419
32 398 93 403
457 388 477 395
264 149 282 146
439 179 451 209
283 94 317 89
86 282 144 305
448 117 484 112
45 269 73 280
545 433 566 437
494 424 545 434
214 352 235 352
506 191 543 190
508 335 524 370
279 360 289 356
147 236 158 237
447 357 492 367
533 210 543 209
476 287 488 289
333 86 354 99
44 124 145 104
85 301 98 302
397 405 421 416
429 232 452 225
433 73 433 83
424 81 436 94
161 187 162 151
337 385 357 387
443 131 466 151
476 311 550 309
119 198 138 202
254 357 273 349
291 76 308 72
255 339 291 352
28 232 62 241
423 150 448 163
294 336 310 337
21 380 32 380
311 361 321 361
610 214 638 214
619 307 632 309
463 319 463 340
430 334 440 338
494 218 521 211
114 219 135 218
411 276 452 285
186 263 189 155
602 360 612 361
430 399 457 402
602 402 612 404
588 346 598 346
315 347 345 353
255 303 273 308
129 307 144 312
469 115 543 189
494 418 520 421
571 209 620 231
131 322 144 321
484 251 555 203
321 127 425 113
435 182 451 195
566 199 612 254
98 408 125 407
554 420 566 424
476 306 548 305
452 357 471 361
586 269 600 269
89 250 124 267
529 449 639 457
417 392 432 393
411 271 440 277
498 290 560 272
469 259 526 262
86 278 96 276
177 363 192 363
457 433 459 444
296 236 296 260
603 356 625 354
175 326 175 312
548 398 571 407
261 188 287 205
627 196 639 196
2 337 15 339
549 398 573 406
406 352 423 355
319 366 344 368
259 267 291 260
182 172 184 145
417 80 468 131
47 251 62 255
101 195 160 196
255 288 296 282
83 415 115 415
470 325 521 323
563 201 622 271
516 199 528 199
242 346 286 343
343 413 355 415
174 287 185 289
311 343 325 338
599 415 639 414
597 367 629 373
247 298 247 270
304 166 305 127
534 243 574 222
0 329 24 328
201 416 216 409
608 185 639 184
547 403 572 410
144 214 159 213
595 371 611 373
300 341 301 357
553 423 589 434
518 408 539 411
276 49 318 84
13 375 32 376
585 368 636 375
409 119 410 152
470 328 488 329
483 198 503 197
203 423 217 418
86 285 103 287
528 209 552 207
429 234 452 227
354 62 414 50
192 381 215 380
45 275 73 283
466 364 481 366
478 347 488 347
324 342 339 342
468 197 495 196
428 176 485 165
170 172 189 178
248 231 269 218
290 440 321 443
604 290 623 289
1 330 30 334
470 161 489 177
203 336 236 335
13 197 37 207
173 36 284 9
535 169 555 193
281 65 282 102
519 405 541 410
194 39 238 29
467 349 483 352
411 295 411 267
511 195 535 196
476 322 507 311
72 263 128 257
566 195 594 227
111 293 144 298
388 412 407 411
415 11 467 74
15 180 38 192
597 290 632 294
566 244 580 244
382 362 410 362
177 232 187 236
147 241 159 242
452 264 452 299
252 17 254 27
516 337 527 370
431 253 436 285
135 275 147 281
586 353 605 355
523 319 552 320
392 396 410 398
343 258 365 258
572 225 591 225
277 433 277 422
550 397 574 405
598 224 635 225
450 241 452 229
332 25 368 17
47 241 62 242
101 184 122 181
72 417 83 414
553 421 580 424
143 331 155 330
435 188 437 203
270 284 289 290
486 390 542 392
267 199 268 212
481 286 538 272
543 283 564 275
201 417 216 412
47 246 57 249
2 150 71 138
453 401 476 403
515 413 538 416
450 271 450 300
259 366 296 373
431 220 451 218
34 266 38 196
39 214 57 210
255 81 256 93
558 309 580 306
567 242 596 267
563 203 604 203
561 231 585 237
242 137 243 174
177 235 187 239
515 366 525 370
420 327 420 343
503 294 516 291
267 99 268 112
376 132 401 155
118 421 194 430
221 99 264 90
192 374 208 376
282 143 282 169
12 321 37 321
550 247 599 250
117 247 138 245
581 253 622 235
114 165 127 163
550 188 571 188
269 308 296 307
114 216 135 225
502 290 516 290
467 206 471 220
550 329 565 330
482 301 529 302
209 340 219 340
430 226 451 222
587 352 602 351
177 53 362 10
583 365 605 367
560 420 570 422
29 360 45 362
437 396 456 397
433 239 461 244
525 227 598 240
158 362 196 367
269 279 269 306
113 240 135 261
5 355 8 308
134 294 144 297
314 359 329 356
240 268 267 278
278 367 297 365
185 316 204 320
131 181 159 186
598 357 625 357
249 123 249 103
533 275 566 279
40 228 58 227
54 313 67 309
136 187 153 190
458 192 459 208
411 356 422 358
542 344 560 346
532 346 560 347
412 130 425 128
622 270 638 270
101 188 119 190
243 206 271 208
46 265 74 271
23 179 39 181
565 395 577 400
544 304 592 300
577 247 623 286
83 352 86 279
469 260 515 267
34 175 51 182
111 296 134 305
235 235 255 244
292 132 302 130
375 87 395 67
178 328 180 245
474 417 484 416
470 330 480 329
605 222 639 223
601 296 632 292
448 422 482 430
146 351 158 354
51 245 75 243
192 159 212 155
256 54 258 123
280 387 294 388
260 350 271 347
561 383 595 393
326 438 337 439
490 346 505 351
253 211 269 232
406 348 431 355
260 405 262 384
356 366 374 366
570 196 582 192
245 200 263 200
307 343 309 355
411 201 411 218
498 184 513 183
168 40 286 10
316 398 329 407
392 74 398 97
415 14 418 30
72 374 82 372
432 300 434 342
550 301 595 295
68 259 70 226
270 298 296 306
189 379 211 379
520 404 537 408
5 179 33 194
416 282 448 279
271 274 296 284
161 151 211 145
170 375 193 375
344 307 374 309
341 330 363 329
474 193 475 282
300 128 300 144
131 321 156 314
346 333 394 336
549 430 581 429
53 325 71 325
621 302 632 301
109 205 145 202
481 180 528 224
276 148 276 160
465 416 465 444
339 343 361 346
199 327 210 327
351 354 361 353
498 316 595 312
18 179 38 191
29 405 41 405
165 158 175 156
242 352 291 354
384 350 402 354
599 260 623 280
113 238 138 252
428 185 451 185
303 316 303 240
312 190 325 187
84 359 90 258
33 330 45 330
97 330 109 330
270 383 282 394
118 372 129 371
108 400 124 403
83 418 123 422
482 291 519 267
414 183 415 162
424 127 438 142
531 222 553 260
390 395 410 395
239 224 269 227
602 321 615 321
25 131 148 107
308 407 324 410
440 249 443 236
393 349 408 353
64 171 78 181
9 243 31 233
286 115 286 89
405 374 420 373
605 254 639 246
430 319 441 318
101 183 149 170
469 210 512 204
570 241 614 234
450 350 465 351
580 231 622 274
552 233 565 245
404 61 405 76
49 201 62 208
90 230 109 240
338 397 371 400
555 410 572 414
519 430 538 437
592 384 610 386
402 170 452 151
610 424 621 430
391 369 424 371
324 154 324 144
446 431 477 436
359 359 373 359
82 390 108 389
177 52 363 9
619 377 627 390
627 407 638 413
336 139 378 134
349 372 380 393
34 126 92 115
68 362 82 363
419 123 421 179
527 187 543 187
456 362 471 362
0 336 111 336
484 155 520 167
300 261 300 230
460 396 483 378
590 227 620 230
264 125 264 67
204 333 220 333
516 322 545 321
452 354 541 306
591 431 611 435
312 411 342 413
420 124 421 136
137 176 156 180
411 309 441 305
89 248 103 255
429 264 450 266
7 345 37 345
427 138 428 150
441 55 464 83
2 194 16 191
430 331 441 331
488 327 498 333
520 311 552 318
354 254 364 255
252 250 266 250
575 398 610 408
519 266 549 273
124 249 136 256
469 258 514 251
199 153 212 150
607 281 623 297
465 176 470 151
336 362 353 362
115 213 135 213
385 355 435 364
274 282 275 298
268 99 278 95
253 241 255 229
90 229 101 235
436 364 446 364
563 218 573 217
431 71 438 83
401 85 402 98
251 384 272 383
470 421 522 425
85 290 99 292
411 105 411 119
621 300 632 298
156 332 160 192
226 176 242 174
176 218 176 195
422 63 424 74
622 318 633 316
612 205 627 205
284 382 305 385
550 297 574 297
480 191 495 191
98 311 116 313
482 287 504 274
265 428 302 432
623 257 639 254
524 412 538 414
50 237 63 235
491 336 520 335
615 313 633 312
436 422 437 437
378 141 390 153
480 356 504 355
502 326 506 338
392 388 410 392
44 295 56 296
97 206 118 207
112 380 125 378
63 207 91 207
279 327 279 313
108 403 119 403
486 240 515 244
536 310 554 313
498 286 512 283
558 282 583 322
245 258 276 258
488 370 509 370
302 355 352 352
441 388 457 392
434 325 438 288
411 199 424 198
271 135 287 132
3 315 32 320
161 166 190 154
92 183 104 179
284 369 284 347
520 303 551 337
561 387 575 388
101 186 122 185
226 383 228 369
361 415 376 417
501 187 553 182
434 47 444 45
527 272 538 263
469 273 469 246
353 476 373 470
614 368 639 368
1 295 19 297
482 331 498 331
578 391 594 394
543 286 579 291
407 431 439 434
2 145 158 115
127 414 138 413
397 381 439 382
585 244 587 310
553 282 579 288
177 179 189 180
562 432 572 433
254 104 275 95
495 181 537 174
197 475 201 459
282 440 333 445
426 420 426 431
460 164 460 194
45 319 53 200
565 366 575 368
137 169 149 165
282 389 298 389
472 105 481 139
177 180 189 179
39 387 49 387
618 204 629 198
324 98 342 105
466 79 553 183
603 359 613 360
381 100 391 98
209 364 220 365
281 395 281 383
109 224 127 224
380 100 409 73
504 174 538 173
286 356 288 373
530 210 545 205
89 245 101 251
265 112 266 102
267 238 273 253
322 340 337 341
502 232 572 242
558 293 579 290
258 216 261 205
515 439 530 439
417 403 433 404
47 247 62 253
415 200 417 313
119 355 153 351
370 380 381 386
439 380 452 380
166 159 177 156
417 406 432 412
565 321 594 322
575 330 594 334
487 406 488 416
289 279 299 280
69 293 72 256
462 314 469 303
572 308 606 306
223 375 237 375
106 119 158 111
496 287 507 286
40 216 53 218
440 169 440 143
400 66 418 59
161 91 251 72
63 190 78 186
395 397 417 408
218 371 231 371
223 380 240 377
215 369 227 369
494 297 536 304
0 373 13 374
284 298 284 280
18 381 32 382
14 186 25 187
470 436 480 441
290 407 307 403
417 405 428 406
114 217 135 216
439 257 441 284
298 309 298 321
274 127 274 117
520 408 537 407
612 234 639 226
298 377 322 378
402 133 415 131
255 280 266 284
424 310 431 286
245 212 256 201
612 262 634 257
247 264 250 250
89 239 104 239
337 393 350 395
259 313 270 314
74 350 84 349
3 209 14 214
501 198 505 214
259 298 262 288
468 156 506 187
13 343 40 342
493 318 583 317
410 330 411 296
285 217 285 200
126 187 149 177
599 247 638 250
426 202 451 204
526 342 560 345
576 201 596 186
607 324 635 324
446 117 480 150
289 295 292 313
629 232 639 229
422 374 429 364
428 178 451 174
275 132 331 123
496 209 510 212
309 150 324 135
86 271 97 273
413 159 415 186
3 313 18 312
329 20 344 16
526 237 554 209
440 313 441 324
539 437 566 439
180 195 180 185
479 363 498 365
38 222 48 223
557 389 593 397
375 329 387 331
376 309 396 309
345 367 383 384
494 282 512 271
268 266 280 268
593 430 616 432
423 352 436 354
387 403 410 415
430 134 432 154
548 401 582 395
311 351 356 368
518 326 539 326
332 100 342 97
565 401 575 401
136 190 146 186
458 110 461 143
1 354 21 354
63 194 77 189
103 412 116 413
526 266 542 267
535 252 550 254
25 233 35 237
269 253 269 226
469 444 469 432
84 253 136 247
617 417 636 417
417 393 450 395
612 367 625 367
429 420 442 423
131 310 144 314
266 308 266 286
575 397 593 399
349 346 361 347
287 248 288 262
603 322 637 322
246 242 249 222
110 329 124 334
535 202 555 201
438 429 468 438
300 265 300 279
501 417 531 417
620 204 638 204
192 53 225 47
10 206 33 201
528 446 557 448
418 163 418 153
592 424 610 425
281 21 353 4
116 176 127 177
216 342 247 348
273 39 317 27
239 286 240 259
25 192 38 190
326 104 346 97
267 245 267 228
547 237 556 252
280 199 282 214
135 165 150 161
449 206 471 205
2 464 81 479
243 273 249 244
492 403 517 411
190 365 202 366
336 373 368 375
403 49 414 42
122 341 144 319
118 353 135 352
448 167 449 180
1 233 25 234
601 252 619 266
145 201 160 190
490 158 497 170
54 309 72 309
40 220 50 225
111 240 135 264
285 274 295 273
451 341 451 317
273 117 337 106
232 47 288 34
62 197 80 208
472 358 492 361
363 389 376 383
417 426 417 350
44 291 57 293
132 312 144 302
438 53 449 51
276 307 276 273
559 403 575 432
482 297 497 298
591 367 619 372
101 185 125 187
355 126 369 120
611 225 626 228
510 352 523 351
419 427 434 428
590 368 590 379
14 147 163 121
171 371 184 372
585 218 599 210
135 380 152 380
234 237 243 226
402 155 402 142
86 268 97 272
434 243 437 290
448 336 448 286
625 399 639 400
59 97 123 84
72 254 73 232
418 201 430 201
414 291 425 292
260 82 260 61
590 186 607 186
10 241 35 238
177 264 179 196
3 184 25 181
616 309 627 309
111 180 138 185
501 345 538 348
317 401 328 402
381 375 392 374
257 202 278 181
462 144 473 154
477 445 478 408
470 326 492 328
298 375 299 388
588 266 615 268
564 307 577 306
519 349 534 351
204 360 226 355
260 205 262 230
25 197 38 193
264 198 278 183
446 147 450 169
117 238 135 235
377 408 410 413
500 162 509 178
1 296 19 302
608 327 635 325
444 190 451 203
421 413 432 413
281 300 281 282
606 243 632 257
304 364 321 363
617 385 631 385
621 369 637 371
530 311 554 310
420 295 440 287
599 413 623 414
7 373 17 372
119 197 145 200
458 388 483 396
1 221 13 226
1 219 14 220
623 395 633 397
283 327 285 347
618 192 634 189
588 364 588 305
417 62 440 85
584 388 597 390
296 343 314 340
239 222 269 222
468 175 473 159
290 394 305 409
492 203 511 204
529 206 553 229
185 311 199 315
507 312 520 312
481 408 483 426
622 203 639 201
7 330 27 310
213 382 224 382
585 372 610 376
620 232 636 241
9 207 19 208
205 293 205 257
480 374 481 385
313 434 328 450
106 311 116 312
403 5 410 24
506 289 529 285
30 278 45 282
0 466 66 479
264 171 264 145
89 243 104 232
0 378 13 379
177 352 192 350
464 132 520 172
270 327 270 315
601 439 611 439
83 396 93 396
251 55 251 80
252 362 262 372
419 323 428 295
497 300 516 296
533 421 535 437
535 188 545 192
502 238 542 268
10 240 30 247
420 346 431 340
94 249 135 223
561 388 593 395
469 298 469 283
430 317 441 309
454 116 482 110
550 331 590 331
111 355 133 353
116 173 149 183
226 159 241 157
3 179 15 181
435 149 435 176
272 59 273 47
515 272 535 278
281 248 299 247
263 339 281 347
428 190 451 190
167 353 181 351
484 273 484 246
409 179 418 192
440 200 470 208
253 227 253 261
451 123 478 121
226 357 251 362
266 402 278 402
343 328 356 326
511 224 545 228
161 162 175 158
398 378 411 378
290 140 301 145
280 423 290 423
334 479 361 473
215 140 231 143
203 410 216 410
622 226 637 226
291 367 307 367
428 193 442 208
517 343 531 344
405 99 407 71
106 181 106 196
601 297 614 300
591 402 612 403
54 307 72 307
139 165 164 160
420 345 432 347
323 75 405 60
0 136 59 125
297 159 308 148
492 256 497 270
575 206 593 191
243 262 254 217
476 315 512 313
349 75 392 66
73 375 91 358
503 282 535 279
302 134 312 131
254 121 269 110
77 205 78 170
221 140 262 133
549 240 563 253
433 47 443 43
563 316 577 314
460 387 472 390
250 127 268 134
114 167 131 160
615 237 638 249
618 220 639 221
420 297 432 296
581 223 597 223
47 239 62 246
605 430 620 431
319 406 330 404
289 387 302 385
430 384 452 384
420 298 443 297
590 242 607 238
585 260 626 261
13 195 42 205
435 49 446 47
366 475 385 469
39 386 49 386
134 292 145 294
621 387 631 387
430 324 441 325
496 221 521 234
429 327 441 329
274 182 276 197
47 243 59 248
493 367 513 366
9 293 10 276
292 66 292 80
542 240 553 254
594 211 605 201
283 133 296 131
1 210 14 216
412 197 428 195
144 325 155 325
450 394 468 397
299 434 310 434
559 408 569 410
352 478 390 466
283 141 298 139
436 233 450 230
587 280 603 281
204 425 212 406
554 295 564 310
186 57 224 50
1 234 30 246
406 350 429 355
600 347 611 346
226 161 242 159
496 220 538 223
430 392 444 394
244 436 259 436
610 274 622 277
107 202 125 204
326 391 345 393
261 191 272 192
538 260 553 263
131 297 144 299
494 270 520 276
514 229 532 229
271 338 295 343
255 344 285 356
251 390 280 389
462 318 462 250
192 373 208 375
288 58 298 64
429 244 429 267
484 417 484 402
576 204 596 213
634 405 639 429
598 418 621 421
418 199 429 199
519 348 535 349
553 227 566 229
291 357 311 357
241 42 260 38
412 428 427 431
467 190 479 222
428 276 443 245
489 215 513 208
535 204 541 214
619 379 630 379
166 102 177 102
494 402 508 406
627 200 637 198
137 181 137 163
596 292 608 294
411 245 411 227
362 120 362 103
464 89 536 172
617 387 632 390
27 128 37 138
152 365 168 360
31 274 45 279
45 270 55 269
395 351 405 353
458 179 458 189
0 399 11 400
290 443 305 444
474 336 497 340
589 329 599 329
402 384 413 383
590 282 600 282
113 232 137 248
201 418 218 421
481 285 487 275
492 167 505 177
461 224 461 210
84 296 98 298
135 280 148 289
98 322 110 326
614 211 639 211
407 101 407 90
527 287 545 279
138 321 156 303
566 290 579 284
596 291 611 298
591 243 603 252
262 125 277 115
75 399 93 398
545 369 556 369
90 203 92 179
352 447 365 450
439 295 441 313
103 411 125 410
565 388 580 391
451 113 475 109
214 368 224 368
538 254 612 252
505 216 533 216
506 149 523 172
420 347 432 348
567 449 596 451
549 272 560 273
537 214 553 230
560 415 572 416
165 162 182 160
417 83 418 99
470 263 482 263
527 317 546 315
56 323 56 305
145 369 155 369
46 248 62 254
43 315 46 252
435 183 451 183
453 165 473 176
270 328 278 352
254 110 255 122
77 346 96 346
493 305 515 303
566 197 594 193
499 424 515 426
254 359 286 358
449 339 476 335
113 229 127 237
340 133 364 131
526 244 542 235
216 334 229 332
257 70 259 85
592 421 602 422
364 449 374 450
432 349 444 349
416 163 417 178
420 301 434 304
0 370 11 369
491 408 506 413
560 428 581 428
318 78 359 121
446 163 457 163
322 177 324 166
488 319 488 341
297 158 307 148
283 306 283 291
255 277 275 273
1 211 14 217
513 181 549 179
433 240 461 246
366 123 378 135
513 352 524 354
374 138 384 148
538 290 549 294
298 365 311 365
599 287 632 293
61 291 73 284
398 11 414 0
1 213 14 219
447 246 447 256
158 373 171 372
429 117 445 130
105 287 115 288
85 287 111 291
627 403 638 404
575 303 594 306
0 133 48 124
402 123 402 141
418 306 435 303
532 237 538 248
501 235 518 236
346 100 356 97
13 319 32 315
598 423 621 429
617 307 633 311
10 234 31 242
196 377 208 377
307 433 309 447
600 419 621 422
490 143 495 153
414 280 414 266
596 372 627 378
282 209 297 212
48 277 61 281
611 241 638 255
496 226 514 227
332 327 342 328
305 16 373 0
257 52 271 60
490 326 501 326
139 171 149 169
282 84 314 76
473 156 473 115
259 364 269 364
260 42 277 52
521 223 534 224
120 260 136 244
89 238 110 222
51 263 64 262
595 302 605 318
54 312 72 310
10 228 23 233
119 365 130 365
567 198 589 198
527 270 543 272
521 423 540 426
332 344 353 347
622 323 635 323
493 402 503 405
144 316 156 304
421 419 432 421
496 204 520 211
605 223 620 224
87 251 102 258
1 182 31 197
312 426 324 440
116 414 118 400
470 438 482 445
597 392 622 393
447 267 448 278
394 11 407 1
615 317 628 316
381 373 391 373
53 324 71 324
610 416 621 416
501 230 547 235
547 214 557 212
138 320 150 320
196 320 207 322
263 388 279 387
143 370 153 370
616 381 631 382
468 436 484 445
600 297 623 295
240 249 241 237
382 72 401 69
416 237 417 221
262 73 263 83
279 352 279 330
90 227 104 235
498 292 515 295
122 223 132 215
382 364 403 364
489 209 496 223
627 405 638 403
468 166 473 178
505 245 577 310
563 400 594 400
588 413 599 436
258 289 259 274
601 362 612 363
284 221 284 232
341 331 356 333
622 236 637 235
492 242 519 240
323 356 336 361
89 232 106 241
392 384 406 390
623 371 636 373
550 302 560 302
121 225 135 224
553 273 564 274
332 90 341 100
278 33 302 28
326 82 338 94
439 419 456 420
264 337 277 342
539 323 550 323
621 391 626 401
65 262 79 251
623 193 634 194
511 418 523 419
588 268 615 269
579 397 589 397
516 182 542 182
391 428 406 430
504 239 519 241
314 421 324 431
493 179 525 207
246 212 260 214
60 246 74 253
106 168 122 170
88 348 101 348
417 76 448 105
428 179 451 176
295 449 328 447
617 204 639 189
294 415 294 404
560 416 572 415
262 84 274 72
202 422 218 422
166 332 176 332
459 242 459 229
363 410 390 413
383 433 395 434
10 143 24 146
482 282 482 261
410 38 410 56
101 356 126 358
201 148 213 141
266 371 276 374
255 225 269 225
387 415 397 415
476 438 491 446
238 354 254 354
497 256 515 260
382 95 396 83
135 207 148 197
382 94 404 82
295 297 296 276
118 216 130 215
73 172 84 174
254 261 264 263
594 201 605 199
428 198 442 206
282 223 284 213
262 209 273 205
9 244 10 274
91 418 94 400
92 178 104 178
0 381 11 382
546 311 564 311
505 187 535 185
507 309 523 303
164 155 182 145
167 51 169 38
23 356 26 329
90 231 101 237
255 296 265 298
480 412 494 413
271 155 290 151
296 157 306 148
235 423 246 426
436 262 443 247
448 381 466 385
265 172 279 170
493 322 516 319
498 330 516 328
441 143 459 159
420 300 420 313
421 125 435 140
6 144 18 147
486 236 486 253
3 188 15 195
52 262 74 257
335 179 335 142
91 274 104 267
35 401 45 400
308 150 319 139
91 244 104 242
300 438 302 452
496 218 521 221
131 198 153 199
481 210 496 210
71 321 71 331
195 431 211 433
264 338 281 346
321 440 338 440
502 218 527 221
250 90 273 103
282 208 293 207
432 192 449 202
291 305 291 269
197 332 207 335
122 340 138 324
411 313 421 313
589 297 596 309
328 108 329 93
113 233 130 219
256 219 269 219
528 237 539 239
173 284 186 270
282 216 296 219
492 346 504 347
184 195 184 213
454 95 480 125
568 287 579 283
451 170 452 263
608 268 623 263
401 22 401 40
487 280 487 262
125 231 136 242
453 344 453 326
85 295 98 297
294 315 294 338
116 174 128 175
221 27 286 11
622 329 635 326
313 147 324 137
63 195 76 195
416 25 424 37
54 304 72 306
379 466 391 464
185 323 185 304
377 80 390 78
382 361 398 361
148 115 164 120
193 312 204 312
316 420 328 421
419 289 435 285
532 422 543 419
113 228 131 232
397 400 410 400
16 309 26 309
465 381 477 385
627 210 637 210
589 193 599 192
289 403 301 409
480 193 491 193
177 210 188 209
500 338 510 338
573 267 585 262
513 324 523 324
585 230 606 231
414 41 414 51
584 387 610 388
255 248 255 220
228 360 245 359
447 365 459 365
435 429 453 429
583 222 595 221
572 187 589 187
155 329 165 332
425 390 437 391
313 193 325 188
583 191 595 200
288 297 289 285
420 383 431 383
98 312 98 323
131 323 144 324
25 184 39 185
430 224 441 223
504 166 516 179
530 329 550 330
146 118 163 122
277 0 277 16
260 114 261 124
382 330 398 332
92 191 103 191
122 242 134 244
399 356 412 358
388 365 400 365
479 145 492 141
469 414 480 414
554 298 566 298
222 147 235 142
606 265 617 267
418 68 432 82
361 217 361 245
490 152 495 162
528 445 538 449
475 294 476 323
548 249 562 255
204 408 214 407
419 284 432 282
547 244 557 245
481 124 499 151
557 232 567 233
119 240 134 238
264 229 265 216
573 266 579 276
65 191 66 174
3 190 38 189
279 103 280 114
154 190 155 178
477 211 502 212
132 374 146 374
440 204 441 194
197 153 225 139
572 199 596 200
104 207 118 200
436 242 437 262
125 241 136 238
415 274 429 276
525 219 536 217
303 86 317 92
532 431 540 418
541 341 552 330
1 223 13 223
119 232 132 221
627 228 628 245
176 274 186 275
559 231 570 247
563 226 619 247
240 254 252 254
586 405 610 405
72 187 72 200
296 161 297 140
122 339 133 328
278 364 288 364
382 69 391 81
532 240 545 251
398 379 411 379
84 260 107 269
254 107 265 101
586 407 603 412
476 304 487 302
521 330 540 331
170 40 183 47
135 276 136 239
134 312 144 313
423 34 431 45
124 251 136 258
306 86 317 91
492 245 506 247
147 226 147 239
90 226 101 232
400 8 401 21
176 302 187 306
160 156 170 153
579 307 593 309
146 255 149 237
296 378 306 381
584 247 595 248
470 213 481 220
338 95 355 112
317 435 330 451
277 34 300 29
408 128 428 140
438 421 452 427
611 277 633 264
607 382 627 382
19 368 33 368
344 448 359 451
121 177 131 179
170 374 185 374
173 39 185 46
357 19 387 13
249 211 259 201
422 98 424 116
87 266 97 270
494 428 517 430
161 161 171 154
345 394 357 394
41 167 44 177
296 211 297 241
292 416 307 400
594 363 604 363
98 308 118 310
393 389 403 394
532 179 542 178
239 236 241 246
433 273 434 293
352 256 364 257
543 392 557 393
507 192 530 192
204 409 215 408
266 75 266 88
414 29 422 19
422 378 435 381
73 294 74 251
139 167 149 164
254 99 256 110
262 77 290 81
315 150 338 137
552 398 554 408
85 294 99 294
237 315 237 283
471 232 472 264
119 366 129 366
116 258 131 265
8 182 33 196
388 356 399 358
407 172 419 180
135 234 136 191
575 316 592 312
16 405 28 405
550 409 566 413
527 307 539 306
616 242 630 259
26 318 37 318
498 293 509 291
479 143 481 133
508 330 523 328
15 291 33 294
250 224 275 198
496 246 506 254
53 322 71 320
14 218 14 204
260 298 269 275
1 217 13 222
439 338 439 303
506 188 523 188
424 294 438 293
568 393 582 396
190 51 200 54
336 102 347 102
89 321 89 300
353 260 363 261
380 406 391 409
27 317 28 297
479 164 500 172
460 270 460 252
261 97 263 123
80 416 93 412
202 49 216 46
86 275 96 277
621 304 632 304
254 119 267 112
511 287 529 284
89 205 101 207
482 314 504 311
492 437 502 438
515 427 532 434
482 317 493 313
305 425 306 447
587 341 600 341
384 367 408 365
594 296 603 310
244 273 250 257
106 409 125 409
113 234 124 235
502 237 518 239
289 437 290 450
532 230 537 243
31 328 45 328
436 236 450 233
41 223 51 219
599 248 612 242
428 188 446 188
202 413 213 409
429 229 444 224
566 303 577 302
525 220 539 222
538 283 549 292
499 419 510 421
411 198 411 183
511 203 518 218
94 179 96 190
505 410 515 412
564 323 577 321
350 328 360 316
12 234 12 247
334 438 346 439
479 144 490 151
323 191 324 155
1 212 12 217
18 201 28 205
487 305 503 303
372 79 387 95
432 216 442 216
446 167 446 184
498 274 519 261
91 236 104 244
140 282 152 286
261 132 285 105
89 237 99 242
418 214 418 180
41 232 52 237
282 60 297 73
429 41 437 52
558 285 579 289
449 106 484 142
518 230 537 230
607 264 617 266
84 347 94 347
563 222 578 230
86 232 103 241
482 310 498 309
313 353 325 358
491 407 494 417
558 396 572 396
253 201 273 207
467 415 477 418
545 287 558 284
549 288 575 312
467 114 478 112
3 293 3 318
504 151 516 171
295 61 319 83
290 406 311 410
508 156 516 168
607 241 618 249
265 66 281 50
10 231 25 237
503 268 522 263
363 411 373 412
252 402 262 397
492 150 503 147
88 250 98 255
343 255 361 257
381 86 392 93
542 303 548 313
606 287 623 284
591 338 607 358
563 399 576 398
430 288 441 285
506 259 520 272
490 162 513 189
476 305 507 300
482 305 493 303
411 259 411 246
553 278 558 290
498 176 509 185
610 291 621 299
305 167 316 166
513 405 525 407
356 104 384 99
223 32 362 0
43 167 47 182
92 175 94 187
108 224 120 229
138 192 152 191
422 18 464 69
551 338 565 337
496 244 519 263
485 206 485 183
553 420 575 427
588 374 609 378
631 290 633 315
292 436 309 439
526 232 542 233
506 190 525 170
298 33 335 23
21 322 31 324
494 430 508 434
447 359 465 359
569 305 579 305
602 283 622 273
122 197 146 197
505 278 515 280
440 195 445 206
246 341 246 299
114 359 126 359
590 306 591 321
391 76 404 91
52 244 71 252
1 207 12 211
54 305 67 306
432 163 432 176
302 222 304 242
336 133 355 131
560 426 570 429
512 273 522 271
361 246 361 260
274 297 274 307
62 192 63 171
573 389 586 389
519 282 529 283
473 438 485 445
590 216 600 216
510 215 521 215
457 166 473 175
54 282 65 279
255 286 256 275
476 290 488 287
591 236 601 248
5 136 9 146
309 131 321 130
190 159 195 149
627 242 628 253
0 140 23 136
31 236 41 234
120 221 130 220
514 433 534 437
185 195 185 170
240 278 252 274
52 275 62 279
479 139 482 126
134 298 144 300
266 345 278 350
380 81 394 67
319 78 331 86
470 331 485 329
135 278 150 281
64 175 79 172
410 2 416 12
89 206 90 218
27 327 39 327
452 158 453 168
586 432 603 437
113 227 130 227
408 99 408 87
265 73 286 82
434 434 445 438
592 374 603 376
511 253 522 256
446 164 456 169
173 174 183 170
631 198 631 187
561 431 571 434
614 315 624 313
265 442 284 447
470 220 481 221
309 148 320 146
557 423 570 427
623 251 639 251
71 478 81 474
429 278 443 280
441 154 456 160
14 182 33 193
570 299 585 293
520 320 534 321
429 230 439 228
118 205 119 189
556 275 567 276
482 300 493 299
507 283 520 285
436 221 452 223
202 145 214 141
239 300 239 322
13 271 14 254
