5.310094604492187500e+02 3.009579162597656250e+02 5.287228393554687500e+02 2.643422851562500000e+02
2.127622070312500000e+02 9.750102996826171875e+01 2.125671386718750000e+02 7.780386352539062500e+01
1.016378936767578125e+02 1.294395294189453125e+02 1.029265670776367188e+02 1.087944793701171875e+02
2.112527465820312500e+02 1.733584289550781250e+02 2.114088439941406250e+02 1.928186187744140625e+02
9.873210144042968750e+01 1.950422363281250000e+02 9.775727844238281250e+01 2.137501678466796875e+02
1.736981506347656250e+02 1.987575836181640625e+02 1.719422760009765625e+02 1.800024719238281250e+02
3.023255615234375000e+02 2.943738403320312500e+02 3.337439270019531250e+02 3.009433593750000000e+02
1.933296966552734375e+02 1.960935058593750000e+02 1.736981506347656250e+02 1.987575836181640625e+02
1.750005340576171875e+02 8.711061096191406250e+01 1.759066925048828125e+02 1.050817489624023438e+02
2.114088439941406250e+02 1.928186187744140625e+02 1.933296966552734375e+02 1.960935058593750000e+02
1.720816955566406250e+02 2.456173400878906250e+02 1.736981506347656250e+02 1.987575836181640625e+02
9.262521362304687500e+01 4.973202896118164062e+01 8.000135803222656250e+01 5.348195648193359375e+01
2.117106781005859375e+02 1.190556030273437500e+02 2.127622070312500000e+02 9.750102996826171875e+01
9.374958801269531250e+01 3.085895996093750000e+02 1.337515563964843750e+02 3.056159057617187500e+02
4.982334899902343750e+02 1.406280212402343750e+02 5.003053283691406250e+02 1.621878356933593750e+02
2.803466415405273438e+01 2.070762329101562500e+02 2.667983818054199219e+01 2.250012512207031250e+02
2.322673339843750000e+02 7.306486511230468750e+01 2.337307891845703125e+02 9.211386108398437500e+01
3.037583312988281250e+02 3.158065185546875000e+02 3.350172119140625000e+02 3.198984680175781250e+02
1.924840087890625000e+02 3.176065673828125000e+02 1.920535888671875000e+02 3.325101623535156250e+02
3.011426391601562500e+02 2.308445281982421875e+02 2.650001220703125000e+02 2.352995605468750000e+02
3.565270690917968750e+02 3.053161010742187500e+02 3.850001525878906250e+02 3.112592773437500000e+02
2.117106781005859375e+02 1.190556030273437500e+02 2.115133972167968750e+02 1.377922821044921875e+02
1.750005340576171875e+02 8.711061096191406250e+01 2.125671386718750000e+02 7.780386352539062500e+01
2.118704986572265625e+02 6.565029144287109375e+01 2.125671386718750000e+02 7.780386352539062500e+01
1.016378936767578125e+02 1.294395294189453125e+02 1.000279617309570312e+02 1.661615600585937500e+02
2.487380065917968750e+02 3.393245544433593750e+02 2.487538299560546875e+02 3.609595336914062500e+02
1.069707107543945312e+02 2.784516525268554688e+01 1.061018524169921875e+02 4.750932693481445312e+01
4.663263549804687500e+02 9.030278778076171875e+01 4.500001525878906250e+02 9.281545257568359375e+01
2.114066467285156250e+02 3.248663940429687500e+02 2.100014648437500000e+02 3.401256713867187500e+02
1.720816955566406250e+02 2.456173400878906250e+02 1.512593383789062500e+02 2.475060119628906250e+02
8.761573791503906250e+01 3.284934082031250000e+02 8.741294097900390625e+01 3.450000610351562500e+02
3.366964721679687500e+02 3.402926940917968750e+02 3.032924194335937500e+02 3.375000000000000000e+02
5.003053283691406250e+02 1.621878356933593750e+02 5.226740112304687500e+02 1.902975463867187500e+02
3.023255615234375000e+02 2.943738403320312500e+02 2.187388763427734375e+02 3.000002441406250000e+02
1.350074462890625000e+02 3.628108825683593750e+02 8.697299194335937500e+01 3.637500610351562500e+02
9.262521362304687500e+01 4.973202896118164062e+01 1.061018524169921875e+02 4.750932693481445312e+01
9.554524230957031250e+01 2.540700836181640625e+02 9.775727844238281250e+01 2.137501678466796875e+02
2.376516723632812500e+01 2.646008911132812500e+02 2.667983818054199219e+01 2.250012512207031250e+02
1.029265670776367188e+02 1.087944793701171875e+02 1.050053710937500000e+02 8.155028533935546875e+01
2.487619171142578125e+02 1.865307006835937500e+02 2.500000000000000000e+02 1.667880249023437500e+02
2.487380065917968750e+02 3.393245544433593750e+02 2.487311706542968750e+02 3.177959289550781250e+02
2.100014648437500000e+02 3.401256713867187500e+02 2.311817932128906250e+02 3.402964477539062500e+02
1.617141723632812500e+02 3.037512512207031250e+02 1.337515563964843750e+02 3.056159057617187500e+02
5.310094604492187500e+02 3.009579162597656250e+02 5.318137207031250000e+02 3.365656127929687500e+02
4.510052795410156250e+02 1.186119766235351562e+02 4.500001525878906250e+02 9.281545257568359375e+01
2.113234252929687500e+02 3.611808776855468750e+02 2.100014648437500000e+02 3.401256713867187500e+02
3.011426391601562500e+02 2.308445281982421875e+02 3.380722351074218750e+02 2.447051239013671875e+02
2.115133972167968750e+02 1.377922821044921875e+02 1.733803100585937500e+02 1.462503356933593750e+02
3.752959823608398438e+01 6.582870483398437500e+01 3.874479675292968750e+01 4.981082153320312500e+01
6.700055694580078125e+01 5.727952957153320312e+01 8.000135803222656250e+01 5.348195648193359375e+01
2.118704986572265625e+02 6.565029144287109375e+01 2.128673400878906250e+02 4.680876922607421875e+01
1.512593383789062500e+02 2.475060119628906250e+02 1.522972564697265625e+02 2.137510681152343750e+02
5.271034240722656250e+01 2.006773986816406250e+02 5.257835388183593750e+01 1.762505340576171875e+02
2.472175292968750000e+02 2.371001129150390625e+02 2.650001220703125000e+02 2.352995605468750000e+02
5.310094604492187500e+02 3.009579162597656250e+02 5.637041015625000000e+02 3.000000000000000000e+02
9.554524230957031250e+01 2.540700836181640625e+02 1.237345886230468750e+02 2.512500000000000000e+02
3.752959823608398438e+01 6.582870483398437500e+01 2.616867446899414062e+01 6.992506408691406250e+01
2.487380065917968750e+02 3.393245544433593750e+02 3.032924194335937500e+02 3.375000000000000000e+02
1.759066925048828125e+02 1.050817489624023438e+02 1.733803100585937500e+02 1.462503356933593750e+02
7.620909118652343750e+01 1.340589294433593750e+02 8.873841857910156250e+01 1.313125305175781250e+02
5.717234497070312500e+02 4.527067260742187500e+02 6.150745849609375000e+02 4.528162841796875000e+02
3.139885330200195312e+01 1.436166076660156250e+02 3.374184799194335938e+01 1.256258468627929688e+02
1.350254669189453125e+02 3.234256896972656250e+02 1.530479278564453125e+02 3.225002441406250000e+02
3.364558105468750000e+02 3.600003051757812500e+02 3.366964721679687500e+02 3.402926940917968750e+02
2.722994689941406250e+02 3.168746643066406250e+02 3.037583312988281250e+02 3.158065185546875000e+02
6.237500762939453125e+01 1.365150146484375000e+02 7.620909118652343750e+01 1.340589294433593750e+02
5.735334396362304688e+01 9.457350158691406250e+01 5.767122268676757812e+01 1.190594100952148438e+02
3.972591857910156250e+02 3.604907226562500000e+02 3.537276000976562500e+02 3.600027160644531250e+02
2.500018310546875000e+02 6.853767395019531250e+01 2.500009918212890625e+02 8.807910156250000000e+01
1.387269897460937500e+02 2.494078216552734375e+02 1.237345886230468750e+02 2.512500000000000000e+02
3.884593505859375000e+02 3.608504943847656250e+02 3.537276000976562500e+02 3.600027160644531250e+02
2.334297790527343750e+02 2.390491333007812500e+02 1.936517944335937500e+02 2.437505798339843750e+02
1.016378936767578125e+02 1.294395294189453125e+02 8.873841857910156250e+01 1.313125305175781250e+02
1.522972564697265625e+02 2.137510681152343750e+02 1.536906738281250000e+02 1.828097381591796875e+02
2.312484893798828125e+02 1.696882781982421875e+02 2.328098449707031250e+02 1.890348205566406250e+02
1.000279617309570312e+02 1.661615600585937500e+02 9.873210144042968750e+01 1.950422363281250000e+02
4.510052795410156250e+02 1.186119766235351562e+02 4.518841552734375000e+02 1.359248199462890625e+02
1.750015869140625000e+02 5.724169540405273438e+01 1.787366943359375000e+02 1.668251991271972656e+01
2.472175292968750000e+02 2.371001129150390625e+02 2.334297790527343750e+02 2.390491333007812500e+02
1.967838897705078125e+02 1.126707649230957031e+01 2.137686157226562500e+02 6.515275955200195312e+00
2.722994689941406250e+02 3.168746643066406250e+02 2.487311706542968750e+02 3.177959289550781250e+02
1.556112823486328125e+02 1.275100708007812500e+02 1.550000000000000000e+02 1.482764739990234375e+02
1.720816955566406250e+02 2.456173400878906250e+02 1.936517944335937500e+02 2.437505798339843750e+02
1.000279617309570312e+02 1.661615600585937500e+02 9.874687957763671875e+01 1.860828857421875000e+02
4.585662841796875000e+02 4.289360427856445312e+01 4.337278442382812500e+02 3.937259316444396973e-04
3.861932067871093750e+02 3.758435668945312500e+02 3.561760864257812500e+02 3.787533874511718750e+02
1.950174560546875000e+02 1.012509918212890625e+02 2.127622070312500000e+02 9.750102996826171875e+01
9.084730529785156250e+01 8.484740447998046875e+01 1.050053710937500000e+02 8.155028533935546875e+01
2.748013496398925781e+01 4.631783447265625000e+02 2.738231277465820312e+01 4.790588073730468750e+02
3.752959823608398438e+01 6.582870483398437500e+01 3.610144042968750000e+01 1.003049392700195312e+02
1.037341918945312500e+02 9.927031707763671875e+01 1.050053710937500000e+02 8.155028533935546875e+01
3.834474182128906250e+02 3.273673095703125000e+02 3.537431335449218750e+02 3.215575256347656250e+02
3.350172119140625000e+02 3.198984680175781250e+02 3.337439270019531250e+02 3.009433593750000000e+02
8.741294097900390625e+01 3.450000610351562500e+02 8.697299194335937500e+01 3.637500610351562500e+02
3.373868103027343750e+02 3.796592102050781250e+02 3.364558105468750000e+02 3.600003051757812500e+02
1.750005340576171875e+02 8.711061096191406250e+01 1.750242614746093750e+02 7.500169372558593750e+01
2.115133972167968750e+02 1.377922821044921875e+02 2.100328216552734375e+02 1.602999420166015625e+02
1.936517944335937500e+02 2.437505798339843750e+02 1.930368041992187500e+02 2.555710906982421875e+02
4.264962158203125000e+02 3.609027709960937500e+02 3.972591857910156250e+02 3.604907226562500000e+02
1.773076629638671875e+02 7.536068558692932129e-02 1.787366943359375000e+02 1.668251991271972656e+01
2.112527465820312500e+02 1.733584289550781250e+02 1.719422760009765625e+02 1.800024719238281250e+02
2.312484893798828125e+02 1.696882781982421875e+02 2.317768096923828125e+02 1.340284576416015625e+02
2.487263183593750000e+02 3.805550537109375000e+02 2.487538299560546875e+02 3.609595336914062500e+02
2.112527465820312500e+02 1.733584289550781250e+02 2.100328216552734375e+02 1.602999420166015625e+02
1.500284729003906250e+02 3.429159545898437500e+02 1.700011444091796875e+02 3.422696533203125000e+02
1.750015869140625000e+02 5.724169540405273438e+01 1.750242614746093750e+02 7.500169372558593750e+01
1.967838897705078125e+02 1.126707649230957031e+01 1.787366943359375000e+02 1.668251991271972656e+01
5.598253631591796875e+01 2.606833190917968750e+02 2.376516723632812500e+01 2.646008911132812500e+02
3.001563262939453125e+01 4.218278503417968750e+02 2.652237892150878906e+00 4.219682922363281250e+02
3.028265686035156250e+02 2.737501525878906250e+02 3.450015563964843750e+02 2.840529479980468750e+02
2.128673400878906250e+02 4.680876922607421875e+01 1.750015869140625000e+02 5.724169540405273438e+01
2.317768096923828125e+02 1.340284576416015625e+02 2.337307891845703125e+02 9.211386108398437500e+01
4.268735961914062500e+02 3.468294067382812500e+02 4.264962158203125000e+02 3.609027709960937500e+02
1.936517944335937500e+02 2.437505798339843750e+02 1.950005493164062500e+02 2.237586517333984375e+02
2.322673339843750000e+02 7.306486511230468750e+01 2.500018310546875000e+02 6.853767395019531250e+01
2.616867446899414062e+01 6.992506408691406250e+01 1.500269699096679688e+01 7.306075286865234375e+01
4.323527832031250000e+02 5.627890014648437500e+01 4.470758666992187500e+02 5.056790542602539062e+01
9.262521362304687500e+01 4.973202896118164062e+01 9.084730529785156250e+01 8.484740447998046875e+01
1.562372741699218750e+02 9.137755584716796875e+01 1.559688110351562500e+02 1.096399993896484375e+02
3.373868103027343750e+02 3.796592102050781250e+02 3.029913024902343750e+02 3.810253906250000000e+02
2.112527465820312500e+02 1.733584289550781250e+02 2.115133972167968750e+02 1.377922821044921875e+02
1.061018524169921875e+02 4.750932693481445312e+01 1.050053710937500000e+02 8.155028533935546875e+01
4.237572937011718750e+02 2.777470703125000000e+02 3.920996398925781250e+02 2.673478698730468750e+02
5.226740112304687500e+02 1.902975463867187500e+02 5.574650268554687500e+02 2.100562744140625000e+02
1.029265670776367188e+02 1.087944793701171875e+02 5.767122268676757812e+01 1.190594100952148438e+02
4.268735961914062500e+02 3.468294067382812500e+02 3.982736206054687500e+02 3.450000915527343750e+02
8.697299194335937500e+01 3.637500610351562500e+02 9.000038146972656250e+01 3.787514038085937500e+02
4.010104064941406250e+02 3.764131164550781250e+02 4.257445678710937500e+02 3.750119628906250000e+02
2.113234252929687500e+02 3.611808776855468750e+02 2.110488739013671875e+02 3.772410583496093750e+02
4.430447692871093750e+02 2.615134582519531250e+02 4.450000000000000000e+02 2.866629333496093750e+02
2.748013496398925781e+01 4.631783447265625000e+02 1.730801010131835938e+01 4.474357299804687500e+02
4.470758666992187500e+02 5.056790542602539062e+01 4.500001525878906250e+02 9.281545257568359375e+01
3.139885330200195312e+01 1.436166076660156250e+02 3.030678939819335938e+01 1.800003662109375000e+02
5.287228393554687500e+02 2.643422851562500000e+02 5.524517211914062500e+02 2.635992431640625000e+02
3.610144042968750000e+01 1.003049392700195312e+02 3.374184799194335938e+01 1.256258468627929688e+02
1.500269699096679688e+01 7.306075286865234375e+01 3.620340347290039062e+00 7.539596557617187500e+01
2.803466415405273438e+01 2.070762329101562500e+02 3.030678939819335938e+01 1.800003662109375000e+02
1.669589538574218750e+02 3.809899902343750000e+02 1.687488403320312500e+02 3.621401977539062500e+02
1.687488403320312500e+02 3.621401977539062500e+02 1.700011444091796875e+02 3.422696533203125000e+02
1.933296966552734375e+02 1.960935058593750000e+02 1.950005493164062500e+02 2.237586517333984375e+02
2.113234252929687500e+02 3.611808776855468750e+02 2.312010955810546875e+02 3.611351318359375000e+02
4.585662841796875000e+02 4.289360427856445312e+01 4.470758666992187500e+02 5.056790542602539062e+01
5.257835388183593750e+01 1.762505340576171875e+02 7.374741363525390625e+01 1.715083770751953125e+02
2.328098449707031250e+02 1.890348205566406250e+02 2.334297790527343750e+02 2.390491333007812500e+02
2.500000000000000000e+02 1.667880249023437500e+02 2.500000000000000000e+02 1.312547912597656250e+02
1.510726318359375000e+02 4.223898620605468750e+02 1.585288848876953125e+02 4.002916564941406250e+02
1.933296966552734375e+02 1.960935058593750000e+02 1.936517944335937500e+02 2.437505798339843750e+02
2.803466415405273438e+01 2.070762329101562500e+02 5.900561809539794922e-03 2.123146667480468750e+02
1.120118408203125000e+02 3.440390930175781250e+02 8.741294097900390625e+01 3.450000610351562500e+02
1.687488403320312500e+02 3.621401977539062500e+02 1.500010528564453125e+02 3.620419921875000000e+02
1.213890075683593750e+01 3.806414489746093750e+02 3.872171783447265625e+01 3.806927490234375000e+02
3.139885330200195312e+01 1.436166076660156250e+02 2.104951858520507812e+01 1.462606048583984375e+02
5.850026245117187500e+02 1.813274841308593750e+02 5.886602172851562500e+02 2.087486572265625000e+02
3.465849304199218750e+02 9.935842132568359375e+01 3.450003662109375000e+02 1.153338470458984375e+02
1.512593383789062500e+02 2.475060119628906250e+02 1.387269897460937500e+02 2.494078216552734375e+02
1.562372741699218750e+02 9.137755584716796875e+01 1.563034515380859375e+02 6.149867630004882812e+01
4.721723556518554688e+01 2.615415039062500000e+02 2.376516723632812500e+01 2.646008911132812500e+02
3.465849304199218750e+02 9.935842132568359375e+01 3.485672302246093750e+02 1.575707855224609375e+02
6.113516845703125000e+02 2.675047302246093750e+02 6.137686767578125000e+02 2.953074951171875000e+02
9.848213958740234375e+01 2.906331481933593750e+02 1.350036621093750000e+02 2.878029479980468750e+02
1.536906738281250000e+02 1.828097381591796875e+02 1.550000000000000000e+02 1.482764739990234375e+02
3.565270690917968750e+02 3.053161010742187500e+02 3.450015563964843750e+02 2.840529479980468750e+02
1.000279617309570312e+02 1.661615600585937500e+02 8.648161315917968750e+01 1.688193969726562500e+02
3.532568969726562500e+02 3.418685913085937500e+02 3.837626647949218750e+02 3.436729431152343750e+02
5.116733932495117188e+01 3.675492858886718750e+02 4.837847137451171875e+01 3.800727233886718750e+02
3.610144042968750000e+01 1.003049392700195312e+02 2.376370429992675781e+01 1.026913299560546875e+02
3.030678939819335938e+01 1.800003662109375000e+02 6.886905670166015625e+00 1.840148468017578125e+02
1.245710468292236328e+01 3.460148620605468750e+02 1.161240100860595703e+01 3.615166015625000000e+02
6.654988098144531250e+01 2.601716613769531250e+02 6.876381683349609375e+01 2.186572723388671875e+02
2.322673339843750000e+02 7.306486511230468750e+01 2.323422088623046875e+02 4.217717361450195312e+01
1.213890075683593750e+01 3.806414489746093750e+02 4.837847137451171875e+01 3.800727233886718750e+02
1.559688110351562500e+02 1.096399993896484375e+02 1.556112823486328125e+02 1.275100708007812500e+02
2.472175292968750000e+02 2.371001129150390625e+02 2.487619171142578125e+02 1.865307006835937500e+02
3.364558105468750000e+02 3.600003051757812500e+02 3.537276000976562500e+02 3.600027160644531250e+02
1.700011444091796875e+02 3.422696533203125000e+02 1.700082397460937500e+02 3.252596130371093750e+02
1.585288848876953125e+02 4.002916564941406250e+02 1.100187683105468750e+02 4.003027954101562500e+02
1.725800170898437500e+02 1.664153137207031250e+02 1.733803100585937500e+02 1.462503356933593750e+02
3.364558105468750000e+02 3.600003051757812500e+02 2.487538299560546875e+02 3.609595336914062500e+02
8.741294097900390625e+01 3.450000610351562500e+02 1.363162689208984375e+02 3.440593566894531250e+02
1.387392883300781250e+02 1.849213714599609375e+02 1.400000152587890625e+02 2.042411651611328125e+02
1.413074612617492676e+00 1.094161758422851562e+02 3.620340347290039062e+00 7.539596557617187500e+01
1.350254669189453125e+02 3.234256896972656250e+02 1.187593231201171875e+02 3.245797424316406250e+02
3.335691528320312500e+02 4.002946166992187500e+02 3.037359619140625000e+02 4.040560302734375000e+02
3.565270690917968750e+02 3.053161010742187500e+02 3.537431335449218750e+02 3.215575256347656250e+02
5.735334396362304688e+01 9.457350158691406250e+01 9.084730529785156250e+01 8.484740447998046875e+01
1.759066925048828125e+02 1.050817489624023438e+02 1.950174560546875000e+02 1.012509918212890625e+02
4.585662841796875000e+02 4.289360427856445312e+01 4.323527832031250000e+02 5.627890014648437500e+01
3.350172119140625000e+02 3.198984680175781250e+02 3.366964721679687500e+02 3.402926940917968750e+02
6.654988098144531250e+01 2.601716613769531250e+02 5.598253631591796875e+01 2.606833190917968750e+02
1.069707107543945312e+02 2.784516525268554688e+01 1.081836013793945312e+02 1.877775001525878906e+01
1.528422241210937500e+02 2.010496368408203125e+02 1.536906738281250000e+02 1.828097381591796875e+02
1.416527099609375000e+02 9.465246582031250000e+01 1.425221862792968750e+02 1.227842483520507812e+02
1.719422760009765625e+02 1.800024719238281250e+02 1.733803100585937500e+02 1.462503356933593750e+02
2.487380065917968750e+02 3.393245544433593750e+02 2.311817932128906250e+02 3.402964477539062500e+02
8.873841857910156250e+01 1.313125305175781250e+02 8.648161315917968750e+01 1.688193969726562500e+02
5.287228393554687500e+02 2.643422851562500000e+02 5.262866821289062500e+02 2.297905120849609375e+02
2.312484893798828125e+02 1.696882781982421875e+02 2.500000000000000000e+02 1.667880249023437500e+02
3.364558105468750000e+02 3.600003051757812500e+02 3.026867370605468750e+02 3.590483398437500000e+02
1.029265670776367188e+02 1.087944793701171875e+02 1.037341918945312500e+02 9.927031707763671875e+01
6.322049560546875000e+02 4.060600891113281250e+02 6.300003051757812500e+02 3.769348754882812500e+02
2.628060607910156250e+02 4.031582031250000000e+02 3.037359619140625000e+02 4.040560302734375000e+02
1.911736297607421875e+02 2.690545043945312500e+02 1.909447937011718750e+02 2.877980346679687500e+02
1.052821197509765625e+02 3.815554199218750000e+02 9.000038146972656250e+01 3.787514038085937500e+02
2.115133972167968750e+02 1.377922821044921875e+02 2.317768096923828125e+02 1.340284576416015625e+02
1.719422760009765625e+02 1.800024719238281250e+02 1.725800170898437500e+02 1.664153137207031250e+02
1.213890075683593750e+01 3.806414489746093750e+02 1.161240100860595703e+01 3.615166015625000000e+02
5.264113159179687500e+02 3.889008483886718750e+02 5.487587280273437500e+02 3.862504882812500000e+02
1.387392883300781250e+02 1.849213714599609375e+02 1.536906738281250000e+02 1.828097381591796875e+02
3.920996398925781250e+02 2.673478698730468750e+02 3.487580566406250000e+02 2.488787841796875000e+02
1.930368041992187500e+02 2.555710906982421875e+02 1.911736297607421875e+02 2.690545043945312500e+02
5.030435791015625000e+02 3.992708129882812500e+02 5.225082397460937500e+02 3.965385742187500000e+02
2.500009918212890625e+02 8.807910156250000000e+01 2.500000000000000000e+02 1.088127593994140625e+02
4.812775878906250000e+02 3.280436706542968750e+02 5.110908508300781250e+02 3.328013916015625000e+02
1.000279617309570312e+02 1.661615600585937500e+02 7.374741363525390625e+01 1.715083770751953125e+02
6.113516845703125000e+02 2.675047302246093750e+02 6.387468261718750000e+02 2.670349121093750000e+02
6.700055694580078125e+01 5.727952957153320312e+01 6.630932617187500000e+01 8.853800201416015625e+01
1.413074612617492676e+00 1.094161758422851562e+02 1.289373493194580078e+01 1.053374633789062500e+02
5.110908508300781250e+02 3.328013916015625000e+02 5.318137207031250000e+02 3.365656127929687500e+02
2.312010955810546875e+02 3.611351318359375000e+02 2.487538299560546875e+02 3.609595336914062500e+02
5.226740112304687500e+02 1.902975463867187500e+02 5.262866821289062500e+02 2.297905120849609375e+02
1.872204437255859375e+02 4.214442749023437500e+02 1.658726806640625000e+02 4.210918579101562500e+02
6.237500762939453125e+01 1.365150146484375000e+02 6.133445358276367188e+01 1.700589447021484375e+02
3.610144042968750000e+01 1.003049392700195312e+02 3.500010681152343750e+01 1.179625854492187500e+02
3.373868103027343750e+02 3.796592102050781250e+02 3.561760864257812500e+02 3.787533874511718750e+02
1.350036621093750000e+02 2.878029479980468750e+02 1.752799072265625000e+02 2.840397338867187500e+02
1.924840087890625000e+02 3.176065673828125000e+02 1.909447937011718750e+02 2.877980346679687500e+02
4.264962158203125000e+02 3.609027709960937500e+02 3.884593505859375000e+02 3.608504943847656250e+02
5.598253631591796875e+01 2.606833190917968750e+02 5.833871841430664062e+01 2.203353576660156250e+02
2.312010955810546875e+02 3.611351318359375000e+02 2.311817932128906250e+02 3.402964477539062500e+02
1.528422241210937500e+02 2.010496368408203125e+02 1.522972564697265625e+02 2.137510681152343750e+02
3.380722351074218750e+02 2.447051239013671875e+02 3.920996398925781250e+02 2.673478698730468750e+02
8.000135803222656250e+01 5.348195648193359375e+01 7.872994232177734375e+01 8.852065277099609375e+01
3.085638999938964844e+00 6.093781280517578125e+01 3.620340347290039062e+00 7.539596557617187500e+01
6.261956176757812500e+02 3.052932434082031250e+02 6.387626342773437500e+02 3.055123291015625000e+02
1.120118408203125000e+02 3.440390930175781250e+02 1.363162689208984375e+02 3.440593566894531250e+02
5.735334396362304688e+01 9.457350158691406250e+01 7.872994232177734375e+01 8.852065277099609375e+01
2.472175292968750000e+02 2.371001129150390625e+02 3.011426391601562500e+02 2.308445281982421875e+02
1.289373493194580078e+01 1.053374633789062500e+02 2.376370429992675781e+01 1.026913299560546875e+02
3.030678939819335938e+01 1.800003662109375000e+02 2.875665283203125000e+01 1.976064147949218750e+02
2.487263183593750000e+02 3.805550537109375000e+02 3.029913024902343750e+02 3.810253906250000000e+02
3.684758758544921875e+01 3.462989807128906250e+02 5.248933410644531250e+01 3.343683166503906250e+02
9.873210144042968750e+01 1.950422363281250000e+02 9.554524230957031250e+01 2.540700836181640625e+02
2.500009918212890625e+02 8.807910156250000000e+01 2.500000000000000000e+02 1.312547912597656250e+02
2.112527465820312500e+02 1.733584289550781250e+02 1.931588897705078125e+02 1.770223693847656250e+02
1.920535888671875000e+02 3.325101623535156250e+02 1.913788146972656250e+02 3.496289367675781250e+02
9.084730529785156250e+01 8.484740447998046875e+01 7.872994232177734375e+01 8.852065277099609375e+01
4.982334899902343750e+02 1.406280212402343750e+02 4.663263549804687500e+02 9.030278778076171875e+01
2.113234252929687500e+02 3.611808776855468750e+02 2.100002288818359375e+02 3.491037292480468750e+02
2.334297790527343750e+02 2.390491333007812500e+02 2.650001220703125000e+02 2.352995605468750000e+02
1.787366943359375000e+02 1.668251991271972656e+01 2.137686157226562500e+02 6.515275955200195312e+00
1.512593383789062500e+02 2.475060119628906250e+02 1.237345886230468750e+02 2.512500000000000000e+02
2.317768096923828125e+02 1.340284576416015625e+02 2.500000000000000000e+02 1.312547912597656250e+02
3.137977790832519531e+01 1.454651355743408203e-03 2.876099777221679688e+01 2.152926826477050781e+01
2.334297790527343750e+02 2.390491333007812500e+02 2.169338378906250000e+02 2.400081787109375000e+02
1.052821197509765625e+02 3.815554199218750000e+02 1.350015716552734375e+02 3.808031005859375000e+02
1.069707107543945312e+02 2.784516525268554688e+01 1.087111968994140625e+02 3.042686730623245239e-02
5.735334396362304688e+01 9.457350158691406250e+01 5.815216445922851562e+01 1.093403320312500000e+02
1.425221862792968750e+02 1.227842483520507812e+02 1.400005035400390625e+02 1.512033843994140625e+02
9.873210144042968750e+01 1.950422363281250000e+02 9.874687957763671875e+01 1.860828857421875000e+02
1.413074612617492676e+00 1.094161758422851562e+02 2.376370429992675781e+01 1.026913299560546875e+02
2.487538299560546875e+02 3.609595336914062500e+02 3.026867370605468750e+02 3.590483398437500000e+02
1.087111968994140625e+02 3.042686730623245239e-02 1.081836013793945312e+02 1.877775001525878906e+01
3.373868103027343750e+02 3.796592102050781250e+02 2.487263183593750000e+02 3.805550537109375000e+02
4.010104064941406250e+02 3.764131164550781250e+02 3.861932067871093750e+02 3.758435668945312500e+02
2.500000000000000000e+02 1.312547912597656250e+02 2.500000000000000000e+02 1.088127593994140625e+02
4.237572937011718750e+02 2.777470703125000000e+02 4.233899230957031250e+02 2.426751098632812500e+02
1.416527099609375000e+02 9.465246582031250000e+01 1.426469573974609375e+02 1.126224060058593750e+02
2.616867446899414062e+01 6.992506408691406250e+01 3.620340347290039062e+00 7.539596557617187500e+01
2.118704986572265625e+02 6.565029144287109375e+01 1.750242614746093750e+02 7.500169372558593750e+01
8.648161315917968750e+01 1.688193969726562500e+02 7.374741363525390625e+01 1.715083770751953125e+02
8.759993553161621094e+00 2.800078773498535156e+01 2.876099777221679688e+01 2.152926826477050781e+01
2.073284387588500977e+00 2.277410583496093750e+02 1.234211027622222900e-01 2.675599060058593750e+02
1.562372741699218750e+02 9.137755584716796875e+01 1.558286895751953125e+02 7.976714324951171875e+01
6.237500762939453125e+01 1.365150146484375000e+02 5.767122268676757812e+01 1.190594100952148438e+02
1.161240100860595703e+01 3.615166015625000000e+02 1.875993728637695312e+00 3.602352294921875000e+02
1.138165283203125000e+01 1.076471060514450073e-02 8.759993553161621094e+00 2.800078773498535156e+01
1.936517944335937500e+02 2.437505798339843750e+02 2.169338378906250000e+02 2.400081787109375000e+02
5.116733932495117188e+01 3.675492858886718750e+02 2.373981475830078125e+01 3.675724792480468750e+02
9.873210144042968750e+01 1.950422363281250000e+02 5.271034240722656250e+01 2.006773986816406250e+02
2.115133972167968750e+02 1.377922821044921875e+02 1.959259643554687500e+02 1.402823638916015625e+02
5.257835388183593750e+01 1.762505340576171875e+02 8.648161315917968750e+01 1.688193969726562500e+02
3.374184799194335938e+01 1.256258468627929688e+02 1.834928989410400391e-03 1.350894317626953125e+02
4.237572937011718750e+02 2.777470703125000000e+02 4.450000000000000000e+02 2.866629333496093750e+02
7.620909118652343750e+01 1.340589294433593750e+02 7.374741363525390625e+01 1.715083770751953125e+02
1.061018524169921875e+02 4.750932693481445312e+01 1.081836013793945312e+02 1.877775001525878906e+01
3.139885330200195312e+01 1.436166076660156250e+02 3.000199508666992188e+01 1.668295898437500000e+02
3.139885330200195312e+01 1.436166076660156250e+02 3.500010681152343750e+01 1.179625854492187500e+02
3.011426391601562500e+02 2.308445281982421875e+02 3.003559570312500000e+02 1.555876922607421875e+02
5.257835388183593750e+01 1.762505340576171875e+02 5.366997146606445312e+01 1.924859161376953125e+02
3.610144042968750000e+01 1.003049392700195312e+02 1.289373493194580078e+01 1.053374633789062500e+02
2.487380065917968750e+02 3.393245544433593750e+02 2.775689086914062500e+02 3.379467468261718750e+02
2.312484893798828125e+02 1.696882781982421875e+02 2.334297790527343750e+02 2.390491333007812500e+02
3.032924194335937500e+02 3.375000000000000000e+02 2.775689086914062500e+02 3.379467468261718750e+02
4.010104064941406250e+02 3.764131164550781250e+02 3.561760864257812500e+02 3.787533874511718750e+02
5.318137207031250000e+02 3.365656127929687500e+02 5.311463623046875000e+02 3.172613220214843750e+02
4.268735961914062500e+02 3.468294067382812500e+02 4.287099914550781250e+02 3.327603759765625000e+02
3.752959823608398438e+01 6.582870483398437500e+01 1.500269699096679688e+01 7.306075286865234375e+01
2.128673400878906250e+02 4.680876922607421875e+01 2.125671386718750000e+02 7.780386352539062500e+01
1.510726318359375000e+02 4.223898620605468750e+02 1.872204437255859375e+02 4.214442749023437500e+02
1.387269897460937500e+02 2.494078216552734375e+02 9.554524230957031250e+01 2.540700836181640625e+02
4.472448730468750000e+02 3.357986755371093750e+02 4.480339050292968750e+02 3.478072509765625000e+02
1.350074462890625000e+02 3.628108825683593750e+02 1.500010528564453125e+02 3.620419921875000000e+02
3.972591857910156250e+02 3.604907226562500000e+02 3.982736206054687500e+02 3.450000915527343750e+02
3.037583312988281250e+02 3.158065185546875000e+02 2.487311706542968750e+02 3.177959289550781250e+02
6.113516845703125000e+02 2.675047302246093750e+02 6.065899047851562500e+02 2.520798339843750000e+02
3.485672302246093750e+02 1.575707855224609375e+02 3.450003662109375000e+02 1.153338470458984375e+02
1.100187683105468750e+02 4.003027954101562500e+02 1.433470764160156250e+02 4.012503051757812500e+02
1.562372741699218750e+02 9.137755584716796875e+01 1.416527099609375000e+02 9.465246582031250000e+01
5.310094604492187500e+02 3.009579162597656250e+02 5.311463623046875000e+02 3.172613220214843750e+02
3.337439270019531250e+02 3.009433593750000000e+02 3.450015563964843750e+02 2.840529479980468750e+02
1.930368041992187500e+02 2.555710906982421875e+02 1.909447937011718750e+02 2.877980346679687500e+02
3.924114990234375000e+02 2.963063964843750000e+02 3.450015563964843750e+02 2.840529479980468750e+02
1.350074462890625000e+02 3.628108825683593750e+02 1.363162689208984375e+02 3.440593566894531250e+02
2.073284387588500977e+00 2.277410583496093750e+02 2.667983818054199219e+01 2.250012512207031250e+02
3.972591857910156250e+02 3.604907226562500000e+02 3.884593505859375000e+02 3.608504943847656250e+02
4.487093811035156250e+02 3.608585815429687500e+02 4.480339050292968750e+02 3.478072509765625000e+02
4.264962158203125000e+02 3.609027709960937500e+02 4.257445678710937500e+02 3.750119628906250000e+02
2.100014648437500000e+02 3.401256713867187500e+02 2.100002288818359375e+02 3.491037292480468750e+02
1.584547576904296875e+02 2.341382408142089844e+01 1.600071716308593750e+02 1.749587178230285645e+00
1.387269897460937500e+02 2.494078216552734375e+02 1.400000152587890625e+02 2.042411651611328125e+02
3.409271850585937500e+02 4.133273925781250000e+02 3.075255126953125000e+02 4.200465393066406250e+02
2.803466415405273438e+01 2.070762329101562500e+02 2.875665283203125000e+01 1.976064147949218750e+02
3.023255615234375000e+02 2.943738403320312500e+02 3.037583312988281250e+02 3.158065185546875000e+02
3.037359619140625000e+02 4.040560302734375000e+02 2.514902648925781250e+02 4.032554321289062500e+02
1.959259643554687500e+02 1.402823638916015625e+02 1.733803100585937500e+02 1.462503356933593750e+02
6.654988098144531250e+01 2.601716613769531250e+02 4.721723556518554688e+01 2.615415039062500000e+02
2.500000000000000000e+02 1.312547912597656250e+02 2.500000915527343750e+02 1.179440078735351562e+02
2.616867446899414062e+01 6.992506408691406250e+01 2.376370429992675781e+01 1.026913299560546875e+02
1.563034515380859375e+02 6.149867630004882812e+01 1.558286895751953125e+02 7.976714324951171875e+01
2.500000000000000000e+02 1.667880249023437500e+02 2.487193145751953125e+02 1.553320617675781250e+02
1.052821197509765625e+02 3.815554199218750000e+02 1.100187683105468750e+02 4.003027954101562500e+02
1.350254669189453125e+02 3.234256896972656250e+02 1.363162689208984375e+02 3.440593566894531250e+02
6.382333984375000000e+02 4.183070678710937500e+02 6.322049560546875000e+02 4.060600891113281250e+02
1.719422760009765625e+02 1.800024719238281250e+02 1.931588897705078125e+02 1.770223693847656250e+02
3.350172119140625000e+02 3.198984680175781250e+02 3.537431335449218750e+02 3.215575256347656250e+02
1.500284729003906250e+02 3.429159545898437500e+02 1.363162689208984375e+02 3.440593566894531250e+02
1.936517944335937500e+02 2.437505798339843750e+02 1.911736297607421875e+02 2.690545043945312500e+02
2.323422088623046875e+02 4.217717361450195312e+01 2.364750671386718750e+02 1.155138015747070312e-02
1.500284729003906250e+02 3.429159545898437500e+02 8.741294097900390625e+01 3.450000610351562500e+02
5.767122268676757812e+01 1.190594100952148438e+02 5.815216445922851562e+01 1.093403320312500000e+02
5.833871841430664062e+01 2.203353576660156250e+02 6.876381683349609375e+01 2.186572723388671875e+02
9.374958801269531250e+01 3.085895996093750000e+02 8.761573791503906250e+01 3.284934082031250000e+02
9.775727844238281250e+01 2.137501678466796875e+02 6.876381683349609375e+01 2.186572723388671875e+02
5.598253631591796875e+01 2.606833190917968750e+02 4.721723556518554688e+01 2.615415039062500000e+02
6.382333984375000000e+02 4.183070678710937500e+02 6.128214111328125000e+02 4.190430297851562500e+02
9.262521362304687500e+01 4.973202896118164062e+01 6.700055694580078125e+01 5.727952957153320312e+01
5.735334396362304688e+01 9.457350158691406250e+01 6.630932617187500000e+01 8.853800201416015625e+01
2.628060607910156250e+02 4.031582031250000000e+02 2.372324218750000000e+02 4.028645629882812500e+02
3.037359619140625000e+02 4.040560302734375000e+02 2.372324218750000000e+02 4.028645629882812500e+02
3.373868103027343750e+02 3.796592102050781250e+02 3.861932067871093750e+02 3.758435668945312500e+02
1.500284729003906250e+02 3.429159545898437500e+02 1.500010528564453125e+02 3.620419921875000000e+02
2.487193145751953125e+02 1.553320617675781250e+02 2.500000000000000000e+02 1.312547912597656250e+02
1.563034515380859375e+02 6.149867630004882812e+01 1.584547576904296875e+02 2.341382408142089844e+01
4.010104064941406250e+02 3.764131164550781250e+02 4.016722412109375000e+02 3.920844726562500000e+02
2.128673400878906250e+02 4.680876922607421875e+01 2.137686157226562500e+02 6.515275955200195312e+00
1.350074462890625000e+02 3.628108825683593750e+02 1.350015716552734375e+02 3.808031005859375000e+02
3.030678939819335938e+01 1.800003662109375000e+02 3.000199508666992188e+01 1.668295898437500000e+02
4.261718444824218750e+02 3.993896179199218750e+02 4.283511962890625000e+02 3.885477600097656250e+02
3.374184799194335938e+01 1.256258468627929688e+02 3.500010681152343750e+01 1.179625854492187500e+02
2.073284387588500977e+00 2.277410583496093750e+02 1.568036842346191406e+01 2.258351898193359375e+02
1.500284729003906250e+02 3.429159545898437500e+02 1.530479278564453125e+02 3.225002441406250000e+02
1.500269699096679688e+01 7.306075286865234375e+01 1.289373493194580078e+01 1.053374633789062500e+02
3.532568969726562500e+02 3.418685913085937500e+02 3.366964721679687500e+02 3.402926940917968750e+02
1.425221862792968750e+02 1.227842483520507812e+02 1.426469573974609375e+02 1.126224060058593750e+02
2.667983818054199219e+01 2.250012512207031250e+02 2.875665283203125000e+01 1.976064147949218750e+02
4.837847137451171875e+01 3.800727233886718750e+02 3.872171783447265625e+01 3.806927490234375000e+02
1.061018524169921875e+02 4.750932693481445312e+01 8.000135803222656250e+01 5.348195648193359375e+01
1.510726318359375000e+02 4.223898620605468750e+02 1.658726806640625000e+02 4.210918579101562500e+02
5.271034240722656250e+01 2.006773986816406250e+02 5.833871841430664062e+01 2.203353576660156250e+02
1.245710468292236328e+01 3.460148620605468750e+02 3.684758758544921875e+01 3.462989807128906250e+02
4.264962158203125000e+02 3.609027709960937500e+02 4.487093811035156250e+02 3.608585815429687500e+02
2.500009918212890625e+02 8.807910156250000000e+01 2.337307891845703125e+02 9.211386108398437500e+01
3.532568969726562500e+02 3.418685913085937500e+02 3.982736206054687500e+02 3.450000915527343750e+02
2.372324218750000000e+02 4.028645629882812500e+02 2.514902648925781250e+02 4.032554321289062500e+02
1.585288848876953125e+02 4.002916564941406250e+02 1.433470764160156250e+02 4.012503051757812500e+02
3.874479675292968750e+01 4.981082153320312500e+01 3.085638999938964844e+00 6.093781280517578125e+01
4.016722412109375000e+02 3.920844726562500000e+02 4.283511962890625000e+02 3.885477600097656250e+02
1.387392883300781250e+02 1.849213714599609375e+02 1.400005035400390625e+02 1.512033843994140625e+02
3.924114990234375000e+02 2.963063964843750000e+02 3.850001525878906250e+02 3.112592773437500000e+02
5.574650268554687500e+02 2.100562744140625000e+02 5.886602172851562500e+02 2.087486572265625000e+02
3.364558105468750000e+02 3.600003051757812500e+02 3.884593505859375000e+02 3.608504943847656250e+02
2.104951858520507812e+01 1.462606048583984375e+02 3.052055835723876953e-03 1.504698944091796875e+02
3.037583312988281250e+02 3.158065185546875000e+02 3.032924194335937500e+02 3.375000000000000000e+02
2.500009918212890625e+02 8.807910156250000000e+01 2.500000915527343750e+02 1.179440078735351562e+02
7.872994232177734375e+01 8.852065277099609375e+01 6.630932617187500000e+01 8.853800201416015625e+01
3.139885330200195312e+01 1.436166076660156250e+02 3.052055835723876953e-03 1.504698944091796875e+02
5.264113159179687500e+02 3.889008483886718750e+02 5.225082397460937500e+02 3.965385742187500000e+02
2.472175292968750000e+02 2.371001129150390625e+02 2.500000000000000000e+02 1.667880249023437500e+02
2.667983818054199219e+01 2.250012512207031250e+02 1.568036842346191406e+01 2.258351898193359375e+02
2.376516723632812500e+01 2.646008911132812500e+02 1.234211027622222900e-01 2.675599060058593750e+02
3.075255126953125000e+02 4.200465393066406250e+02 2.311181945800781250e+02 4.252468261718750000e+02
3.532568969726562500e+02 3.418685913085937500e+02 3.032924194335937500e+02 3.375000000000000000e+02
5.271034240722656250e+01 2.006773986816406250e+02 5.366997146606445312e+01 1.924859161376953125e+02
1.400005035400390625e+02 1.512033843994140625e+02 1.550000000000000000e+02 1.482764739990234375e+02
1.720816955566406250e+02 2.456173400878906250e+02 1.719422760009765625e+02 1.800024719238281250e+02
3.028265686035156250e+02 2.737501525878906250e+02 1.909447937011718750e+02 2.877980346679687500e+02
1.512593383789062500e+02 2.475060119628906250e+02 1.528422241210937500e+02 2.010496368408203125e+02
2.115133972167968750e+02 1.377922821044921875e+02 2.127622070312500000e+02 9.750102996826171875e+01
2.487380065917968750e+02 3.393245544433593750e+02 2.100014648437500000e+02 3.401256713867187500e+02
1.400005035400390625e+02 1.512033843994140625e+02 1.426469573974609375e+02 1.126224060058593750e+02
3.366964721679687500e+02 3.402926940917968750e+02 3.837626647949218750e+02 3.436729431152343750e+02
5.257835388183593750e+01 1.762505340576171875e+02 6.133445358276367188e+01 1.700589447021484375e+02
3.532568969726562500e+02 3.418685913085937500e+02 3.537431335449218750e+02 3.215575256347656250e+02
2.113234252929687500e+02 3.611808776855468750e+02 2.487538299560546875e+02 3.609595336914062500e+02
2.628060607910156250e+02 4.031582031250000000e+02 2.514902648925781250e+02 4.032554321289062500e+02
2.100014648437500000e+02 3.401256713867187500e+02 1.920535888671875000e+02 3.325101623535156250e+02
6.382333984375000000e+02 4.183070678710937500e+02 6.300003051757812500e+02 3.769348754882812500e+02
6.113516845703125000e+02 2.675047302246093750e+02 5.886602172851562500e+02 2.087486572265625000e+02
