139.971 208.464 151.986 209.226
475 120 475 137
469.031 142.975 477.862 154.11
136.442 179.978 137.768 207.06
470.022 140.251 485.985 138.827
16.0225 286.451 298.02 272.394
93.0093 159.48 188.997 161.192
191.006 159.25 251.992 157.703
45.9793 159.873 101.995 161.203
221.012 163.739 252.988 165.261
254.991 159.392 294.994 160.266
198 191 198 205
190.965 85.5098 233.962 82.4633
15.9829 337.774 221.02 322.27
40.1536 169.462 54.814 173.651
509.396 142.233 501.653 155.384
522.004 94.0263 575.949 86.6279
297.507 161.988 298.336 270.005
223.328 322.624 296.499 386.428
7.04158 369.47 249.999 347.991
523.512 138.989 518.562 367.991
8.08227 371.961 253.991 350.897
199.675 95.4699 215.641 106.518
141 178 172 178
236.097 83.2458 267.099 87.2274
1.07602 338.285 19.1271 333.477
8.10274 438.923 304 406.004
382.308 316.244 515.751 370.611
440 189 462 189
2.10129 418.999 296.02 389.202
187.957 92.1647 200.857 95.5467
586.284 118.004 584.718 219.996
16.2037 339.067 2.57835 380.192
1.04302 438.396 70.977 430.789
524.146 96.0053 522.664 136.988
518.048 370.42 579.923 363.331
439 228 439 242
517.692 135.014 512.969 365.999
28.6701 375.907 19.6283 407.895
99.0651 58.8045 383.982 74.3279
49 110 49 126
478.835 154.697 490.872 157.542
7.99399 158.941 29.9696 156.702
306.21 406.777 381.965 478.037
40.9223 218.995 39.7769 237.987
235.366 107.732 252.163 99.3262
25.892 374.969 16.7209 406.92
105.068 342.536 126.972 339.777
440.962 226.487 460.997 228.041
117.109 183.013 105.718 277.966
0.98984 108.415 35.9966 107.807
33.0046 157.859 47.0223 158.313
89.0241 109.196 356.993 117.226
14.032 329.469 334.97 307.554
441.014 243.891 459.946 246.404
113.065 379.523 138.913 376.303
42.7486 192.078 46.765 205.073
261.748 170.99 258.101 263.004
263.245 188.008 260.605 271.988
97.4341 167.042 86.7218 278.973
107.027 344.651 126.984 346.211
13.7781 243.01 15.6929 285.014
96.7579 201.977 89.5428 278.957
115.401 178.051 102.976 275.997
85.6507 112.062 88.277 126.951
228.534 175.922 232.351 201.949
6.00298 152.724 302.001 155.914
125.655 210.984 124.727 230.987
233.18 203.98 235.548 224.938
42.9996 242.994 63.9722 241.586
36.2553 341.044 32.6141 361.933
453.966 110.848 518.82 96.2018
114.012 98.5835 203.993 101.242
556.85 101.019 550.981 363
33.8892 339.978 29.8062 360.962
114.102 388.237 126.033 383.076
148.023 258.441 175.998 256.959
15.0454 162.759 31.0439 165.767
158.892 445.64 179.166 439.554
288.082 416.923 336.217 467.795
144.086 182.615 162.996 179.974
15.0497 291.957 302.999 276.986
135.023 345.684 155.985 347.202
286.021 418.98 331.425 466.595
169.027 469.863 200.972 476.144
149.978 385.247 169.996 387.046
114.03 460.218 135.047 457.345
462.262 230.028 460.867 242.986
151.869 454.039 155.38 465.888
303.204 132.753 352.812 119.306
255.143 478.998 328.917 468.418
35.9971 128.191 301.996 132.258
130.871 337.439 145.042 334.181
393.105 106.448 494.881 82.4957
250.026 102.406 390.023 108.48
121.167 228.053 109.772 263.928
138.018 471.27 152.022 470.327
1 127 32 127
553.469 144.011 550.056 292.001
118.121 182.09 127.613 274.937
211.001 325.999 228.999 344.001
116.966 473.923 140.702 463.331
79.1798 178.975 76.9051 253.997
450.015 78.7606 494.967 81.5368
554.166 100.007 552.675 135.987
220.302 187.051 226.541 272.034
277.079 478.541 335.985 469.897
303 158 303 276
208.315 327.668 225.759 344.253
75.8788 198.015 75.0863 246.001
550.301 384.225 611.94 408.154
145.045 373.149 162.934 367.779
187.251 454.978 188.284 466.976
125.603 232.042 130.415 277.957
19.0116 273.144 36.9758 271.699
102.031 469.211 123.996 465.97
99.7897 164.982 97.7924 188.983
241.012 355.988 266.988 382.012
205.567 196.038 212.183 271.984
240.009 357.991 261.991 380.009
80.5552 212.183 87.0683 227.972
146 238 182 238
612.968 407.8 637.96 403.75
145 238 145 257
77.7832 259.988 76.6945 279.983
360.973 318.585 381.018 317.267
1.10482 448.906 285.994 415.951
520.977 300.684 582.018 296.255
131.179 190.063 124.911 207.969
463.049 198.003 461.697 222.984
204.882 216.01 209.518 270.956
220.974 236.002 224.32 272.971
184.996 446.037 197.97 447.307
444.963 222.293 460.957 224.338
1.08644 451.738 284.939 418.483
9.45525 255.986 10.5011 291.015
521.01 298.137 581.971 293.605
155.574 455.162 160.527 468.18
80.5484 202.804 89.4921 227.824
335.997 309.007 358.765 318.56
133.226 191.075 127.661 207.888
604.989 101.572 637.994 100.749
435 188 435 204
75.4541 248.015 74.3777 280.013
226.736 201.095 233.175 218.937
66.2716 182.986 70.4117 262.979
425.109 130.735 471.966 123.769
103.056 385.298 120.988 381.937
51.0077 106.093 67.9753 104.699
58 108 81 108
349.996 129.268 421.999 128.869
239.244 237.969 243.646 272.919
314.038 133.599 349.025 131.403
166.006 373.066 180.973 371.702
233.874 243.011 236.368 271.968
3.03617 450.316 85.9795 440.821
430 205 430 237
517.031 387.235 580.003 379.023
475.532 155.019 472.767 231.992
119.183 168.981 123.606 210.936
166 216 166 236
194.007 462.162 213.013 461.285
51.0031 125.92 86.9876 127.32
235.437 233.93 241.226 269.964
28.0196 374.224 239.972 355.68
587.042 105.257 602.948 102.68
56.0007 173.13 153.998 172.583
218.102 188.993 220.056 218.996
261.768 162.071 267.862 182.042
475.104 287.587 512.96 297.158
229.537 220.039 233.938 272.005
161 216 161 236
474.002 289.991 513.009 299.966
371.007 87.9929 386.993 104.007
172 166 184 166
76 110 76 123
18.0358 277.333 38.0196 275.183
158 215 158 236
431 171 455 171
41.0027 248.8 59.9992 249.058
22.0771 408.776 265.956 384.556
31.031 376.352 238.012 358.131
23.0287 406.289 263.039 382.394
29.0062 96.6886 113.013 98.3635
359.931 131 360.159 306
63.4914 183.969 67.36 244.977
7.3473 276.052 2.89653 305.985
583.937 148.023 578.632 360.016
181.827 240.006 182.458 257.02
5.71827 269.957 1.26209 298.886
58.9969 177.198 93.0003 177.065
451.099 249 450.793 321.003
132.906 228.061 140.023 238.985
430.016 179.747 453.987 181.217
227.705 186.028 228.847 198.015
265 248 265 260
0.998376 93.0615 197.993 98.2601
121.024 221.008 110.314 253.776
466.292 214.012 465.282 239.011
547.006 95.891 592.97 98.5258
553 141 584 141
557.986 138.543 583.995 139.206
448.643 252.008 447.777 321.997
291.471 171.004 292.23 268.998
472.107 172.005 470.665 204.985
66.9482 178.02 74.1871 196.928
467.745 169.015 469.255 194.985
144.163 29.8579 637.965 67.4644
95.5914 236.299 104.101 247.926
1.01565 22.752 137.975 31.3934
255.002 99.9647 391.004 105.908
33 57 48 57
55.0059 57.8457 98.0193 59.4972
309.098 44.7788 635.923 70.9584
51.8058 213.986 50.709 228.979
1.04273 26.3401 307.986 46.2143
79 110 79 124
18.0502 279.525 40.0404 277.423
38.004 341.05 206.976 327.696
37.0629 359.72 222.954 343.473
32.054 362.612 229.02 345.231
372.106 1.02669 637.998 30.0154
430 137 430 169
72.7244 110.028 74.1487 123.985
227.988 178.755 248.998 179.094
113.225 264.888 118.21 274.895
469 354 469 377
1.00521 130.688 93.996 132.24
78.2094 170.025 76.0382 188.005
118 263 140 263
581.016 351.256 637.985 347.759
265.304 226.262 271.542 242.795
396.638 347.783 609.779 446.478
449.165 332.545 469.966 340.093
428.691 188.027 429.922 202.007
586.014 330.241 638.016 327.288
139 215 151 215
429 270 429 299
613.065 445.342 637.927 440.618
473 328 473 340
441.003 322.957 460.984 324.246
331.127 315.729 457.029 374.938
472.881 371.271 514.704 389.672
49.0147 91.4995 191.01 95.6565
230.983 323.775 330.03 316.399
613.375 367.027 610.828 402.988
584.151 107.004 583.641 127.016
1.0187 74.4747 197.983 81.4855
61 157 103 157
514 372 514 385
105.993 132.369 302.002 135.895
615.335 374.025 613.113 404.008
494.1 166.002 491.831 287.997
22.0542 314.818 268.964 298.459
281 245 281 270
446.996 328.965 471.026 326.224
550.169 293.006 547.779 362.992
582.009 326.116 600.977 324.696
288 197 288 244
166 15.9981 185.98 17.3047
223.006 159.884 249.983 161.312
495 225 495 279
436 227 436 243
496 171 496 216
473 270 473 286
284.007 298.106 333.976 294.657
587.99 354.852 637.969 351.536
259.012 97.7019 366.991 102.224
196.011 270.207 220.99 268.823
616.995 396.048 637.968 398.298
582.251 291.992 581.905 323.999
431 301 431 313
587.94 357.161 621.708 369.783
264.984 84.3456 354.98 88.4482
612.075 162.004 610.708 188.985
610.986 194.999 609.688 213.979
609.468 225.046 607.002 250
363.048 1.50734 429.001 7.99024
392.986 89.9528 431.804 78.3443
161.017 215.356 192.99 213.798
388.014 75.6043 430.995 77.1341
48 103 85 103
613.241 197.015 610.048 249.003
624.199 313.743 633.845 321.2
627.104 232.002 626.781 252.013
629 242 629 256
608.022 310.851 622.996 313.03
516.638 372.973 515.748 384.981
599.034 206.002 596.966 247.998
601.227 207.008 599.756 246.991
194 105 207 105
614.295 163.014 612.997 190
493 334 493 357
494.297 464.532 515.143 477.775
12 91 37 91
101 205 101 223
480.902 372.228 510.094 384.782
467.151 447.753 487.785 460.352
601.046 28.6155 637.998 33.0173
408.028 99.1031 434.027 92.1013
340.036 1.62153 359.053 3.44679
443.058 11.4696 569.962 25.3507
335 192 335 231
434.162 456.781 452.017 469.977
442.184 431.697 462.844 444.257
414.027 8.74879 437.965 11.3279
390.249 466.695 402.945 477.067
