60 95 78 101
299 341 312 354
586 385 637 403
238 191 260 213
0 47 118 165
355 412 399 456
6 77 23 83
464 310 498 316
350 324 393 354
309 236 331 253
279 429 279 179
485 20 499 18
426 128 444 129
288 108 306 97
16 383 17 412
261 63 273 63
2 105 87 89
101 205 128 217
182 228 211 241
36 61 112 114
39 66 43 105
5 160 90 145
359 61 387 55
257 125 280 106
4 68 84 67
60 226 84 216
182 198 231 149
151 104 153 184
164 69 273 58
347 353 448 322
58 291 93 256
128 219 207 252
378 325 438 337
39 245 67 236
175 193 201 183
94 293 124 239
0 343 84 259
35 310 48 255
150 229 182 233
396 35 406 35
583 387 612 406
258 24 273 9
113 219 136 212
44 107 101 95
93 61 99 24
99 232 134 219
427 79 458 79
379 342 397 350
334 74 386 42
473 62 508 58
582 45 596 41
156 76 192 112
103 58 158 53
25 131 29 176
224 125 261 125
159 212 176 241
346 345 396 357
548 159 597 169
112 246 197 219
441 339 458 342
37 255 46 181
333 169 333 127
120 138 171 155
288 100 307 81
22 299 26 263
624 213 636 214
24 130 25 112
43 354 50 324
57 369 61 338
550 124 555 39
7 395 9 368
451 23 461 19
364 397 381 414
363 322 374 320
0 60 111 105
2 163 109 175
184 110 202 117
72 36 175 103
300 329 301 287
412 364 456 347
515 143 516 124
450 301 471 314
0 42 22 52
97 62 101 36
301 202 314 196
89 119 115 184
594 82 596 38
92 87 196 129
558 372 627 422
149 274 172 258
161 390 180 384
12 291 14 247
318 230 331 238
52 205 79 213
527 434 532 412
335 396 345 393
33 306 42 220
221 278 223 227
334 79 352 57
244 188 260 167
2 429 3 372
13 455 72 388
249 268 260 272
595 316 606 313
616 295 637 293
275 393 285 403
4 115 132 97
430 305 448 318
248 143 255 132
591 313 638 336
395 48 406 47
597 264 599 232
294 408 312 412
194 48 210 47
223 121 272 121
147 222 171 212
109 239 137 271
86 91 191 91
318 129 374 129
380 318 390 317
53 443 86 395
7 394 7 358
316 127 425 127
46 55 77 57
39 192 44 155
129 163 142 184
423 58 433 60
201 180 209 208
622 208 639 208
32 211 50 205
16 148 131 119
579 188 582 150
58 209 103 191
162 227 175 182
82 312 95 299
1 55 1 12
316 257 331 269
350 47 387 44
30 223 119 240
362 425 378 428
318 26 341 28
322 47 341 46
146 83 206 143
234 336 260 332
21 66 21 28
330 11 387 11
93 82 139 82
4 431 18 420
154 412 179 414
51 156 133 156
575 408 612 407
586 282 602 279
564 94 567 44
583 178 599 175
262 115 280 101
185 70 273 61
122 473 124 443
239 146 260 137
380 156 409 156
544 221 599 226
154 225 156 251
196 247 210 249
134 73 183 64
583 13 600 2
522 290 537 287
188 339 207 337
570 15 588 2
347 330 397 337
157 112 188 136
380 315 417 327
20 21 89 81
621 227 633 83
69 103 108 118
26 409 40 405
137 269 162 275
600 23 623 19
156 241 172 243
514 470 535 473
244 421 273 418
0 134 7 168
65 479 181 439
406 213 434 211
543 265 547 285
112 2 129 2
60 33 92 58
122 247 168 244
40 428 51 394
471 46 496 41
13 212 15 190
238 160 248 163
299 372 328 376
617 297 639 305
418 219 441 226
166 436 182 437
76 300 79 289
189 144 199 147
44 36 58 36
16 263 17 189
472 78 482 78
71 301 81 221
62 143 89 159
167 32 183 48
164 238 180 243
13 368 15 310
90 123 141 142
508 407 521 408
224 54 242 52
27 173 156 222
432 302 450 311
200 159 218 168
406 283 447 292
17 344 46 350
560 265 572 269
424 38 434 37
572 96 576 15
513 427 573 434
520 135 536 132
0 131 14 128
518 75 519 43
599 111 601 70
234 238 260 249
615 287 638 288
170 170 203 173
493 399 505 400
72 25 82 32
301 147 301 114
281 398 298 431
1 128 57 118
519 200 533 199
60 372 77 369
432 317 449 314
0 39 25 39
190 223 208 241
1 74 141 247
613 1 624 1
233 335 251 332
45 30 60 44
227 171 238 182
87 264 98 271
565 346 578 347
359 21 370 6
523 291 560 299
331 266 332 210
75 361 92 365
395 63 405 65
598 10 624 4
598 11 623 11
72 255 81 215
429 130 447 130
471 42 506 6
142 26 143 70
238 201 249 211
268 118 280 109
30 164 66 201
122 258 172 261
483 444 558 473
355 341 413 357
165 164 192 97
622 102 623 117
380 161 409 160
159 109 173 106
186 168 204 159
604 283 633 292
344 408 399 430
7 176 9 289
520 332 550 323
288 43 303 42
186 214 244 250
142 24 182 25
28 285 74 284
309 341 322 341
319 184 332 188
12 381 65 363
24 396 44 387
95 296 138 253
36 284 77 260
38 78 111 71
14 479 178 426
0 262 31 248
472 3 484 3
142 13 210 19
0 272 47 250
409 308 452 332
429 225 439 219
96 86 121 83
328 235 329 195
128 227 144 230
364 95 374 85
522 288 556 280
338 382 350 384
418 306 446 321
5 340 59 341
220 265 252 235
75 49 93 48
595 385 601 442
424 45 434 46
92 473 182 441
79 146 104 154
231 105 231 0
81 239 84 217
231 307 248 310
0 133 105 218
288 86 308 84
95 75 128 103
576 185 602 188
21 149 52 143
98 69 130 88
3 49 60 47
542 463 543 450
416 76 433 74
80 124 131 152
147 379 157 377
8 452 19 441
63 421 116 420
1 111 3 162
274 120 306 109
517 296 578 283
196 188 218 189
191 304 202 307
191 444 222 434
570 414 583 422
527 356 555 357
83 375 100 368
552 30 560 18
288 119 306 112
146 281 184 278
27 434 59 344
383 313 417 309
1 285 49 292
589 451 593 383
90 38 136 70
578 34 590 31
228 297 250 320
89 12 129 12
452 223 473 216
169 32 182 35
150 318 172 320
280 192 280 23
334 70 366 47
553 427 584 433
541 339 546 322
583 127 587 84
143 311 164 313
185 190 195 216
191 287 229 277
511 214 533 198
6 425 18 424
524 364 537 370
238 256 257 260
81 311 105 306
568 92 573 0
515 298 594 287
163 200 176 213
539 19 540 0
386 351 401 355
116 271 138 275
199 164 248 202
547 163 602 134
538 285 578 300
11 70 60 120
172 346 200 318
365 412 383 411
225 332 237 326
261 77 273 73
122 273 145 294
512 428 611 371
387 72 399 68
567 205 600 211
137 290 156 293
346 53 369 25
120 381 131 382
185 106 203 103
77 290 122 251
29 124 125 107
64 186 82 205
171 419 184 420
155 314 162 329
11 396 16 362
219 230 249 226
109 90 123 88
47 114 66 110
0 225 23 223
38 158 100 157
156 358 183 346
68 145 68 134
597 394 637 406
492 66 495 9
330 34 330 0
4 238 34 240
635 230 635 209
353 446 364 448
436 233 462 222
303 445 308 458
31 181 74 194
303 45 304 63
529 283 588 271
130 43 131 92
559 166 587 168
513 173 528 165
35 229 77 257
145 279 158 282
0 250 10 252
41 167 44 151
191 282 210 281
120 203 145 215
55 260 61 171
164 122 174 126
163 127 180 133
50 424 70 352
443 32 460 31
425 358 446 359
325 338 325 327
227 447 228 434
215 167 230 166
201 198 201 184
143 353 162 346
129 249 135 220
0 36 36 72
286 387 300 383
31 260 106 266
288 77 307 74
89 15 129 14
236 425 256 427
34 209 78 217
535 322 559 321
565 149 594 133
165 412 181 412
2 357 23 356
480 412 562 370
156 223 168 240
601 17 619 3
593 83 595 107
30 387 54 377
533 339 543 336
10 112 16 155
46 34 63 44
182 434 209 437
55 92 148 94
47 429 85 395
46 396 62 393
137 268 174 249
522 313 540 323
34 76 85 126
76 428 106 410
224 444 242 447
26 410 44 329
538 358 549 360
595 312 607 308
89 219 100 238
260 219 260 122
145 118 162 117
103 425 123 419
4 83 17 82
476 448 493 452
190 133 194 107
66 90 70 107
138 173 146 185
353 286 378 290
86 150 104 84
169 199 219 155
2 12 12 13
41 414 75 397
100 342 147 341
59 18 65 29
258 58 273 59
586 308 590 278
577 12 624 3
0 446 18 436
629 100 633 48
566 345 577 346
72 151 87 160
611 329 631 332
350 41 387 30
139 77 148 97
562 415 567 447
21 71 61 91
526 421 583 455
350 33 375 32
528 365 566 366
287 396 311 426
199 403 212 401
93 309 105 309
545 59 545 79
207 150 219 153
341 29 342 0
218 308 228 309
235 336 260 335
12 45 17 128
224 0 224 48
626 349 639 350
132 384 156 372
200 124 201 77
87 170 111 164
146 232 166 240
1 297 19 298
27 31 132 152
611 111 613 84
138 119 176 175
85 203 137 255
451 121 453 63
283 424 297 438
338 443 349 460
2 362 30 367
181 182 236 136
396 30 409 31
170 273 173 285
593 92 627 58
313 426 313 390
102 78 179 148
92 229 118 237
200 220 201 249
496 43 497 9
245 321 260 313
362 82 378 78
0 310 42 323
386 356 443 299
26 441 36 435
10 329 28 324
289 11 303 11
217 252 257 254
565 156 590 142
302 432 302 406
361 324 418 314
114 454 132 447
136 262 171 283
124 411 141 410
55 300 87 273
181 226 185 249
520 165 522 148
635 63 635 46
568 364 570 353
376 6 388 6
27 113 42 119
149 202 159 220
618 366 638 369
635 106 639 39
366 334 394 329
299 349 332 345
103 60 133 80
301 217 302 274
265 123 265 0
619 315 639 311
617 342 617 322
416 329 456 312
458 94 461 0
339 410 354 415
49 444 127 421
193 448 209 443
54 266 75 273
73 235 113 250
199 323 215 319
519 132 522 74
46 61 84 57
88 137 126 154
379 450 393 452
377 248 389 250
141 385 161 387
373 260 389 252
185 312 200 307
537 416 560 416
273 113 273 0
425 316 439 320
28 351 32 328
3 431 15 425
596 134 598 120
179 81 184 68
123 149 143 119
590 305 620 312
52 381 63 382
258 401 317 422
625 82 625 102
491 441 516 452
188 273 198 275
307 379 317 365
203 184 209 198
217 282 253 272
305 449 332 465
145 224 150 240
169 240 181 253
367 406 377 408
530 318 545 316
462 294 480 276
231 277 260 299
40 406 118 415
3 182 56 204
223 306 260 314
304 342 321 342
538 260 544 284
521 367 535 373
454 346 467 348
508 271 508 255
105 297 152 250
43 35 58 43
197 253 197 215
138 86 196 126
72 262 118 229
184 127 214 121
1 137 37 174
61 414 92 400
94 226 110 230
328 4 338 4
210 445 254 430
499 19 501 0
142 245 157 265
167 62 178 71
462 234 476 229
0 416 0 364
29 128 69 121
227 58 227 40
288 112 306 104
388 463 388 446
173 166 173 153
371 315 389 314
0 175 49 220
0 236 10 241
299 339 314 339
3 90 39 102
136 107 195 162
314 400 358 405
540 89 544 22
90 29 109 28
535 25 549 25
544 434 600 443
201 403 203 378
213 156 248 156
78 110 108 120
93 81 127 80
0 459 64 440
486 410 486 400
179 182 200 181
165 333 177 329
311 37 388 37
256 437 281 416
1 264 18 268
348 10 387 8
246 270 259 272
1 411 17 405
418 318 452 333
130 362 188 353
395 89 407 85
337 340 363 337
518 342 534 354
68 185 96 193
33 137 50 147
354 467 368 479
561 0 561 13
512 204 512 188
579 442 583 399
160 329 172 326
471 29 487 30
447 348 474 338
195 98 211 109
321 451 342 467
116 468 170 448
0 165 32 171
0 280 31 276
49 169 100 186
336 396 360 399
227 24 227 0
505 42 505 31
513 128 523 138
288 120 288 26
201 356 204 338
0 91 13 99
62 50 73 56
0 224 33 246
155 257 163 267
199 221 218 228
436 341 452 335
575 268 596 266
61 147 72 154
601 289 639 303
113 225 138 278
58 293 74 300
89 23 104 34
2 262 17 265
187 234 234 250
34 14 49 24
543 429 544 409
526 326 545 333
368 224 382 233
574 451 575 375
462 231 473 232
495 453 556 477
46 279 85 265
577 441 580 410
299 121 299 28
272 402 289 434
214 136 227 144
99 262 100 246
341 396 359 404
209 421 218 453
185 173 192 190
599 388 614 432
83 80 91 44
365 409 379 415
198 437 202 447
113 18 129 31
91 217 124 231
73 301 84 235
26 417 51 356
0 453 7 423
101 284 123 295
625 359 639 358
633 194 635 148
296 105 296 6
86 168 106 170
22 95 59 107
486 159 486 148
349 386 363 399
129 369 161 354
599 222 601 212
119 194 139 194
90 36 117 54
10 394 10 369
172 242 172 256
105 251 106 241
66 139 95 143
121 370 154 370
158 61 171 135
46 109 84 120
2 309 41 306
75 195 83 205
5 130 17 179
194 298 195 313
300 454 307 468
264 393 285 434
555 444 558 420
610 321 637 324
119 295 122 284
475 90 515 65
133 364 143 365
564 270 594 281
161 200 193 251
323 425 324 402
617 268 638 289
392 327 420 326
200 349 204 360
17 111 39 125
372 350 407 340
2 33 15 33
215 212 216 231
427 82 440 78
573 158 581 134
588 383 616 391
48 53 77 98
85 116 166 145
330 144 331 130
155 261 173 265
64 333 110 344
289 387 302 395
570 116 570 126
92 227 108 231
606 141 611 117
239 193 259 191
571 386 584 389
395 82 395 42
308 330 324 326
273 397 291 373
60 37 77 48
314 338 327 338
24 399 72 406
22 225 48 239
532 91 549 88
425 74 425 61
218 299 226 318
0 287 22 292
203 176 214 186
519 183 519 206
284 420 310 427
548 30 560 30
142 8 210 6
166 327 185 320
165 131 192 141
555 120 556 87
347 1 388 1
443 231 444 208
612 423 626 423
368 222 378 226
171 310 193 336
221 174 253 181
0 66 22 88
193 199 236 195
89 261 154 269
31 328 38 284
6 339 41 327
395 87 408 83
92 61 115 78
623 319 639 320
197 71 197 15
512 340 524 349
366 454 379 455
119 338 139 345
300 184 319 190
30 211 30 185
559 205 568 227
587 23 588 3
2 226 19 224
324 478 334 462
582 160 589 134
142 90 154 122
431 120 435 1
105 95 115 98
240 291 259 292
5 4 8 24
553 409 577 410
461 242 461 259
216 219 230 205
0 301 20 303
82 419 96 413
141 382 154 382
338 42 338 0
304 266 331 268
71 274 102 281
113 279 123 289
285 429 303 401
625 132 636 127
36 377 60 369
176 108 177 35
157 243 176 251
205 394 209 406
162 299 173 295
57 115 62 145
24 189 34 191
551 216 556 201
113 317 146 306
1 347 24 352
269 123 269 5
621 286 625 308
445 341 456 343
236 240 253 241
539 436 552 444
261 115 261 0
35 217 53 214
623 374 639 374
418 323 419 307
534 114 534 98
1 442 18 434
34 15 49 25
478 294 478 310
30 363 44 368
536 357 551 359
117 77 120 52
596 381 601 396
563 374 579 375
118 60 134 72
10 100 57 134
182 23 184 71
218 209 228 212
39 185 62 185
549 90 552 26
129 168 155 186
292 77 292 0
81 310 98 305
117 242 118 222
590 167 592 153
210 305 218 317
588 413 591 382
509 356 545 353
408 217 433 225
103 287 118 293
514 158 523 148
484 190 485 172
571 288 576 261
474 310 474 289
601 169 602 153
516 104 516 114
199 395 214 398
111 201 120 220
592 259 593 278
216 148 243 149
219 298 229 301
72 34 81 56
316 244 329 253
499 41 499 55
177 213 258 270
443 323 456 301
100 158 135 184
368 441 394 458
533 361 547 361
233 312 245 316
556 174 559 160
299 352 312 352
213 447 248 425
329 383 354 397
582 220 591 178
388 332 411 352
201 24 201 64
491 82 497 93
518 210 534 187
94 160 105 166
148 386 148 371
29 160 51 166
315 405 330 406
304 444 327 479
618 292 618 256
0 248 18 249
581 109 584 72
135 207 172 204
501 111 504 55
169 335 189 334
65 422 65 384
525 301 525 290
376 267 376 253
37 310 55 249
57 84 89 100
521 318 545 322
212 221 249 236
204 313 217 318
532 88 534 47
18 225 35 235
26 420 27 393
97 170 131 184
475 109 475 83
131 53 138 70
252 436 268 437
92 238 102 247
173 182 191 228
48 431 75 431
531 132 548 133
160 299 174 303
123 114 162 135
3 135 19 144
571 293 594 294
2 286 34 303
112 135 147 134
12 20 19 38
125 369 143 367
539 462 542 450
624 368 639 371
83 122 98 140
179 478 180 458
40 176 66 176
41 392 90 401
480 460 518 476
106 158 130 167
566 417 636 416
354 352 395 353
303 60 303 70
389 325 413 305
49 300 68 302
117 350 133 345
331 448 346 452
473 45 473 69
519 337 550 329
449 68 450 46
480 116 480 93
142 384 164 383
460 308 473 306
542 214 570 206
358 401 396 420
167 140 192 151
178 90 202 109
423 479 487 442
48 286 73 291
349 345 410 330
418 285 459 294
620 355 621 345
83 46 95 58
258 295 258 264
434 223 450 219
260 401 274 388
571 321 586 323
523 301 541 300
50 237 78 251
72 356 88 356
137 224 163 250
41 254 65 250
59 420 72 413
100 140 117 166
421 255 445 272
185 324 199 325
94 32 138 61
170 295 177 314
439 302 453 311
99 340 122 337
544 464 554 468
316 420 336 420
7 131 21 133
580 0 605 0
101 254 112 257
531 377 531 350
207 223 212 242
116 372 142 361
147 355 167 346
175 195 189 194
369 50 370 0
231 193 261 190
514 88 515 45
6 444 25 443
408 208 420 210
207 243 210 261
585 272 587 289
205 153 219 149
101 369 102 386
187 146 197 156
124 93 127 77
301 471 302 453
556 138 612 132
18 260 18 193
530 431 533 460
96 124 113 134
238 449 296 389
172 99 173 31
233 179 255 177
305 442 328 464
199 355 214 362
32 197 56 221
111 284 158 287
117 175 133 184
12 411 14 397
159 144 174 151
86 97 87 109
31 189 31 172
122 157 139 184
392 287 408 282
99 201 102 189
463 303 476 303
423 369 423 351
77 140 99 162
122 119 148 138
557 0 557 10
576 301 582 268
514 93 518 81
534 269 565 282
23 40 57 38
20 245 20 230
368 320 393 338
46 294 51 279
15 175 39 178
9 328 12 269
552 430 585 445
38 428 44 388
546 320 556 326
271 416 277 440
104 223 121 252
67 73 87 81
12 122 16 138
141 345 141 335
62 121 65 146
97 134 98 105
340 65 341 47
7 455 38 438
1 454 13 450
108 51 116 94
61 134 91 142
61 146 71 151
191 313 191 266
57 223 72 218
14 7 25 7
485 348 497 355
542 218 556 200
630 200 633 120
108 11 129 11
124 211 173 206
170 68 186 81
569 284 574 261
595 278 596 265
156 221 178 224
226 446 251 421
319 237 319 227
134 381 150 372
91 176 106 181
113 19 129 19
353 337 368 338
45 380 47 368
625 169 628 197
531 325 533 301
513 349 526 359
401 313 412 317
94 106 108 112
592 424 613 424
493 103 494 116
556 281 561 266
433 343 448 320
37 44 39 59
204 0 205 64
59 338 88 337
155 363 155 387
538 450 540 463
141 48 158 59
7 132 48 149
409 260 433 264
31 418 53 418
578 402 601 416
165 156 171 172
109 149 119 165
546 185 592 189
64 189 80 189
239 423 251 423
300 471 300 459
537 369 551 372
579 96 581 59
219 180 219 136
8 435 18 433
244 181 254 180
629 359 639 360
82 169 83 185
470 2 472 19
556 221 561 205
346 388 363 386
332 280 350 285
62 408 76 398
537 348 565 355
412 367 422 351
321 455 332 452
142 3 178 3
63 435 75 434
434 270 453 274
100 210 114 268
570 386 580 391
619 294 638 298
202 416 209 440
26 161 72 166
299 357 302 338
618 132 621 87
62 151 74 215
199 417 199 431
546 287 576 297
299 350 310 355
471 347 507 355
8 103 53 122
208 260 219 248
630 26 631 0
170 280 173 294
81 227 99 244
210 312 228 305
160 238 160 253
636 195 637 148
425 120 427 70
152 77 163 84
185 94 211 110
538 339 553 339
287 436 297 434
175 140 192 147
164 337 179 343
476 240 476 230
627 324 637 328
335 398 375 417
85 418 100 417
183 78 197 89
199 387 206 407
56 428 56 438
363 432 377 412
14 8 25 15
228 239 229 223
514 299 527 305
223 136 248 161
124 104 130 131
183 140 192 170
1 143 1 153
151 252 167 248
210 41 211 10
406 45 407 0
194 145 224 138
16 342 33 342
511 215 522 198
513 170 524 165
0 351 1 336
0 190 13 193
165 95 167 72
154 201 180 198
565 225 598 226
337 116 337 54
379 258 389 253
118 75 184 126
410 305 427 308
306 90 306 119
49 18 50 93
145 216 170 235
624 320 637 325
61 273 65 305
528 421 559 424
39 230 86 251
614 67 616 53
55 433 76 427
154 363 154 387
629 348 639 368
524 350 549 350
38 362 72 353
125 40 125 0
210 273 238 320
260 294 260 347
64 130 74 142
367 219 380 226
248 223 249 206
60 232 62 245
108 127 157 146
595 172 597 191
623 381 636 389
39 334 50 332
150 97 151 72
236 276 243 298
603 440 603 410
6 124 6 96
88 479 100 477
631 388 633 403
59 265 62 305
208 433 244 436
175 228 232 236
21 371 32 372
628 178 629 200
194 155 196 179
31 25 46 48
4 258 4 232
398 90 399 119
391 423 403 424
105 479 125 470
325 415 341 415
514 167 533 149
450 78 451 62
356 417 368 429
577 282 577 271
304 452 311 467
608 106 612 44
148 171 148 111
2 439 10 404
520 139 520 124
8 97 25 177
382 325 400 323
547 166 549 147
349 441 359 451
373 116 380 140
28 155 28 136
262 441 275 441
599 215 600 231
547 158 590 148
144 0 144 25
443 128 480 129
90 31 136 63
65 359 66 337
348 332 350 318
127 441 127 477
299 328 320 328
377 441 398 431
2 54 16 71
100 383 110 373
459 311 494 316
168 187 192 204
73 421 77 401
413 370 413 352
566 263 572 278
159 78 166 116
365 0 365 25
597 83 599 45
218 255 230 258
238 185 252 186
186 104 186 72
142 211 166 215
248 250 260 252
578 227 581 210
118 255 126 270
145 312 197 332
323 3 324 58
15 202 41 199
35 256 38 233
290 402 305 432
579 1 580 11
167 27 178 27
62 263 75 282
517 186 518 174
209 311 210 321
221 179 253 175
602 204 602 185
6 367 33 369
75 55 82 20
620 324 624 355
330 145 330 184
590 44 590 29
143 45 157 44
171 294 176 304
590 228 592 213
65 149 78 155
370 469 380 472
90 192 117 225
558 401 560 421
593 431 612 433
553 365 554 380
505 11 506 0
120 201 144 229
162 83 178 93
14 42 43 54
455 0 455 34
228 278 253 286
27 300 59 302
564 263 574 265
235 63 235 0
304 403 344 417
206 257 222 264
513 101 513 120
583 446 593 448
622 321 638 318
56 97 107 116
345 15 366 44
50 181 91 184
558 183 581 181
114 155 129 178
50 428 67 424
64 408 87 398
472 27 491 27
551 439 564 445
527 290 537 288
377 233 401 231
603 42 616 36
508 404 518 410
305 444 327 469
87 87 89 74
189 158 220 176
114 283 128 269
325 400 335 402
50 365 51 335
189 322 213 315
86 123 99 154
557 77 561 27
440 228 456 212
535 96 538 39
248 205 259 216
307 275 324 282
193 16 194 43
445 215 463 218
552 417 562 421
572 168 573 180
426 29 426 54
6 200 6 221
205 205 243 232
569 286 585 287
400 45 400 63
446 307 461 300
10 322 28 330
288 430 298 430
67 162 72 176
461 288 476 297
89 17 101 26
145 76 146 41
69 164 86 185
152 0 178 0
164 135 182 177
571 212 585 209
241 0 241 45
596 446 601 398
211 136 231 148
181 255 196 241
605 96 610 33
608 293 625 289
315 25 315 42
627 221 639 216
3 355 50 340
83 50 132 80
494 82 498 70
300 0 300 27
616 99 618 89
507 386 521 389
104 22 104 0
24 376 81 355
102 235 137 245
55 236 77 243
120 32 124 44
80 234 107 258
16 346 64 365
3 48 35 63
438 302 448 312
386 358 409 354
0 273 55 274
243 247 243 191
136 240 154 243
24 167 56 175
123 213 145 243
9 216 45 236
303 1 304 21
38 409 56 405
326 405 341 414
374 132 376 142
307 103 307 63
578 344 595 353
50 153 56 82
634 18 637 4
227 299 253 289
206 177 216 178
566 170 605 153
216 215 222 232
24 398 42 390
258 61 258 19
174 208 192 205
51 165 57 211
218 424 219 441
594 392 632 403
389 326 408 325
597 176 601 152
117 276 128 286
410 314 420 311
31 237 51 228
556 319 567 324
545 191 547 177
173 309 185 310
170 71 170 36
93 8 94 24
36 265 53 267
0 114 40 137
308 335 322 334
155 231 198 236
390 346 407 341
161 250 175 249
236 450 281 412
59 218 79 226
524 50 524 33
423 341 454 330
99 116 107 144
481 264 482 228
104 317 106 286
372 465 386 469
157 125 173 133
497 60 497 48
25 22 80 68
422 327 446 322
628 297 634 336
57 155 67 171
143 262 157 292
64 418 84 416
148 92 175 109
399 330 435 320
229 316 258 319
457 105 457 119
80 477 105 466
422 210 449 207
375 220 377 257
110 248 134 250
187 104 204 114
8 317 37 325
302 131 302 71
155 320 168 325
68 413 87 409
298 412 307 427
379 329 380 351
56 399 73 401
5 283 5 245
21 203 44 218
361 222 376 228
6 434 18 432
95 383 108 387
164 81 178 92
110 102 113 113
53 416 87 415
195 442 233 443
13 97 47 105
162 414 182 416
62 101 95 155
60 31 72 39
375 454 380 440
496 109 498 128
316 64 316 49
569 177 583 177
619 308 639 302
299 370 312 370
451 306 471 298
5 437 18 437
16 29 17 66
556 476 638 414
97 380 108 378
100 421 110 418
21 132 43 135
527 317 528 296
413 257 431 263
32 203 43 212
6 41 58 66
152 15 152 42
44 40 55 46
61 187 81 188
513 453 531 457
542 410 575 444
605 397 620 396
563 297 563 287
479 429 482 418
149 257 157 268
548 368 562 368
438 357 440 368
203 180 218 180
51 379 97 368
409 265 410 237
141 232 151 244
239 199 261 211
2 377 27 373
285 457 309 453
578 400 602 403
598 152 600 169
191 88 192 67
540 278 551 278
404 347 415 344
579 157 591 152
309 44 309 54
252 398 262 397
522 136 533 134
145 349 161 347
581 436 585 451
102 63 129 79
549 287 570 289
407 428 417 438
374 87 375 50
547 273 567 274
315 275 331 275
0 64 35 95
166 154 175 164
89 26 139 60
322 478 326 452
411 221 433 227
94 38 108 88
534 280 548 281
240 238 242 250
60 422 75 421
535 252 537 264
240 278 251 287
25 31 62 86
122 264 124 315
521 454 533 455
415 370 427 367
318 266 320 283
376 7 388 7
197 79 199 100
607 277 607 287
622 348 633 347
398 16 398 26
501 151 504 140
59 244 100 271
24 394 40 386
173 417 190 419
63 374 89 368
580 213 600 210
602 63 604 45
167 9 179 9
344 328 377 326
129 284 155 290
363 474 404 453
113 33 125 60
24 82 26 52
10 294 10 284
90 40 117 58
238 278 257 295
1 405 14 405
205 440 224 439
632 277 633 298
60 252 74 252
555 286 557 297
548 283 552 271
53 202 65 201
67 154 79 163
6 168 7 147
92 166 101 183
36 68 40 129
604 381 624 385
299 190 309 194
244 180 257 178
519 158 534 190
142 284 152 283
487 358 514 349
261 423 292 423
238 184 253 183
28 43 48 54
530 148 531 158
93 255 104 265
367 442 390 448
289 0 289 27
93 252 112 252
605 383 615 389
201 244 212 232
568 403 571 385
98 70 108 76
617 274 631 277
100 122 106 152
176 348 187 350
1 453 15 449
556 284 568 284
3 113 15 116
396 16 396 29
315 262 328 263
125 262 137 278
17 366 32 368
432 300 438 318
106 171 112 147
214 431 216 444
513 171 524 172
633 167 633 180
133 241 161 294
48 208 51 173
231 240 252 262
434 225 434 237
522 354 523 365
32 265 36 303
95 288 110 279
20 30 20 0
238 165 248 167
7 283 8 272
166 433 166 450
124 252 134 253
120 230 126 241
4 440 15 440
562 378 562 361
617 367 637 376
480 408 490 408
31 397 61 403
129 46 129 0
60 73 78 81
543 433 554 433
532 278 535 264
535 28 546 23
157 479 173 463
28 80 55 91
139 417 150 414
334 393 334 411
301 189 314 177
570 427 602 427
263 416 280 415
313 25 313 42
320 179 332 187
471 31 471 54
385 56 386 40
1 408 13 409
411 361 434 356
470 235 483 227
100 94 121 153
67 351 68 332
387 321 397 324
547 302 562 297
574 423 589 423
427 0 427 25
327 408 327 419
211 447 211 435
551 167 553 154
129 338 140 340
3 266 3 219
186 227 205 241
142 228 146 240
173 95 177 131
328 419 328 407
415 276 427 273
151 379 161 378
562 412 565 397
103 45 138 68
375 327 396 349
55 392 68 389
578 404 591 405
317 331 332 326
41 429 53 419
565 424 567 396
82 226 94 224
465 232 475 236
34 198 47 204
50 382 79 391
216 159 218 136
305 238 325 236
2 74 13 78
108 282 136 282
41 236 62 255
594 433 605 438
559 440 572 440
622 47 625 33
604 325 616 323
61 228 77 241
32 97 67 106
5 145 6 159
62 95 66 77
540 292 541 306
33 39 64 55
352 28 357 45
130 241 145 244
154 34 157 13
276 404 283 417
536 332 548 340
506 300 507 272
193 256 194 291
478 395 489 403
58 18 65 33
149 205 159 204
340 454 351 456
506 16 525 16
143 354 157 355
75 340 86 339
316 38 316 25
428 69 428 40
142 20 152 43
467 288 479 281
10 210 32 209
200 384 200 364
109 73 120 92
631 136 631 125
583 160 593 135
576 289 593 286
30 106 82 151
423 77 423 57
533 290 535 273
90 32 102 43
239 196 259 194
178 33 178 1
28 427 45 424
128 199 139 208
35 358 65 366
555 214 557 204
114 255 136 258
381 328 421 356
612 277 614 291
180 355 191 358
308 351 318 351
481 129 503 128
98 198 108 198
329 246 329 236
27 53 35 64
187 277 188 264
373 441 387 445
176 148 201 142
369 470 380 473
425 25 425 0
27 290 29 317
69 134 84 151
581 225 587 200
406 200 411 217
613 30 623 18
546 430 560 430
179 305 182 332
107 96 125 112
18 334 31 322
226 191 227 139
299 337 313 337
114 204 128 230
589 412 608 411
537 331 549 329
624 352 630 398
181 5 182 15
14 49 35 69
124 113 126 103
214 249 228 252
224 62 225 78
539 261 541 241
35 193 67 204
242 287 249 298
152 114 162 133
305 469 331 468
164 83 165 70
552 406 567 407
99 385 114 386
16 352 54 346
149 69 171 84
383 421 394 421
550 262 550 274
614 386 627 421
60 103 66 114
541 230 543 207
26 109 49 139
5 433 18 431
231 136 251 145
403 343 415 343
72 32 83 39
57 388 85 394
536 329 569 323
545 305 557 271
121 10 121 0
213 382 213 359
4 119 21 129
125 274 137 284
454 38 454 49
97 384 99 371
43 423 48 406
202 223 227 235
188 179 202 194
259 401 295 403
316 254 317 235
474 44 474 21
159 327 170 317
266 432 278 430
585 158 600 152
195 198 200 183
142 121 175 150
601 20 623 13
541 283 551 253
10 81 10 50
197 307 255 296
558 443 573 451
21 263 26 246
584 166 596 163
451 12 451 26
35 354 58 355
27 363 51 363
420 329 422 340
28 433 46 424
332 209 332 181
71 419 88 410
182 212 193 216
151 217 177 223
511 216 523 198
620 310 637 305
26 229 34 246
625 398 626 415
122 245 137 248
77 172 101 181
85 421 98 404
185 349 189 362
350 443 367 455
527 325 529 336
590 422 609 422
138 203 142 215
376 282 376 268
19 247 19 230
45 130 56 134
136 336 156 335
554 427 557 410
101 27 116 47
331 337 331 327
620 314 637 317
44 202 84 197
476 82 476 64
404 317 459 331
133 123 162 157
48 142 52 126
409 429 419 429
4 211 7 258
363 347 384 331
151 131 159 149
567 242 582 244
614 322 616 337
183 320 189 335
115 424 122 414
41 74 47 85
35 245 59 294
191 23 200 8
42 355 59 359
321 464 333 462
115 452 130 444
633 307 635 336
638 311 638 335
74 251 93 246
111 162 128 184
636 20 638 10
134 384 157 372
364 109 364 26
122 28 124 48
102 224 109 200
7 206 29 204
215 243 240 228
44 115 52 138
619 73 622 37
373 428 384 431
20 157 24 116
353 136 372 136
514 469 534 476
101 147 146 145
384 39 387 19
159 412 176 409
517 199 517 187
342 395 374 399
522 331 532 338
386 72 387 51
495 45 495 55
17 120 17 84
32 184 47 198
298 472 299 454
255 395 273 393
73 54 79 29
154 41 159 17
299 383 306 394
83 154 131 154
15 367 35 364
293 432 294 411
361 328 373 335
564 264 581 259
121 384 135 377
636 28 638 16
623 326 623 315
101 261 151 265
370 329 393 342
188 237 199 244
428 336 447 331
37 164 40 152
483 60 483 32
351 324 391 343
373 110 374 99
75 162 77 186
520 178 526 167
23 327 43 329
355 346 367 348
238 169 255 176
550 214 562 215
95 9 101 20
225 164 238 174
497 95 498 82
515 150 529 148
150 36 154 86
569 144 571 179
3 291 4 301
517 82 517 94
142 117 157 131
186 181 186 154
48 346 63 354
529 287 532 273
62 265 65 291
582 215 598 212
525 317 536 315
44 426 54 425
339 343 345 333
7 7 7 31
2 34 19 42
95 70 153 118
75 369 103 378
59 401 83 393
210 4 220 4
182 5 185 23
118 122 165 136
76 206 91 205
187 94 207 110
27 124 47 128
191 446 206 434
61 418 75 416
65 15 65 32
445 334 460 330
2 312 13 317
166 149 171 159
400 41 401 19
112 149 125 164
174 135 182 146
51 50 73 72
76 220 94 222
616 381 627 385
52 91 57 70
45 37 55 45
158 477 179 455
222 227 234 233
586 431 604 439
90 59 108 70
163 67 192 90
216 240 244 255
88 152 101 168
102 141 112 141
599 38 601 14
589 356 589 346
355 46 357 59
11 168 48 137
325 245 325 234
370 467 381 470
567 109 567 93
184 111 195 119
3 133 20 143
500 404 514 408
101 383 117 385
197 449 209 444
0 324 20 322
377 39 377 55
160 441 170 438
219 329 230 326
71 135 72 147
30 384 53 376
566 165 566 146
626 341 626 318
562 154 597 134
172 212 189 208
517 61 517 49
77 414 89 413
318 265 318 233
212 176 223 175
481 463 483 445
65 256 93 254
43 279 54 279
616 34 616 57
125 278 135 279
189 97 203 108
623 379 623 363
174 72 177 87
477 63 477 44
290 387 306 372
6 190 19 197
103 374 106 387
250 255 260 266
436 234 453 227
543 440 545 429
367 340 381 356
404 118 405 59
578 401 597 398
340 101 341 67
311 276 323 272
324 353 340 365
140 228 153 225
228 90 228 116
329 42 329 55
176 140 188 140
615 337 630 334
205 338 219 337
163 113 186 126
16 193 27 193
146 292 161 275
105 70 137 90
332 340 353 332
365 432 378 412
60 77 76 84
527 453 540 454
523 317 527 298
96 122 146 139
301 452 308 468
16 233 16 212
56 155 59 186
25 17 25 4
238 189 253 189
93 257 103 256
317 457 317 477
90 178 91 189
85 111 112 138
227 38 227 28
565 174 565 155
93 419 119 416
29 265 32 243
86 169 113 184
584 66 585 54
330 449 350 454
518 277 530 277
443 322 449 304
171 248 172 264
484 12 486 32
620 376 639 376
112 83 146 97
381 354 392 358
161 142 171 166
411 225 436 211
249 246 259 253
50 402 69 393
53 159 67 172
34 118 51 137
376 5 388 5
315 284 328 276
197 425 219 429
125 275 146 265
581 57 583 34
306 470 306 455
267 405 286 398
379 322 393 333
382 445 394 459
547 178 574 166
85 246 85 256
57 196 88 194
516 24 518 35
229 234 257 255
21 372 33 371
516 14 518 31
202 124 217 125
618 324 630 325
3 442 18 441
30 270 56 278
69 375 81 374
152 313 171 319
583 428 597 430
354 468 365 477
22 165 80 215
3 453 4 443
520 175 530 165
181 237 192 256
2 97 38 106
4 451 19 447
545 337 558 344
309 179 325 179
105 237 119 234
412 436 425 440
593 95 593 109
588 309 598 309
83 35 84 68
58 91 102 164
514 357 522 344
504 43 504 54
16 337 16 324
207 441 224 434
618 305 632 305
574 209 593 212
24 249 25 230
522 289 533 287
11 354 23 353
113 220 149 214
169 325 182 320
118 295 141 269
554 417 568 420
0 430 11 429
544 441 564 447
562 268 573 272
506 8 506 19
148 28 148 10
183 177 189 189
152 230 165 227
83 422 93 421
0 146 13 152
542 437 544 427
123 104 124 126
56 113 67 127
85 305 99 306
582 420 609 420
28 403 45 403
238 163 248 158
331 394 355 386
32 389 33 408
299 324 316 323
44 69 55 80
563 263 571 280
566 297 580 294
330 327 343 328
29 425 44 422
308 413 317 425
305 403 330 411
611 325 615 336
164 123 174 128
569 133 571 159
163 118 171 129
93 94 118 98
603 169 605 158
10 332 25 332
211 249 236 246
352 65 359 53
136 181 148 180
584 1 585 13
82 117 83 105
322 278 323 261
538 460 551 464
183 228 219 222
230 246 233 226
130 119 143 130
131 203 150 227
396 129 410 129
622 230 633 226
584 35 585 53
268 408 284 403
548 209 569 212
314 410 325 412
567 43 569 29
636 209 637 230
33 129 48 130
506 73 509 87
21 72 22 98
128 211 138 213
171 241 181 244
46 69 59 83
558 283 563 267
236 254 252 263
379 157 389 157
130 277 155 297
243 129 259 142
28 253 31 211
193 67 194 79
186 211 196 214
87 259 98 264
369 410 384 415
132 129 142 140
615 276 616 296
77 70 91 78
472 8 501 8
213 217 221 206
21 385 21 373
578 284 580 274
134 388 158 374
533 438 534 450
238 288 253 275
6 34 6 46
456 293 467 287
344 322 357 330
200 327 220 310
307 467 320 454
387 315 398 314
379 456 390 458
619 376 629 375
44 262 58 265
104 135 121 141
208 230 225 233
179 235 179 250
527 209 528 197
238 8 258 7
100 176 114 184
88 45 137 76
596 387 619 403
120 198 133 199
613 10 613 0
169 347 179 351
31 381 44 376
115 339 125 339
582 422 588 451
137 270 150 267
214 240 216 257
30 388 43 391
18 139 42 149
323 337 334 328
639 370 639 349
56 63 69 69
145 217 155 215
299 375 299 361
198 253 213 251
300 185 318 198
135 288 146 282
76 361 87 357
94 281 108 278
570 14 571 0
270 420 289 419
68 61 78 70
127 105 179 125
188 18 197 3
229 159 230 170
400 313 430 327
369 61 369 51
150 203 162 219
298 379 314 377
377 77 379 62
145 195 158 212
328 65 338 52
205 186 217 196
187 326 199 337
210 2 222 2
18 176 49 170
41 337 58 338
354 417 369 417
101 415 114 413
114 4 122 25
200 420 223 424
295 392 305 391
41 102 57 121
512 63 523 60
204 184 214 185
360 471 371 476
62 337 76 331
153 238 164 241
106 45 109 34
157 30 160 17
482 68 499 61
186 224 189 213
60 306 69 291
140 238 141 219
306 286 331 273
30 105 47 112
172 411 189 408
0 151 16 166
620 384 635 384
38 398 58 397
135 78 146 85
92 241 92 221
260 440 276 440
417 318 433 306
114 41 125 49
105 76 136 92
309 181 322 189
242 424 264 432
531 190 531 176
75 90 79 70
587 220 590 207
295 469 313 466
513 172 513 187
549 185 554 212
628 53 628 33
56 303 68 304
181 239 201 242
308 183 324 181
62 395 74 397
385 25 388 36
17 237 27 233
242 277 259 277
91 218 101 222
5 203 5 216
619 75 627 63
209 194 228 191
626 402 636 401
573 351 586 349
86 371 100 376
155 34 158 49
88 310 107 318
533 272 535 261
303 126 313 126
583 292 595 288
167 49 167 39
209 234 221 238
49 258 64 254
73 172 87 185
87 261 104 273
69 255 72 235
66 125 67 143
576 363 602 349
174 253 174 234
625 329 639 327
543 292 555 297
121 76 143 90
440 321 445 335
55 340 68 340
0 246 1 300
181 333 196 333
151 236 158 259
323 327 333 328
33 33 76 79
186 4 200 4
63 180 76 191
1 72 24 81
629 385 629 366
49 398 66 401
603 50 604 31
606 401 639 408
36 62 54 94
203 234 213 240
13 45 33 56
88 47 101 71
438 307 449 316
398 350 408 350
47 80 58 88
586 2 587 16
152 68 159 80
595 8 605 5
155 246 170 253
40 272 52 273
156 116 157 141
516 431 517 421
52 335 68 341
104 381 120 384
485 477 486 463
531 333 536 318
3 274 16 281
12 168 12 146
126 365 136 365
151 269 170 265
108 7 119 7
34 254 95 244
481 82 481 92
238 162 248 164
75 185 88 184
488 42 490 57
334 48 362 29
203 158 208 168
582 286 583 268
147 250 157 242
235 139 248 146
208 436 241 438
399 319 416 324
9 47 24 66
102 209 118 207
64 246 68 221
248 151 248 128
142 345 158 340
533 364 561 379
624 215 626 205
367 123 368 62
518 368 547 367
609 427 620 427
3 421 18 422
528 452 538 463
95 226 109 226
618 347 624 363
181 479 181 462
69 123 87 140
254 431 269 431
495 65 512 59
172 448 186 441
1 401 2 374
192 322 210 317
94 104 106 108
333 401 347 403
55 432 68 432
86 469 88 456
50 438 62 438
237 427 239 445
582 158 604 160
378 449 390 431
54 184 79 210
154 322 171 330
367 430 377 430
333 88 333 116
600 308 606 324
424 226 443 215
232 155 243 155
481 399 492 407
442 229 453 225
212 142 230 144
249 251 260 243
530 449 545 451
352 335 375 322
125 442 128 430
18 300 21 336
563 411 577 411
582 413 597 414
2 393 13 395
504 136 516 129
146 135 146 122
39 297 55 299
11 387 29 379
2 352 13 351
625 408 635 408
203 233 218 215
68 166 69 177
344 413 354 416
27 302 37 305
95 212 117 212
367 342 377 342
323 276 336 282
430 362 443 358
125 73 166 98
19 212 29 211
575 448 586 449
425 341 435 324
53 348 64 347
572 150 584 134
64 121 86 144
40 249 44 238
486 443 498 445
189 102 199 108
41 282 81 282
28 85 51 91
408 202 409 216
160 385 171 388
626 79 639 67
47 209 61 210
257 262 257 243
559 283 576 281
17 240 28 245
240 433 252 421
396 41 396 31
55 142 58 131
53 261 71 271
55 82 63 93
52 221 62 220
334 76 348 59
484 204 484 191
335 42 335 0
192 234 194 248
195 102 205 110
35 273 42 257
311 285 323 278
128 203 141 203
224 172 238 175
0 53 1 69
2 173 13 182
523 51 524 64
146 72 156 78
4 379 4 395
580 125 581 115
38 351 57 353
125 219 173 273
200 168 215 162
462 300 462 312
23 164 36 164
125 92 137 66
182 10 183 37
259 209 259 222
50 256 73 267
63 408 78 405
120 471 149 452
596 410 607 415
74 231 91 220
15 198 25 197
102 269 112 268
72 97 82 109
169 78 183 88
89 24 101 35
355 30 361 59
96 79 127 111
294 466 297 456
379 43 379 9
54 138 74 147
495 351 506 351
429 39 429 10
142 19 142 0
630 330 631 342
80 126 93 137
614 132 630 131
472 70 472 80
224 94 227 81
6 306 7 292
29 129 43 137
14 323 24 323
301 316 316 332
185 237 195 246
617 273 635 277
446 231 450 221
301 216 301 203
60 17 64 42
514 169 514 152
148 60 160 69
180 329 190 335
164 330 179 329
95 409 109 411
82 135 83 153
35 188 72 196
202 356 214 357
180 71 190 79
453 20 453 6
567 150 569 178
411 268 421 272
89 21 118 41
316 369 331 365
393 456 404 451
137 84 165 99
4 335 4 345
38 61 52 69
620 411 636 415
597 319 619 328
15 240 15 221
243 154 243 130
69 89 73 70
112 224 125 222
64 180 81 181
0 307 19 304
518 171 521 183
617 306 629 303
230 182 231 170
500 448 534 460
381 355 381 340
425 320 436 311
263 399 275 401
35 42 35 29
257 426 273 414
572 393 587 399
211 54 211 42
125 271 138 281
543 224 543 234
24 162 25 152
59 79 72 87
304 236 323 234
424 56 424 26
580 422 581 434
351 341 362 346
361 325 372 331
591 228 594 214
461 278 461 289
157 12 169 24
69 154 79 160
28 250 48 251
634 123 634 107
44 283 46 269
166 106 174 117
24 137 43 148
220 206 241 203
344 53 351 65
525 6 526 20
61 125 90 151
90 44 117 62
540 357 563 354
87 303 97 304
179 74 181 86
102 142 110 152
571 425 572 414
607 373 622 363
35 407 40 395
140 375 143 364
119 84 134 93
633 82 634 64
620 297 632 294
120 225 134 230
622 76 622 86
9 235 9 248
158 298 171 295
206 155 220 155
40 367 41 382
415 331 426 332
495 56 496 74
8 328 18 330
167 31 169 20
84 88 90 102
78 373 108 376
615 310 628 307
598 12 623 12
53 232 74 237
168 249 178 248
525 17 525 27
72 268 87 277
19 30 19 69
534 279 540 265
487 147 487 135
312 369 325 377
75 155 88 161
567 180 588 174
476 4 478 33
587 207 601 205
238 159 248 162
143 226 144 202
407 76 408 100
583 205 586 193
545 291 557 293
49 78 56 96
238 183 258 192
15 292 17 266
302 265 320 262
466 267 480 270
41 417 49 396
258 18 258 3
528 208 530 198
435 214 445 208
77 119 100 129
224 99 227 88
166 20 169 30
147 135 147 123
566 125 566 110
521 294 532 290
315 272 316 284
140 135 174 174
123 218 149 251
83 376 97 381
123 231 137 243
546 463 548 473
539 359 550 366
2 274 15 279
550 434 562 436
136 385 156 374
32 36 34 16
193 418 203 416
475 49 475 60
475 15 476 30
155 151 171 169
591 406 607 406
229 433 240 434
341 35 352 35
31 148 41 152
320 396 330 393
73 271 83 272
45 250 53 237
90 30 115 48
69 157 85 173
634 406 634 396
171 220 182 241
540 421 541 431
2 233 14 228
13 191 24 195
238 166 253 174
248 196 259 205
532 103 533 88
511 84 512 68
29 89 30 63
28 361 40 360
12 19 12 9
132 269 133 243
494 71 495 83
232 246 248 255
149 106 160 119
101 424 111 422
23 233 39 241
172 128 184 134
598 275 614 278
377 242 377 219
500 123 501 113
14 386 16 376
106 59 122 69
52 400 54 413
328 328 328 339
499 414 521 424
628 133 638 121
562 432 569 444
447 477 448 465
528 20 538 20
0 118 0 130
304 427 325 407
321 39 326 23
74 472 89 458
235 445 239 456
360 414 371 416
35 135 49 145
0 152 14 155
626 109 638 95
605 285 617 282
69 296 87 300
56 241 78 254
66 414 79 407
51 220 64 215
626 404 632 418
17 349 18 338
20 106 38 110
317 196 318 207
137 291 147 289
9 195 9 208
241 60 242 46
594 395 606 398
180 74 192 84
316 377 330 375
206 194 210 183
121 96 144 107
308 7 319 7
88 474 100 470
19 282 29 284
159 132 186 132
109 46 109 22
416 307 427 313
71 192 81 192
394 121 394 109
96 408 106 409
148 64 149 41
56 410 68 412
324 2 324 14
49 157 63 162
239 284 252 275
394 96 395 84
639 184 639 169
561 413 574 414
18 115 18 126
35 180 54 198
44 224 67 241
68 339 79 342
130 371 131 381
373 328 390 337
28 405 40 404
146 213 147 196
611 389 614 404
89 240 91 251
111 172 121 173
604 315 626 309
182 214 189 226
560 389 562 406
44 183 58 182
13 151 35 153
375 47 375 29
342 67 352 45
28 329 42 330
102 213 113 222
312 25 312 42
401 10 401 0
194 234 204 250
228 169 248 177
99 119 112 137
2 336 13 334
357 19 362 32
200 14 200 0
380 153 380 129
454 476 479 461
10 248 10 260
565 100 586 91
432 358 443 356
61 109 72 124
72 133 86 135
37 184 39 166
170 153 174 165
125 281 136 280
397 71 397 49
18 277 47 288
71 255 71 245
135 60 139 70
96 123 106 128
638 168 638 186
33 201 44 208
162 12 163 22
364 471 378 476
114 58 128 68
148 40 153 52
545 33 546 19
28 79 42 83
51 382 67 384
498 7 499 17
119 231 137 237
173 26 173 2
37 367 62 370
163 161 174 166
0 228 12 228
99 149 104 164
37 150 53 157
316 478 332 478
548 211 550 197
560 15 560 31
241 255 253 268
604 292 615 289
122 450 132 444
604 21 623 14
11 81 25 87
334 344 344 333
115 422 126 419
63 430 76 430
570 152 589 137
61 253 75 256
334 45 334 73
573 224 585 220
412 334 425 336
99 34 111 42
90 204 104 199
100 73 110 78
28 120 58 126
379 317 392 316
60 63 63 79
75 66 88 87
70 115 71 127
237 55 240 45
52 245 65 247
201 66 201 76
162 107 170 97
149 67 162 76
18 51 29 57
518 132 530 138
419 320 429 320
247 30 248 18
626 107 639 100
32 189 32 176
577 291 590 289
34 190 34 180
613 80 615 69
42 366 54 366
27 67 28 52
586 228 590 210
62 58 71 69
16 57 16 70
190 125 200 136
351 55 366 30
167 13 169 2
26 157 36 158
572 138 585 139
551 264 555 281
424 441 440 432
114 153 122 163
318 283 328 277
47 86 60 93
372 470 385 470
98 132 112 136
86 178 87 157
190 80 190 70
34 95 45 96
605 18 605 8
515 409 525 410
248 172 259 173
114 142 124 142
96 6 101 18
49 358 61 360
119 40 120 26
68 377 69 365
119 191 137 190
118 242 121 228
104 113 114 129
487 32 492 13
239 295 255 294
29 380 39 382
349 30 359 19
4 88 25 94
317 183 330 187
621 356 635 357
554 405 565 405
34 392 35 378
134 109 141 98
57 221 68 230
566 281 569 266
238 200 248 200
546 297 556 295
562 342 577 352
30 275 30 265
185 123 189 141
504 128 514 128
336 343 347 342
227 231 240 231
0 101 21 118
194 73 194 58
70 164 88 171
300 189 316 187
186 421 198 418
112 162 120 172
28 416 39 413
56 385 67 385
110 216 120 218
45 32 65 54
90 41 101 48
350 8 367 8
122 248 130 262
502 145 506 131
142 335 154 336
332 16 332 3
420 306 432 308
64 234 80 247
188 226 192 212
