390.122 150.786 368.186 154.196
624.091 132.934 598.089 96.9355
577.856 93.0048 574.846 2.0051
182.747 39.9954 226.964 28.8664
227.809 16.295 193.866 25.5075
358.701 152.011 360.327 48.0207
629.785 240.005 627.794 145.025
84.1139 121.677 55.0937 126.557
71.9772 166.714 55.9989 167.986
302.117 249.998 301.744 221.99
463.191 191.003 461.92 285.999
632.013 297.238 615.009 298.161
320.929 10.1013 308.67 1.46832
360.308 48.5338 340.401 35.3923
396.001 147 395.999 1
43.9562 102.866 30.1318 107.402
627 295 616 295
248.037 15.1331 234.931 18.7518
146.956 295.546 67.9972 297.908
176.751 137.991 180.061 45.0022
73.9252 133.504 59.9419 135.615
183.909 176.652 150.989 172.082
27.0824 233.003 25.5812 273.985
335.157 61.0277 332.774 141.994
323.78 270.606 308.918 265.226
472.285 190.974 470.986 177.001
483.117 209.998 482.744 181.99
384.598 197.991 385.021 180
114.331 224.019 115.619 201.035
179.794 254.014 180.207 230.004
306.042 264 242.012 264
282.397 115.948 279.901 97.013
507 217 507 195
91.5982 224.978 92.6452 205.98
89.9333 250.533 32.9517 258.661
475.1 183.014 475.499 209.008
497.074 216.992 497.297 190.994
305.108 300.12 282.085 297.302
252 11 252 2
322.752 29.0159 323.09 13.0019
519.106 221.985 519.469 199.991
323.908 239.998 324.303 221.006
528.256 291.988 527.276 185.997
194.999 301.121 162.994 300.888
102.709 222.99 103.386 203.013
91.0001 250 90.9999 237
289 273.871 259 273.871
500.129 194.034 501.056 217.998
102 248 102 237
522.627 259.997 522.86 233.999
118.997 255.109 106.005 254.783
506.041 302.288 486.861 305.026
330.593 91.0301 329.407 74.9699
458.807 175.002 459.056 203
164.42 217.977 165.2 198.008
125.848 220.996 126.318 201.983
475.158 225.006 475.348 251.005
501.131 231.993 500.938 256
247.016 249 246.983 224.999
26.0434 252.495 10.9828 251.2
634.014 291.747 615.016 290.711
372.996 261.038 334.963 257.387
304.028 293.347 287.972 294.656
512 295.013 512 261.967
512 297.021 494.004 297.084
490.989 188 489.981 212.999
580.458 226.977 540.06 208.866
514 250 514 232
89.9813 254.763 73.0084 256.106
494.531 275.986 493.925 296.969
464.888 289.996 466.141 257.005
254 299 254 269
430 24 430 13
325 197 325 186
512 234 512 272.987
517.273 236.022 515.896 252.992
481.85 298.998 482.332 266.99
507 292 507 274
522.291 278.989 522.072 292.985
382.454 312.97 381.119 292.992
516.742 303.19 505.887 306.645
109.261 214.977 108.22 202.981
454.213 241.994 453.477 213.987
106.47 250.977 107.178 235.008
512.085 310.567 491.105 313.705
450.661 145.231 270.015 168.097
510.128 197.015 510.526 220.008
557.847 250.993 558.509 236.977
209.172 249.998 208.914 232.001
490.471 303.987 491.301 269.983
576 159 576 147
471.89 185.994 470.787 205.988
141 218 141 200
435.448 244.992 435.876 216.013
487 249 487.095 231.001
442.846 291.998 443.341 260.989
351.629 300.949 353.699 285.958
408.445 308.025 409.546 288.03
549.945 106.009 546.27 83.1172
556 119 556 108
526.99 185.02 454.755 150.513
118.91 222.047 119.985 201.05
459.422 218.983 458.847 238.996
15.301 276.024 16.4383 262.036
442.005 292.714 416.999 292.9
366.897 295.002 367.229 310.017
358.96 321.093 235.978 316.603
516.274 222.999 516.129 194.999
450.951 289.004 449.801 276.018
282.58 296.99 283.034 277.001
549.152 178.994 548.491 161.981
494.284 217.012 493.9 195.002
74.2209 225.009 75.551 192.981
470.563 252.015 471.305 223.982
426.003 268.648 410.996 268.536
9.53539 353.938 12.0532 335.007
52.7065 112.592 27.7485 117.793
146.163 150.009 145.924 128.001
371.323 204.999 371.277 176.001
110.988 186.875 79.9776 189.759
549.318 227.276 582.347 241.163
491 253 491 238
395.055 245 395.207 222.001
440.005 251.227 350.985 253.372
186.817 263.943 185.714 286.986
258.21 310.01 260.066 270.049
496.408 301.016 497.197 281.008
553.986 292.236 537.983 291.291
306.044 304.409 272.008 301.891
94.0567 312.393 79.9925 311.08
585.03 319.337 548.004 320.16
487.329 212.015 486.876 192.003
261.006 184.014 260.08 251.001
217.684 250.014 218.142 228.003
311.702 248.961 314.828 224.978
168.015 258.47 252.025 255.869
574.186 153.993 573.144 127.994
101.042 185.234 147.99 179.927
453.823 198.993 454.414 182.978
303 209 303 197
522.157 220.998 521.961 205
420.707 245.013 421.115 222.002
497.025 254.001 497.312 240.985
381.994 256 457.002 256
383.857 290.994 384.436 276.977
518.902 294.998 519.216 278.985
563.996 302.865 547.01 303.357
543.99 317.825 499.072 320.308
430.627 111.958 429.899 101.007
420.742 200.021 421.086 188.002
199.412 253.023 200.737 229.041
483.497 253.051 482.754 231.008
310.142 260.124 289.036 258.525
500.564 295.023 501.185 280.008
208.88 307.53 190.782 312.146
164.991 314.157 145.059 312.989
198.003 320.662 149.001 320.722
575.764 34.1903 562.441 17.6448
274.017 131.114 241.833 135.874
432.917 144.754 399.997 146.949
347.441 203.006 347.785 177.997
237.102 214.981 237.618 190.013
559.228 237.842 543.067 234.659
371 244 371 225
346.472 248.023 347.499 227.024
269.597 250.008 269.916 225.012
485.048 255.286 454.916 253.24
491.163 261.955 469.075 258.517
289.01 259.543 178.992 261.57
231.026 265.572 209.982 264.295
460.281 292.971 457.719 268.029
190.988 297.728 168.987 298.708
25.1497 356.025 31.7291 317.123
276.096 28.3335 257.875 33.5639
549.115 69.9967 548.742 56.9787
435.813 175.001 435.935 199
218.805 213.013 219.074 196.001
87.1823 220.942 86.301 203.034
360.078 247.003 360.922 223.997
328.012 253.517 179.004 258.13
12.9946 266.783 1.0021 267.084
637.997 308.052 612.967 306.553
125.312 112.032 97.9371 103.195
221.034 168.476 199.999 169.985
189.172 178.33 318.004 162.023
270.019 211 270.436 190.009
81.9917 97.9694 58.1168 104.432
62.7639 222.997 62.671 198.997
171.564 217.023 172.143 203.006
200.642 216.017 201.131 198.004
34.5449 217.029 31.6498 272.034
507.918 254.989 507.637 232.004
552.515 238.011 552.251 250.006
71.6164 284.049 68.7925 261.899
396 273 383 273
409.999 274.883 378.991 275.263
144.978 315.284 188.979 319.176
221.963 114.762 192.888 119.277
165.052 156.827 151.106 152.645
435.006 246.115 420.047 246.894
29.8467 260.007 30.0704 234.001
440.999 281.926 415.992 282.158
185 311 171 311
412.951 316.961 343.016 312.76
311.26 34.5202 275.458 15.1527
356.82 82.3118 340.925 73.1306
32.9431 107.394 14.0486 104.664
29.9072 109.614 13.8717 113.466
224.142 151.001 224.29 127.995
291.783 193.985 290.72 208.98
70.5826 231.02 72.0076 190
376.984 258.281 355.994 257.107
579.006 290.818 560.026 290.198
69.3752 306.463 45.1122 300.541
221.131 108.677 187.055 115.283
275.026 115.139 249.006 120.029
222.042 131.279 209.036 133.24
312.651 207.015 313.125 187.003
360.793 205 360.84 183
229 214 229 195
286 291 286 276
449.991 315.316 411.994 314.222
193.968 69.0002 193.829 48.9943
244.811 84.9959 245.287 63.0062
279.853 81.2269 244.793 87.9143
223.964 102.998 222.718 126.985
623.852 155.117 601.202 126.635
395.322 201.998 395.203 178.999
494.193 248.992 493.318 228.028
61.9692 300.304 44.9415 298.576
302.008 301.893 280.981 300.244
53.5583 321.059 55.4628 303.049
50.19 107.836 18.0326 115.144
99.7666 179.034 102.516 116.979
260.998 152.983 242.055 155.425
178.002 179.086 156.019 179.691
76.943 181.521 47.0098 185.082
605.329 225.984 603.829 196.009
192.756 294.986 193.898 274.994
486.293 273.996 486.077 308.007
110.954 330.717 98.0078 329.879
558.932 129.049 562.217 209.993
247.045 173.376 198.034 179.285
155.992 180.941 124.032 185.238
638.23 261.456 618.04 252.906
603.095 272.998 602.608 252.985
402.091 269.975 426.934 272.172
178.998 289.906 161.986 290.205
252.982 310.388 162.04 306.135
379.829 312.016 378.025 292.903
126.998 334.952 64.0282 336.908
434.927 6.65353 410.178 11.8464
568.253 260.993 567.746 242.979
227 296 227 275
246.666 25.7299 227.929 17.1547
264.992 171.871 248.058 172.932
625.047 213.937 606.203 199.731
628.777 231.346 604.534 215.722
427.958 259.33 402.993 260.892
85.9999 293.992 72.0043 294.24
265.98 308.348 238.014 306.758
406.998 309.103 391.983 308.771
559.999 22.0016 560 124.998
356.96 56.0661 337.396 44.3389
212.004 135.026 199.021 137.132
625.25 161.796 603.666 135.272
603.179 157.997 602.926 140.001
567.146 183.998 566.706 155.989
339.899 195.999 340.038 170
636.892 274.519 620.959 271.195
288.159 291.999 288.108 277.996
488.139 292.997 487.593 270.985
230.141 306.008 231.736 277.041
313.491 33.1065 279.354 14.3561
225.139 44.5219 196.999 51.9976
223.261 80.1901 200.27 85.2323
101.057 110.664 80.958 107.247
254.993 158 257.151 121.067
452 165 452 151
441.011 152.098 322.032 165.286
278.897 168.678 319.065 165.804
93.9816 190.841 163.989 182.927
263 252.011 263 196.987
615.02 233.499 598.008 232.804
638.235 266.374 615.117 257.69
213.53 304.066 217.553 271.944
564.986 101 565.168 70.001
601.919 111.137 579.027 113.284
566.138 130.995 565.607 114.98
103.03 164.002 104.096 143.005
624.955 185.045 601.979 162.021
628.536 202.528 605.074 181.916
335.017 204 334.571 235.008
626.797 235.326 610.335 225.066
444.861 318.764 1.08789 368.78
355.758 102.295 334.513 92.8469
250.078 142.999 249.841 123.002
513.895 175.002 510.496 1.99026
625.077 170.932 602.635 145.32
535.742 165 535.78 195
70.0345 188.291 47.989 190.908
122.969 264.474 75.9557 267.249
129.199 294.289 113.068 292.414
272.99 324.93 189.011 331.09
318.997 322.968 124.921 342.2
522.956 332.783 458.007 346.036
131.064 342.487 56.0558 352.422
541.144 0.996928 546.239 224.994
340.177 40.0025 339.853 62.9979
170.995 152.021 152.015 147.932
342 216 342 191
64.6776 233.054 66.4456 211.036
546.853 251.981 544.761 160.006
110.906 300.539 83.0468 306.229
285.027 322.615 257.038 323.852
275.935 25.7045 245.099 32.4504
222.882 38.535 182.918 48.6756
314.894 95.2342 287.161 82.6447
623.825 144.136 600.804 114.378
517.158 181.005 516.767 118.001
499.818 166.987 497.758 49.0035
435.964 164.616 420.909 166.021
68.1634 232.009 67.9237 210.001
625.743 220.298 615.556 211.515
253 218 253 250
502.936 334.679 454.079 344.398
112.077 339.692 76.0809 343.723
279.743 16.9692 248.915 24.6611
515.303 49.9917 513.958 1.00114
522.904 189.188 489.849 172.295
78.9967 225 80.4411 197.97
455.013 259.214 431.003 258.803
71.0128 273 121.999 273
495.633 2.08927 498.239 41.9837
278.897 14.5978 246.949 22.8009
316.12 93.7617 283.744 77.5104
600.967 114.673 579.979 116.796
100.956 118.149 86.9973 114.009
583.339 210.834 587.542 194.136
371.99 318.208 344.01 316.809
319.563 45.7786 291.872 30.2284
331.944 39.5991 314.013 42.0911
213.929 64.7493 195.7 69.9466
16.8528 139.432 0.991362 134.025
579.482 180.994 579.026 141
226.98 24.9267 196.987 32.9529
498.91 40.1116 503.232 160.971
439.077 81.9997 438.792 0.997208
228.747 52.778 195.912 59.5729
213.911 62.6272 196.926 66.6923
480.481 156.936 475.879 4.98038
625.242 190.764 603.527 168.46
188.897 184.172 147.046 189.368
523.801 193.43 507.138 185.703
602 235.953 602 187.004
636.63 251.809 615.027 241.942
631.977 282.251 618.005 280.948
501.142 53.999 500.753 0.994473
440.05 145 439.875 119.001
353.854 149.998 354.422 105.005
57.0242 180.854 40.9667 178.202
60.9958 185.971 45.0421 188.29
476.758 297.006 477.017 266.009
619.142 311.683 579.964 319.825
253.93 324.598 203.037 318.678
383.993 333.884 363.014 335.219
529 38.9814 529 78.0001
255.02 177.201 227.991 179.906
532 245 532 231
638.015 311.083 598.026 318.146
614.013 321.304 592.002 320.882
476.837 18.1908 440.117 25.5802
333 169 301.003 172.032
174.013 333.18 151.066 334.885
284.988 334.266 254.008 332.826
530.083 123.999 529.71 90.0032
