4.012500000000000000e+02 2.500000000000000000e-01 3.617500000000000000e+02 1.475000000000000000e+01
1.777500000000000000e+02 3.750000000000000000e+00 1.447500000000000000e+02 1.975000000000000000e+01
1.902500000000000000e+02 9.250000000000000000e+00 2.167500000000000000e+02 2.075000000000000000e+01
3.617500000000000000e+02 1.525000000000000000e+01 3.455000000000000000e+02 2.075000000000000000e+01
2.167500000000000000e+02 2.025000000000000000e+01 2.155000000000000000e+02 6.725000000000000000e+01
3.445000000000000000e+02 2.050000000000000000e+01 3.622500000000000000e+02 2.975000000000000000e+01
1.442500000000000000e+02 2.075000000000000000e+01 1.427500000000000000e+02 3.775000000000000000e+01
3.445000000000000000e+02 2.075000000000000000e+01 2.145000000000000000e+02 6.850000000000000000e+01
3.777500000000000000e+02 2.625000000000000000e+01 3.627500000000000000e+02 3.075000000000000000e+01
3.787500000000000000e+02 2.675000000000000000e+01 5.515000000000000000e+02 1.315000000000000000e+02
3.627500000000000000e+02 2.975000000000000000e+01 3.752500000000000000e+02 3.625000000000000000e+01
3.437500000000000000e+02 3.075000000000000000e+01 2.147500000000000000e+02 7.775000000000000000e+01
1.432500000000000000e+02 3.625000000000000000e+01 1.407500000000000000e+02 9.525000000000000000e+01
1.435000000000000000e+02 3.675000000000000000e+01 8.975000000000000000e+01 6.675000000000000000e+01
8.975000000000000000e+01 6.675000000000000000e+01 3.325000000000000000e+01 9.850000000000000000e+01
2.152500000000000000e+02 6.725000000000000000e+01 2.142500000000000000e+02 7.825000000000000000e+01
1.405000000000000000e+02 9.425000000000000000e+01 1.392500000000000000e+02 1.052500000000000000e+02
1.412500000000000000e+02 9.525000000000000000e+01 1.067500000000000000e+02 1.077500000000000000e+02
3.882500000000000000e+02 9.625000000000000000e+01 4.117500000000000000e+02 1.072500000000000000e+02
1.062500000000000000e+02 1.077500000000000000e+02 8.125000000000000000e+01 1.162500000000000000e+02
3.500000000000000000e+01 1.100000000000000000e+02 3.525000000000000000e+01 1.185000000000000000e+02
9.250000000000000000e+00 1.122500000000000000e+02 7.500000000000000000e-01 1.135000000000000000e+02
8.175000000000000000e+01 1.162500000000000000e+02 2.675000000000000000e+01 1.352500000000000000e+02
5.522500000000000000e+02 1.315000000000000000e+02 5.887500000000000000e+02 1.545000000000000000e+02
3.282500000000000000e+02 1.337500000000000000e+02 3.280000000000000000e+02 1.420000000000000000e+02
2.775000000000000000e+01 1.347500000000000000e+02 5.000000000000000000e-01 1.442500000000000000e+02
3.280000000000000000e+02 1.440000000000000000e+02 3.277500000000000000e+02 1.587500000000000000e+02
1.332500000000000000e+02 1.467500000000000000e+02 1.147500000000000000e+02 1.522500000000000000e+02
3.837500000000000000e+02 1.467500000000000000e+02 3.837500000000000000e+02 1.747500000000000000e+02
6.385000000000000000e+02 1.472500000000000000e+02 5.875000000000000000e+02 1.547500000000000000e+02
3.510000000000000000e+02 1.480000000000000000e+02 3.512500000000000000e+02 1.652500000000000000e+02
1.147500000000000000e+02 1.522500000000000000e+02 1.022500000000000000e+02 1.552500000000000000e+02
5.872500000000000000e+02 1.537500000000000000e+02 5.695000000000000000e+02 1.647500000000000000e+02
1.037500000000000000e+02 1.547500000000000000e+02 8.775000000000000000e+01 1.617500000000000000e+02
3.272500000000000000e+02 1.587500000000000000e+02 3.267500000000000000e+02 1.697500000000000000e+02
8.825000000000000000e+01 1.602500000000000000e+02 8.725000000000000000e+01 1.717500000000000000e+02
5.697500000000000000e+02 1.647500000000000000e+02 5.702500000000000000e+02 1.782500000000000000e+02
3.517500000000000000e+02 1.657500000000000000e+02 3.520000000000000000e+02 2.150000000000000000e+02
3.272500000000000000e+02 1.682500000000000000e+02 3.272500000000000000e+02 2.167500000000000000e+02
6.272500000000000000e+02 1.685000000000000000e+02 6.007500000000000000e+02 1.732500000000000000e+02
8.725000000000000000e+01 1.712500000000000000e+02 8.675000000000000000e+01 1.887500000000000000e+02
1.522500000000000000e+02 1.722500000000000000e+02 1.507500000000000000e+02 2.097500000000000000e+02
3.837500000000000000e+02 1.732500000000000000e+02 3.827500000000000000e+02 2.122500000000000000e+02
6.012500000000000000e+02 1.737500000000000000e+02 5.702500000000000000e+02 1.787500000000000000e+02
8.625000000000000000e+01 1.877500000000000000e+02 8.425000000000000000e+01 2.225000000000000000e+02
1.502500000000000000e+02 2.092500000000000000e+02 1.172500000000000000e+02 2.155000000000000000e+02
1.507500000000000000e+02 2.097500000000000000e+02 1.497500000000000000e+02 2.277500000000000000e+02
3.832500000000000000e+02 2.122500000000000000e+02 3.822500000000000000e+02 2.342500000000000000e+02
3.272500000000000000e+02 2.167500000000000000e+02 3.272500000000000000e+02 2.332500000000000000e+02
3.522500000000000000e+02 2.167500000000000000e+02 3.517500000000000000e+02 2.447500000000000000e+02
3.972500000000000000e+02 2.172500000000000000e+02 3.962500000000000000e+02 2.507500000000000000e+02
8.425000000000000000e+01 2.212500000000000000e+02 8.375000000000000000e+01 2.352500000000000000e+02
1.502500000000000000e+02 2.262500000000000000e+02 1.492500000000000000e+02 2.402500000000000000e+02
1.272500000000000000e+02 2.302500000000000000e+02 1.162500000000000000e+02 2.317500000000000000e+02
1.172500000000000000e+02 2.317500000000000000e+02 1.055000000000000000e+02 2.332500000000000000e+02
1.052500000000000000e+02 2.332500000000000000e+02 9.625000000000000000e+01 2.345000000000000000e+02
3.272500000000000000e+02 2.332500000000000000e+02 3.267500000000000000e+02 2.477500000000000000e+02
3.822500000000000000e+02 2.342500000000000000e+02 3.817500000000000000e+02 2.487500000000000000e+02
9.675000000000000000e+01 2.345000000000000000e+02 8.325000000000000000e+01 2.365000000000000000e+02
8.375000000000000000e+01 2.352500000000000000e+02 8.175000000000000000e+01 2.767500000000000000e+02
3.017500000000000000e+02 2.367500000000000000e+02 3.032500000000000000e+02 2.497500000000000000e+02
1.492500000000000000e+02 2.402500000000000000e+02 1.487500000000000000e+02 2.597500000000000000e+02
3.267500000000000000e+02 2.467500000000000000e+02 3.022500000000000000e+02 2.492500000000000000e+02
3.272500000000000000e+02 2.477500000000000000e+02 3.262500000000000000e+02 2.702500000000000000e+02
3.815000000000000000e+02 2.477500000000000000e+02 3.967500000000000000e+02 2.507500000000000000e+02
3.027500000000000000e+02 2.487500000000000000e+02 3.032500000000000000e+02 2.702500000000000000e+02
3.962500000000000000e+02 2.502500000000000000e+02 3.947500000000000000e+02 3.247500000000000000e+02
4.235000000000000000e+02 2.547500000000000000e+02 4.342500000000000000e+02 2.562500000000000000e+02
3.030000000000000000e+02 2.720000000000000000e+02 3.027500000000000000e+02 3.257500000000000000e+02
8.150000000000000000e+01 2.762500000000000000e+02 8.025000000000000000e+01 2.982500000000000000e+02
2.352500000000000000e+02 2.972500000000000000e+02 2.342500000000000000e+02 3.422500000000000000e+02
1.112500000000000000e+02 3.117500000000000000e+02 1.282500000000000000e+02 3.117500000000000000e+02
1.622500000000000000e+02 3.307500000000000000e+02 1.617500000000000000e+02 3.627500000000000000e+02
3.207500000000000000e+02 3.337500000000000000e+02 3.402500000000000000e+02 3.340000000000000000e+02
3.552500000000000000e+02 3.337500000000000000e+02 3.852500000000000000e+02 3.342500000000000000e+02
3.562500000000000000e+02 3.337500000000000000e+02 3.417500000000000000e+02 3.342500000000000000e+02
3.952500000000000000e+02 3.337500000000000000e+02 3.842500000000000000e+02 3.342500000000000000e+02
5.275000000000000000e+01 3.522500000000000000e+02 8.275000000000000000e+01 3.547500000000000000e+02
8.225000000000000000e+01 3.547500000000000000e+02 1.072500000000000000e+02 3.567500000000000000e+02
1.087500000000000000e+02 3.567500000000000000e+02 1.277500000000000000e+02 3.592500000000000000e+02
1.277500000000000000e+02 3.592500000000000000e+02 1.497500000000000000e+02 3.617500000000000000e+02
1.492500000000000000e+02 3.612500000000000000e+02 1.602500000000000000e+02 3.627500000000000000e+02
1.602500000000000000e+02 3.627500000000000000e+02 1.982500000000000000e+02 3.652500000000000000e+02
2.387500000000000000e+02 3.745000000000000000e+02 2.577500000000000000e+02 3.772500000000000000e+02
3.207500000000000000e+02 3.747500000000000000e+02 2.877500000000000000e+02 3.787500000000000000e+02
3.562500000000000000e+02 3.747500000000000000e+02 3.192500000000000000e+02 3.752500000000000000e+02
2.577500000000000000e+02 3.772500000000000000e+02 2.862500000000000000e+02 3.787500000000000000e+02
4.972500000000000000e+02 3.792500000000000000e+02 4.862500000000000000e+02 3.822500000000000000e+02
2.842500000000000000e+02 4.337500000000000000e+02 2.837500000000000000e+02 4.547500000000000000e+02
1.437500000000000000e+02 4.347500000000000000e+02 1.592500000000000000e+02 4.352500000000000000e+02
2.832500000000000000e+02 4.347500000000000000e+02 3.037500000000000000e+02 4.352500000000000000e+02
2.837500000000000000e+02 4.347500000000000000e+02 1.592500000000000000e+02 4.352500000000000000e+02
3.032500000000000000e+02 4.347500000000000000e+02 3.052500000000000000e+02 4.547500000000000000e+02
4.175000000000000000e+01 4.377500000000000000e+02 6.675000000000000000e+01 4.442500000000000000e+02
6.525000000000000000e+01 4.437500000000000000e+02 9.725000000000000000e+01 4.522500000000000000e+02
9.875000000000000000e+01 4.517500000000000000e+02 1.277500000000000000e+02 4.587500000000000000e+02
3.057500000000000000e+02 4.547500000000000000e+02 3.062500000000000000e+02 4.657500000000000000e+02
2.840000000000000000e+02 4.550000000000000000e+02 2.837500000000000000e+02 4.657500000000000000e+02
1.287500000000000000e+02 4.592500000000000000e+02 1.432500000000000000e+02 4.622500000000000000e+02
1.927500000000000000e+02 4.602500000000000000e+02 2.627500000000000000e+02 4.632500000000000000e+02
4.582500000000000000e+02 4.602500000000000000e+02 4.832500000000000000e+02 4.602500000000000000e+02
4.145000000000000000e+02 4.607500000000000000e+02 3.317500000000000000e+02 4.622500000000000000e+02
4.375000000000000000e+02 4.607500000000000000e+02 4.597500000000000000e+02 4.607500000000000000e+02
4.387500000000000000e+02 4.607500000000000000e+02 4.150000000000000000e+02 4.610000000000000000e+02
4.832500000000000000e+02 4.607500000000000000e+02 5.082500000000000000e+02 4.787500000000000000e+02
1.437500000000000000e+02 4.622500000000000000e+02 1.927500000000000000e+02 4.747500000000000000e+02
2.612500000000000000e+02 4.627500000000000000e+02 2.842500000000000000e+02 4.642500000000000000e+02
3.317500000000000000e+02 4.627500000000000000e+02 3.062500000000000000e+02 4.642500000000000000e+02
2.842500000000000000e+02 4.642500000000000000e+02 2.830000000000000000e+02 4.780000000000000000e+02
3.062500000000000000e+02 4.642500000000000000e+02 3.082500000000000000e+02 4.782500000000000000e+02
2.420000000000000000e+02 4.780000000000000000e+02 2.512500000000000000e+02 4.790000000000000000e+02
