1.125902633666992188e+02 1.759556579589843750e+02 1.617360839843750000e+02 1.881483612060546875e+02
4.099305419921875000e+02 1.455788574218750000e+02 4.164754028320312500e+02 3.400951843261718750e+02
2.027056884765625000e+02 2.756111145019531250e+02 1.995191192626953125e+02 3.507169189453125000e+02
5.692098236083984375e+01 2.793311462402343750e+02 5.533604049682617188e+01 3.453825988769531250e+02
1.245167694091796875e+02 2.774265136718750000e+02 1.231475219726562500e+02 3.474772033691406250e+02
3.397583618164062500e+02 8.905264282226562500e+01 3.356709289550781250e+02 3.567683715820312500e+02
2.705816955566406250e+02 4.787123870849609375e+01 2.643161621093750000e+02 3.700110473632812500e+02
3.320800781250000000e+02 8.725952148437500000e+01 3.121729125976562500e+02 9.024759674072265625e+01
4.133562011718750000e+02 3.389996643066406250e+02 4.908728332519531250e+02 3.408221435546875000e+02
2.678301391601562500e+02 2.746841735839843750e+02 4.475146484375000000e+01 2.771864929199218750e+02
4.884226074218750000e+02 1.790114440917968750e+02 5.266113281250000000e+02 2.148615722656250000e+02
3.357864990234375000e+02 2.715467834472656250e+02 3.111969299316406250e+02 2.729010620117187500e+02
4.195533752441406250e+01 3.466858520507812500e+02 2.665407104492187500e+02 3.531809387207031250e+02
4.889751586914062500e+02 1.387074279785156250e+02 4.894973144531250000e+02 3.424502563476562500e+02
1.130079574584960938e+02 1.761793060302734375e+02 9.550204467773437500e+01 1.782677917480468750e+02
1.675573120117187500e+02 1.115926818847656250e+02 1.595626983642578125e+02 3.501007080078125000e+02
2.690217895507812500e+02 3.662084350585937500e+02 2.966570434570312500e+02 3.675892028808593750e+02
2.762074470520019531e+01 9.508624267578125000e+01 4.905900573730468750e+01 1.028434600830078125e+02
0.000000000000000000e+00 4.374238586425781250e+02 4.175645446777343750e+02 4.800000000000000000e+02
5.905575561523437500e+02 2.214663543701171875e+02 5.344927978515625000e+02 2.230809173583984375e+02
3.143257751464843750e+02 3.544616088867187500e+02 3.338500366210937500e+02 3.558810729980468750e+02
2.455808868408203125e+02 9.989108276367187500e+01 2.409926757812500000e+02 3.537691040039062500e+02
3.480130615234375000e+02 1.522580871582031250e+02 3.461425170898437500e+02 3.546694030761718750e+02
8.442641448974609375e+01 3.648698329925537109e-01 8.172755432128906250e+01 7.251244354248046875e+01
1.776429138183593750e+02 1.389412879943847656e+00 1.765577545166015625e+02 6.145656204223632812e+01
6.303247680664062500e+02 2.821957092285156250e+02 5.746099243164062500e+02 2.831694335937500000e+02
5.557346801757812500e+02 2.770814819335937500e+02 5.561531372070312500e+02 2.963710937500000000e+02
3.128041992187500000e+02 3.630966186523437500e+02 2.989516906738281250e+02 3.685215148925781250e+02
3.112301330566406250e+02 5.546915435791015625e+01 3.109481201171875000e+02 8.972660064697265625e+01
5.485222778320312500e+02 0.000000000000000000e+00 2.568048477172851562e+01 9.488993835449218750e+01
1.484606628417968750e+02 2.870375671386718750e+02 1.475397338867187500e+02 3.320214233398437500e+02
9.485890197753906250e+01 1.787070770263671875e+02 8.835587310791015625e+01 3.137570190429687500e+02
2.969550476074218750e+02 4.468233489990234375e+01 3.115382995605468750e+02 5.637966918945312500e+01
3.360427246093750000e+02 7.962960004806518555e-01 3.366918334960937500e+02 3.365124511718750000e+01
5.753641357421875000e+02 2.839711914062500000e+02 5.757600097656250000e+02 3.042805175781250000e+02
2.791498107910156250e+02 1.661118865013122559e+00 2.781371765136718750e+02 4.124942779541015625e+01
2.656930541992187500e+02 3.179934997558593750e+02 4.674900054931640625e+01 3.209465332031250000e+02
5.917095336914062500e+02 2.528251953125000000e+02 5.347211914062500000e+02 2.537166290283203125e+02
3.538007202148437500e+02 2.742902221679687500e+02 3.534841918945312500e+02 3.511523437500000000e+02
2.420252990722656250e+02 1.636957855224609375e+02 1.702268676757812500e+02 1.698947143554687500e+02
8.192018127441406250e+01 3.954591751098632812e+01 5.387040710449218750e+01 4.648639297485351562e+01
3.118117370605468750e+02 7.052781677246093750e+01 4.128362426757812500e+02 1.445504608154296875e+02
1.143980484008789062e+02 1.760436706542968750e+02 1.103412322998046875e+02 2.723211059570312500e+02
5.237670288085937500e+02 1.886227264404296875e+02 5.249298095703125000e+02 2.130207214355468750e+02
4.962873458862304688e+01 2.615865468978881836e+00 4.470287322998046875e+01 8.175737762451171875e+01
1.346911010742187500e+02 1.489305496215820312e+00 1.317470092773437500e+02 6.963919067382812500e+01
4.854071655273437500e+02 1.392991790771484375e+02 4.108151245117187500e+02 1.441090087890625000e+02
3.131228027343750000e+02 1.223553085327148438e+02 3.098124389648437500e+02 3.614898376464843750e+02
5.739240722656250000e+02 2.967041625976562500e+02 5.384526367187500000e+02 2.978432006835937500e+02
8.963569641113281250e+01 1.790938720703125000e+02 4.493028640747070312e+01 1.831918640136718750e+02
6.307237548828125000e+02 2.105381317138671875e+02 5.249108276367187500e+02 2.129077758789062500e+02
2.396356811523437500e+02 1.338582611083984375e+02 1.723491821289062500e+02 1.409098815917968750e+02
4.420719146728515625e+01 4.851343536376953125e+01 2.759593582153320312e+01 5.340331649780273438e+01
4.251083755493164062e+01 8.045030212402343750e+01 5.247398757934570312e+01 8.695751953125000000e+01
5.905369873046875000e+02 2.307467498779296875e+02 5.346352539062500000e+02 2.317667083740234375e+02
9.705926513671875000e+01 1.230909194946289062e+02 1.596664733886718750e+02 1.437185516357421875e+02
4.141156311035156250e+02 3.408433227539062500e+02 3.388759155273437500e+02 3.547278747558593750e+02
5.889061279296875000e+02 2.214962463378906250e+02 5.947480468750000000e+02 2.534627075195312500e+02
3.382313842773437500e+02 2.716338195800781250e+02 3.666270141601562500e+02 2.739945068359375000e+02
4.133352661132812500e+02 3.162434387207031250e+02 3.425037231445312500e+02 3.190863037109375000e+02
8.202632904052734375e+01 7.252261352539062500e+01 9.245927429199218750e+01 7.938411712646484375e+01
3.661409301757812500e+02 1.510551452636718750e+02 3.457639770507812500e+02 1.526774902343750000e+02
6.400000000000000000e+02 1.324159240722656250e+02 4.027065429687500000e+02 1.425448303222656250e+02
3.388669128417968750e+02 2.714089660644531250e+02 4.141492919921875000e+02 2.791586303710937500e+02
9.353543090820312500e+01 1.192649602890014648e+00 8.916371154785156250e+01 7.844607543945312500e+01
2.652987670898437500e+02 1.309960327148437500e+02 1.705540771484375000e+02 1.408994903564453125e+02
4.794376373291015625e+01 1.042764434814453125e+02 4.609701156616210938e+01 1.295719604492187500e+02
4.005744628906250000e+02 2.784361267089843750e+02 4.130794982910156250e+02 2.798097534179687500e+02
2.234684753417968750e+02 7.858836650848388672e-01 2.237329406738281250e+02 5.396274948120117188e+01
4.737575531005859375e+01 1.070213394165039062e+02 9.132164001464843750e+01 1.218553619384765625e+02
5.632965698242187500e+02 3.594226684570312500e+02 4.692281494140625000e+02 4.800000000000000000e+02
3.300686340332031250e+02 1.218586654663085938e+02 3.116140441894531250e+02 1.240191650390625000e+02
1.118036575317382812e+02 1.764120330810546875e+02 4.615806579589843750e+01 1.824303131103515625e+02
2.750822143554687500e+02 4.484832382202148438e+01 3.055416107177734375e+01 9.496773529052734375e+01
5.079352569580078125e+01 1.092681274414062500e+02 1.606953430175781250e+02 1.434483184814453125e+02
3.340778808593750000e+02 8.837526702880859375e+01 3.305183105468750000e+02 3.566434020996093750e+02
