
4.370119e+02	271	3.790033e+02	271	
2.890136e+02	294	2.340045e+02	294	
3.110121e+02	2.694952e+02	1.850040e+02	2.668557e+02	
5.419955e+02	2.734101e+02	4.480045e+02	2.717695e+02	
2.160178e+02	357	1.740059e+02	357	
6.390261e+02	270	6.110083e+02	270	
3.120033e+02	2.069392e+02	1.849967e+02	2.000608e+02	
4.629923e+02	316	4.349744e+02	316	
3.660198e+02	270	3.330046e+02	270	
2.420190e+02	285	2.080043e+02	285	
176	353	176	353	
5.419955e+02	1.900602e+02	3.390341e+02	1.755118e+02	
4.319765e+02	2.084393e+02	3.330147e+02	2.027332e+02	
6.390250e+02	309	6.090083e+02	309	
2.830249e+02	287	2.560064e+02	287	
4.399963e+02	3.430735e+02	3.810080e+02	3.415289e+02	
5.370218e+02	2.146133e+02	4.480119e+02	2.097927e+02	
2.280257e+02	339	2.020065e+02	339	
1.639784e+02	3.575188e+02	3.601264e+01	3.517079e+02	
2.700000e+02	3.560079e+02	2.610000e+02	3.559921e+02	
5.860000e+02	3.650087e+02	5.760000e+02	3.649913e+02	
3.089855e+02	2.012698e+02	1.910173e+02	1.946744e+02	
6.390328e+02	263	6.119589e+02	263	
4.339874e+02	2.132508e+02	3.270175e+02	2.076447e+02	
5.249888e+02	2.182078e+02	4.499993e+02	2.140152e+02	
3.060183e+02	346	2.650061e+02	346	
4.860000e+02	3.700122e+02	4.720000e+02	3.699878e+02	
5.989924e+02	2.700618e+02	5.710182e+02	2.684978e+02	
279	339	279	339	
2.489572e+02	8.864913e+01	1.859919e+02	8.413572e+01	
1.979905e+02	1.361263e+02	1.680149e+02	1.345553e+02	
4.559994e+02	1.408714e+02	4.130287e+02	1.383185e+02	
1.679913e+02	3.540897e+02	1.400171e+02	3.525257e+02	
4.600238e+02	3.536614e+02	3.879860e+02	3.555478e+02	
5.703178e+01	7.569813e+01	1.979034e+00	7.020314e+01	
3.569905e+02	277	3.379642e+02	277	
3.130198e+02	1.737380e+02	1.849745e+02	1.643350e+02	
6.202680e+01	1.706662e+02	3.700802e+01	1.689167e+02	
5.998684e+01	1.801308e+02	3.396439e+01	1.784480e+02	
5.999865e+02	2.281955e+02	5.699826e+02	2.262552e+02	
6.020000e+02	3.640087e+02	5.920000e+02	3.639913e+02	
3.989651e+02	1.014636e+02	3.430112e+02	9.686333e+01	
5.949883e+02	2.171317e+02	5.700177e+02	2.155607e+02	
4.060000e+02	3.650035e+02	4.020000e+02	3.649965e+02	
1.139800e+02	7.832802e+01	7.900412e+01	7.594360e+01	
1.129800e+02	8.032802e+01	7.800412e+01	7.794360e+01	
1.679704e+02	8.244386e+01	1.210012e+02	7.899466e+01	
5.990529e+02	1.944002e+02	5.699622e+02	1.924680e+02	
5.199846e+02	288	5.059490e+02	288	
3.230000e+02	3.460113e+02	3.100000e+02	3.459887e+02	
6.189927e+02	3.630051e+02	6.000277e+02	3.614793e+02	
1.659749e+02	8.437076e+01	1.200010e+02	8.099465e+01	
2.600008e+02	9.098837e+01	1.869992e+02	8.601163e+01	
1.189890e+02	1.320764e+02	9.902301e+01	1.305401e+02	
1.239766e+02	1.342218e+02	9.695314e+01	1.325690e+02	
5.498699e+01	1.581130e+02	1.999975e+01	1.540029e+02	
3.919680e+02	1.752880e+02	3.679464e+02	1.735661e+02	
5.169861e+02	1.912122e+02	4.670182e+02	1.877181e+02	
6.379860e+02	3.621459e+02	6.160196e+02	3.605713e+02	
5.309925e+02	1.090055e+02	5.140279e+02	1.075213e+02	
3.640524e+02	109	3.510140e+02	109	
4.479679e+02	1.182855e+02	3.930194e+02	1.118305e+02	
5.499775e+02	1.321612e+02	4.560914e+02	1.193004e+02	
4.280348e+02	1.855721e+02	3.420164e+02	1.788023e+02	
4.780429e+02	200	4.630096e+02	200	
3.090524e+02	284	2.960140e+02	284	
4.289826e+02	305	4.169410e+02	305	
3.496836e+01	3.512526e+02	1.947123e+00	3.474319e+02	
4.390000e+02	1.370087e+02	4.290000e+02	1.369913e+02	
6.389919e+02	1.709973e+02	6.240330e+02	1.695042e+02	
3.060641e+02	187	2.950187e+02	187	
6.219881e+02	196	6.089497e+02	196	
5.050000e+02	3.330087e+02	4.950000e+02	3.329913e+02	
2.269614e+02	9.338631e+01	1.759976e+02	8.802980e+01	
2.739731e+02	9.829395e+01	2.380269e+02	9.470605e+01	
3.890440e+02	111	3.720146e+02	111	
2.198266e+01	1.261018e+02	7.031720e+00	1.245304e+02	
2.179918e+02	1.389976e+02	2.040330e+02	1.375305e+02	
4.569827e+02	1.391018e+02	4.420317e+02	1.375304e+02	
3.769799e+02	141	3.669300e+02	141	
3.990331e+02	1.627072e+02	3.630589e+02	1.584812e+02	
3.380700e+02	189	3.280201e+02	189	
6.289844e+02	200	6.179391e+02	200	
2.686411e+01	2.025000e+02	1.684752e+00	2.025000e+02	
6.249918e+02	2.299976e+02	6.110330e+02	2.285305e+02	
2.390139e+02	2.748409e+02	2.160081e+02	2.729090e+02	
3.070700e+02	288	2.970201e+02	288	
1.550700e+02	346	1.450201e+02	346	
3.799861e+02	4.060858e+02	3.640260e+02	4.045771e+02	
3.339790e+02	1.051708e+02	3.009644e+02	1.012925e+02	
2.268702e+02	1.118332e+02	1.670311e+02	1.018196e+02	
5.469704e+02	1.292502e+02	4.950156e+02	1.228709e+02	
4.249751e+02	1.373968e+02	4.090231e+02	1.358045e+02	
2.019847e+02	1.810964e+02	1.870258e+02	1.796033e+02	
5.390574e+02	219	5.260190e+02	219	
5.409871e+02	265	5.299418e+02	265	
1.119591e+02	3.264931e+02	1.000098e+02	3.250048e+02	
3.640566e+02	3.365583e+02	3.470427e+02	3.346799e+02	
5.609749e+02	7.636523e+01	5.470162e+02	7.489810e+01	
3.906154e+01	1.265900e+02	1.902014e+01	1.238803e+02	
4.907283e+01	1.590632e+02	2.050620e+00	1.564342e+02	
3.060538e+02	1.776968e+02	2.950021e+02	1.760057e+02	
5.919691e+02	1.974075e+02	5.790197e+02	1.958863e+02	
2.530000e+02	2.870061e+02	2.460000e+02	2.869939e+02	
2.320860e+02	288	2.240238e+02	288	
2.050860e+02	343	1.970238e+02	343	
3.730728e+02	354	3.640174e+02	354	
3.870000e+02	3.550061e+02	3.800000e+02	3.549939e+02	
3.469762e+02	358	3.389140e+02	358	
3.899934e+01	6.900395e+01	2.700066e+01	6.699605e+01	
6.390752e+02	9.062355e+01	5.699628e+02	7.718946e+01	
9.981619e+00	102	1.919361e+00	102	
1.296929e+01	1.051538e+02	1.939083e+00	1.033277e+02	
6.350971e+02	116	6.280260e+02	116	
3.539462e+02	1.484877e+02	3.450124e+02	1.470088e+02	
9.097398e+01	237	8.390291e+01	237	
1.008064e+01	250	2.018381e+00	250	
1.180971e+02	323	1.110260e+02	323	
4.209709e+01	329	3.502602e+01	329	
2.419876e+02	3.329912e+02	2.330538e+02	3.315123e+02	
5.270678e+02	333	5.160224e+02	333	
4.580971e+02	336	4.510260e+02	336	
6.198758e+01	3.489912e+02	5.305379e+01	3.475123e+02	
8.099934e+01	3.510039e+02	6.900066e+01	3.489961e+02	
3.989930e+02	3.505050e+02	1.770001e+02	3.539924e+02	
7.794598e+01	7.544451e+01	7.001365e+01	7.400296e+01	
7.696308e+01	7.737690e+01	6.702884e+01	7.585675e+01	
2.819806e+02	94	2.749096e+02	94	
1.999445e+02	1.093113e+02	1.648907e+02	1.036338e+02	
2.609772e+02	1.201272e+02	2.070807e+02	1.105268e+02	
2.519712e+02	1.161432e+02	2.420369e+02	1.146231e+02	
1.319806e+02	134	1.249096e+02	134	
4.929631e+02	1.983769e+02	4.830288e+02	1.968568e+02	
4.830534e+02	289	4.690177e+02	289	
1.029581e+02	3.532061e+02	8.607899e+01	3.495875e+02	
4.759602e+02	4.233809e+02	4.670114e+02	4.219955e+02	
5.000967e+02	443	4.879312e+02	443	
1.839664e+02	8.516577e+01	1.750352e+02	8.367120e+01	
1.091225e+02	9.055395e+01	5.808602e+01	7.668763e+01	
2.919561e+02	1.272048e+02	2.630439e+02	1.207952e+02	
3.319684e+02	141	3.268694e+02	141	
3.459475e+02	1.453892e+02	3.390135e+02	1.440036e+02	
1.895479e+01	1.531899e+02	1.104882e+01	1.516101e+02	
2.029616e+02	1.715478e+02	1.880191e+02	1.698981e+02	
4.659002e+02	1.878133e+02	4.389251e+02	1.845968e+02	
4.019684e+02	194	3.968694e+02	194	
4.712564e+01	2.026131e+02	3.587436e+01	1.993869e+02	
2.683243e+01	2.178076e+02	1.876107e+00	2.125939e+02	
6.249210e+02	2.174790e+02	6.190189e+02	2.160074e+02	
3.039548e+02	2.741899e+02	2.960488e+02	2.726101e+02	
2.409548e+02	2.911899e+02	2.330488e+02	2.896101e+02	
2.409210e+02	3.114790e+02	2.350189e+02	3.100074e+02	
4.813065e+01	329	4.303163e+01	329	
4.906579e+01	3.487644e+02	4.200193e+01	3.470032e+02	
3.431306e+02	354	3.380316e+02	354	
4.229994e+02	4.149972e+02	4.140537e+02	4.127667e+02	
3.190935e+01	7.173073e+01	5.937540e+00	6.849577e+01	
1.079326e+02	8.826699e+01	7.200662e+01	7.897591e+01	
1.389454e+02	9.622900e+01	1.170546e+02	9.077100e+01	
1.410566e+02	9.877960e+01	1.158773e+02	9.245498e+01	
3.709856e+02	1.100026e+02	3.650493e+02	1.086757e+02	
3.920597e+02	1.187685e+02	3.840619e+02	1.167596e+02	
3.309483e+02	1.252079e+02	3.240449e+02	1.236774e+02	
6.370151e+01	1.377295e+02	4.885243e+01	1.313651e+02	
6.389227e+02	1.562598e+02	6.319211e+02	1.542654e+02	
4.329507e+02	1.643243e+02	4.270144e+02	1.629974e+02	
1.009177e+02	2.974228e+02	9.000238e+01	2.950029e+02	
9.815784e+01	307	9.403474e+01	307	
1.029507e+02	3.143243e+02	9.701443e+01	3.129974e+02	
4.209507e+02	4.123243e+02	4.150144e+02	4.109974e+02	
5.589856e+02	4.340026e+02	5.530493e+02	4.326757e+02	
4.320023e+02	3.499546e+01	4.239977e+02	3.100454e+01	
4.700454e+02	4.787746e+01	4.430763e+02	3.779416e+01	
4.678811e+02	4.932327e+01	4.459974e+02	4.101043e+01	
2.884639e+01	6.943698e+01	2.153606e+00	5.956302e+01	
2.861599e+02	8.564003e+01	2.791600e+02	8.263986e+01	
5.919872e+02	8.600152e+01	5.870418e+02	8.475932e+01	
6.140009e+02	9.399725e+01	6.049991e+02	9.100275e+01	
6.259989e+02	9.800341e+01	6.200011e+02	9.599659e+01	
1.558959e+02	1.012960e+02	1.498947e+02	9.929965e+01	
2.899818e+01	1.109989e+02	1.117515e+01	1.026121e+02	
6.387882e+01	1.353325e+02	5.000015e+01	1.300049e+02	
7.998863e+00	2.200034e+02	2.001137e+00	2.179966e+02	
2.021056e+02	317	1.950345e+02	317	
1.610002e+02	3.379995e+02	1.209998e+02	3.220005e+02	
1.600693e+02	3.348276e+02	1.500692e+02	3.308278e+02	
1.439719e+02	3.430542e+02	1.130281e+02	3.269458e+02	
3.880031e+02	1.198925e+01	3.682051e+02	1.595066e+00	
3.857752e+02	1.342369e+01	3.650010e+02	2.002979e+00	
6.381804e+02	1.571140e+01	6.300939e+02	1.085254e+01	
4.049981e+02	2.300360e+01	3.900019e+02	1.499640e+01	
4.117921e+02	2.440897e+01	3.959974e+02	1.601081e+01	
2.699847e+01	1.120030e+02	1.700153e+01	1.069970e+02	
3.409987e+02	1.310029e+02	3.320013e+02	1.269971e+02	
1.228479e+02	3.402343e+02	1.041521e+02	3.277657e+02	
5.229999e+02	2.950646e+02	4.490001e+02	2.949354e+02	
4.000005e+02	3.620505e+02	2.360043e+02	3.643404e+02	
4.409874e+02	3.444140e+02	2.039957e+02	3.497921e+02	
5.090000e+02	3.530305e+02	4.740000e+02	3.529695e+02	
2.430000e+02	2.700297e+02	2.090000e+02	2.699703e+02	
5.149971e+02	3.290049e+02	4.680124e+02	3.305635e+02	
4.609938e+02	340	4.249799e+02	340	
5.029804e+02	3.645583e+02	3.630074e+02	3.711593e+02	
2.949939e+02	3.768418e+02	1.629880e+02	3.816822e+02	
4.009953e+02	3.638635e+02	3.410023e+02	3.660633e+02	
4.119900e+02	3.315132e+02	3.630040e+02	3.330527e+02	
2.870658e+02	334	2.380250e+02	334	
6.390000e+02	3.250262e+02	6.090000e+02	3.249738e+02	
2.610000e+02	1.380253e+02	2.320000e+02	1.379747e+02	
5.990000e+02	2.620253e+02	5.700000e+02	2.619747e+02	
6.390112e+02	3.373045e+02	4.750117e+02	3.433181e+02	
2.580000e+02	3.510253e+02	2.290000e+02	3.509747e+02	
3.829842e+02	3.966942e+02	6.003136e+01	4.136194e+02	
4.129909e+02	3.345690e+02	3.650069e+02	3.361608e+02	
5.439927e+02	3.448226e+02	4.960087e+02	3.464144e+02	
5.830000e+02	3.360209e+02	5.590000e+02	3.359791e+02	
4.660000e+02	3.420209e+02	4.420000e+02	3.419791e+02	
2.280000e+02	3.360201e+02	2.050000e+02	3.359799e+02	
4.410262e+02	349	4.089638e+02	349	
3.789994e+02	3.989991e+02	8.704228e+01	4.148110e+02	
5.829923e+02	3.268478e+02	5.420103e+02	3.284222e+02	
3.160000e+02	3.660192e+02	2.940000e+02	3.659808e+02	
6.390296e+02	3.824550e+02	4.289788e+02	3.956703e+02	
4.330000e+02	1.470183e+02	4.120000e+02	1.469817e+02	
4.180000e+02	2.950183e+02	3.970000e+02	2.949817e+02	
6.390000e+02	3.170183e+02	6.180000e+02	3.169817e+02	
1.560257e+02	350	1.300065e+02	350	
3.109909e+02	3.558155e+02	2.710107e+02	3.574213e+02	
5.909866e+02	3.627464e+02	5.139815e+02	3.666473e+02	
5.070000e+02	3.670183e+02	4.860000e+02	3.669817e+02	
8.499094e+01	4.148155e+02	4.501068e+01	4.164213e+02	
3.520000e+02	1.500175e+02	3.320000e+02	1.499825e+02	
4.503007e+01	258	2.200834e+01	258	
1.120000e+02	1.620166e+02	9.300001e+01	1.619834e+02	
4.709699e+02	3.684458e+02	3.769931e+02	3.738644e+02	
2.600000e+02	1.400157e+02	2.420000e+02	1.399843e+02	
3.310000e+02	3.500157e+02	3.130000e+02	3.499843e+02	
2.560203e+02	357	2.190067e+02	357	
6.390013e+02	3.800205e+02	4.840028e+02	3.900439e+02	
4.080000e+02	1.470148e+02	3.910000e+02	1.469852e+02	
3.098939e+01	264	1.196310e+01	264	
4.140369e+02	289	3.950106e+02	289	
5.379885e+02	2.888023e+02	5.050128e+02	2.904151e+02	
5.700000e+02	3.440148e+02	5.530000e+02	3.439852e+02	
1.960000e+02	3.510148e+02	1.790000e+02	3.509852e+02	
158	352	158	352	
1.819696e+02	3.783791e+02	1.179871e+02	3.817323e+02	
1.640000e+02	1.340140e+02	1.480000e+02	1.339860e+02	
1.610000e+02	1.360140e+02	1.450000e+02	1.359860e+02	
358	276	358	276	
4.589909e+02	3.039050e+02	4.320172e+02	3.054603e+02	
4.939909e+02	3.319050e+02	4.670172e+02	3.334603e+02	
1.910000e+02	3.400140e+02	1.750000e+02	3.399860e+02	
3.359766e+02	3.554702e+02	3.130055e+02	3.569959e+02	
3.120000e+02	3.760140e+02	2.960000e+02	3.759860e+02	
5.899999e+01	4.140140e+02	4.300001e+01	4.139860e+02	
4.080376e+02	145	3.900099e+02	145	
5.000000e+02	2.870131e+02	4.850000e+02	2.869869e+02	
2.310312e+02	294	2.070104e+02	294	
5.804492e+01	306	4.201370e+01	306	
6.310000e+02	3.060131e+02	6.160000e+02	3.059869e+02	
4.399999e+01	3.160131e+02	2.900001e+01	3.159869e+02	
6.389829e+02	3.277400e+02	6.079903e+02	3.298528e+02	
1.900000e+02	3.370131e+02	1.750000e+02	3.369869e+02	
4.499797e+02	3.365163e+02	4.260089e+02	3.380664e+02	
4.700000e+02	3.440131e+02	4.550000e+02	3.439869e+02	
3.540000e+02	3.490131e+02	3.390000e+02	3.489869e+02	
1.810000e+02	1.370122e+02	1.670000e+02	1.369878e+02	
1.990000e+02	1.380122e+02	1.850000e+02	1.379878e+02	
5.970000e+02	1.530122e+02	5.830000e+02	1.529878e+02	
2.040326e+02	155	1.810108e+02	155	
6.099999e+01	1.770122e+02	4.700001e+01	1.769878e+02	
4.100000e+02	2.870122e+02	3.960000e+02	2.869878e+02	
4.990000e+02	2.900122e+02	4.850000e+02	2.899878e+02	
4.580000e+02	3.320122e+02	4.440000e+02	3.319878e+02	
5.500000e+02	3.430122e+02	5.360000e+02	3.429878e+02	
7.399999e+01	3.860122e+02	6.000001e+01	3.859878e+02	
2.660000e+02	1.520113e+02	2.530000e+02	1.519887e+02	
3.110000e+02	1.520113e+02	2.980000e+02	1.519887e+02	
2.670000e+02	1.540113e+02	2.540000e+02	1.539887e+02	
1.840000e+02	1.630113e+02	1.710000e+02	1.629887e+02	
4.740000e+02	2.050113e+02	4.610000e+02	2.049887e+02	
5.399999e+01	3.030113e+02	4.100001e+01	3.029887e+02	
1.699999e+01	3.070113e+02	4.000010e+00	3.069887e+02	
3.939873e+02	314	3.789540e+02	314	
5.620000e+02	3.340113e+02	5.490000e+02	3.339887e+02	
1.340250e+02	352	1.040083e+02	352	
4.840000e+02	3.630113e+02	4.710000e+02	3.629887e+02	
5.930000e+02	3.670113e+02	5.800000e+02	3.669887e+02	
3.759388e+02	3.742855e+02	2.090165e+02	3.891830e+02	
5.989714e+02	3.747159e+02	4.870286e+02	3.862841e+02	
1.620184e+02	3.812288e+02	1.130003e+02	3.850006e+02	
3.710000e+02	9.701047e+01	3.590000e+02	9.698953e+01	
3.850000e+02	9.801047e+01	3.730000e+02	9.798953e+01	
6.499008e+01	1.249255e+02	4.402009e+01	1.264286e+02	
6.498357e+01	1.268009e+02	2.016435e+00	1.321991e+02	
4.280000e+02	1.450105e+02	4.160000e+02	1.449895e+02	
6.300000e+02	1.540105e+02	6.180000e+02	1.539895e+02	
1.499999e+01	1.550105e+02	3.000009e+00	1.549895e+02	
1.830000e+02	1.650105e+02	1.710000e+02	1.649895e+02	
5.180547e+02	199	5.050163e+02	199	
3.910000e+02	3.070105e+02	3.790000e+02	3.069895e+02	
2.450000e+02	3.160105e+02	2.330000e+02	3.159895e+02	
3.899999e+01	3.270105e+02	2.700001e+01	3.269895e+02	
1.329721e+02	3.454985e+02	1.150075e+02	3.470070e+02	
5.290000e+02	3.640105e+02	5.170000e+02	3.639895e+02	
1.399999e+01	3.860105e+02	2.000009e+00	3.859895e+02	
5.990000e+02	4.150105e+02	5.870000e+02	4.149895e+02	
3.390000e+02	9.500960e+01	3.280000e+02	9.499040e+01	
3.380000e+02	9.700960e+01	3.270000e+02	9.699040e+01	
4.060000e+02	1.400096e+02	3.950000e+02	1.399904e+02	
3.680000e+02	1.470096e+02	3.570000e+02	1.469904e+02	
9.899999e+01	1.600096e+02	8.800001e+01	1.599904e+02	
5.140000e+02	2.310096e+02	5.030000e+02	2.309904e+02	
5.390000e+02	2.320096e+02	5.280000e+02	2.319904e+02	
4.290000e+02	2.740096e+02	4.180000e+02	2.739904e+02	
4.260000e+02	3.470096e+02	4.150000e+02	3.469904e+02	
5.430312e+02	352	5.190104e+02	352	
4.120000e+02	3.610096e+02	4.010000e+02	3.609904e+02	
5.669846e+02	3.658080e+02	5.440161e+02	3.673739e+02	
3.400000e+02	3.670096e+02	3.290000e+02	3.669904e+02	
2.499849e+02	3.708600e+02	2.300217e+02	3.724312e+02	
3.340000e+02	3.730096e+02	3.230000e+02	3.729904e+02	
2.420000e+02	3.740096e+02	2.310000e+02	3.739904e+02	
3.150000e+02	3.740096e+02	3.040000e+02	3.739904e+02	
6.389911e+02	3.729123e+02	5.140374e+02	3.853843e+02	
4.030000e+02	3.820096e+02	3.920000e+02	3.819904e+02	
4.050000e+02	1.360087e+02	3.950000e+02	1.359913e+02	
1.790000e+02	1.560087e+02	1.690000e+02	1.559913e+02	
1.280000e+02	1.580087e+02	1.180000e+02	1.579913e+02	
4.290000e+02	1.950087e+02	4.190000e+02	1.949913e+02	
4.807329e+01	2.515296e+02	1.107364e+01	2.565322e+02	
4.920000e+02	2.630087e+02	4.820000e+02	2.629913e+02	
5.399999e+01	2.950087e+02	4.400001e+01	2.949913e+02	
1.399999e+01	3.040087e+02	4.000008e+00	3.039913e+02	
5.140000e+02	3.320070e+02	5.060000e+02	3.319930e+02	
3.020000e+02	3.360087e+02	2.920000e+02	3.359913e+02	
3.460000e+02	3.360087e+02	3.360000e+02	3.359913e+02	
1.220000e+02	3.420087e+02	1.120000e+02	3.419913e+02	
4.220000e+02	3.570087e+02	4.120000e+02	3.569913e+02	
5.480000e+02	3.630087e+02	5.380000e+02	3.629913e+02	
3.090000e+02	3.690087e+02	2.990000e+02	3.689913e+02	
3.079483e+02	3.774388e+02	1.850260e+02	3.892748e+02	
4.839966e+02	3.869802e+02	3.870786e+02	3.968248e+02	
1.949610e+02	3.906878e+02	2.008071e+00	4.150634e+02	
2.840000e+02	8.800785e+01	2.750000e+02	8.799215e+01	
3.040000e+02	1.280079e+02	2.950000e+02	1.279921e+02	
2.800000e+02	1.390079e+02	2.710000e+02	1.389921e+02	
3.440000e+02	1.390079e+02	3.350000e+02	1.389921e+02	
3.060000e+02	1.500079e+02	2.970000e+02	1.499921e+02	
2.220000e+02	1.540079e+02	2.130000e+02	1.539921e+02	
1.270000e+02	1.550079e+02	1.180000e+02	1.549921e+02	
5.150000e+02	1.740079e+02	5.060000e+02	1.739921e+02	
3.520000e+02	1.900079e+02	3.430000e+02	1.899921e+02	
5.270000e+02	2.310079e+02	5.180000e+02	2.309921e+02	
6.300000e+02	2.720079e+02	6.210000e+02	2.719921e+02	
1.990609e+02	274	1.880156e+02	274	
1.620000e+02	2.940079e+02	1.530000e+02	2.939921e+02	
5.299999e+01	2.970079e+02	4.400001e+01	2.969921e+02	
4.340000e+02	3.140079e+02	4.250000e+02	3.139921e+02	
9.099999e+01	3.280079e+02	8.200001e+01	3.279921e+02	
5.770000e+02	3.420079e+02	5.680000e+02	3.419921e+02	
3.630574e+02	355	3.500190e+02	355	
2.340000e+02	3.670079e+02	2.250000e+02	3.669921e+02	
5.140374e+02	371	4.940124e+02	371	
1.839195e+02	3.893422e+02	1.499858e+02	3.938699e+02	
1.450543e+02	3.944088e+02	2.031717e+00	4.132381e+02	
2.380000e+02	3.980079e+02	2.290000e+02	3.979921e+02	
3.630000e+02	4.060044e+02	3.580000e+02	4.059956e+02	
5.310467e+02	432	5.150155e+02	432	
5.070000e+02	5.400698e+01	4.990000e+02	5.399302e+01	
2.090000e+02	9.300436e+01	2.040000e+02	9.299564e+01	
2.180000e+02	9.400349e+01	2.140000e+02	9.399651e+01	
2.370000e+02	9.600349e+01	2.330000e+02	9.599651e+01	
6.140000e+02	1.170070e+02	6.060000e+02	1.169930e+02	
9.999994e+00	1.300070e+02	2.000006e+00	1.299930e+02	
2.930498e+02	141	2.780165e+02	141	
2.920000e+02	1.510070e+02	2.840000e+02	1.509930e+02	
1.640000e+02	1.570070e+02	1.560000e+02	1.569930e+02	
5.949666e+02	1.655551e+02	5.820095e+02	1.670084e+02	
5.140000e+02	1.720070e+02	5.060000e+02	1.719930e+02	
5.250000e+02	1.740070e+02	5.170000e+02	1.739930e+02	
1.810000e+02	2.170070e+02	1.730000e+02	2.169930e+02	
4.910000e+02	2.610070e+02	4.830000e+02	2.609930e+02	
1.930000e+02	2.690070e+02	1.850000e+02	2.689930e+02	
3.040000e+02	2.860070e+02	2.960000e+02	2.859930e+02	
4.599999e+01	3.130070e+02	3.800001e+01	3.129930e+02	
5.299999e+01	3.170070e+02	4.500001e+01	3.169930e+02	
4.589742e+02	3.266033e+02	4.440153e+02	3.280964e+02	
3.320772e+02	335	3.230218e+02	335	
4.380000e+02	3.350070e+02	4.300000e+02	3.349930e+02	
5.100000e+02	3.350070e+02	5.020000e+02	3.349930e+02	
3.040000e+02	3.390070e+02	2.960000e+02	3.389930e+02	
3.110000e+02	3.500070e+02	3.030000e+02	3.499930e+02	
5.590582e+02	352	5.480129e+02	352	
4.790000e+02	3.590070e+02	4.710000e+02	3.589930e+02	
6.070000e+02	3.660070e+02	5.990000e+02	3.659930e+02	
3.230000e+02	3.680070e+02	3.150000e+02	3.679930e+02	
5.720000e+02	3.680070e+02	5.640000e+02	3.679930e+02	
1.710000e+02	3.690070e+02	1.630000e+02	3.689930e+02	
1.990000e+02	3.690070e+02	1.910000e+02	3.689930e+02	
1.710000e+02	3.710070e+02	1.630000e+02	3.709930e+02	
2.530000e+02	3.730070e+02	2.450000e+02	3.729930e+02	
6.190000e+02	3.730070e+02	6.110000e+02	3.729930e+02	
2.670000e+02	3.760070e+02	2.590000e+02	3.759930e+02	
4.629688e+02	3.755618e+02	4.490179e+02	3.771020e+02	
9.999994e+00	3.880070e+02	2.000006e+00	3.879930e+02	
2.060000e+02	3.900070e+02	1.980000e+02	3.899930e+02	
4.567526e+02	4.170211e+02	3.050651e+02	4.562502e+02	
4.279321e+02	3.964710e+02	3.780513e+02	4.033925e+02	
6.369990e+02	3.969988e+02	5.970512e+02	4.024000e+02	
9.899999e+01	4.190070e+02	9.100001e+01	4.189930e+02	
5.630000e+02	4.240070e+02	5.550000e+02	4.239930e+02	
5.280000e+02	4.350070e+02	5.200000e+02	4.349930e+02	
5.750000e+02	7.300611e+01	5.680000e+02	7.299389e+01	
2.359691e+02	9.359247e+01	2.230197e+02	9.511367e+01	
2.829669e+02	9.858659e+01	2.710100e+02	1.000124e+02	
5.500000e+02	1.110061e+02	5.430000e+02	1.109939e+02	
4.630000e+02	1.460061e+02	4.560000e+02	1.459939e+02	
2.810000e+02	1.470061e+02	2.740000e+02	1.469939e+02	
5.450000e+02	1.470061e+02	5.380000e+02	1.469939e+02	
2.649762e+02	149	2.569140e+02	149	
5.700000e+02	1.520061e+02	5.630000e+02	1.519939e+02	
2.430000e+02	1.550061e+02	2.360000e+02	1.549939e+02	
2.230000e+02	1.560061e+02	2.160000e+02	1.559939e+02	
1.999923e+02	1.569443e+02	1.690216e+02	1.586216e+02	
3.199999e+01	1.680061e+02	2.500001e+01	1.679939e+02	
5.250000e+02	1.720061e+02	5.180000e+02	1.719939e+02	
2.820000e+02	1.750061e+02	2.750000e+02	1.749939e+02	
4.110000e+02	2.050061e+02	4.040000e+02	2.049939e+02	
5.699787e+01	2.210123e+02	7.216342e+00	2.320486e+02	
5.390000e+02	2.580061e+02	5.320000e+02	2.579939e+02	
1.320455e+02	2.733486e+02	1.160311e+02	2.752298e+02	
4.550000e+02	2.870061e+02	4.480000e+02	2.869939e+02	
2.430000e+02	2.880061e+02	2.360000e+02	2.879939e+02	
5.380000e+02	2.950061e+02	5.310000e+02	2.949939e+02	
3.860000e+02	3.040061e+02	3.790000e+02	3.039939e+02	
5.809466e+02	3.084726e+02	5.710123e+02	3.099928e+02	
2.420000e+02	3.140061e+02	2.350000e+02	3.139939e+02	
6.150000e+02	3.170061e+02	6.080000e+02	3.169939e+02	
4.600000e+02	3.480061e+02	4.530000e+02	3.479939e+02	
3.950000e+02	3.530061e+02	3.880000e+02	3.529939e+02	
4.720000e+02	3.540061e+02	4.650000e+02	3.539939e+02	
3.790000e+02	3.560044e+02	3.740000e+02	3.559956e+02	
3.000000e+02	3.600061e+02	2.930000e+02	3.599939e+02	
3.470000e+02	3.600061e+02	3.400000e+02	3.599939e+02	
5.190000e+02	3.620061e+02	5.120000e+02	3.619939e+02	
4.990000e+02	3.630061e+02	4.920000e+02	3.629939e+02	
2.030000e+02	3.750061e+02	1.960000e+02	3.749939e+02	
2.850000e+02	3.750061e+02	2.780000e+02	3.749939e+02	
3.250000e+02	3.750061e+02	3.180000e+02	3.749939e+02	
3.200000e+02	3.770061e+02	3.130000e+02	3.769939e+02	
2.130000e+02	3.780061e+02	2.060000e+02	3.779939e+02	
4.310000e+02	3.790061e+02	4.240000e+02	3.789939e+02	
4.000000e+02	3.800061e+02	3.930000e+02	3.799939e+02	
4.388427e+02	4.184501e+02	2.280814e+02	4.792832e+02	
5.628950e+02	3.973621e+02	4.400247e+02	4.181441e+02	
6.389629e+02	3.877009e+02	5.640371e+02	3.972991e+02	
6.389615e+02	3.897434e+02	4.580164e+02	4.171087e+02	
2.188777e+02	4.295257e+02	2.712229e+01	4.794743e+02	
1.880000e+02	4.050061e+02	1.810000e+02	4.049939e+02	
1.898117e+02	4.382844e+02	3.612321e+01	4.794651e+02	
5.840161e+02	4.040906e+02	4.830461e+02	4.222580e+02	
4.630000e+02	4.560061e+02	4.560000e+02	4.559939e+02	
4.660000e+02	4.590061e+02	4.590000e+02	4.589939e+02	
4.310971e+02	26	4.240260e+02	26	
1.320403e+02	3.416695e+01	4.501451e+01	5.505998e+01	
1.780000e+02	9.000524e+01	1.720000e+02	8.999476e+01	
2.680000e+02	9.200524e+01	2.620000e+02	9.199476e+01	
2.929702e+02	9.963005e+01	2.810209e+02	1.011184e+02	
3.449702e+02	1.056300e+02	3.330209e+02	1.071184e+02	
4.550000e+02	1.190052e+02	4.490000e+02	1.189948e+02	
1.800000e+01	1.290052e+02	1.200000e+01	1.289948e+02	
6.400000e+01	1.300052e+02	5.800000e+01	1.299948e+02	
3.089648e+02	1.407588e+02	2.939481e+02	1.426292e+02	
4.960000e+02	1.430052e+02	4.900000e+02	1.429948e+02	
2.890000e+02	1.460052e+02	2.830000e+02	1.459948e+02	
4.860000e+02	1.470052e+02	4.800000e+02	1.469948e+02	
6.390000e+02	1.510052e+02	6.330000e+02	1.509948e+02	
2.870000e+02	1.530052e+02	2.810000e+02	1.529948e+02	
5.970000e+02	1.680052e+02	5.910000e+02	1.679948e+02	
6.340000e+02	1.680052e+02	6.280000e+02	1.679948e+02	
2.600000e+02	1.840052e+02	2.540000e+02	1.839948e+02	
5.703860e+01	1.862054e+02	4.112144e+01	1.896178e+02	
3.050000e+02	1.900052e+02	2.990000e+02	1.899948e+02	
3.500000e+01	2.150052e+02	2.900000e+01	2.149948e+02	
2.380000e+02	2.190052e+02	2.320000e+02	2.189948e+02	
5.140000e+02	2.410052e+02	5.080000e+02	2.409948e+02	
1.659687e+02	2.677860e+02	1.360515e+02	2.723640e+02	
5.200534e+02	278	5.060177e+02	278	
5.330000e+02	2.780052e+02	5.270000e+02	2.779948e+02	
2.750000e+02	2.910052e+02	2.690000e+02	2.909948e+02	
1.320000e+02	2.920052e+02	1.260000e+02	2.919948e+02	
4.459876e+02	3.100088e+02	4.370538e+02	3.114877e+02	
1.900000e+02	3.150052e+02	1.840000e+02	3.149948e+02	
1.720971e+02	325	1.650260e+02	325	
5.820353e+02	3.308313e+02	5.299667e+02	3.321948e+02	
5.800000e+02	3.340052e+02	5.740000e+02	3.339948e+02	
2.808081e+02	3.362858e+02	2.220112e+02	3.440265e+02	
5.870000e+02	3.420052e+02	5.810000e+02	3.419948e+02	
7.697346e+01	3.418652e+02	6.603829e+01	3.434215e+02	
1.420000e+02	3.450052e+02	1.360000e+02	3.449948e+02	
1.400000e+02	3.470052e+02	1.340000e+02	3.469948e+02	
52	349	52	349	
3.770000e+02	3.480052e+02	3.710000e+02	3.479948e+02	
5.000000e+01	3.550052e+02	4.400000e+01	3.549948e+02	
2.880467e+02	361	2.720155e+02	361	
4.460000e+02	3.640052e+02	4.400000e+02	3.639948e+02	
6.300000e+02	3.650052e+02	6.240000e+02	3.649948e+02	
1.970000e+02	3.670052e+02	1.910000e+02	3.669948e+02	
2.630000e+02	3.720052e+02	2.570000e+02	3.719948e+02	
3.510000e+02	3.720052e+02	3.450000e+02	3.719948e+02	
1.920000e+02	3.760052e+02	1.860000e+02	3.759948e+02	
3.320000e+02	3.760052e+02	3.260000e+02	3.759948e+02	
1.120000e+02	3.860052e+02	1.060000e+02	3.859948e+02	
5.010000e+02	3.870052e+02	4.950000e+02	3.869948e+02	
3.430971e+02	388	3.360260e+02	388	
2.379816e+02	400	2.299194e+02	400	
3.048899e+02	4.124298e+02	2.200738e+02	4.293777e+02	
3.909074e+02	3.993596e+02	3.060297e+02	4.121962e+02	
3.058806e+02	4.144100e+02	1.910398e+02	4.381923e+02	
3.569291e+02	4.065179e+02	3.070493e+02	4.143289e+02	
2.900000e+01	4.150052e+02	2.300000e+01	4.149948e+02	
2.900000e+01	4.170052e+02	2.300000e+01	4.169948e+02	
1.597346e+01	4.348652e+02	5.038293e+00	4.364215e+02	
4.999617e+02	4.445785e+02	4.890265e+02	4.461348e+02	
1.320622e+02	3.226089e+01	2.310035e+01	5.842032e+01	
4.201311e+01	5.607286e+01	1.812613e+01	6.158760e+01	
6.898864e+01	7.299551e+01	6.003985e+01	7.438085e+01	
1.990000e+02	9.200436e+01	1.940000e+02	9.199564e+01	
2.910000e+02	9.400436e+01	2.860000e+02	9.399564e+01	
3.920000e+02	9.900436e+01	3.870000e+02	9.899564e+01	
4.130000e+02	1.020044e+02	4.080000e+02	1.019956e+02	
4.391114e+02	103	4.330286e+02	103	
3.519602e+02	1.066191e+02	3.430114e+02	1.080045e+02	
1.200000e+01	1.230044e+02	7.000004e+00	1.229956e+02	
3.000000e+01	1.280044e+02	2.500000e+01	1.279956e+02	
3.370000e+02	1.330044e+02	3.320000e+02	1.329956e+02	
2.880000e+02	1.440044e+02	2.830000e+02	1.439956e+02	
5.060000e+02	1.440044e+02	5.010000e+02	1.439956e+02	
2.800000e+02	1.450044e+02	2.750000e+02	1.449956e+02	
2.960000e+02	1.450044e+02	2.910000e+02	1.449956e+02	
4.620000e+02	1.480044e+02	4.570000e+02	1.479956e+02	
4.760000e+02	1.490044e+02	4.710000e+02	1.489956e+02	
5.019460e+02	1.485555e+02	4.940136e+02	1.499970e+02	
2.410000e+02	1.530044e+02	2.360000e+02	1.529956e+02	
4.810000e+02	1.700044e+02	4.760000e+02	1.699956e+02	
5.550000e+02	1.700044e+02	5.500000e+02	1.699956e+02	
4.920000e+02	1.710044e+02	4.870000e+02	1.709956e+02	
2.900000e+01	1.720044e+02	2.400000e+01	1.719956e+02	
2.430000e+02	1.720044e+02	2.380000e+02	1.719956e+02	
5.030000e+02	1.740044e+02	4.980000e+02	1.739956e+02	
5.310000e+02	2.020044e+02	5.260000e+02	2.019956e+02	
6.250000e+02	2.030044e+02	6.200000e+02	2.029956e+02	
5.900000e+02	2.140044e+02	5.850000e+02	2.139956e+02	
2.020000e+02	2.180044e+02	1.970000e+02	2.179956e+02	
3.500000e+01	2.520044e+02	3.000000e+01	2.519956e+02	
4.611141e+01	282	4.002865e+01	282	
2.890000e+02	2.870044e+02	2.840000e+02	2.869956e+02	
1.407445e+01	293	4.024572e+00	293	
1.880000e+02	3.060044e+02	1.830000e+02	3.059956e+02	
4.340000e+02	3.180044e+02	4.290000e+02	3.179956e+02	
5.800000e+02	3.180044e+02	5.750000e+02	3.179956e+02	
2.421114e+02	320	2.360286e+02	320	
2.410000e+02	3.280044e+02	2.360000e+02	3.279956e+02	
5.240000e+02	3.290044e+02	5.190000e+02	3.289956e+02	
1.990000e+02	3.370044e+02	1.940000e+02	3.369956e+02	
1.990000e+02	3.400044e+02	1.940000e+02	3.399956e+02	
5.800000e+01	3.420044e+02	5.300000e+01	3.419956e+02	
5.770000e+02	3.510044e+02	5.720000e+02	3.509956e+02	
4.190000e+02	3.530044e+02	4.140000e+02	3.529956e+02	
3.159714e+02	359	3.098886e+02	359	
6.070000e+02	3.600044e+02	6.020000e+02	3.599956e+02	
6.390000e+02	3.600044e+02	6.340000e+02	3.599956e+02	
6.290000e+02	3.720044e+02	6.240000e+02	3.719956e+02	
3.430000e+02	3.750044e+02	3.380000e+02	3.749956e+02	
9.300000e+01	3.830044e+02	8.800000e+01	3.829956e+02	
4.760000e+02	3.910044e+02	4.710000e+02	3.909956e+02	
1.340000e+02	4.150044e+02	1.290000e+02	4.149956e+02	
5.989806e+02	417	5.919096e+02	417	
6.397687e+01	4.228689e+02	5.302853e+01	4.243298e+02	
6.496701e+01	4.248703e+02	5.290835e+01	4.264792e+02	
5.629806e+02	426	5.559096e+02	426	
1.497687e+01	4.328689e+02	4.028533e+00	4.343298e+02	
2.499502e+02	3.789888e+00	1.399964e+02	2.998458e+01	
2.419875e+02	7.947062e+00	1.400125e+02	3.205294e+01	
6.392043e+02	3.061904e+01	6.320995e+02	3.220715e+01	
7.200000e+01	8.600349e+01	6.800000e+01	8.599651e+01	
1.880000e+02	9.100349e+01	1.840000e+02	9.099651e+01	
3.040000e+02	9.300349e+01	3.000000e+02	9.299651e+01	
3.260000e+02	9.400349e+01	3.220000e+02	9.399651e+01	
3.040000e+02	9.500349e+01	3.000000e+02	9.499651e+01	
3.990000e+02	9.900349e+01	3.950000e+02	9.899651e+01	
9.100000e+01	1.300035e+02	8.700000e+01	1.299965e+02	
1.390000e+02	1.350035e+02	1.350000e+02	1.349965e+02	
3.360393e+02	1.351929e+02	3.260390e+02	1.371911e+02	
3.920000e+02	1.390035e+02	3.880000e+02	1.389965e+02	
3.430000e+02	1.410035e+02	3.390000e+02	1.409965e+02	
3.930000e+02	1.410035e+02	3.890000e+02	1.409965e+02	
4.350000e+02	1.450035e+02	4.310000e+02	1.449965e+02	
5.619969e+02	1.439962e+02	5.519266e+02	1.467511e+02	
5.440000e+02	1.710035e+02	5.400000e+02	1.709965e+02	
5.450000e+02	1.730035e+02	5.410000e+02	1.729965e+02	
314	173	314	173	
7.921019e+00	1.775210e+02	2.018941e+00	1.789926e+02	
5.793206e+01	1.877408e+02	3.100247e+01	1.950070e+02	
7.921019e+00	1.985210e+02	2.018941e+00	1.999926e+02	
3.650000e+02	2.240035e+02	3.610000e+02	2.239965e+02	
4.580000e+02	2.280035e+02	4.540000e+02	2.279965e+02	
3.399762e+01	2.289903e+02	2.053540e+00	2.343359e+02	
5.999997e+00	2.320035e+02	2.000003e+00	2.319965e+02	
3.299684e+02	244	3.248694e+02	244	
5.999997e+00	2.570035e+02	2.000003e+00	2.569965e+02	
6.259210e+02	2.735210e+02	6.200189e+02	2.749926e+02	
4.969474e+02	2.754382e+02	4.860122e+02	2.769945e+02	
4.089548e+02	2.758101e+02	4.010488e+02	2.773899e+02	
4.600000e+01	2.780035e+02	4.200000e+01	2.779965e+02	
5.320000e+02	2.860035e+02	5.280000e+02	2.859965e+02	
4.790000e+02	2.870035e+02	4.750000e+02	2.869965e+02	
2.890000e+02	2.910035e+02	2.850000e+02	2.909965e+02	
3.890048e+01	3.087928e+02	3.179570e+01	3.103810e+02	
8.600000e+01	3.260035e+02	8.200000e+01	3.259965e+02	
2.410000e+02	3.260035e+02	2.370000e+02	3.259965e+02	
6.000000e+02	3.300035e+02	5.960000e+02	3.299965e+02	
6.389664e+02	3.408342e+02	6.300352e+02	3.423288e+02	
6.230000e+02	3.420035e+02	6.190000e+02	3.419965e+02	
85	351	85	351	
1.030000e+02	3.500035e+02	9.900000e+01	3.499965e+02	
3.180000e+02	3.540035e+02	3.140000e+02	3.539965e+02	
3.490000e+02	3.560035e+02	3.450000e+02	3.559965e+02	
5.670000e+02	3.620035e+02	5.630000e+02	3.619965e+02	
2.620000e+02	3.700035e+02	2.580000e+02	3.699965e+02	
2.110000e+02	3.760035e+02	2.070000e+02	3.759965e+02	
4.678221e+02	4.253442e+02	4.111084e+02	4.413925e+02	
5.180000e+02	4.290035e+02	5.140000e+02	4.289965e+02	
3.890000e+02	4.370035e+02	3.850000e+02	4.369965e+02	
4.059025e+02	4.426972e+02	3.560027e+02	4.590069e+02	
3.489956e+02	4.609928e+02	3.301303e+02	4.683480e+02	
2.951578e+02	102	2.910347e+02	102	
3.829229e+02	1.155947e+02	3.780189e+02	1.169916e+02	
3.969882e+02	1.290102e+02	3.893418e+02	1.328225e+02	
5.589507e+02	1.316757e+02	5.530144e+02	1.330026e+02	
5.909398e+02	1.627940e+02	5.828891e+02	1.645788e+02	
9.292288e+01	1.635947e+02	8.801894e+01	1.649916e+02	
5.598557e+01	1.639974e+02	5.004930e+01	1.653243e+02	
3.359988e+02	1.849944e+02	3.270012e+02	1.870056e+02	
5.309811e+02	1.930084e+02	5.260771e+02	1.944053e+02	
5.204718e+01	2.482071e+02	4.304967e+01	2.502183e+02	
5.794834e+01	2.487921e+02	5.104488e+01	2.503226e+02	
5.688891e+01	2.757415e+02	5.080935e+01	2.774848e+02	
6.279229e+02	2.795947e+02	6.230189e+02	2.809916e+02	
2.020927e+02	313	1.940304e+02	313	
5.379811e+02	3.280084e+02	5.330771e+02	3.294053e+02	
2.879856e+02	3.379974e+02	2.820493e+02	3.393243e+02	
2.839061e+02	4.627098e+02	2.490939e+02	4.742902e+02	
6.389999e+02	3.899983e+01	6.250001e+02	4.500017e+01	
6.390871e+02	7.123999e+01	6.060282e+02	8.307679e+01	
5.458926e+02	7.575093e+01	4.921074e+02	9.924907e+01	
6.389971e+02	9.600571e+01	6.321815e+02	9.940385e+01	
4.141507e+02	9.323094e+01	3.911477e+02	1.082264e+02	
4.159960e+02	9.399901e+01	3.933122e+02	1.094729e+02	
3.738565e+02	1.146328e+02	3.660034e+02	1.179986e+02	
3.941817e+02	1.243296e+02	3.832977e+02	1.305377e+02	
4.009966e+02	1.710014e+02	3.931435e+02	1.743672e+02	
9.681286e+01	2.646032e+02	8.399935e+01	2.709918e+02	
4.819872e+02	4.229985e+02	4.770418e+02	4.242407e+02	
2.889971e+02	4.629937e+02	2.441175e+02	4.793285e+02	
2.997135e+02	1.536168e+00	2.900000e+02	7.989767e+00	
3.029993e+02	1.998960e+00	2.910007e+02	1.000104e+01	
5.250145e+02	2.016661e+00	4.709855e+02	4.898334e+01	
5.281078e+02	2.124446e+00	4.743255e+02	4.937338e+01	
2.797037e+02	1.452920e+01	2.670044e+02	2.299854e+01	
2.800043e+02	1.700684e+01	2.689957e+02	2.399316e+01	
2.549951e+02	3.099424e+01	1.823097e+02	7.946936e+01	
2.570370e+02	3.205710e+01	1.842671e+02	8.040528e+01	
4.149959e+02	3.899478e+01	4.010041e+02	5.000522e+01	
4.200917e+02	3.711140e+01	4.019083e+02	5.188860e+01	
4.727207e+02	5.063927e+01	4.289028e+02	8.487359e+01	
4.690452e+02	5.105769e+01	4.269548e+02	8.394231e+01	
4.920005e+02	6.300078e+01	4.749995e+02	7.399922e+01	
4.940005e+02	6.400078e+01	4.769995e+02	7.499922e+01	
1.722047e+02	8.539139e+01	1.550053e+02	9.400421e+01	
3.769988e+02	1.189976e+02	3.690012e+02	1.230024e+02	
74	1.350141e+02	74	8.800345e+01	
6.085138e+02	3.079889e+02	6.069552e+02	2.610041e+02	
65	2.960253e+02	65	2.670080e+02	
569	3.030207e+02	569	2.700056e+02	
72	1.600206e+02	72	1.280050e+02	
5.454758e+02	2.699866e+02	5.428557e+02	1.910047e+02	
6.041459e+02	3.279911e+02	6.014097e+02	2.739771e+02	
6.444135e+01	2.269888e+02	6.283558e+01	1.870085e+02	
607	2.210272e+02	607	1.960072e+02	
143	1.649929e+02	143	1.429701e+02	
6.227725e+02	4.401096e+01	6.208651e+02	2.006657e+00	
1.379909e+02	1.939941e+02	1.364512e+02	1.730267e+02	
395	3.110525e+02	395	2.919475e+02	
4.315488e+02	2.959733e+02	4.300091e+02	2.750059e+02	
463	3.350409e+02	463	3.180116e+02	
544	2.940348e+02	544	2.750085e+02	
626	1.300119e+02	626	1.510357e+02	
75	3.340082e+02	75	2.510021e+02	
427	3.340510e+02	427	3.200154e+02	
522	2.109826e+02	522	1.989410e+02	
630	2.170524e+02	630	2.040140e+02	
483	2.870503e+02	483	2.740119e+02	
5.692296e+02	2.149803e+02	5.676167e+02	1.940184e+02	
602	2.470503e+02	602	2.340119e+02	
607	2.360563e+02	607	2.240147e+02	
66	1.589876e+02	66	1.469460e+02	
109	2.909799e+02	109	2.809300e+02	
1.647156e+02	3.470414e+02	1.617266e+02	3.260398e+02	
6.039976e+02	1.879918e+02	6.025305e+02	1.740330e+02	
128	2.560574e+02	128	2.430190e+02	
456	2.860663e+02	456	2.760164e+02	
610	2.159836e+02	610	2.059337e+02	
481	2.750190e+02	481	2.880574e+02	
538	2.119762e+02	538	2.039140e+02	
5.504075e+02	1.469691e+02	5.488863e+02	1.340197e+02	
615	150	615	143	
6.600703e+01	2.659883e+02	6.457362e+01	2.560412e+02	
412	2.859816e+02	412	2.779194e+02	
623	1.509816e+02	623	1.429194e+02	
1.061432e+02	3.209712e+02	1.046231e+02	3.110369e+02	
3.162945e+02	1.699599e+02	3.138555e+02	1.540209e+02	
3.181759e+02	1.669705e+02	3.158241e+02	1.540295e+02	
324	1.730177e+02	324	1.870534e+02	
3.910129e+02	1.599948e+02	3.845124e+02	1.341154e+02	
485	2.380904e+02	485	2.310194e+02	
627	230	627	230	
1.677859e+02	3.140447e+02	1.655786e+02	3.040884e+02	
2.039926e+02	1.789811e+02	2.025210e+02	1.730790e+02	
2.061848e+02	3.089292e+02	2.045690e+02	3.008429e+02	
2.451899e+02	2.839548e+02	2.436101e+02	2.760488e+02	
305	2.821056e+02	305	2.750345e+02	
3.221894e+02	3.319523e+02	3.203829e+02	3.229115e+02	
6.210053e+02	1.689943e+02	6.154187e+02	1.511676e+02	
9.503532e+00	9.985386e+01	1.496468e+00	7.414614e+01	
1.400414e+01	1.159976e+02	1.175812e+01	1.070559e+02	
3.032427e+01	1.649507e+02	2.899736e+01	1.590144e+02	
3.149962e+02	1.500011e+02	3.100038e+02	1.319989e+02	
3.582663e+02	1.601276e+02	3.552771e+02	1.401260e+02	
4.077685e+02	2.360597e+02	4.057596e+02	2.280619e+02	
542	2.630927e+02	542	2.550304e+02	
1.198951e+01	1.010033e+02	3.010493e+00	7.199675e+01	
2.733081e+01	1.508764e+02	2.000847e+01	1.319983e+02	
2.933786e+01	1.508802e+02	2.266214e+01	1.331198e+02	
9.238682e+01	3.048345e+02	8.699581e+01	2.930050e+02	
2.967061e+02	9.955647e+01	2.882367e+02	8.685724e+01	
3.001150e+02	1.029314e+02	2.903132e+02	8.581635e+01	
3.056386e+02	1.241563e+02	2.996382e+02	1.101564e+02	
3.117060e+02	1.281679e+02	3.034013e+02	1.143465e+02	
3.097003e+02	1.381053e+02	3.077040e+02	1.321041e+02	
4.086183e+02	1.396325e+02	3.982837e+02	1.228338e+02	
4.923095e+02	1.049303e+02	4.910080e+02	1.010180e+02	
6.000525e+01	1.499961e+02	4.499475e+01	1.300039e+02	
6.331230e+01	1.517738e+02	5.016747e+01	1.338793e+02	
4.201475e+02	3.129061e+02	4.152886e+02	3.048196e+02	
6.318289e+02	1.841220e+02	6.216920e+02	1.702209e+02	
73	325	73	250	
73	232	73	167	
335	2.789866e+02	335	3.329959e+02	
366	2.720033e+02	366	3.280123e+02	
120	2.770059e+02	120	3.170184e+02	
117	315	117	277	
8.608500e+01	1.510031e+02	8.073189e+01	2.969906e+02	
1.062966e+02	1.830070e+02	1.037480e+02	2.559899e+02	
115	273	115	241	
323	308	323	276	
3.601573e+02	2.780062e+02	3.585254e+02	3.329911e+02	
569	260	569	228	
149	2.719804e+02	149	3.069946e+02	
313	336	313	306	
110	1.819768e+02	110	2.129929e+02	
314	204	314	175	
433	302	433	273	
437	302	437	273	
65	341	65	314	
315	339	315	312	
326	2.789753e+02	326	3.079925e+02	
388	303	388	276	
415	3.090053e+02	415	3.410210e+02	
421	340	421	314	
437	210	437	184	
102	2.809735e+02	102	3.079920e+02	
7.815214e+01	2.460070e+02	7.658128e+01	2.909907e+02	
151	211	151	187	
185	1.669741e+02	185	1.939926e+02	
308	313	308	289	
339	1.520069e+02	339	1.880208e+02	
326	333	326	310	
67	8.700784e+01	67	1.120278e+02	
109	256	109	235	
307	3.149669e+02	307	3.369897e+02	
378	301	378	280	
542	240	542	219	
623	140	623	119	
8	288	8.000000e+00	268	
137	2.010108e+02	137	2.220346e+02	
368	202	368	182	
393	204	393	184	
416	205	416	185	
433	207	433	187	
457	208	457	188	
7.641034e+01	1.889635e+02	7.472946e+01	2.259794e+02	
8.000872e+01	3.100055e+02	7.845343e+01	3.369792e+02	
113	295	113	276	
201	290	201	271	
459	208	459	189	
482	209	482	190	
501	210	501	191	
8.040815e+01	2.000117e+02	7.881980e+01	2.349900e+02	
115	298	115	280	
124	2.129619e+02	124	2.319882e+02	
163	203	163	185	
515	328	515	310	
109	232	109	215	
149	205	149	188	
167	286	167	269	
311	200	311	183	
317	298	317	281	
417	290	417	273	
525	211	525	194	
4.000000e+00	2.670073e+02	4.000000e+00	2.880311e+02	
66	144	66	128	
86	257	86	241	
1.144325e+02	2.220150e+02	1.128632e+02	2.509898e+02	
290	3.099576e+02	290	3.269870e+02	
323	2.029576e+02	323	2.199870e+02	
607	188	607	172	
10	288	10	273	
3.016457e+01	1.740117e+02	2.798503e+01	2.029987e+02	
409	1.410075e+02	409	1.610325e+02	
430	303	430	297	
2.000000e+00	281	2.000000e+00	267	
1.360075e+02	2.740020e+02	1.334916e+02	3.039632e+02	
166	200	166	186	
1.841282e+02	2.780107e+02	1.825851e+02	3.039841e+02	
207	285	207	271	
263	188	263	174	
321	304	321	290	
100	294	100	281	
105	288	105	275	
121	188	121	175	
140	183	140	170	
147	286	147	273	
151	2.929490e+02	151	3.069846e+02	
395	286	395	273	
480	203	480	190	
563	143	563	130	
601	209	601	196	
601	324	601	311	
626	168	626	155	
638	243	638	230	
1.207680e+01	1.720057e+02	9.846663e+00	2.009889e+02	
8.954307e+01	3.050326e+02	8.799965e+01	3.219919e+02	
132	2.370068e+02	132	2.610276e+02	
147	305	147	293	
192	3.140133e+02	192	3.280490e+02	
246	330	246	318	
392	305	392	293	
467	287	467	275	
575	214	575	202	
605	282	605	270	
617	218	617	206	
624	168	624	156	
60	332	60	321	
123	287	123	276	
124	1.750096e+02	124	1.900429e+02	
125	287	125	276	
1.351639e+02	2.030205e+02	1.335076e+02	2.250490e+02	
1.689918e+02	1.670074e+02	1.674832e+02	1.829675e+02	
232	3.180140e+02	232	3.310524e+02	
325	201	325	190	
342	191	342	180	
492	122	492	111	
517	322	517	311	
563	267	563	256	
612	145	612	134	
635	217	635	206	
96	251	96	241	
133	285	133	275	
1.380906e+02	1.500126e+02	1.365821e+02	1.679772e+02	
137	2.920187e+02	137	3.030641e+02	
1.604525e+02	1.880276e+02	1.589996e+02	2.039929e+02	
162	2.729437e+02	162	2.849853e+02	
2.045476e+02	3.140400e+02	2.030074e+02	3.279909e+02	
205	193	205	183	
220	230	220	220	
319	186	319	176	
501	2.749437e+02	501	2.869853e+02	
503	202	503	192	
538	203	538	193	
539	287	539	277	
39	280	39	271	
58	332	58	323	
88	290	88	281	
118	2.350498e+02	118	2.200165e+02	
127	221	127	212	
1.432665e+02	1.670240e+02	1.412543e+02	1.900229e+02	
146	2.009104e+02	146	2.130759e+02	
1.691018e+02	1.860173e+02	1.675304e+02	2.009683e+02	
196	228	196	219	
229	229	229	220	
289	337	289	328	
304	232	304	223	
310	283	310	274	
3.161372e+02	2.070137e+02	3.145975e+02	2.279810e+02	
341	201	341	192	
415	237	415	228	
442	335	442	326	
473	287	473	278	
576	281	576	272	
6.161145e+02	1.230128e+02	6.138855e+02	1.419872e+02	
627	196	627	187	
59	287	59	279	
111	311	111	303	
1.454931e+02	2.940409e+02	1.440048e+02	3.059902e+02	
291	185	291	177	
295	232	295	224	
316	272	316	264	
337	233	337	225	
346	234	346	226	
360	234	360	226	
391	192	391	184	
404	236	404	228	
420	302	420	294	
434	333	434	325	
469	239	469	231	
522	287	522	279	
594	207	594	199	
6.231020e+02	1.810179e+02	6.215618e+02	1.949688e+02	
63	2.360174e+02	63	2.450728e+02	
66	2.450238e+02	66	2.530860e+02	
97	279	97	272	
1.003652e+02	2.360251e+02	9.889810e+01	2.499838e+02	
101	251	101	244	
204	2.880174e+02	204	2.970728e+02	
234	230	234	223	
285	229	285	222	
293	230	293	223	
349	233	349	226	
351	233	351	226	
385	158	385	151	
425	337	425	330	
427	291	427	284	
429	194	429	187	
4.401137e+02	3.210197e+02	4.385925e+02	3.339691e+02	
527	241	527	234	
540	319	540	312	
72	161	72	161	
101	230	101	224	
144	285	144	279	
1.974264e+02	3.190412e+02	1.959930e+02	3.289883e+02	
308	186	308	180	
395	235	395	229	
431	332	431	326	
522	240	522	234	
532	200	532	194	
93	1.920286e+02	93	1.981114e+02	
98	188	98	183	
160	281	160	276	
291	193	291	188	
384	2.270194e+02	384	2.340904e+02	
6.284445e+02	2.310540e+02	6.270030e+02	2.389864e+02	
638	217	638	212	
33	177	33	173	
9.700786e+01	1.790016e+02	9.499214e+01	1.889984e+02	
1.009926e+02	2.660189e+02	9.952104e+01	2.719210e+02	
126	229	126	225	
143	213	143	209	
2.526236e+02	2.749075e+02	2.509936e+02	2.829910e+02	
314	2.880246e+02	314	2.980744e+02	
3.869964e+02	2.270135e+02	3.856108e+02	2.339475e+02	
4.502099e+02	2.750423e+02	4.477901e+02	2.859577e+02	
8.827723e+01	2.010762e+02	8.472277e+01	2.129238e+02	
1.256627e+02	1.608254e+02	1.150248e+02	1.794757e+02	
1.454805e+02	2.178524e+00	1.168512e+02	7.794372e+01	
1.481728e+02	2.065929e+00	1.148272e+02	8.893407e+01	
191	3.320347e+02	191	3.361578e+02	
3.803109e+02	1.420991e+02	3.749919e+02	1.579959e+02	
4.790033e+02	2.310010e+02	4.769967e+02	2.379990e+02	
6.225386e+02	1.077983e+02	6.163433e+02	1.217130e+02	
1.101680e+02	9.407686e+01	9.420909e+01	1.290956e+02	
1.153006e+02	8.109019e+01	1.130027e+02	8.799811e+01	
1.124034e+02	9.418889e+01	9.198697e+01	1.369928e+02	
1.099935e+02	1.670016e+02	1.045732e+02	1.767801e+02	
1.219301e+02	1.359379e+02	1.050699e+02	1.550621e+02	
1.368896e+02	1.119151e+02	1.256126e+02	1.256930e+02	
1.709398e+02	8.896288e+01	1.290602e+02	1.570371e+02	
1.388833e+02	1.129046e+02	1.291167e+02	1.250954e+02	
1.689704e+02	1.639736e+02	1.145262e+02	2.205495e+02	
2.880007e+02	3.100049e+01	2.809993e+02	4.099951e+01	
3.112317e+02	2.154836e+00	3.032296e+02	1.415345e+01	
3.649976e+02	1.220053e+02	3.585271e+02	1.317074e+02	
5.880060e+02	5.600443e+01	5.769940e+02	7.099557e+01	
5.900032e+02	5.700237e+01	5.809968e+02	6.899763e+01	
6.178458e+02	1.688219e+01	6.041542e+02	3.511781e+01	
6.179992e+02	1.999939e+01	6.050008e+02	3.700061e+01	