
1	4.555090e+02	5.761294e+02	3.598624e+02	
1.451345e+02	4.702918e+02	5.251196e+02	3.881893e+02	
3.618384e+02	4.648485e+02	640	3.816002e+02	
1.660992e+02	7.200804e+01	1.697965e+02	3.440017e+02	
3.306349e+02	6.821041e+01	3.370042e+02	3.381291e+02	
3.349464e+02	6.798834e+01	3.461315e+02	3.367532e+02	
2.752349e+02	4.292040e+02	5.280836e+02	3.787918e+02	
8.596495e+01	4.898271e+01	8.290467e+01	3.039938e+02	
1.629455e+02	7.200875e+01	1.642871e+02	3.119049e+02	
5.721932e+02	3.686183e+01	5.961810e+02	3.100175e+02	
1	2.109661e+02	2.129666e+02	2.303520e+02	
1	3.980852e+02	2.210343e+02	3.753864e+02	
4.391469e+02	3.810212e+02	640	3.476184e+02	
1	4.021476e+02	2.219151e+02	3.789114e+02	
1	2.648613e+02	2.147723e+02	2.728181e+02	
1	4.170009e+02	2.018210e+02	3.926237e+02	
6.194823e+02	1	6.364663e+02	1.989434e+02	
8.906973e+01	9.202221e+01	8.864578e+01	3.039985e+02	
9.991534e+01	2.550607e+02	2.900906e+02	2.640444e+02	
2.419290e+01	3.588692e+02	2.320295e+02	3.462179e+02	
1	4.538870e+02	1.697101e+02	4.258298e+02	
1	2.184633e+02	1.936144e+02	2.345266e+02	
1	2.579966e+02	1.601549e+02	2.655148e+02	
2.788449e+02	1.329338e+02	4.414363e+02	8.498117e+01	
2.781285e+02	1.388015e+02	4.522875e+02	8.894827e+01	
1	4.066578e+02	1.617454e+02	3.890999e+02	
1	3.938238e+02	2.178875e+02	3.718880e+02	
4.933938e+00	2.668090e+02	1.630689e+02	2.726949e+02	
1.762441e+01	4.231960e+02	1.620424e+02	4.033160e+02	
2.106161e+01	3.568558e+02	1.628918e+02	3.482224e+02	
9.924272e+01	4.592838e+02	2.581709e+02	4.318724e+02	
1.200984e+01	2.171791e+02	1.470573e+02	2.287136e+02	
1	3.964767e+02	1.470626e+02	3.814089e+02	
2.532965e+02	4.732581e+02	4.037769e+02	4.347064e+02	
2.571037e+02	4.751731e+02	4.039555e+02	4.375511e+02	
1	4.264385e+02	1.648716e+02	4.042145e+02	
1	2.455568e+02	1.621066e+02	2.538133e+02	
1.667027e+02	4.064683e+02	3.170306e+02	3.863871e+02	
5.830821e+02	1.669592e+02	5.905362e+02	3.009053e+02	
4.565716e+02	1.918349e+02	4.638858e+02	3.281820e+02	
2.303094e+01	3.424635e+02	1.519263e+02	3.364273e+02	
2.791551e+02	1.536648e+02	4.050281e+02	1.203421e+02	
4.086849e+02	1.470062e+02	5.420411e+02	1.846618e+02	
8.804058e+01	3.586409e+02	2.430525e+02	3.488939e+02	
5.813678e+01	4.544046e+02	1.769724e+02	4.351299e+02	
2.693160e+01	2.318778e+02	1.520250e+02	2.410515e+02	
9.708926e+01	2.003538e+02	2.115439e+02	1.693178e+02	
3.316531e+02	3.493024e+02	4.690439e+02	3.370704e+02	
9.614131e+01	1.908957e+02	2.337072e+02	1.515172e+02	
1.780414e+02	2.935224e+02	3.059961e+02	2.944442e+02	
1.709851e+02	2.542683e+02	2.979688e+02	2.607760e+02	
9.590459e+01	2.173479e+02	2.132471e+02	1.887819e+02	
4.588780e+02	1.968630e+02	4.669576e+02	3.278760e+02	
2.812401e+02	1.504187e+02	4.040796e+02	1.171091e+02	
9.687936e+01	2.019192e+02	2.117662e+02	1.715049e+02	
7.909232e+00	2.539214e+02	1.359742e+02	2.604845e+02	
1.780050e+02	2.964395e+02	3.260518e+02	2.969137e+02	
4.862584e+02	4.548194e+02	5.928119e+02	4.170319e+02	
9.724165e+01	1.864935e+02	2.116721e+02	1.527449e+02	
2.105559e+01	3.056824e+02	1.630235e+02	3.055694e+02	
2.898279e+01	2.959620e+02	1.210071e+02	2.962568e+02	
3.501283e+02	3.683539e+02	4.660295e+02	3.533431e+02	
3.492935e+02	3.775398e+02	4.488683e+02	3.638327e+02	
2.558195e+02	3.480912e+02	3.740873e+02	3.406546e+02	
8.986954e+01	2.304024e+02	1.978157e+02	2.387528e+02	
2.828245e+02	1.873658e+02	3.871016e+02	1.654889e+02	
5.343207e+02	1.929949e+02	5.410759e+02	2.927819e+02	
2.111598e+02	3.863521e+02	3.197958e+02	3.722823e+02	
5.284551e+02	2.040953e+02	5.350465e+02	3.109760e+02	
4.270312e+02	2.032657e+02	5.272939e+02	2.224654e+02	
3.388435e+02	2.298542e+02	3.421412e+02	3.279849e+02	
2.805733e+02	1.424863e+02	3.859374e+02	1.127811e+02	
5.422002e+02	2.215606e+02	640	2.096889e+02	
3.670476e+02	3.263530e+02	4.789713e+02	3.211116e+02	
2.122698e+02	1.298659e+02	2.128134e+02	2.270644e+02	
3.285118e+02	1.648671e+02	3.323865e+02	2.678886e+02	
5.422202e+02	2.195435e+02	6.338089e+02	2.084258e+02	
2.379081e+02	2.892196e+02	3.339216e+02	2.822178e+02	
2.839260e+02	1.715757e+02	3.828279e+02	1.474989e+02	
5.014193e+02	4.432000e+02	5.903903e+02	4.122476e+02	
2.698164e+01	2.439137e+02	1.129925e+02	2.502212e+02	
2.717481e+01	3.832192e+02	1.218335e+02	3.746008e+02	
9.501696e+01	3.703702e+02	1.780603e+02	3.629768e+02	
3.351155e+02	1.189184e+02	3.376406e+02	1.940580e+02	
4.219611e+02	3.723703e+02	4.929362e+02	3.628892e+02	
1	2.235277e+02	8.203246e+01	2.297961e+02	
1.220204e+02	2.143672e+02	2.085829e+02	1.942090e+02	
1.950414e+02	3.332177e+02	2.788615e+02	3.272736e+02	
4.407494e+01	2.426141e+02	1.230385e+02	2.480874e+02	
4.370781e+02	1.048506e+02	5.156022e+02	1.365062e+02	
4.979632e+02	3.827770e+02	5.650873e+02	3.700905e+02	
1.730718e+01	3.007615e+02	1.592540e+01	3.698411e+02	
5.323975e+02	2.320956e+02	5.370867e+02	3.106906e+02	
3.876919e+02	3.178181e+02	4.760136e+02	3.150972e+02	
1	3.840307e+02	6.888412e+01	3.777131e+02	
4.959212e+02	3.203178e+02	5.769967e+02	3.165210e+02	
5.659631e+02	3.285896e+02	640	3.239343e+02	
6.047917e+02	2.479760e+02	6.085504e+02	3.180435e+02	
3.682715e+00	2.679941e+02	3.374694e+00	3.449990e+02	
5.561827e+02	3.264863e+02	640	3.213842e+02	
6.022137e+02	2.489393e+02	6.057764e+02	3.179332e+02	
5.461550e+02	6.401926e+01	5.515835e+02	1.397138e+02	
5.437739e+02	2.442541e+02	6.198404e+02	2.344024e+02	
3.713509e+01	3.163788e+02	1.259548e+02	3.141760e+02	
5.740099e+02	3.389735e+02	640	3.321660e+02	
4.120241e+02	3.352614e+02	4.889202e+02	3.305807e+02	
5.532191e+02	3.244626e+02	6.219357e+02	3.202798e+02	
4.941367e+02	3.643254e+02	5.659897e+02	3.542879e+02	
3.956892e+02	2.354383e+02	3.990499e+02	3.060003e+02	
2.048527e+02	1.147123e+02	2.692157e+02	9.072100e+01	
5.430557e+02	2.274219e+02	6.216841e+02	2.207385e+02	
2.529380e+02	3.449452e+02	3.368622e+02	3.398366e+02	
4.771814e+02	1.681355e+02	5.316121e+02	1.839763e+02	
4.202990e+02	1.541967e+02	4.902191e+02	1.740910e+02	
3.428463e+02	1.605706e+02	4.007987e+02	1.469527e+02	
5.110313e+02	1.468930e+02	5.802027e+02	1.537777e+02	
5.421409e+02	2.173369e+02	6.348765e+02	2.060800e+02	
5.068400e+02	5.488564e+01	5.668516e+02	3.613784e+01	
1.755068e+02	2.735565e+02	1.753800e+02	3.369968e+02	
2.034405e+01	3.071065e+02	1.946379e+01	3.699785e+02	
2.698765e+01	3.734348e+02	9.168149e+01	3.678054e+02	
4.160588e+02	3.518451e+02	4.950797e+02	3.438531e+02	
4.281082e+02	2.072781e+02	4.943510e+02	2.195516e+02	
4.584039e+02	2.729812e+02	4.612383e+02	3.300874e+02	
5.810174e+02	3.456416e+02	640	3.375222e+02	
4.356147e+02	1.780400e+02	4.394190e+02	2.359561e+02	
5.520792e+02	3.081229e+02	6.150216e+02	3.064359e+02	
2.812186e+01	2.368567e+02	8.202429e+01	2.404846e+02	
2.768561e+02	1.760772e+02	3.258990e+02	1.645529e+02	
1	1.565330e+02	6.021806e+01	1.643476e+02	
3.500791e+02	3.790969e+02	4.096115e+02	3.710232e+02	
9.503010e+01	2.413600e+02	1.518480e+02	2.451841e+02	
5.686100e+02	3.924778e+02	6.195942e+02	3.794161e+02	
2.269587e+02	3.329135e+02	2.918639e+02	3.298739e+02	
4.711273e+02	1.725164e+02	5.280913e+02	1.882329e+02	
4.790324e+02	3.420791e+02	5.390415e+02	3.366154e+02	
3.410995e+02	1.633493e+02	4.060341e+02	1.482278e+02	
4.671286e+02	1.570972e+02	5.263201e+02	1.748384e+02	
5.345326e+02	2.313524e+02	5.395530e+02	3.101921e+02	
5.671477e+02	3.903112e+02	6.143196e+02	3.791270e+02	
2.018956e+02	2.349928e+02	2.540530e+02	2.231762e+02	
2.915921e+02	2.628426e+02	2.917877e+02	3.172691e+02	
3.460360e+02	2.712499e+02	3.968579e+02	2.738544e+02	
2.471182e+02	3.762605e+02	2.957218e+02	3.711483e+02	
3.450685e+02	2.412590e+02	3.949630e+02	2.352025e+02	
3.279667e+02	2.890004e+02	3.289560e+02	3.348109e+02	
1.611011e+02	2.990042e+02	1.588561e+02	3.457395e+02	
3.291427e+02	2.210624e+02	3.306497e+02	2.659059e+02	
3.448978e+02	2.455106e+02	3.949890e+02	2.394301e+02	
1	1.988386e+02	5.097607e+01	1.975992e+02	
4.432728e+02	4.182066e+02	4.874420e+02	4.080138e+02	
5.602132e+02	2.745339e+01	5.962291e+02	5.873746e+01	
5.441514e+02	3.812910e+01	5.517571e+02	8.661604e+01	
3.290385e+02	2.889905e+02	3.312670e+02	3.338900e+02	
1.905117e+02	2.016702e+02	1.867050e+02	2.530169e+02	
2.904002e+01	2.517127e+02	7.907491e+01	2.540762e+02	
3.460248e+02	2.795047e+02	3.968231e+02	2.813954e+02	
4.952524e+02	1.970727e+02	4.973331e+02	2.470694e+02	
6.350489e+02	1.100746e+02	6.363079e+02	1.499126e+02	
2.751404e+02	1.787095e+02	3.254564e+02	1.669922e+02	
2.131743e+02	1.286457e+02	2.556955e+02	1.138529e+02	
2.863363e+02	2.483884e+02	3.258829e+02	2.435879e+02	
3.271267e+02	3.473182e+02	3.719272e+02	3.434199e+02	
9.295829e+01	2.656803e+02	1.509752e+02	2.607488e+02	
5.600612e+02	3.588119e+02	6.000836e+02	3.530576e+02	
3.440359e+02	1.708247e+02	3.911554e+02	1.605450e+02	
4.074838e+02	1.509678e+02	4.097311e+02	1.981508e+02	
1.752280e+02	3.438786e+02	2.150605e+02	3.408136e+02	
2.179256e+02	1.301608e+02	2.582658e+02	1.179998e+02	
3.440690e+02	2.281652e+02	3.858398e+02	2.335924e+02	
4.063711e+02	1.272235e+02	4.457654e+02	1.405940e+02	
1.720054e+02	3.460647e+02	2.169864e+02	3.433266e+02	
6.020969e+02	3.518944e+02	640	3.455909e+02	
4.749924e+02	3.585182e+02	5.119885e+02	3.533500e+02	
3.426224e+02	1.653636e+02	3.876486e+02	1.549731e+02	
1.764801e+02	4.002187e+02	2.141503e+02	3.949564e+02	
2.479961e+02	3.747605e+02	2.808220e+02	3.713078e+02	
6.224122e+01	1.718954e+02	9.819149e+01	1.589029e+02	
1.810370e+02	3.128099e+02	2.330647e+02	3.115195e+02	
2.613253e+02	4.017626e+02	2.989872e+02	3.963478e+02	
2.849563e+02	2.454938e+02	3.250134e+02	2.485925e+02	
5.909461e+02	1.783180e+02	6.258358e+02	1.895405e+02	
2.580832e+02	3.375031e+02	2.978800e+02	3.344408e+02	
2.631026e+02	3.965996e+02	3.007678e+02	3.913380e+02	
2.214113e+02	1.143710e+02	2.589370e+02	1.008092e+02	
7.919481e+01	3.207975e+02	1.249544e+02	3.195710e+02	
4.841574e+02	3.390663e+02	5.248400e+02	3.352802e+02	
3.298862e+01	4.623251e+02	6.200813e+01	4.621279e+02	
4.083087e+02	1.394675e+02	4.545054e+02	1.533138e+02	
5.267985e+02	1.445047e+02	5.790583e+02	1.463452e+02	
3.659183e+02	3.160877e+02	4.019146e+02	3.149788e+02	
5.441365e+02	2.420728e+02	5.808448e+02	2.384343e+02	
3.087263e+02	7.151287e+01	3.454627e+02	5.848493e+01	
4.022804e+02	1.120453e+02	4.446886e+02	1.284551e+02	
1.868395e+02	3.559493e+02	2.257939e+02	3.522455e+02	
5.680575e+02	3.364721e+02	6.039364e+02	3.328434e+02	
4.761646e+02	2.770529e+02	4.780958e+02	3.130525e+02	
3.623905e+02	2.909218e+02	3.636407e+02	3.260319e+02	
2.841258e+02	1.838948e+02	3.230459e+02	1.754039e+02	
2.140960e+02	2.366650e+02	2.547652e+02	2.271942e+02	
4.986612e+02	2.789816e+02	5.002844e+02	3.179843e+02	
5.046724e+02	9.396292e+01	5.445726e+02	8.340001e+01	
3.820280e+02	3.485708e+02	4.190243e+02	3.451278e+02	
2.558234e+02	3.717976e+02	2.938466e+02	3.678751e+02	
4.889889e+01	1.728440e+02	8.272302e+01	1.602361e+02	
4.687415e+00	1.682047e+01	4.502838e+00	6.296437e+01	
1.249649e+02	1.303528e+02	1.590696e+02	1.315539e+02	
2.214187e+02	1.202387e+02	2.547751e+02	1.092293e+02	
2.592769e+02	3.407523e+02	2.946640e+02	3.385983e+02	
4.990902e+02	2.220577e+02	5.009971e+02	2.589866e+02	
5.122212e+02	1.392394e+02	5.478479e+02	1.317651e+02	
8.915569e+01	4.904184e+01	8.909180e+01	8.098674e+01	
4.188486e+02	1.452907e+02	4.539771e+02	1.558962e+02	
4.529636e+02	1.009609e+02	4.561234e+02	1.521970e+02	
3.570568e+02	2.841157e+02	3.959675e+02	2.854082e+02	
3.153264e+02	7.353324e+01	3.463616e+02	6.196490e+01	
2.690213e+02	3.497769e+02	2.959354e+02	3.481386e+02	
4.738104e+02	3.493101e+02	5.120035e+02	3.453701e+02	
5.329348e+02	3.029460e+02	5.286821e+02	3.349760e+02	
2.519787e+02	3.627516e+02	2.958697e+02	3.587554e+02	
1.880270e+02	3.178805e+02	2.276759e+02	3.168178e+02	
5.361296e+01	1.840178e+02	5.332330e+01	2.129832e+02	
5.530170e+02	3.035842e+02	5.847903e+02	3.027962e+02	
3.883429e+02	1.710126e+02	3.885325e+02	1.959884e+02	
4.281581e+02	2.637812e+02	4.596793e+02	2.659027e+02	
2.470724e+02	3.568327e+02	2.771268e+02	3.541569e+02	
4.849759e+02	3.608024e+02	5.159469e+02	3.566021e+02	
5.096535e+02	1.240975e+02	5.468699e+02	1.154307e+02	
4.952762e+02	3.145038e+02	5.338737e+02	3.133148e+02	
2.040287e+02	2.790327e+02	2.350830e+02	2.800642e+02	
5.528593e+02	3.019877e+02	5.839894e+02	3.012156e+02	
4.412210e+02	1.107014e+02	4.688504e+02	1.215198e+02	
5.078970e+02	6.130731e+01	5.420468e+02	5.197375e+01	
4.294204e+01	2.641332e+02	7.001958e+01	2.649242e+02	
5.094393e+02	8.522377e+01	5.438057e+02	7.590484e+01	
6.097842e+02	3.125768e+02	640	3.115854e+02	
5.037903e+02	7.955504e+01	5.428727e+02	6.853658e+01	
6.138480e+02	1.978999e+02	640	1.950963e+02	
1.922651e+02	4.116917e+02	2.200196e+02	4.077013e+02	
2.940775e+02	3.003066e+02	3.210070e+02	2.990995e+02	
4.560126e+02	9.758971e+01	4.886218e+02	1.093898e+02	
5.127560e+02	1.158690e+02	5.469204e+02	1.075520e+02	
4.886761e+02	2.504149e+02	5.066022e+02	2.721527e+02	
6.111517e+02	2.819207e+02	640	2.839203e+02	
4.526522e+01	1.363445e+02	7.307837e+01	1.414977e+02	
3.579733e+02	3.020063e+02	3.587661e+02	3.270927e+02	
5.068676e+02	1.098139e+02	5.460059e+02	9.987043e+01	
3.800991e+02	2.860236e+02	3.806909e+02	3.239739e+02	
5.106886e+02	1.007802e+02	5.437489e+02	9.195730e+01	
5.193927e+02	2.779987e+02	5.215342e+02	3.078591e+02	
3.613463e+02	3.006498e+02	3.624513e+02	3.259823e+02	
3.309969e+02	3.674380e+02	3.598322e+02	3.644051e+02	
5.379071e+02	1.588669e+02	5.710602e+02	1.513558e+02	
3.014569e+02	3.079551e+02	3.027003e+02	3.320330e+02	
3.773544e+02	2.431081e+02	3.791218e+02	2.700145e+02	
2.708447e+02	3.522156e+02	2.978745e+02	3.498636e+02	
4.283310e+02	2.391132e+02	4.568349e+02	2.428166e+02	
4.910560e+02	2.491199e+02	5.063659e+02	2.687008e+02	
4.112957e+02	2.310010e+02	4.128677e+02	2.640064e+02	
4.290721e+02	2.865078e+02	4.568919e+02	2.874318e+02	
4.944385e+02	1.319764e+02	4.960945e+02	1.640443e+02	
3.122397e+02	3.050245e+02	3.113440e+02	3.330081e+02	
3.631911e+02	2.229009e+02	3.906212e+02	2.170889e+02	
3.750394e+02	3.515473e+02	4.038633e+02	3.489230e+02	
4.932772e+02	2.910281e+02	4.942714e+02	3.189491e+02	
1.337710e+02	5.718193e+01	1.587835e+02	6.467876e+01	
2.864880e+00	2.680675e+02	2.098322e+00	3.000013e+02	
5.078647e+02	2.691458e+02	5.316729e+02	2.707483e+02	
5.236812e+02	1.235813e+02	5.482870e+02	1.179031e+02	
3.252805e+02	3.538520e+02	3.539172e+02	3.511869e+02	
3.093892e+01	1.789970e+02	5.585144e+01	1.732480e+02	
4.220392e+02	1.589730e+02	4.508531e+02	1.669228e+02	
4.616616e+02	1.027843e+02	4.869834e+02	1.121196e+02	
5.838306e+02	3.325375e+02	6.088361e+02	3.302609e+02	
4.125172e+02	1.052875e+02	4.398525e+02	9.758094e+01	
1.911052e+02	3.591541e+02	2.199492e+02	3.566442e+02	
6.108728e+02	3.149346e+02	640	3.135705e+02	
4.623789e+02	9.724627e+01	4.845434e+02	1.069642e+02	
2.261835e+02	2.543561e+02	2.517901e+02	2.521795e+02	
3.758367e+02	3.594170e+02	3.999891e+02	3.569255e+02	
3.607827e+02	2.457699e+02	3.616461e+02	2.700159e+02	
4.088950e+02	4.278321e+02	4.325773e+02	4.222171e+02	
3.794430e+02	2.439489e+02	3.798494e+02	2.700115e+02	
4.653959e+02	1.231008e+02	4.679970e+02	1.496681e+02	
3.205651e+02	3.059097e+02	3.207799e+02	3.341922e+02	
5.799965e+02	9.210739e+01	6.011734e+02	1.058973e+02	
5.769600e+02	5.968667e+01	5.973163e+02	7.456632e+01	
3.539987e+02	1.762417e+02	3.547069e+02	1.986501e+02	
2.861406e+02	2.526430e+02	3.107989e+02	2.496497e+02	
2.831614e+02	2.165815e+02	3.085062e+02	2.108394e+02	
4.883541e+02	3.040683e+02	4.896297e+02	3.269905e+02	
5.754361e+02	5.138327e+01	5.974676e+02	6.755510e+01	
3.031833e+02	3.110865e+02	3.042311e+02	3.330843e+02	
3.490288e+02	2.881419e+02	3.748531e+02	2.886896e+02	
5.740629e+02	3.653973e+01	5.944754e+02	5.139785e+01	
5.250955e+02	1.079607e+02	5.479071e+02	1.022137e+02	
5.787718e+02	8.437132e+01	6.001402e+02	9.780410e+01	
3.544891e+02	3.050387e+02	3.557716e+02	3.289470e+02	
5.814407e+02	1.170185e+02	6.024207e+02	1.286221e+02	
5.776558e+02	6.862952e+01	5.991323e+02	8.286052e+01	
5.264235e+02	1.163457e+02	5.470929e+02	1.097521e+02	
3.590063e+02	2.470060e+02	3.600123e+02	2.700686e+02	
2.679600e+02	9.754823e+01	2.880914e+02	9.027269e+01	
9.978886e+01	2.176851e+02	1.257554e+02	2.115834e+02	
5.335545e+02	3.501107e+01	5.578883e+02	2.767541e+01	
4.644211e+02	1.127069e+02	4.866401e+02	1.213556e+02	
4.946300e+02	2.210047e+02	4.957636e+02	2.429588e+02	
3.004595e+02	2.538968e+02	3.014681e+02	2.750730e+02	
5.257784e+02	1.285503e+02	5.480007e+02	1.238417e+02	
4.555752e+02	2.159883e+02	4.566217e+02	2.370737e+02	
2.950534e+02	2.820562e+02	3.159685e+02	2.827509e+02	
5.241384e+02	8.455346e+01	5.473231e+02	7.826661e+01	
2.826100e+01	1.932361e+02	4.978422e+01	1.891236e+02	
3.481878e+02	2.947481e+02	3.768198e+02	2.949544e+02	
4.785646e+02	1.281570e+02	4.799917e+02	1.538004e+02	
2.983101e+02	1.957075e+01	3.115690e+02	3.564889e+01	
5.230359e+02	7.646239e+01	5.442615e+02	7.024852e+01	
5.780151e+02	7.618999e+01	5.984947e+02	8.929373e+01	
6.020419e+02	3.389291e+02	6.248181e+02	3.365334e+02	
2.040968e+02	4.048424e+02	2.250195e+02	4.019196e+02	
3.731868e+02	1.203314e+02	4.008415e+02	1.122353e+02	
4.802616e+02	3.020619e+02	4.811137e+02	3.259931e+02	
2.944200e+02	3.080468e+02	2.950693e+02	3.299809e+02	
5.935874e+02	2.486505e+02	6.118996e+02	2.363682e+02	
5.206008e+02	6.599939e+01	5.431119e+02	6.080459e+01	
1.909583e+02	3.663525e+02	2.138347e+02	3.642235e+02	
5.520124e+02	2.871717e+02	5.781011e+02	2.881428e+02	
5.270104e+02	1.309067e+02	5.486063e+02	1.261953e+02	
5.074309e+02	2.230417e+02	5.092170e+02	2.479465e+02	
3.397047e+02	3.547644e+02	3.608231e+02	3.528416e+02	
3.583006e+02	1.760628e+02	3.591554e+02	2.000689e+02	
4.507044e+02	1.178532e+02	4.517973e+02	1.398732e+02	
1	1.349591e+02	2.357212e+01	1.328584e+02	
5.246909e+02	9.838223e+01	5.453631e+02	9.443235e+01	
4.308377e+02	2.826615e+02	4.570029e+02	2.836354e+02	
2.970027e+02	3.182107e+02	3.179324e+02	3.175659e+02	
5.230540e+02	6.869122e+01	5.446206e+02	6.251775e+01	
5.252434e+02	9.208557e+01	5.461300e+02	8.606150e+01	
2.774645e+02	1.160055e+02	2.775219e+02	1.319781e+02	
2.240000e+02	3.090595e+02	2.480080e+02	3.054115e+02	
5.809218e+02	1.002524e+02	6.002491e+02	1.125644e+02	
2.966375e+02	2.174432e+02	3.251717e+02	2.107984e+02	
4.939771e+02	3.331160e+02	5.191900e+02	3.315307e+02	
4.298619e+02	2.706470e+02	4.549186e+02	2.718306e+02	
4.669939e+02	1.598260e+02	4.848700e+02	1.652229e+02	
5.319069e+02	1.901179e+02	5.337544e+02	2.191304e+02	
5.664668e+01	1.846395e+02	7.860992e+01	1.786367e+02	
2.681761e+02	2.859166e+02	2.857600e+02	2.827750e+02	
5.120082e+02	2.745275e+02	5.318898e+02	2.754667e+02	
3.783239e+02	1.721853e+02	3.787111e+02	1.970155e+02	
3.832591e+02	2.890411e+02	3.836588e+02	3.059831e+02	
8.267131e+00	4.301692e+01	7.837059e+00	6.093313e+01	
2.987774e+02	2.560640e+02	2.997028e+02	2.739854e+02	
4.692044e+02	1.096137e+02	4.886934e+02	1.174250e+02	
5.100947e+02	2.497365e+02	5.297492e+02	2.522902e+02	
3.196403e+02	1.841093e+02	3.198174e+02	2.074271e+02	
1.447086e+02	4.680386e+02	1.610409e+02	4.601332e+02	
5.125290e+02	4.178686e+01	5.317474e+02	3.779502e+01	
2.229872e+02	3.204908e+02	2.417717e+02	3.199122e+02	
4.770399e+02	2.881011e+02	4.951309e+02	2.887020e+02	
1	1.538882e+02	1.704876e+01	1.567623e+02	
1.519596e+00	6.700282e+01	1.457607e+00	9.799692e+01	
9.613681e+01	1.690875e+02	1.172926e+02	1.718792e+02	
2.654863e+02	1.003311e+02	2.659356e+02	1.258715e+02	
6.225734e+02	1.796297e+02	640	1.866549e+02	
3.310807e+02	3.604398e+02	3.550223e+02	3.580183e+02	
1.910860e+02	3.858951e+02	2.098500e+02	3.838456e+02	
5.206656e+02	2.319691e+02	5.214723e+02	2.489068e+02	
5.580815e+02	2.708295e+02	5.751877e+02	2.720840e+02	
4.840495e+02	2.538751e+02	4.736787e+02	2.647865e+02	
4.750884e+02	8.152793e+01	4.889673e+02	9.801913e+01	
2.750190e+02	2.768618e+02	2.950202e+02	2.776062e+02	
2.551429e+02	4.616206e+02	2.717239e+02	4.577943e+02	
5.330470e+02	3.504083e+02	5.525174e+02	3.476884e+02	
4.770171e+02	2.843803e+02	4.958322e+02	2.850806e+02	
5.409808e+02	3.337781e+02	5.629123e+02	3.317371e+02	
2.578571e+02	3.678455e+02	2.761024e+02	3.660002e+02	
2.175862e+02	3.456701e+02	2.305588e+02	3.347257e+02	
1	2.299761e+02	1.891566e+01	2.312899e+02	
2.810019e+02	3.410329e+02	2.980585e+02	3.399946e+02	
2.438155e+02	3.475038e+02	2.610321e+02	3.337853e+02	
3.851170e+02	3.617456e+02	4.010533e+02	3.600694e+02	
3.471043e+02	3.079961e+02	3.476333e+02	3.220608e+02	
5.088731e+02	2.222423e+02	5.272999e+02	2.256564e+02	
3.140309e+02	3.678148e+02	3.298967e+02	3.661460e+02	
6.388702e+02	2.309885e+02	6.396336e+02	2.551446e+02	
5.028169e+02	4.686509e+01	5.039039e+02	6.202150e+01	
5.060042e+02	3.236603e+02	5.229385e+02	3.228333e+02	
4.355899e+02	1.014844e+02	4.506445e+02	1.073444e+02	
1	1.667853e+02	1.804089e+01	1.695214e+02	
4.751587e+02	7.180282e+01	4.846094e+02	8.593023e+01	
3.139696e+02	2.509836e+02	3.132321e+02	2.740242e+02	
5.291867e+02	3.435975e+02	5.538683e+02	3.410513e+02	
5.879592e+02	1.453363e+02	6.043659e+02	1.512732e+02	
1	3.564740e+02	1.613628e+01	3.555526e+02	
5.299003e+02	3.547098e+02	5.507232e+02	3.518858e+02	
5.673379e+02	1.943734e+02	5.829085e+02	1.989049e+02	
1	2.959079e+02	1.598206e+01	2.944229e+02	
4.940666e+02	3.025020e+01	5.096862e+02	2.509489e+01	
5.782076e+02	4.093662e+02	5.921107e+02	4.058931e+02	
4.731244e+02	3.550887e+02	4.898106e+02	3.532662e+02	
3.893223e+02	3.000017e+02	3.894210e+02	3.130019e+02	
3.849149e+02	3.549950e+02	4.008941e+02	3.533789e+02	
5.855664e+02	1.484635e+02	6.011208e+02	1.541979e+02	
3.638976e+02	2.970350e+02	3.768927e+02	2.970766e+02	
3.658143e+02	3.184920e+02	3.788970e+02	3.180890e+02	
5.911725e+02	1.620447e+02	6.054785e+02	1.676133e+02	
1	3.483222e+02	1.602231e+01	3.475886e+02	
6.250373e+01	1.770144e+02	7.768994e+01	1.724363e+02	
5.903991e+02	1.533761e+02	6.051136e+02	1.598276e+02	
1.546413e+02	2.098160e+02	1.539762e+02	2.231063e+02	
4.608286e+02	7.831928e+01	4.726554e+02	7.128134e+01	
2.609847e+02	1.009892e+02	2.593720e+02	1.269670e+02	
5.894050e+02	1.371623e+02	6.032996e+02	1.434877e+02	
5.872839e+02	1.126279e+02	6.014424e+02	1.203480e+02	
5.887299e+02	1.891167e+02	6.030067e+02	1.939623e+02	
5.671494e+02	2.859339e+02	5.792432e+02	2.863840e+02	
2.929616e+02	3.311522e+02	3.076547e+02	3.354282e+02	
4.842441e+02	3.589630e+02	4.978701e+02	3.570873e+02	
3.810432e+02	2.698787e+02	3.968574e+02	2.710384e+02	
2.232109e+02	2.380181e+02	2.235315e+02	2.516073e+02	
4.995895e+02	1.137004e+02	5.005354e+02	1.268899e+02	
6.245147e+02	2.643488e+02	640	2.593064e+02	
5.922262e+02	1.945920e+02	6.061348e+02	1.987607e+02	
4.875443e+02	1.300280e+02	4.882933e+02	1.510610e+02	
3.391539e+02	3.632012e+02	3.590883e+02	3.611448e+02	
3.140677e+02	3.220535e+02	3.144594e+02	3.330549e+02	
1	3.469781e+02	1.400504e+01	3.460559e+02	
1	2.706434e+02	1.373799e+01	2.734544e+02	
5.889301e+02	1.810727e+02	6.017748e+02	1.861317e+02	
3.805027e+02	1.722297e+02	3.808953e+02	1.888699e+02	
5.330594e+02	1.681679e+02	5.509043e+02	1.641250e+02	
1	2.425497e+02	1.496063e+01	2.392986e+02	
3.228174e+02	3.209965e+02	3.234171e+02	3.330786e+02	
1.605331e+02	9.207672e+01	1.599855e+02	1.030202e+02	
3.812248e+01	8.752976e+01	5.071765e+01	9.081574e+01	
5.919727e+02	2.167827e+01	5.848309e+02	3.202830e+01	
5.933923e+02	1.859956e+02	6.060823e+02	1.909059e+02	
6.200929e+02	3.052054e+02	6.309986e+02	3.051967e+02	
5.200118e+02	1.921267e+02	5.270609e+02	2.079287e+02	
5.160213e+02	2.309878e+02	5.170989e+02	2.460130e+02	
2.678132e+02	9.261638e+01	2.799652e+02	9.009229e+01	
5.531038e+02	2.293896e+02	5.709758e+02	2.317481e+02	
5.891907e+02	1.296056e+02	6.022626e+02	1.355881e+02	
3.627086e+01	3.219480e+02	5.300417e+01	3.214995e+02	
5.580092e+02	2.559619e+02	5.756694e+02	2.582565e+02	
2.409334e+02	2.520107e+02	2.516583e+02	2.446609e+02	
1	2.368031e+02	1.291969e+01	2.336220e+02	
5.883130e+02	1.648924e+02	6.009597e+02	1.694974e+02	
5.484013e+02	2.943530e+02	5.496861e+02	3.108788e+02	
4.220989e+02	1.153642e+02	4.346643e+02	1.203133e+02	
5.914225e+02	1.695133e+02	6.055345e+02	1.750389e+02	
4.402673e+02	1.729493e+02	4.532106e+02	1.828544e+02	
3.630735e+02	3.294243e+02	3.758804e+02	3.284389e+02	
5.885125e+02	1.734999e+02	6.019133e+02	1.780781e+02	
5.259521e+02	1.389399e+02	5.430338e+02	1.353205e+02	
1.943127e+02	2.034886e+02	2.057023e+02	2.010038e+02	
1	3.736192e+02	1.392882e+01	3.723899e+02	
6.049552e+02	1.048260e+02	6.160649e+02	1.022622e+02	
2.931455e+02	2.649906e+02	2.934416e+02	2.749932e+02	
2.538977e+02	2.364881e+02	2.657875e+02	2.352135e+02	
6.683172e+01	1.133756e+02	7.644709e+01	1.182987e+02	
4.510669e+02	1.839355e+02	4.561300e+02	1.944817e+02	
5.909008e+02	1.984582e+02	6.029464e+02	2.018595e+02	
3.014628e+02	2.010472e+02	3.008379e+02	2.111140e+02	
5.930855e+02	2.212118e+02	6.056614e+02	2.175302e+02	
5.580577e+02	1.568125e+02	5.718719e+02	1.572990e+02	
5.547069e+02	1.832668e+02	5.555539e+02	1.950771e+02	
3.847277e+02	2.950113e+02	3.940267e+02	2.950783e+02	
5.540972e+02	2.722575e+02	5.669182e+02	2.731204e+02	
2.977061e+02	1.960877e+02	2.984175e+02	2.110239e+02	
6.267761e+02	5.672181e+01	640	5.313598e+01	
6.284306e+02	7.892961e+01	640	7.599028e+01	
3.989831e+02	3.273185e+02	4.111280e+02	3.337840e+02	
4.827519e+02	1.840669e+02	4.934178e+02	1.938294e+02	
5.782453e+02	2.889536e+02	5.787624e+02	2.989665e+02	
3.108337e+01	2.629801e+02	4.185381e+01	2.619125e+02	
5.662559e+02	2.600446e+02	5.664821e+02	2.688835e+02	
5.602566e+02	3.224313e+02	5.689399e+02	3.219027e+02	
5.724394e+02	1.991634e+02	5.745334e+02	2.097326e+02	
5.767102e+02	2.592253e+02	5.772129e+02	2.689599e+02	
4.686586e+02	1.371294e+02	4.692004e+02	1.472300e+02	
3.422927e+02	1.800642e+02	3.426542e+02	1.896741e+02	
2.063916e+02	3.791365e+02	2.159037e+02	3.781360e+02	
5.711458e+02	2.563108e+02	5.830670e+02	2.544993e+02	
4.901105e+02	2.941309e+02	4.906145e+02	3.028729e+02	
2.650963e+02	2.803465e+02	2.740823e+02	2.791827e+02	
5.709621e+02	3.451117e+02	5.799646e+02	3.438541e+02	
5.623057e+01	3.307378e+02	6.699770e+01	3.303846e+02	
6.316751e+01	1.023170e+02	7.217779e+01	1.032138e+02	
4.184407e+02	2.686676e+01	4.271652e+02	3.169209e+01	
3.101107e+01	2.924632e+02	4.201377e+01	2.925425e+02	
4.933785e+02	1.520447e+02	4.937526e+02	1.610349e+02	
2.672291e+02	1.162607e+02	2.760983e+02	1.187077e+02	
1	1.154459e+02	8.514363e+00	1.194463e+02	
5.371103e+02	1.842720e+01	5.452677e+02	1.381279e+01	
1.784867e+02	3.638731e+02	1.779555e+02	3.710382e+02	
3.590432e+02	1.743053e+02	3.676771e+02	1.724759e+02	
5.425578e+02	3.454008e+01	5.500988e+02	4.005224e+01	
6.070537e+00	3.421738e+02	1.492859e+01	3.408279e+02	
4.759635e+02	2.310392e+02	4.767524e+02	2.390970e+02	
3.547277e+02	2.039155e+02	3.675631e+02	2.009265e+02	
5.391303e+02	1.609729e+02	5.513989e+02	1.581159e+02	
5.399121e+02	1.745771e+02	5.530660e+02	1.724166e+02	
1.020080e+02	9.967932e+01	1.128988e+02	9.988849e+01	
4.538009e+02	1.835867e+02	4.573253e+02	1.908164e+02	
5.833218e+01	2.733046e+01	6.494220e+01	3.102093e+01	
5.265873e+02	2.320971e+02	5.273035e+02	2.441012e+02	
4.444890e+02	7.436427e+01	4.518729e+02	7.205752e+01	
3.783622e+02	1.702119e+02	3.861128e+02	1.685697e+02	
5.790367e+02	3.200937e+02	5.869896e+02	3.197053e+02	
3.505658e+01	1.383934e+02	4.403399e+01	1.387095e+02	
3.637579e+02	2.654026e+02	3.702505e+02	2.687268e+02	
4.918815e+02	1.160739e+02	4.922560e+02	1.250726e+02	
2.446660e+02	3.638559e+02	2.439807e+02	3.748963e+02	
1.441151e+01	6.143551e+01	2.211775e+01	6.346248e+01	
5.419044e+02	1.823263e+02	5.520775e+02	1.806971e+02	
3.458125e+02	2.524021e+02	3.529683e+02	2.515625e+02	
4.123523e+02	3.262561e+02	4.126401e+02	3.331723e+02	
2.363426e+02	2.381416e+02	2.371544e+02	2.488604e+02	
4.726036e+02	8.699623e+01	4.729246e+02	9.601117e+01	
3.958220e+02	1.992601e+02	4.048119e+02	1.972234e+02	
4.913199e+02	2.360598e+02	4.915686e+02	2.430459e+02	
3.511861e+02	4.660776e+02	3.582731e+02	4.643072e+02	
5.468987e+02	2.750267e+02	5.475147e+02	2.829497e+02	
4.907975e+02	1.940489e+02	4.935999e+02	2.002312e+02	
4.307933e+02	2.776373e+02	4.375372e+02	2.766126e+02	
1.774366e+02	1.451902e+02	1.838299e+02	1.437149e+02	
4.479900e+02	2.759654e+02	4.558100e+02	2.761939e+02	
2.202854e+02	1.140405e+02	2.204260e+02	1.200014e+02	
5.771595e+02	2.307131e+02	5.834958e+02	2.295811e+02	
6.252296e+02	3.001928e+02	6.307590e+02	3.000556e+02	
4.309435e+02	2.751424e+02	4.379293e+02	2.746330e+02	
2.750395e+02	1.920421e+02	2.809037e+02	1.918966e+02	