22.9971 269.113 9.99724 269.156
585.121 349.827 23.0692 317.905
172.562 468.416 0.905151 415.307
9.75276 291.996 10.0854 269.986
42.9593 365.665 25.9671 367.729
20.4125 294.937 23.0717 270.008
85.9198 0.865477 62.7958 14.6577
50.9694 369.719 26.0472 372.433
43.9908 325.615 0.991482 326.644
172.014 326 171.973 177
637.964 425.3 76.1243 354.035
37.999 199.001 38.0001 317
593.886 348.6 573.777 1.00864
172.59 109.003 173.18 2.00099
176.731 175.617 81.2279 194.173
342.078 382.271 637.995 414.039
43.9306 25.56 1.07467 51.1252
470.221 310.992 469.182 281.028
483.252 318.993 482.316 284.991
37.0933 197.444 1.96231 204.821
77.1722 346.957 72.8734 329.781
67.9891 327.791 2.01165 331.224
464.941 0.802606 441.921 7.73783
84.1492 342.706 10.9398 348.22
335.002 381.982 79.0363 349.712
252.263 329.002 251.775 172.001
462.479 343.987 453.977 31.9734
24.0105 343.34 3.99878 343.961
187.997 0.999521 188 326
23.9748 338.373 2.0102 339.254
64.1355 14.0039 58.7752 188.996
39.766 143.018 42.6409 18.9917
638.003 368.96 338.957 348.629
475.696 344.015 474.733 324.013
83.297 436.979 77.762 356.947
54.8265 317.903 60.2451 141.01
61.9714 347.677 49.9767 348.736
190.885 327 191.244 1.99918
39.158 143.473 1.06544 156.196
377.014 193.912 252.067 174.569
208.002 330 207.999 1.00003
251.001 97.0041 251 0
169.995 112.982 82.8413 139.478
337 380 337 350
478.443 342.018 477.722 320.009
71.0335 330.526 1.9948 334.918
340.057 379 339.872 354.001
365.466 338.994 363.805 219.003
393.951 17.1031 360.014 0.969734
230.544 1.01194 233.244 329.996
379.999 175.999 380 263.999
359.97 478.471 170.036 466.431
377.733 141.079 251.784 109.871
333.056 348.302 74.0338 327.577
81.7315 192.992 83.3916 138.981
229.997 1.00048 230 330
571.252 293.016 572.275 277.018
267.984 17.96 253.011 24.0268
360.996 196.027 252.946 180.37
571.02 274.822 539.092 271.194
568.053 284.949 558.668 275.347
532.882 217.776 459.066 206.566
21.6008 145.99 24.246 42.0085
98.3523 320.003 99.2559 224.002
531.005 305.148 491.98 306.384
458.964 419.491 407.946 415.732
48.997 0.986045 49.0002 315.999
558.03 275.711 543.088 274.156
566.999 311.879 536 312.02
378.426 139.994 376.744 25.0037
36.0194 209.112 1.03387 215.195
46.4108 274.988 51.9845 1.97928
611.97 443.219 415.952 416.349
535 462 535 434
638.073 15.2826 575.856 31.4438
375.004 22.9903 323.538 -0.193378
117.602 1.27701 83.4854 20.0655
163 112 163 20
628.204 0.942731 635.097 148.993
529.975 179.099 458.961 161.156
390.989 47.0819 394.718 2.05949
467.194 142.993 465.942 109.002
169.004 184.022 104.002 196.012
624.018 394 623.899 373.001
395.086 413.469 298.861 398.918
454.165 19.6877 436.735 10.5026
514.976 218.168 459.952 210.339
47.0041 266 46.8113 315.999
415.92 414.508 342.009 402.95
247.959 478.697 188.93 475.182
41.2512 15.4008 1.99858 39.9977
160.519 77.0281 161.233 13.0137
5.54875 59.009 3.7591 151.996
638.432 245.988 636.152 162.996
521.005 303.149 489.042 304.23
534 309 534 275
248.119 388.268 412.992 414.05
394.978 466 394.904 429
517.916 0.709882 452.231 19.7936
530.431 95.0714 457.006 60.9861
575.924 110.153 539.855 92.2932
628.068 96.3854 589.046 103.261
636.872 161.032 584.018 168.141
250.837 170.026 210.069 163.563
243.109 166.346 211.001 160.994
205.962 163.795 174.906 169.49
30.9999 219.001 1.02307 217.53
621.818 412.005 620.78 372.006
216.99 391.692 131.21 372.953
625 442 625 429
637.001 13.0034 576.873 28.506
574.952 106.095 455.05 46.8973
638.021 92.1175 582.96 101.775
137.254 111.029 136.446 90.0213
104.972 133 104.975 55
133.965 120 134.012 35
274.343 111.016 273.873 92.0031
19.0952 150.003 20.2725 114.009
107.176 128.002 108.293 46.004
637.991 267.465 584.989 268.34
537.23 449.998 537.101 433.007
130.999 53.996 131 122.998
74.0254 364.934 70.6916 414.115
112.018 368.886 74.8307 363.086
206.6 385.082 136.012 371.957
397 466 397 434
81.7511 135.996 83.5982 20.9935
2.00011 146 1.99989 123
525.018 428.853 494.983 425.14
208.92 465.979 208.114 429.997
602.035 439.773 577.989 436.071
433.444 3.31395 401.983 13.9506
250.658 69.9985 317.718 48.1589
634.285 84.9877 633.25 60.9892
636.879 163.992 585.007 171.042
636.993 264.69 586.997 265.858
248 272.041 176 272.033
39.0095 274 94 274
224.956 12.1111 212.003 6.99182
240.046 19.8728 210.897 9.28375
283.976 92.9999 284.205 1.00051
452.114 73.7552 433.885 65.2474
431.071 68.0053 436.236 239.993
250.082 98.6899 207.164 87.3762
433.971 188.763 379.914 195.292
159.992 222.621 98.9769 223.87
561.584 263.981 560.832 241.005
83.7213 318.989 85.1406 283.006
209.509 412.036 208.045 391.997
632.311 41.9805 629.685 0.0196991
437.853 185.739 386.96 191.656
436.236 239.993 434.764 191.007
544.358 261.017 543.842 242.004
461.013 274 363.987 274
437.92 340.002 436.296 273.993
518.577 298.016 519.166 277.005
459.029 338.244 440.057 340.485
635.008 347.852 585.932 345.307
289 414 289 398
417.965 68.8598 400.082 73.3286
19.986 90.9985 21.1991 80.022
318.346 122.999 318.024 13.0029
370.782 136.005 369.592 87.0099
638.134 158.993 635.866 122.009
533.508 215.983 532.432 182.986
163.01 209.888 100.057 204.357
386.016 270 456 270
81.249 317.009 82.4747 283.98
459.061 335.81 424.033 338.44
284.945 397.376 254.02 392.866
427.979 7.93628 406.01 15.0317
433.795 67.2131 388.03 79.1143
575.046 84.2458 545.936 89.6548
285.887 102.004 286.094 59.0005
533.592 177.018 529.937 96.0028
434.968 131.794 414.982 134.884
456.011 189.942 437.101 186.454
94.998 276.549 62.9986 276.691
320.302 45.0112 321.139 96.9978
343 100.013 321.991 99.7729
308.302 103.904 306.517 116.934
437.821 128.916 388.837 137.013
528.968 245.01 529.231 220.002
380.001 332.995 380 228.006
437.996 338.071 383.994 335.111
627.984 350.257 605.011 348.826
144.236 416.998 144.036 396
252.948 448.887 241.957 453.906
431.098 47.9984 430.664 22.0056
31.6841 65.0269 32.3159 48.9731
79.9492 79.2161 65.0672 75.7143
169.16 106.996 168.456 75.012
80.8687 138.159 61.9975 136.022
570.065 6.24475 540.07 14.2619
557.9 6.64635 453.994 35.9788
361.927 98.9751 360.853 59.0039
321.743 161.014 320.012 130.055
146.797 51.9907 148.499 14.977
