
1	9.811692e+01	4.681629e+02	1.731258e+02	
1.209960e+02	1.044067e+02	5.048833e+02	1.755338e+02	
1	3.880927e+02	3.507227e+02	2.879841e+02	
1	9.093951e+01	4.281105e+02	1.639058e+02	
1.218862e+02	1.220110e+02	4.671603e+02	1.746192e+02	
1.590101e+02	7.076421e+01	4.950721e+02	3.813267e+01	
1.454992e+02	6.501456e+01	4.786940e+02	3.131553e+01	
1.470061e+02	5.512575e+01	4.591422e+02	2.103186e+01	
2.318151e+02	480	4.453167e+02	3.374207e+02	
1	4.780510e+02	2.297550e+02	3.832715e+02	
2.897447e+02	480	4.622414e+02	3.453499e+02	
5.590434e+02	3.050296e+02	4.055825e+02	480	
1	4.256712e+02	2.218551e+02	480	
5.753533e+02	3.055218e+02	4.580243e+02	480	
3.457267e+02	480	5.382193e+02	3.011069e+02	
5.459291e+02	3.150750e+02	4.024418e+02	480	
1.083050e+02	4.164893e+02	3.395229e+02	4.631678e+02	
2.364968e+02	480	4.331246e+02	3.486892e+02	
3.249223e+02	1.138910e+02	5.469563e+02	1.034931e+02	
3.329213e+02	1.163195e+02	5.489159e+02	1.062044e+02	
5.760050e+02	3.081205e+02	4.614193e+02	480	
6.305529e+02	2.848830e+02	6.014629e+02	480	
2.934775e+02	480	4.599505e+02	3.505869e+02	
1.246349e+02	1.286897e+02	3.441113e+02	1.598882e+02	
4.115759e+01	4.012273e+02	2.258982e+02	4.377545e+02	
5.654918e+01	480	2.304917e+02	3.996369e+02	
1.312998e+02	1.270425e+02	2.930596e+02	1.506971e+02	
5.375688e+01	4.172507e+02	2.618120e+02	3.448698e+02	
2.152008e+02	1.570029e+02	2.154400e+02	3.072438e+02	
1	4.283487e+02	1.657959e+02	4.688873e+02	
1.221027e+02	1.373910e+02	3.075449e+02	1.596017e+02	
1.220235e+02	1.427869e+02	2.998437e+02	1.622830e+02	
1.012794e+02	1.100999e+02	2.608560e+02	1.373615e+02	
1.441190e+01	4.500109e+02	2.060531e+02	3.772641e+02	
1.302728e+02	3.310820e+02	3.022105e+02	2.899531e+02	
1.423759e+02	9.515428e+01	2.992223e+02	1.287823e+02	
5.708781e+02	1	6.237239e+02	1.477769e+02	
1	1.556022e+02	1.490428e+02	1.661613e+02	
1	4.582255e+02	1.364296e+02	4.065064e+02	
4.133953e+02	1.384122e+02	5.772266e+02	1.346768e+02	
5.391835e+01	4.585068e+02	1.945519e+02	4.002385e+02	
1	1.373320e+02	1.501151e+02	1.521735e+02	
4.238445e+02	4.406835e+02	5.699153e+02	4.641370e+02	
4.939867e+02	1.713326e+02	6.088636e+02	1.710114e+02	
6.152451e+01	480	1.906466e+02	4.212818e+02	
3.731103e+02	4.482916e+02	5.151110e+02	4.743080e+02	
3.090753e+02	1.609647e+02	3.080035e+02	2.949333e+02	
3.619031e+01	1.626310e+02	1.501145e+02	1.702987e+02	
2.635020e+02	1.689475e+02	2.617362e+02	2.950703e+02	
3.138862e+02	1.579945e+02	3.125972e+02	2.868883e+02	
6.398466e+02	2.342029e+02	6.347462e+02	3.683592e+02	
7.614293e+01	1.725010e+02	1.989948e+02	1.721575e+02	
1.835759e+02	3.253024e+02	2.997671e+02	2.962771e+02	
1.202514e+01	4.119136e+02	1.323486e+02	4.394785e+02	
2.998872e+02	1.640216e+02	3.008193e+02	2.867758e+02	
2.223904e+01	2.409947e+02	2.634094e+01	3.630558e+02	
7.057969e+00	2.499929e+02	1.133910e+01	3.580658e+02	
1	4.477476e+02	1.216549e+02	480	
1.525630e+02	2.208207e+02	1.566220e+02	3.348110e+02	
5.268461e+02	8.164505e+01	640	7.566538e+01	
1	6.484312e+01	1.123106e+02	8.870825e+01	
4.189403e+02	1.318268e+02	5.301610e+02	1.288458e+02	
1.174117e+02	480	2.337017e+02	4.187474e+02	
3.307967e+02	1.066872e+02	4.451632e+02	1.008728e+02	
3.155513e+02	3.100292e+02	3.155513e+02	4.054507e+02	
3.010064e+02	7.503640e+01	4.102214e+02	6.663256e+01	
1.011857e+01	2.487850e+02	1.382248e+01	3.659857e+02	
5.820088e+01	3.659268e+02	1.701928e+02	3.348361e+02	
3.295270e+02	1.739973e+02	3.284968e+02	2.770062e+02	
1.155242e+01	2.410838e+02	1.621547e+01	3.650671e+02	
4.518484e+02	1.347348e+02	5.429417e+02	1.326578e+02	
3.994264e+02	1.481012e+02	3.978783e+02	2.340994e+02	
3.049261e+02	1.640574e+02	3.046643e+02	2.949397e+02	
3.209104e+02	3.557771e+02	4.179753e+02	3.128030e+02	
1	3.709110e+02	1.043600e+02	3.450911e+02	
1.604415e+02	1.990115e+02	1.613816e+02	2.970155e+02	
2.552422e+02	1.830028e+02	2.553823e+02	2.709422e+02	
1	1.639626e+02	1.020142e+02	1.699500e+02	
3.906670e+02	1.723374e+02	3.893560e+02	2.659770e+02	
1.631088e+02	1.735713e+02	2.989601e+02	1.816236e+02	
1.128971e+02	2.239850e+02	1.176033e+02	3.271379e+02	
1	7.511350e+01	9.221300e+01	9.069607e+01	
1.245941e+01	2.060366e+02	1.541066e+01	2.938578e+02	
3.322832e+02	1.739408e+02	3.310465e+02	2.769964e+02	
1.351490e+02	2.218774e+02	1.401600e+02	3.270876e+02	
5.358757e+02	3.109603e+02	6.321473e+02	3.205422e+02	
2.072533e+02	1.900028e+02	2.073819e+02	2.707265e+02	
1	1.035919e+02	9.782303e+01	1.183445e+02	
3.960566e+02	1.731187e+02	3.947022e+02	2.698570e+02	
1.948574e+02	4.712115e+02	2.742677e+02	4.237405e+02	
3.736304e+02	1.781536e+02	3.716730e+02	2.760111e+02	
3.272471e+02	1.860028e+02	3.273729e+02	2.649662e+02	
3.381952e+02	1.710886e+02	3.373320e+02	2.789867e+02	
9.707704e+01	4.294177e+02	1.749159e+02	4.474137e+02	
5.540938e+02	7.042564e+01	640	6.502394e+01	
9.210715e+01	1	1.702680e+02	2.928350e+01	
2.227566e+02	2.203418e+02	2.211431e+02	3.010028e+02	
5.156692e+02	1.608021e+02	6.000213e+02	1.598914e+02	
2.959930e+02	1.892517e+02	2.943378e+02	2.719970e+02	
4.610091e+02	1.512514e+02	5.470605e+02	1.516992e+02	
1	4.072051e+02	7.581613e+01	4.245023e+02	
1	1.295179e+02	7.472720e+01	1.376013e+02	
3.868967e+02	1.649746e+02	3.849354e+02	2.630245e+02	
4.011890e+02	1.506441e+02	4.760831e+02	1.667015e+02	
1.823314e+02	1.870201e+02	1.835315e+02	2.639761e+02	
1	9.296848e+01	7.301705e+01	1.052717e+02	
3.671029e+02	4.656737e+02	4.395601e+02	480	
1.961513e+02	1.918527e+02	1.961513e+02	2.618478e+02	
2.241234e+02	1.595395e+02	2.994192e+02	1.670338e+02	
5.550647e+02	3.414105e+02	6.318707e+02	3.490550e+02	
1	1.228863e+02	7.576865e+01	1.318415e+02	
7.904383e+01	3.808269e+02	1.475169e+02	3.600355e+02	
3.163207e+02	1.324482e+02	3.890448e+02	1.480404e+02	
6.080215e+02	2.280263e+02	6.045638e+02	3.000053e+02	
1.410661e+02	4.057780e+02	2.111289e+02	4.186144e+02	
4.914637e+01	1.440104e+02	4.945982e+01	2.000561e+02	
2.335461e+02	3.540031e+02	2.334318e+02	4.111558e+02	
1.560496e+02	1.790270e+02	1.567016e+02	2.469976e+02	
2.666603e+02	1.969347e+02	2.664983e+02	2.779017e+02	
2.607445e+02	2.230430e+02	2.599752e+02	2.779883e+02	
5.750392e+02	7.324604e+01	640	6.811674e+01	
1.757177e+02	480	2.330455e+02	4.454177e+02	
5.802631e+02	1	5.997953e+02	6.607516e+01	
2.229229e+02	2.950955e+02	2.986264e+02	2.785799e+02	
5.750904e+02	1	5.968795e+02	6.469788e+01	
3.850071e+02	2.000531e+02	3.834730e+02	2.639633e+02	
2.275120e+02	1.810464e+02	2.270177e+02	2.428352e+02	
2.291954e+02	2.869964e+02	2.928445e+02	2.740413e+02	
5.843075e+02	1	6.021544e+02	6.508855e+01	
5.377932e+02	2.049899e+02	5.323774e+02	2.678093e+02	
4.948422e+02	1	5.342028e+02	5.435475e+01	
3.155513e+02	1.560653e+02	3.155513e+02	2.610583e+02	
5.661249e+02	4.498304e+02	6.298620e+02	4.607190e+02	
1.308914e+02	2.401633e+02	1.338506e+02	3.080025e+02	
3.024479e+02	1.670056e+02	3.026742e+02	2.300117e+02	
8.298607e+01	1.499797e+02	1.450063e+02	1.556519e+02	
8.289611e+01	1.576478e+02	1.451190e+02	1.624612e+02	
3.612527e+02	3.160157e+02	3.604132e+02	3.759778e+02	
5.542616e+02	1.837966e+02	6.219811e+02	1.827945e+02	
4.601986e+01	3.552608e+02	1.087349e+02	3.399934e+02	
3.667740e+02	2.009099e+02	3.655110e+02	2.640523e+02	
4.067700e+02	3.266507e+02	4.709478e+02	3.330383e+02	
5.179470e+02	4.053782e+02	5.790629e+02	4.144402e+02	
2.001538e+02	2.089085e+02	2.021081e+02	2.707456e+02	
4.856311e+02	4.591471e+02	5.467453e+02	4.703440e+02	
2.381623e+02	4.262857e+02	2.946507e+02	4.365184e+02	
4.100138e+02	4.574161e+02	4.644493e+02	4.672769e+02	
4.358028e+01	3.518196e+02	1.039966e+02	3.373675e+02	
5.171461e+02	4.158955e+02	5.820342e+02	4.261810e+02	
3.827156e+02	1.909579e+02	3.823674e+02	2.489902e+02	
1	1.674334e+02	6.393612e+01	1.707850e+02	
1.202618e+02	9.292868e+01	1.205023e+02	1.359301e+02	
2.885296e+02	3.591196e+02	2.870484e+02	4.120058e+02	
3.668338e+02	3.608944e+02	4.144539e+02	3.330700e+02	
2.971630e+02	4.212024e+02	3.489571e+02	4.307989e+02	
3.628652e+02	2.008440e+02	3.619949e+02	2.630104e+02	
3.198650e+02	3.122946e+02	3.193954e+02	3.709872e+02	
3.644933e+02	3.149272e+02	3.632920e+02	3.749831e+02	
3.765598e+02	1.899602e+02	3.778153e+02	2.540306e+02	
5.949597e+02	1.519485e+02	640	1.521828e+02	
4.263219e+02	4.259468e+02	4.799356e+02	4.351060e+02	
2.369997e+02	3.610874e+02	2.374029e+02	4.031177e+02	
4.212222e+02	2.908012e+02	4.196548e+02	3.430320e+02	
3.311285e+02	3.573978e+02	3.755485e+02	3.371979e+02	
1.632200e+02	3.004250e+02	2.126663e+02	2.903607e+02	
3.684409e+02	3.729558e+02	4.136515e+02	3.451874e+02	
3.926337e+02	1.810275e+02	3.924498e+02	2.270010e+02	
3.650766e+02	3.694554e+02	4.151252e+02	3.395366e+02	
5.088007e+02	2.269673e+02	5.086749e+02	2.898481e+02	
4.101940e+01	3.118774e+02	9.213530e+01	3.158316e+02	
6.062826e+02	7.991298e+01	6.256066e+02	1.493053e+02	
1.631308e+02	1.671661e+02	2.120219e+02	1.706532e+02	
4.110850e+02	2.603855e+02	4.613775e+02	2.499393e+02	
2.362816e+02	4.134630e+02	2.870229e+02	4.227594e+02	
2.932076e+02	1.920913e+02	2.917600e+02	2.437802e+02	
1.639294e+02	1.535484e+02	2.121643e+02	1.583493e+02	
4.015199e+02	1.720918e+02	4.004213e+02	2.220206e+02	
3.662664e+02	3.290924e+02	4.159107e+02	3.085234e+02	
1.579573e+02	4.453452e+02	2.057843e+02	4.563018e+02	
4.195922e+02	2.879215e+02	4.192016e+02	3.269820e+02	
1.110969e+02	3.832109e+02	1.618105e+02	3.665851e+02	
1.023745e+02	2.650807e+02	1.047569e+02	3.130792e+02	
5.899960e+02	1.272421e+02	640	1.259018e+02	
2.663203e+02	3.669082e+02	2.662461e+02	4.039965e+02	
3.170073e+02	1.469543e+02	3.548704e+02	1.534227e+02	
4.889940e+02	3.509500e+02	5.226363e+02	3.196845e+02	
1	3.950811e+02	3.780848e+01	3.823581e+02	
9.300760e+01	1.113072e+02	1.329773e+02	1.081512e+02	
6.142095e+02	2.409139e+02	6.082454e+02	2.887647e+02	
3.860744e+02	2.803353e+02	4.390501e+02	2.857150e+02	
2.607709e+02	3.640149e+02	2.601812e+02	4.061325e+02	
5.699778e+02	1.320414e+02	6.150184e+02	1.310144e+02	
2.411999e+02	3.557183e+02	2.889352e+02	3.612421e+02	
5.873233e+02	2.280547e+02	5.853039e+02	2.719219e+02	
5.543433e+02	8.165591e+01	5.805127e+02	1.171295e+02	
1.670748e+02	2.310197e+02	1.645610e+02	2.758635e+02	
3.671241e+02	3.263557e+02	4.072692e+02	3.097225e+02	
6.010081e+02	4.408185e+02	640	4.475600e+02	
1	1.424815e+02	4.348226e+01	1.463668e+02	
4.626455e+01	7.701621e+01	8.273418e+01	8.621989e+01	
1.660312e+02	1.640790e+02	2.087143e+02	1.673808e+02	
1.659204e+02	1.575647e+02	2.087254e+02	1.614795e+02	
1	1.513126e+02	4.387515e+01	1.546293e+02	
4.402985e+02	2.870163e+02	4.406819e+02	3.269785e+02	
6.021128e+02	7.999679e+01	6.170425e+02	1.236420e+02	
1.407986e+02	1.008733e+02	1.788799e+02	1.104837e+02	
4.179141e+02	6.810736e+01	4.559568e+02	9.097359e+01	
3.201418e+02	3.113785e+02	3.599795e+02	3.148613e+02	
2.183584e+02	3.422872e+02	2.538241e+02	3.315183e+02	
3.230758e+02	2.863573e+02	3.668814e+02	2.882511e+02	
2.412211e+02	4.113610e+02	2.847520e+02	4.183504e+02	
2.391061e+02	3.595363e+02	2.809941e+02	3.649787e+02	
2.712039e+02	3.660303e+02	2.697996e+02	4.050231e+02	
3.349264e+02	2.370272e+02	3.344084e+02	2.801883e+02	
5.087241e+02	4.248629e+02	5.475383e+02	4.315738e+02	
1.680342e+02	3.108692e+02	2.074031e+02	3.026919e+02	
2.419354e+02	4.043163e+02	2.819937e+02	4.098472e+02	
4.540486e+02	2.091413e+02	4.518959e+02	2.489680e+02	
3.786704e+01	3.129825e+02	8.191798e+01	3.188852e+02	
2.701882e+02	3.441129e+02	3.087868e+02	3.492850e+02	
4.460882e+02	2.699690e+02	4.900910e+02	2.722241e+02	
3.526435e+02	3.593107e+02	3.843199e+02	3.424639e+02	
5.427182e+02	1.553433e+02	5.799557e+02	1.528523e+02	
3.279970e+02	2.970243e+02	3.632199e+02	2.995365e+02	
1.661633e+02	3.074783e+02	2.047609e+02	2.990578e+02	
5.048260e+02	2.649749e+02	5.044159e+02	3.059842e+02	
3.209592e+02	3.335328e+02	3.598333e+02	3.365400e+02	
3.202279e+02	3.017898e+02	3.590797e+02	3.033137e+02	
3.201469e+02	3.648538e+02	3.598190e+02	3.694445e+02	
3.357672e+02	1.669665e+02	3.353350e+02	2.029800e+02	
4.190437e+02	6.621809e+01	4.498799e+02	8.492104e+01	
3.405534e+02	2.509954e+02	3.404174e+02	2.849937e+02	
1.550926e+02	1.557876e+02	1.532475e+02	1.899223e+02	
3.013981e+02	3.630122e+02	3.016710e+02	3.989426e+02	
4.498609e+02	2.032626e+02	4.487281e+02	2.410108e+02	
3.440347e+02	7.858891e+01	3.780358e+02	7.930997e+01	
3.707709e+02	4.608207e+02	3.935536e+02	4.396476e+02	
5.953102e+02	2.770066e+02	5.950100e+02	3.070197e+02	
3.761148e+02	2.764763e+02	4.200783e+02	2.797888e+02	
3.045282e+02	3.630031e+02	3.044722e+02	3.909969e+02	
3.210359e+02	3.048315e+02	3.568277e+02	3.079606e+02	
1.968477e+01	2.550954e+02	2.115060e+01	2.940696e+02	
3.206026e+02	3.244170e+02	3.568983e+02	3.117900e+02	
3.223014e+02	3.579567e+02	3.591464e+02	3.628938e+02	
2.555337e+02	3.660088e+02	2.555908e+02	4.018413e+02	
3.201956e+02	1.611169e+02	3.599488e+02	1.658782e+02	
1.461743e+02	9.991466e+01	1.779838e+02	1.053489e+02	
3.335903e+02	2.100039e+02	3.340371e+02	2.428749e+02	
3.230972e+02	3.265338e+02	3.589823e+02	3.309775e+02	
1	3.855326e+02	2.716450e+01	3.797697e+02	
1.669944e+02	3.430465e+02	1.962375e+02	3.464897e+02	
2.250142e+02	1.629692e+02	2.569545e+02	1.658904e+02	
3.457656e+02	2.468609e+02	3.443219e+02	2.829328e+02	
3.586972e+02	1.940247e+02	3.604439e+02	2.340679e+02	
4.668977e+02	2.690599e+02	4.680562e+02	3.110348e+02	
4.653534e+02	2.131080e+02	4.664280e+02	2.520434e+02	
5.929574e+02	1.860342e+02	5.947214e+02	2.201945e+02	
2.393056e+02	3.690138e+02	2.419904e+02	4.018450e+02	
2.241326e+02	1.720872e+02	2.570569e+02	1.719951e+02	
6.080250e+02	1.509746e+02	640	1.488356e+02	
1.434293e+02	1.750025e+02	1.434741e+02	2.031147e+02	
5.958002e+02	2.410868e+02	5.974008e+02	2.720826e+02	
1.027975e+00	2.033741e+02	5.197020e+01	2.042505e+02	
5.480696e+02	1.859558e+02	5.802041e+02	1.911154e+02	
2.933999e+02	3.188855e+02	2.928776e+02	3.449978e+02	
3.879782e+02	2.797770e+02	4.170511e+02	2.819675e+02	
5.721047e+01	3.076649e+02	8.894758e+01	3.104395e+02	
2.331760e+02	2.578431e+01	2.648486e+02	2.996387e+01	
9.196246e+01	1.046267e+02	1.198757e+02	1.031516e+02	
2.401231e+02	3.154223e+02	2.709651e+02	3.068601e+02	
6.558175e+01	2.250801e+02	9.817313e+01	2.334438e+02	
1.716976e+02	2.178493e+02	1.717583e+02	2.559685e+02	
1.003963e+02	3.636398e+02	1.298422e+02	3.571541e+02	
4.920370e+02	4.388481e+02	5.211500e+02	4.428678e+02	
1.112798e+02	3.930814e+01	1.384708e+02	5.427599e+01	
1.251439e+02	2.543064e+02	1.520763e+02	2.508183e+02	
3.935086e+02	3.696414e+02	4.139786e+02	3.518755e+02	
2.845060e+02	8.740516e+01	3.128617e+02	9.640094e+01	
4.928365e+02	2.561058e+02	4.899883e+02	2.891434e+02	
3.201662e+02	2.995056e+02	3.558993e+02	3.021260e+02	
2.700174e+02	1.747897e+02	2.992019e+02	1.768713e+02	
3.860391e+02	3.295404e+02	4.157258e+02	3.318369e+02	
2.137196e+01	3.729909e+02	4.940864e+01	3.646611e+02	
4.359746e+02	1.897448e+02	4.640942e+02	1.914115e+02	
2.765156e+02	3.690005e+02	2.772212e+02	3.989026e+02	
3.831819e+02	3.042591e+02	4.169990e+02	3.055855e+02	
8.198293e+01	2.924449e+02	1.150423e+02	2.937416e+02	
2.881080e+02	4.222964e+02	3.130730e+02	4.069629e+02	
6.152203e+02	4.371606e+02	640	4.401285e+02	
1.163415e+02	1.191748e+02	1.161986e+02	1.429892e+02	
3.792637e+02	7.152564e+01	4.057124e+02	7.922291e+01	
4.706807e+01	2.744253e+02	7.890563e+01	2.758017e+02	
5.460028e+02	2.546065e+02	5.748767e+02	2.569563e+02	
2.923718e+02	3.702869e+02	2.918981e+02	3.939661e+02	
6.038968e+02	1.859892e+02	6.034070e+02	2.209777e+02	
6.307469e+01	2.396366e+02	9.102625e+01	2.411251e+02	
5.297391e+02	2.549476e+02	5.296072e+02	2.879251e+02	
4.266113e+02	2.910351e+02	4.276057e+02	3.161386e+02	
1.743458e+02	3.053399e+02	1.977028e+02	2.980944e+02	
2.710073e+02	1.671756e+02	2.958359e+02	1.694464e+02	
2.043457e+00	480	2.892357e+01	4.688628e+02	
6.159482e+02	4.169755e+02	640	4.265599e+02	
6.161762e+02	2.431545e+02	640	2.454295e+02	
8.800424e+01	1.277891e+02	1.140692e+02	1.265685e+02	
9.489493e+01	1.771643e+02	9.661145e+01	2.080092e+02	
6.122564e+02	1.694961e+02	640	1.608898e+02	
4.394415e+02	2.613856e+02	4.612207e+02	2.559450e+02	
4.919263e+02	2.502056e+02	5.199389e+02	2.524853e+02	
4.240665e+02	1.960218e+02	4.232884e+02	2.219486e+02	
2.806340e+02	3.678194e+02	2.808859e+02	4.009871e+02	
1.055573e+00	2.190624e+02	2.473447e+01	2.204659e+02	
4.872732e+02	3.917801e+02	5.119126e+02	3.949814e+02	
2.123032e+01	1.139908e+02	4.483258e+01	1.173458e+02	
8.499850e+01	2.609601e+02	1.132306e+02	2.630873e+02	
9.004306e+01	1.979823e+02	9.180775e+01	2.240501e+02	
2.429929e+02	1.597305e+01	2.731941e+02	1.916210e+01	
2.714128e+02	2.882626e+02	2.948251e+02	2.817630e+02	
2.262913e+02	2.987687e+02	2.536048e+02	2.930954e+02	
4.291465e+01	1.741179e+02	4.305348e+01	1.989398e+02	
6.140854e+02	2.553985e+02	640	2.569345e+02	
2.834783e+02	3.850793e+02	2.832132e+02	4.040102e+02	
2.630448e+02	7.588727e+01	2.837901e+02	8.523140e+01	
5.181364e+02	2.402809e+02	5.429981e+02	2.422542e+02	
6.132919e+01	1.799965e+02	6.204628e+01	2.042216e+02	
5.008992e+02	2.659874e+02	4.998880e+02	2.889538e+02	
3.840812e+02	2.958521e+02	4.166317e+02	2.990919e+02	
4.418240e+02	1.778497e+02	4.651743e+02	1.804099e+02	
1.832250e+02	3.393208e+02	2.057799e+02	3.423431e+02	
4.410119e+02	2.648345e+02	4.616819e+02	2.658524e+02	
1.390040e+01	7.290198e+01	3.289989e+01	7.540919e+01	
3.210305e+02	3.181170e+02	3.589584e+02	3.218920e+02	
8.904459e+01	1.249373e+02	1.141058e+02	1.237637e+02	
5.227790e+02	7.533384e+01	5.459167e+02	7.364652e+01	
5.694261e+01	3.766941e+02	7.800803e+01	3.805971e+02	
5.103487e+01	2.407980e+02	7.682397e+01	2.421714e+02	
1.070236e+02	3.291100e+02	1.288226e+02	3.320310e+02	
2.903189e+02	3.581782e+02	3.104260e+02	3.498473e+02	
1	3.770057e+02	2.177691e+01	3.689758e+02	
3.765419e+02	2.350475e+02	3.752680e+02	2.549241e+02	
4.000279e+02	2.398958e+02	3.994543e+02	2.659660e+02	
2.211938e+02	4.581130e+02	2.478951e+02	4.642862e+02	
1	3.948264e+02	2.293630e+01	3.992550e+02	
3.010805e+02	2.210674e+01	3.228663e+02	2.440717e+01	
6.201750e+02	4.565402e+02	640	4.592775e+02	
3.449686e+02	1.843506e+02	3.679590e+02	1.857133e+02	
7.985138e+01	1.432164e+02	1.039498e+02	1.426669e+02	
4.394352e+02	1.970150e+02	4.397498e+02	2.298160e+02	
3.850499e+02	2.890365e+02	4.158601e+02	2.903684e+02	
6.297090e+01	9.365571e+01	8.438625e+01	9.762357e+01	
6.199589e+02	2.515496e+02	640	2.530999e+02	
3.430555e+02	1.904481e+02	3.652789e+02	1.917654e+02	
4.322476e+02	4.024381e+02	4.526320e+02	4.056693e+02	
7.721610e+01	2.800685e+02	7.830416e+01	3.039169e+02	
1.599707e+02	1.499404e+02	1.601439e+02	1.679868e+02	
2.920402e+02	3.598464e+02	3.114745e+02	3.517942e+02	
5.601099e+02	4.191100e+02	5.821693e+02	4.236093e+02	
4.067231e+02	1.970205e+02	4.064296e+02	2.179780e+02	
1.210903e+02	2.410603e+02	1.211961e+02	2.599807e+02	
4.472865e+02	2.890505e+02	4.464439e+02	3.171277e+02	
4.207030e+02	1.768510e+02	4.204414e+02	2.030108e+02	
4.661647e+02	2.611027e+02	4.869837e+02	2.622114e+02	
9.813194e+01	2.353317e+02	9.927960e+01	2.559545e+02	
4.350932e+02	2.612506e+02	4.610727e+02	2.626341e+02	
2.706433e+02	2.895564e+02	2.941286e+02	2.846783e+02	
3.118960e+02	3.570130e+02	3.115060e+02	3.960078e+02	
3.451845e+02	2.761829e+02	3.668529e+02	2.783833e+02	
2.681394e+02	3.317265e+02	2.880499e+02	3.251991e+02	
3.438092e+02	1.998242e+02	3.649487e+02	1.987919e+02	
3.422218e+02	1.669294e+02	3.619453e+02	1.690918e+02	
2.711169e+02	1.719558e+02	2.910121e+02	1.719002e+02	
5.178854e+02	4.104977e+02	5.380627e+02	4.146131e+02	
1	2.165654e+02	2.002420e+01	2.156363e+02	
1	2.381334e+02	2.193127e+01	2.392481e+02	
3.159155e+02	9.279177e+01	3.340187e+02	9.183510e+01	
3.204357e+02	3.091958e+02	3.510122e+02	3.118690e+02	
2.274795e+02	2.735246e+01	2.466559e+02	3.293332e+01	
3.349969e+02	3.219155e+02	3.549800e+02	3.234211e+02	
1.862182e+02	3.119140e+02	2.078641e+02	3.059047e+02	
8.590045e+01	3.827723e+02	1.039208e+02	3.852604e+02	
4.618936e+02	2.151227e+02	4.619301e+02	2.380138e+02	
4.389218e+02	2.662878e+02	4.610004e+02	2.681735e+02	
2.167453e+01	3.080000e+02	2.242259e+01	3.278897e+02	
5.251381e+02	2.442145e+02	5.430519e+02	2.456003e+02	
2.858554e+02	2.152973e+02	2.855113e+02	2.398711e+02	
5.814058e+02	1.521362e+02	5.999064e+02	1.562191e+02	
5.258845e+02	2.479527e+02	5.429790e+02	2.493439e+02	
1	2.192781e+02	1.652655e+01	2.261598e+02	
4.696980e+02	2.862379e+02	4.889541e+02	2.782595e+02	
2.009911e+01	1.917008e+02	4.297577e+01	1.913623e+02	
2.413668e+02	3.540980e+02	2.577132e+02	3.574321e+02	
5.098828e+02	2.723486e+02	5.280405e+02	2.738994e+02	
3.784190e+02	2.848419e+02	3.787724e+02	3.028744e+02	
4.964650e+02	1.153217e+02	5.101054e+02	1.235205e+02	
3.206438e+02	2.149404e+02	3.204431e+02	2.400324e+02	
1.442459e+02	1.404893e+01	1.599578e+02	1.612230e+01	
2.739209e+02	3.216537e+02	2.908228e+02	3.165215e+02	
4.348228e+02	2.041989e+02	4.343604e+02	2.219792e+02	
1.090951e+02	3.426443e+02	1.280539e+02	3.451076e+02	
3.859917e+02	2.836387e+02	4.039643e+02	2.849928e+02	
3.849907e+02	2.981168e+02	3.999090e+02	2.996317e+02	
1.630316e+02	2.061614e+02	1.821934e+02	2.064911e+02	
4.671781e+02	2.571731e+02	4.867458e+02	2.590812e+02	
4.492211e+02	3.068494e+02	4.649156e+02	3.074650e+02	
5.501115e+02	1.839137e+02	5.660538e+02	1.868675e+02	
3.156407e+02	9.957755e+01	3.299271e+02	1.060125e+02	
2.794521e+02	2.121524e+02	2.796017e+02	2.318544e+02	
3.159730e+02	4.403809e+02	3.335598e+02	4.435667e+02	
3.663247e+02	3.164253e+02	3.897856e+02	3.075195e+02	
4.470342e+02	2.818198e+02	4.647603e+02	2.831554e+02	
4.010049e+02	3.993038e+02	4.178033e+02	4.046700e+02	
3.504652e+02	2.659275e+02	3.503586e+02	2.836958e+02	
6.301982e+01	1.738496e+02	8.092054e+01	1.749106e+02	
1.959979e+02	4.009992e+02	2.106305e+02	4.036801e+02	
5.361112e+02	1.372225e+02	5.497395e+02	1.454884e+02	
3.637216e+02	4.350904e+02	3.626451e+02	4.518873e+02	
5.118436e+02	4.483124e+01	5.173918e+02	6.170929e+01	
6.232773e+02	1.941634e+02	640	1.891950e+02	
1	2.363309e+02	1.801170e+01	2.372368e+02	
5.790273e+02	2.483832e+02	5.949788e+02	2.496172e+02	
1.368320e+02	4.079300e+02	1.529167e+02	4.108437e+02	
2.250261e+02	1.686427e+02	2.410134e+02	1.698794e+02	
2.749636e+02	3.494462e+02	2.908251e+02	3.527806e+02	
3.182587e+02	4.074856e+02	3.330755e+02	4.100169e+02	
5.998538e+02	3.980559e+02	5.991402e+02	4.129107e+02	
4.040154e+02	1.878505e+02	4.189969e+02	1.887385e+02	
1.079572e+02	3.866991e+02	1.220133e+02	3.821221e+02	
1.282245e+02	7.538750e+01	1.229036e+02	9.389167e+01	
1.760057e+02	1.236680e+02	1.949649e+02	1.227801e+02	
4.979727e+02	1.140905e+02	5.107753e+02	1.218556e+02	
1.974114e+02	3.271910e+02	2.120881e+02	3.221180e+02	
2.758985e+02	2.481864e+02	2.915072e+02	2.440876e+02	
4.775417e+02	3.059460e+02	4.901464e+02	2.982041e+02	
9.879900e+01	1.930416e+02	9.948510e+01	2.068650e+02	
4.128265e+02	8.767046e+01	4.250586e+02	8.702405e+01	
4.405211e+02	2.784083e+02	4.567077e+02	2.731376e+02	
4.501547e+02	3.121515e+02	4.658671e+02	3.139379e+02	
3.897522e+02	8.579972e+01	3.797715e+02	9.617539e+01	
4.493008e+02	3.023435e+02	4.639958e+02	3.038061e+02	
1.967843e+02	2.969478e+02	2.129697e+02	2.975827e+02	
4.031140e+02	1.736056e+02	4.199641e+02	1.754530e+02	
1.669737e+02	1.856437e+02	1.809683e+02	1.865294e+02	
3.549378e+02	2.835480e+02	3.690725e+02	2.796240e+02	
4.680182e+02	2.551176e+02	4.861111e+02	2.562990e+02	
3.690540e+02	8.206076e+01	3.879862e+02	8.087032e+01	
5.887945e+02	1.960944e+02	5.881507e+02	2.100787e+02	
3.341183e+02	3.718810e+02	3.559037e+02	3.747116e+02	
4.230538e+02	3.834362e+02	4.378372e+02	3.853570e+02	
2.295995e+02	3.351818e+02	2.437799e+02	3.320584e+02	
3.977284e+02	8.724646e+01	4.108586e+02	8.620970e+01	
3.453314e+02	1.770943e+02	3.599037e+02	1.755616e+02	
3.408134e+02	1.859958e+02	3.407174e+02	2.100052e+02	
3.682565e+02	8.483071e+01	3.782374e+02	9.559637e+01	
2.279549e+02	1.795196e+02	2.440167e+02	1.803750e+02	
3.353992e+02	8.903832e+01	3.477235e+02	9.349806e+01	
4.930203e+02	3.848580e+02	5.059605e+02	3.863554e+02	
7.179989e+01	1.082216e+02	8.487371e+01	1.072682e+02	
4.186111e+02	3.860293e+02	4.184718e+02	3.999589e+02	
5.913691e+02	1.318458e+02	5.987978e+02	1.419156e+02	
1.501860e+02	1.540646e+02	1.505472e+02	1.642070e+02	
1.067971e+02	3.266507e+02	1.198108e+02	3.293050e+02	
3.188148e+02	1.828004e+02	3.312432e+02	1.835371e+02	
1.030404e+02	1.454884e+02	1.149593e+02	1.452167e+02	
4.354145e+01	2.861915e+02	4.364480e+01	3.046713e+02	
5.556403e+02	1.228558e+02	5.681142e+02	1.264861e+02	
1.711807e+01	2.132873e+02	3.220988e+01	2.147590e+02	
6.029984e+02	2.501580e+02	6.027764e+02	2.660160e+02	
6.230230e+02	1.287716e+02	640	1.287241e+02	
1.477389e+02	4.038084e+02	1.581556e+02	3.976096e+02	
5.349661e+02	4.041042e+02	5.470115e+02	4.066364e+02	
7.118989e+01	1.479852e+02	7.164969e+01	1.580631e+02	
3.667402e+02	3.486731e+02	3.798999e+02	3.417416e+02	
2.770519e+02	2.510317e+02	2.869901e+02	2.515610e+02	
1.433031e+02	3.149696e+02	1.545306e+02	3.114868e+02	
3.947996e+02	4.051205e+02	3.945321e+02	4.199805e+02	
3.479221e+02	1.929773e+02	3.473217e+02	2.079784e+02	
3.641604e+02	4.127196e+02	3.739179e+02	4.069395e+02	
6.935112e+01	2.300872e+02	8.145187e+01	2.332959e+02	
3.291786e+02	3.909151e+02	3.416848e+02	3.834389e+02	
3.732394e+02	4.325582e+02	3.879694e+02	4.349233e+02	
5.752659e+02	1.469808e+02	5.902231e+02	1.489545e+02	
6.291045e+02	1.890368e+02	640	1.876257e+02	
5.820543e+02	1.743791e+02	5.948216e+02	1.765603e+02	
1.393693e+02	2.336334e+02	1.500446e+02	2.302044e+02	
4.224454e+02	3.398667e+02	4.320832e+02	3.437072e+02	
3.969169e+02	3.356750e+02	4.089743e+02	3.371681e+02	
4.770808e+02	2.653492e+02	4.881894e+02	2.659185e+02	
4.493792e+02	3.235719e+02	4.596895e+02	3.262178e+02	
3.849689e+02	2.912351e+02	3.949460e+02	2.916664e+02	
5.248955e+02	2.501120e+02	5.348355e+02	2.507011e+02	
3.633941e+02	1.630745e+02	3.632414e+02	1.739754e+02	
4.499541e+02	2.848926e+02	4.492978e+02	2.970343e+02	
2.722856e+02	1.897379e+02	2.725283e+02	2.000251e+02	
8.203058e+01	2.990949e+02	9.346017e+01	2.960936e+02	
1.408592e+02	2.836469e+02	1.507792e+02	2.810420e+02	
2.033461e+01	3.738986e+02	2.991202e+01	3.756533e+02	
1.978108e+02	4.189761e+02	2.075482e+02	4.207400e+02	
3.216205e+02	1.197998e+02	3.147910e+02	1.276497e+02	
5.868636e+02	3.591962e+02	5.969289e+02	3.604426e+02	
1.006791e+00	2.348269e+02	1.092509e+01	2.352159e+02	
4.715388e+02	1.809876e+02	4.712391e+02	1.909729e+02	
2.615428e+02	1.660216e+02	2.614314e+02	1.739780e+02	
1.040933e+02	2.516999e+02	1.130026e+02	2.526047e+02	
3.939300e+02	3.250134e+02	3.936928e+02	3.419558e+02	
1.418588e+02	3.044872e+02	1.506077e+02	3.010050e+02	
1	3.690122e+02	7.882429e+00	3.649723e+02	
7.208902e+01	2.349564e+02	8.288597e+01	2.358786e+02	
3.670850e+02	3.082461e+02	3.769236e+02	3.048233e+02	
2.521292e+02	7.946983e+01	2.607153e+02	8.136464e+01	
2.910509e+02	4.104267e+02	3.011726e+02	4.043210e+02	
4.511374e+02	2.981210e+02	4.604708e+02	2.939887e+02	
4.771085e+02	2.439832e+02	4.859830e+02	2.447054e+02	
5.010514e+02	1.605408e+02	5.107964e+02	1.622057e+02	
1.238549e+02	8.289657e+01	1.211080e+02	9.076183e+01	
1.048610e+02	2.728952e+02	1.129526e+02	2.738151e+02	
5.379054e+02	2.335729e+02	5.468144e+02	2.314418e+02	
3.821894e+02	3.360763e+02	3.909974e+02	3.368463e+02	
3.009909e+01	3.582572e+02	3.808033e+01	3.596207e+02	
4.739842e+02	2.533788e+02	4.830064e+02	2.537327e+02	
3.828458e+02	2.900919e+02	3.825397e+02	3.028432e+02	
4.720804e+02	1.232855e+02	4.667078e+02	1.286732e+02	
1.067854e+02	3.140917e+02	1.138805e+02	3.155832e+02	
3.137110e+02	3.870881e+02	3.135501e+02	3.960279e+02	
1.030778e+02	2.312884e+02	1.110448e+02	2.318086e+02	
4.259707e+02	1.813482e+02	4.341214e+02	1.820936e+02	
7.496537e+01	1.908889e+02	8.307365e+01	1.907689e+02	
5.061606e+02	1.594887e+02	5.122465e+02	1.570663e+02	
4.699406e+02	2.927064e+02	4.779631e+02	2.930532e+02	
7.916213e+01	2.193373e+02	8.690097e+01	2.200919e+02	
5.135972e+02	1.428326e+02	5.093137e+02	1.480437e+02	
8.828312e+00	2.079581e+02	9.027919e+00	2.142742e+02	
3.402724e+02	4.217476e+02	3.472015e+02	4.207655e+02	
6.031242e+02	2.674414e+02	5.996200e+02	2.726978e+02	
1.012805e+02	2.430385e+02	1.016328e+02	2.501354e+02	
8.499817e+01	2.545419e+02	9.113814e+01	2.550046e+02	
1	2.412307e+02	6.889821e+00	2.418289e+02	
3.411760e+02	2.392224e+02	3.500213e+02	2.397466e+02	