
3.722552e+02	1	3.698601e+02	4.001687e+02	
4.698525e+02	1	4.690827e+02	3.859055e+02	
2.982074e+02	4.737995e+02	640	4.169578e+02	
2.767721e+02	480	640	4.195936e+02	
1.862109e+02	4.303124e+02	5.546887e+02	3.743222e+02	
4.163540e+02	1	4.151860e+02	2.929927e+02	
5.499031e+02	6.399905e+01	5.486708e+02	3.720662e+02	
3.067518e+02	4.093664e+02	5.946606e+02	3.656187e+02	
2.707008e+02	1.930913e+02	2.690638e+02	4.659282e+02	
3.269478e+02	2.256468e+02	5.760822e+02	2.334233e+02	
5.170866e+02	8.507645e+01	5.174289e+02	3.000245e+02	
3.063472e+02	1.521278e+02	3.048303e+02	4.049560e+02	
3.662369e+02	1.600356e+02	3.628765e+02	4.000475e+02	
2.195503e+02	1	2.169076e+02	2.212203e+02	
4.838461e+02	1.361847e+02	4.823892e+02	3.789903e+02	
3.229440e+02	1.778221e+02	5.751111e+02	1.973291e+02	
2.809788e+02	4.607369e+02	5.058050e+02	4.261144e+02	
2.289510e+02	1	2.262991e+02	2.219796e+02	
1.494073e+02	2.706031e+01	1.454676e+02	2.240187e+02	
3.890555e+02	1	3.877047e+02	2.261312e+02	
5.601527e+02	1	5.604247e+02	1.717718e+02	
1.552825e+02	1.702769e+01	1.521951e+02	2.099711e+02	
4.501340e+02	480	640	4.244159e+02	
1.863499e+02	4.347418e+02	3.890439e+02	4.039425e+02	
2.763826e+02	2.030123e+02	2.779176e+02	4.051709e+02	
2.622531e+02	1	2.597357e+02	1.808044e+02	
3.901570e+02	1.674224e+02	5.468727e+02	1.830204e+02	
3.792191e+02	5.298044e+01	5.553329e+02	9.147691e+01	
3.902268e+02	1.214488e+02	5.448485e+02	1.440595e+02	
6.166702e+01	4.280139e+01	5.869290e+01	2.080128e+02	
3.909648e+02	1.040485e+02	5.479858e+02	1.299049e+02	
3.790028e+02	1.167793e+02	5.552594e+02	1.432743e+02	
1.070616e+02	3.610031e+01	1.032270e+02	1.958450e+02	
1.817476e+02	1	1.795496e+02	1.841571e+02	
1.366392e+02	3.208331e+01	1.341130e+02	1.899603e+02	
3.889546e+02	2.516406e+02	5.761346e+02	2.529891e+02	
1.114346e+02	4.505257e+01	1.083922e+02	2.140548e+02	
4.551115e+01	1.109698e+02	4.485122e+01	2.759504e+02	
5.291727e+02	9.000656e+01	5.296761e+02	2.301191e+02	
7.914759e+01	8.292938e+01	7.651806e+01	2.289984e+02	
2.457740e+01	1.190337e+02	2.253255e+01	2.650849e+02	
1.945334e+02	2.519396e+02	1.924468e+02	4.009783e+02	
8.193998e+01	2.052513e+02	2.151429e+02	1.789706e+02	
3.875434e+02	2.530093e+02	3.866738e+02	3.979418e+02	
3.190948e+02	4.773251e+02	4.707413e+02	4.514819e+02	
1.248251e+02	4.490044e+01	1.226954e+02	1.970102e+02	
3.291711e+02	480	4.675736e+02	4.589698e+02	
2.753513e+02	2.639971e+02	2.753513e+02	3.739815e+02	
4.115833e+02	480	5.485451e+02	4.413865e+02	
7.653349e+01	7.698161e+01	7.354204e+01	2.129347e+02	
8.254526e+01	7.502473e+01	8.049648e+01	2.030624e+02	
1.689930e+02	5.899125e+01	1.665082e+02	1.970236e+02	
3.271812e+02	2.228527e+02	4.441883e+02	2.265050e+02	
3.900165e+02	2.965284e+02	5.149919e+02	2.914270e+02	
3.910869e+02	9.006618e+01	5.119103e+02	1.122026e+02	
5.877513e+02	1.760522e+02	5.877513e+02	3.561525e+02	
1.567472e+02	2.521673e+02	1.562239e+02	3.829929e+02	
2.942866e+02	1.622029e+02	2.934764e+02	2.972314e+02	
3.908678e+02	1.651327e+02	5.079124e+02	1.765458e+02	
7.221372e+01	8.596914e+01	6.955277e+01	2.189989e+02	
8.845419e+01	7.410719e+01	8.604019e+01	1.947914e+02	
3.926718e+01	1.108957e+02	3.802242e+01	2.664873e+02	
6.364684e+01	5.602386e+01	6.122682e+01	2.072622e+02	
7.012206e+01	8.024273e+01	6.682426e+01	2.070525e+02	
5.231298e+01	8.097094e+01	5.049130e+01	2.110825e+02	
4.328970e+02	6.764700e+01	5.439726e+02	9.146174e+01	
2.824670e+01	1.238830e+02	2.600096e+01	2.361550e+02	
4.329047e+02	1.888547e+02	5.448796e+02	1.970664e+02	
9.371186e+01	6.705473e+01	9.182022e+01	2.021631e+02	
4.809187e+02	4.497474e+02	6.059772e+02	4.284352e+02	
4.332164e+02	4.940112e+00	5.471363e+02	3.760006e+01	
1.569554e+02	1.116484e+02	2.489603e+02	6.779399e+01	
4.659814e+02	1.906397e+01	4.661311e+02	1.130664e+02	
5.460245e+01	8.888195e+01	5.290433e+01	2.101689e+02	
1.302283e+02	9.001930e+01	1.283192e+02	1.960676e+02	
3.250838e+02	1.849662e+02	3.242103e+02	2.941468e+02	
1.591034e+02	4.107628e+02	2.639867e+02	3.948258e+02	
3.900228e+02	3.293004e+02	5.078925e+02	3.195188e+02	
4.313268e+02	1.892374e+02	4.307050e+02	2.928671e+02	
1.740735e+02	5.911036e+01	1.745650e+02	1.469853e+02	
5.401742e+02	480	640	4.569635e+02	
6.697732e+01	2.317298e+02	1.848753e+02	2.224206e+02	
3.584430e+02	5.783836e+01	3.585914e+02	1.510007e+02	
9.054641e+01	7.403712e+01	8.831585e+01	1.669596e+02	
5.420858e+02	4.193827e+02	640	3.971995e+02	
7.401173e+01	2.493719e+02	1.844268e+02	2.501673e+02	
1.773088e+02	4.419788e+02	2.668282e+02	4.670630e+02	
8.403457e+01	6.407838e+01	1.561268e+02	1.001975e+00	
2.508528e+02	1.259897e+02	2.497124e+02	2.210112e+02	
1.433854e+01	1.340896e+02	1.331980e+01	2.189798e+02	
2.112968e+01	1.280105e+02	2.033785e+01	2.269867e+02	
5.604681e+02	1.990024e+02	5.606052e+02	2.850863e+02	
5.503759e+02	4.557065e+02	640	4.292739e+02	
2.052934e+02	3.899663e+01	2.042258e+02	1.279572e+02	
3.260432e+02	2.958378e+02	4.140025e+02	2.927759e+02	
1.974154e+02	4.609911e+01	1.962130e+02	1.319750e+02	
1.710188e+02	4.100157e+02	2.630616e+02	3.979077e+02	
5.772648e+02	2.000175e+02	5.767547e+02	2.850318e+02	
2.520622e+02	2.520578e+01	2.510660e+02	1.082188e+02	
2.825149e+02	3.002204e+02	2.836147e+02	3.950810e+02	
5.720031e+01	5.888038e+01	5.575820e+01	1.490046e+02	
3.890041e+02	4.213728e+02	4.779518e+02	4.180984e+02	
5.429892e+02	3.914517e+02	6.308259e+02	3.855758e+02	
4.329650e+02	2.549578e+02	5.080496e+02	2.554987e+02	
2.800033e+02	2.508558e+02	3.652087e+02	2.514696e+02	
5.466930e+02	4.299785e+01	5.455179e+02	1.269338e+02	
2.734035e+02	2.759904e+02	2.730313e+02	3.380262e+02	
1.833455e+02	5.101324e+01	2.513202e+02	8.321081e+00	
2.037850e+02	1.929264e+02	2.918714e+02	1.788198e+02	
1.637526e+01	1.310411e+02	1.534034e+01	2.172804e+02	
3.909832e+02	4.097194e+01	4.639366e+02	5.814615e+01	
5.609336e+02	1.725161e+02	640	1.649983e+02	
1.175242e+01	1.350143e+02	1.058976e+01	2.180566e+02	
4.171636e+01	1.951781e+02	4.226277e+01	2.671420e+02	
5.169527e+02	1.000027e+00	5.170610e+02	6.899036e+01	
5.087772e+01	2.751622e+02	1.159505e+02	2.852104e+02	
1.131930e+02	5.297818e+01	1.685092e+02	8.720187e+00	
5.636823e+02	3.756613e+02	640	3.950837e+02	
8.627352e+01	2.520402e+02	8.439896e+01	3.301317e+02	
6.000347e+00	1.359790e+02	4.499295e+00	2.110216e+02	
5.702611e+02	480	640	4.630227e+02	
1.545932e+02	4.161475e+02	2.104878e+02	4.541580e+02	
3.929222e+02	1.520816e+02	4.634502e+02	1.611017e+02	
5.890449e+01	8.719329e+01	5.816304e+01	1.489780e+02	
3.259935e+02	7.125426e+01	3.253789e+02	1.480749e+02	
4.840148e+02	6.287283e+01	5.479954e+02	7.793473e+01	
1.901665e+02	4.358683e+02	2.492913e+02	480	
5.157588e+02	3.570231e+02	5.162738e+02	4.248486e+02	
1.126332e+02	9.542480e+01	1.671584e+02	6.117973e+01	
2.576602e+02	3.290445e+02	2.567525e+02	3.938764e+02	
8.500959e+00	1.409738e+02	6.918874e+00	2.200675e+02	
5.288529e+02	1	5.291075e+02	7.185422e+01	
4.844575e+02	6.516805e+00	5.468305e+02	2.575663e+01	
3.942657e+02	2.820856e+02	4.570707e+02	2.806536e+02	
1.026904e+02	6.409556e+01	1.015402e+02	1.279880e+02	
4.304935e+02	3.281318e+02	4.301403e+02	3.869888e+02	
6.252940e+02	1.900130e+02	6.258421e+02	2.621998e+02	
2.134005e+02	3.389566e+02	2.131791e+02	3.943195e+02	
5.110839e+02	3.652330e+02	5.117519e+02	4.228472e+02	
3.975978e+02	480	4.538935e+02	4.646137e+02	
1.860292e+02	4.277102e+02	2.467691e+02	4.184807e+02	
2.658746e+02	3.280758e+02	2.650648e+02	3.859096e+02	
3.070004e+01	1.740288e+02	2.959871e+01	2.352074e+02	
1.846135e+02	3.407264e+02	1.842997e+02	3.930172e+02	
2.848115e+02	4.553220e+02	3.501538e+02	4.491092e+02	
3.238185e+02	3.431199e+02	3.233316e+02	4.039867e+02	
1.825976e+02	1.476413e+02	2.492598e+02	1.259345e+02	
4.084195e+02	3.340278e+02	4.094206e+02	3.909256e+02	
1.013021e+02	1.412133e+02	1.003164e+02	1.959697e+02	
5.765686e+02	3.160400e+02	5.762809e+02	3.639897e+02	
1.970125e+02	2.502579e+02	2.580276e+02	2.506975e+02	
2.943234e+00	2.520738e+02	3.479865e+00	3.080140e+02	
1	1.367287e+02	4.396838e+01	9.913392e+01	
1.486998e+02	2.540224e+02	1.480121e+02	3.031410e+02	
3.046330e+02	1.813187e+02	2.788990e+02	2.421853e+02	
2.324111e+02	3.451007e+02	2.319324e+02	3.929740e+02	
1.046990e+02	2.531005e+02	1.038859e+02	3.039137e+02	
4.975426e+02	2.560031e+02	4.974286e+02	3.129969e+02	
1.851523e+02	2.509151e+02	1.848350e+02	3.038112e+02	
5.490679e+02	1	5.484480e+02	6.298775e+01	
1	3.574543e+02	5.487830e+01	3.663263e+02	
1	3.729614e+02	6.908812e+01	3.675852e+02	
2.012057e+00	1.550049e+02	2.683306e+00	2.249782e+02	
2.052545e+02	1.295505e+02	2.502318e+02	1.089885e+02	
2.589205e+02	2.390299e+02	2.581792e+02	2.919748e+02	
3.265555e+02	1	3.261334e+02	5.376598e+01	
1.720191e+02	4.162681e+02	2.218440e+02	4.129350e+02	
5.919320e+02	4.208314e+02	640	4.163580e+02	
3.199393e+01	1.021538e+02	3.102518e+01	1.559673e+02	
4.664894e+02	3.380234e+02	4.665627e+02	3.840499e+02	
4.150412e+02	3.291921e+02	4.147900e+02	3.920043e+02	
4.301142e+02	3.977018e+02	4.850688e+02	3.893515e+02	
9.157004e+01	2.200319e+02	9.088458e+01	2.689900e+02	
9.548303e+01	3.058726e+02	9.490702e+01	3.538717e+02	
2.545683e+02	3.470984e+02	2.543927e+02	3.909936e+02	
5.260874e+02	3.180089e+02	5.829181e+02	3.132928e+02	
3.070791e+02	1.473829e+02	3.628937e+02	1.535024e+02	
4.866908e+01	1.870222e+02	4.776765e+01	2.370962e+02	
1.991179e+02	3.306066e+02	2.590069e+02	3.259983e+02	
4.440487e+02	3.410237e+02	4.454696e+02	3.859851e+02	
2.237266e+02	4.589925e+02	2.709521e+02	4.717176e+02	
4.131540e+02	1	4.129855e+02	4.312314e+01	
3.419513e+02	2.339096e+02	3.419513e+02	2.931689e+02	
3.583525e+02	1	3.584165e+02	4.116531e+01	
4.973847e+02	3.349377e+02	4.972946e+02	3.799966e+02	
3.241171e+02	4.166649e+02	3.699794e+02	4.386610e+02	
4.939175e+02	3.371122e+02	4.954110e+02	3.790566e+02	
5.310497e+02	2.907716e+02	5.739693e+02	2.890196e+02	
1.395725e+02	3.320129e+02	1.389460e+02	3.842204e+02	
9.418140e+01	2.320630e+02	1.380628e+02	2.298320e+02	
4.002557e+02	1	4.000271e+02	3.910085e+01	
8.892003e+01	2.521580e+02	8.823710e+01	3.009354e+02	
5.868605e+02	4.140891e+02	640	4.121329e+02	
1.676325e+02	2.320998e+02	1.683175e+02	2.760262e+02	
5.940170e+02	3.164777e+02	640	3.193879e+02	
5.889158e+02	1.905176e+02	640	1.864840e+02	
6.100911e+02	2.789832e+02	6.095718e+02	3.309178e+02	
1.802437e+02	3.429910e+02	1.796668e+02	3.910669e+02	
1.721103e+02	3.310368e+02	1.717281e+02	3.788129e+02	
1.776561e+02	3.419458e+02	1.770919e+02	3.889624e+02	
2.384355e+02	3.449606e+02	2.378610e+02	3.859936e+02	
4.323954e+02	1.114073e+01	4.321683e+02	4.898901e+01	
4.661644e+02	1.340029e+02	4.662250e+02	1.720028e+02	
1.660621e+02	3.480969e+02	1.665236e+02	3.879036e+02	
4.478663e+02	4.118176e+02	4.940307e+02	4.054628e+02	
5.840977e+02	1.131649e+02	6.291323e+02	1.155632e+02	
8.082664e+01	3.007866e+02	8.008547e+01	3.419584e+02	
4.625768e+02	3.388843e+02	4.624885e+02	3.829931e+02	
4.841823e+02	8.015428e+01	4.839550e+02	1.180284e+02	
4.118219e+02	3.340044e+02	4.115828e+02	3.937867e+02	
1.364108e+02	3.048530e+01	1.718270e+02	1.563575e+00	
4.494673e+02	7.300244e+01	4.495247e+02	1.090869e+02	
1.831592e+02	8.818917e+01	2.174467e+02	7.065154e+01	
4.475744e+02	3.400572e+02	4.474826e+02	3.859416e+02	
6.010216e+02	1.249695e+02	640	1.261081e+02	
5.940284e+02	3.261360e+02	640	3.225061e+02	
1	8.211267e+01	4.387550e+01	8.439596e+01	
6.921568e+01	3.580874e+02	1.016034e+02	3.801123e+02	
2.524625e+02	3.430086e+02	2.527085e+02	3.869982e+02	
1.830828e+02	4.059641e+01	2.170754e+02	1.838400e+01	
1.953877e+01	1.360443e+02	1.907864e+01	1.689086e+02	
1.639161e+02	3.410095e+02	1.631968e+02	3.809675e+02	
9.019827e+01	3.180086e+02	8.951321e+01	3.669383e+02	
2.141878e+02	1.421381e+02	2.140521e+02	1.760710e+02	
1	2.488459e+02	4.102467e+01	2.491342e+02	
1.655172e+02	2.520696e+02	1.648364e+02	2.898861e+02	
3.258445e+02	6.979122e+01	3.661541e+02	5.242476e+01	
1.386588e+02	7.552234e+01	1.737622e+02	5.308171e+01	
4.316930e+02	1.282038e+02	4.314411e+02	1.701915e+02	
1.209866e+02	3.190571e+02	1.203146e+02	3.670540e+02	
1.755894e+02	3.301513e+02	1.758395e+02	3.748841e+02	
3.589131e+02	3.529895e+02	3.589799e+02	3.949387e+02	
2.305430e+02	1.350185e+02	2.301354e+02	1.689776e+02	
4.845126e+02	2.510690e+01	4.843033e+02	5.998982e+01	
4.663619e+02	2.580026e+02	4.664133e+02	2.902294e+02	
1.405325e+02	2.520184e+02	1.401145e+02	2.868478e+02	
3.590062e+01	1.960286e+02	3.532731e+01	2.369766e+02	
1.515040e+02	2.531596e+02	1.509783e+02	2.860182e+02	
2.678624e+02	1.860930e+02	2.673040e+02	2.259763e+02	
3.628294e+02	2.581047e+02	3.621099e+02	2.940733e+02	
3.260131e+02	2.541873e+02	3.589448e+02	2.544245e+02	
1.238783e+02	3.268130e+02	1.233298e+02	3.659928e+02	
5.736588e+02	3.251141e+02	5.734989e+02	3.650918e+02	
4.107856e+01	1.111767e+02	4.138091e+01	1.509985e+02	
2.220171e+02	2.223373e+01	2.552326e+02	1	
3.419513e+02	3.500411e+02	3.419513e+02	3.982320e+02	
1.172644e+02	3.944525e+02	1.539308e+02	4.007165e+02	
2.788984e+02	4.091183e+02	3.198914e+02	4.063761e+02	
5.477365e+02	1.341371e+02	5.473780e+02	1.699838e+02	
4.662584e+02	1.930028e+02	4.663094e+02	2.250201e+02	
2.352561e+02	3.449884e+02	2.345184e+02	3.859666e+02	
2.144000e+02	8.909243e+01	2.142678e+02	1.221478e+02	
6.039457e+02	2.133097e+02	640	2.121991e+02	
1.860025e+01	2.030768e+02	1.815361e+01	2.349773e+02	
1.331838e+02	2.480284e+02	1.325714e+02	2.862971e+02	
4.680047e+02	480	5.050303e+02	4.690801e+02	
2.160266e+02	2.925555e+02	2.579505e+02	2.952087e+02	
2.170557e+02	2.222167e+02	2.541518e+02	2.233746e+02	
1.689309e+02	4.723872e+02	2.030920e+02	4.709243e+02	
1.394046e+02	3.217772e+01	1.389719e+02	6.307951e+01	
4.361721e+02	3.987685e+02	4.763222e+02	4.098460e+02	
1.134792e+02	2.521280e+02	1.127108e+02	2.841417e+02	
2.669369e+02	2.521990e+02	2.663940e+02	2.909775e+02	
6.799092e+01	2.216528e+02	1.021178e+02	2.185457e+02	
5.457673e+02	3.310490e+02	5.453579e+02	3.719836e+02	
4.320479e+02	6.905689e+01	4.318149e+02	1.078950e+02	
4.123977e+02	1.900659e+02	4.122580e+02	2.249930e+02	
1.843478e+02	1	1.840144e+02	2.878412e+01	
1.532549e+02	4.116610e+02	1.853397e+02	4.309460e+02	
1.004724e+02	6.331611e+01	9.994029e+01	8.991797e+01	
3.260374e+02	2.991400e+02	3.620273e+02	2.976709e+02	
3.264164e+02	5.589359e+01	3.577089e+02	4.181414e+01	
5.918681e+02	3.378226e+02	6.298991e+02	3.332062e+02	
6.108201e+02	2.352659e+02	6.117976e+02	2.706817e+02	
1.189481e+02	2.520282e+02	1.192446e+02	2.829334e+02	
6.030362e+02	3.008286e+02	640	3.029454e+02	
3.260314e+02	2.831768e+02	3.588656e+02	2.837418e+02	
6.348918e+02	3.588824e+02	6.354208e+02	3.889462e+02	
3.258666e+02	3.473100e+02	3.607398e+02	3.445564e+02	
4.329318e+02	8.170733e+00	4.654640e+02	1.735679e+01	
1.500137e+02	2.904702e+02	1.829178e+02	2.955510e+02	
1.059046e+02	3.522376e+02	1.052194e+02	3.903013e+02	
2.159989e+02	2.533948e+02	2.548821e+02	2.536749e+02	
5.311776e+02	4.003493e+02	5.648061e+02	3.957201e+02	
1.118520e+02	1.706778e+02	1.453335e+02	1.597754e+02	
2.137443e+02	2.530271e+02	2.135765e+02	2.949748e+02	
2.426077e+02	3.477446e+02	2.420994e+02	3.759805e+02	
5.292346e+02	3.398653e+02	5.278452e+02	3.729265e+02	
2.304403e+02	7.278381e+01	2.586699e+02	5.904985e+01	
4.160680e+02	4.119265e+02	4.498130e+02	4.073501e+02	
1.398988e+02	1.070955e+02	1.663458e+02	9.343444e+01	
4.493733e+02	1.400259e+01	4.494308e+02	5.008516e+01	
4.059509e+02	1.937194e+02	4.064499e+02	2.220806e+02	
1.700370e+02	1	1.694254e+02	3.497165e+01	
5.897854e+02	3.341075e+02	6.240477e+02	3.385591e+02	
3.998941e+02	6.126769e+01	3.996556e+02	1.010153e+02	
2.040433e+02	1.431673e+02	2.036132e+02	1.790007e+02	
1.232171e+02	3.230389e+02	1.544714e+02	3.311930e+02	
2.781973e+02	4.420137e+02	2.784013e+02	4.688875e+02	
2.150298e+02	2.812670e+02	2.549960e+02	2.819547e+02	
1.377036e+02	1.179010e+02	1.656713e+02	1.042944e+02	
1.959092e+02	4.008466e+02	2.289321e+02	3.975067e+02	
5.630689e+02	1.368829e+02	5.921507e+02	1.383150e+02	
5.079177e+02	9.212076e+01	5.082409e+02	1.200025e+02	
3.259525e+02	3.316316e+02	3.620017e+02	3.303045e+02	
3.272079e+02	3.640386e+02	3.529676e+02	3.640181e+02	
1.170410e+02	5.322226e+01	1.173070e+02	8.094678e+01	
5.709032e+01	2.970354e+02	5.647516e+01	3.312071e+02	
5.132911e+02	3.201298e+01	5.134733e+02	5.601159e+01	
6.266941e+02	1.900274e+02	6.269830e+02	2.280736e+02	
4.011930e+02	1.912157e+02	4.010657e+02	2.230461e+02	
4.849741e+02	2.286583e+01	5.129122e+02	3.075466e+01	
5.383810e+02	1.443076e+02	5.384346e+02	1.780025e+02	
9.867667e+00	2.777371e+02	4.017560e+01	2.782586e+02	
1.642052e+02	1.231321e+01	1.646049e+02	3.794823e+01	
4.019539e+02	1	4.017978e+02	4.002027e+01	
9.612926e+01	2.520225e+02	9.578075e+01	2.810636e+02	
9.451302e+01	1.771398e+02	9.412826e+01	2.011854e+02	
2.312268e+02	7.803628e+01	2.308556e+02	1.089659e+02	
8.170382e+01	2.520600e+02	8.121812e+01	2.790403e+02	
1	1.092047e+02	2.702602e+01	1.104863e+02	
3.280301e+01	1.461034e+02	3.226542e+01	1.759663e+02	
5.980738e+01	2.959696e+02	5.937527e+01	3.229740e+02	
9.628618e+01	6.632670e+01	9.586023e+01	9.294598e+01	
4.357060e+02	7.704033e+01	4.366512e+02	1.069508e+02	
5.702446e+02	1.228903e+02	5.989283e+02	1.281455e+02	
4.328071e+02	3.613841e+02	4.609225e+02	3.580283e+02	
4.129008e+02	6.430284e+01	4.127417e+02	1.040532e+02	
3.278764e+02	1.275002e+02	3.557734e+02	1.197556e+02	
1.501120e+02	3.401568e+02	1.496009e+02	3.720977e+02	
1.018761e+02	2.521200e+02	1.011851e+02	2.809055e+02	
4.330296e+02	2.910930e+02	4.589506e+02	2.925774e+02	
1.190999e+02	2.864212e+02	1.500613e+02	2.883807e+02	
3.940324e+02	4.014163e+02	4.268809e+02	3.992189e+02	
6.145117e+02	1.317392e+02	640	1.273430e+02	
4.750667e+02	2.708500e+01	4.763496e+02	5.402122e+01	
1.278212e+02	4.519657e+01	1.273902e+02	7.598261e+01	
2.086868e+02	4.107928e+01	2.082962e+02	6.897615e+01	
6.052656e+01	2.510244e+02	6.015939e+01	2.739705e+02	
6.122027e+01	3.120761e+02	6.059174e+01	3.469907e+02	
3.281162e+02	1.132339e+02	3.560480e+02	1.045079e+02	
3.328845e+02	4.449393e+02	3.600626e+02	4.424100e+02	
7.270233e+01	2.510970e+02	7.213324e+01	2.769608e+02	
1.266449e+02	1.292154e+02	1.262839e+02	1.549981e+02	
1.181806e+02	1.720175e+02	1.184094e+02	1.958688e+02	
3.447513e+02	2.570270e+02	3.447513e+02	2.930443e+02	
5.918983e+02	2.957354e+02	6.178759e+02	2.940498e+02	
2.390890e+02	1.320717e+02	2.384236e+02	1.690325e+02	
5.382976e+02	9.200271e+01	5.383492e+02	1.243606e+02	
1.257280e+02	3.400037e+02	1.252606e+02	3.659719e+02	
3.419513e+02	6.901277e+01	3.419513e+02	1.050563e+02	
3.260143e+02	1.810160e+02	3.539373e+02	1.830637e+02	
4.078162e+02	7.897864e+01	4.081428e+02	1.029995e+02	
1.347945e+02	2.039749e+02	1.660109e+02	1.989757e+02	
2.072303e+02	1.451075e+02	2.069096e+02	1.680115e+02	
4.330984e+02	3.755398e+02	4.587585e+02	3.721643e+02	
1.959862e+02	1.481808e+02	1.955133e+02	1.819567e+02	
1.922463e+02	1	1.919248e+02	2.395914e+01	
5.834284e+02	7.800365e+01	6.063545e+02	6.845094e+01	
1.310349e+02	4.521311e+01	1.305153e+02	7.407589e+01	
6.152661e+02	3.441000e+02	640	3.492479e+02	
4.352771e+02	3.839653e+01	4.641635e+02	4.550238e+01	
1.154001e+02	1.721082e+02	1.148291e+02	1.958944e+02	
3.007688e+02	1.967868e+02	2.834807e+02	2.143326e+02	
1.613485e+02	1.169563e+02	1.609512e+02	1.390251e+02	
2.333005e+02	2.561661e+02	2.330821e+02	2.780039e+02	
1.545243e+02	1.621991e+02	1.556604e+02	1.871005e+02	
2.414258e+02	1.313776e+02	2.411232e+02	1.529948e+02	
4.009371e+02	2.551955e+02	4.007941e+02	2.909521e+02	
1.307183e+01	2.907769e+02	4.482621e+01	2.900529e+02	
3.462255e+02	1.265941e+02	3.672700e+02	1.162515e+02	
3.447513e+02	1.840236e+02	3.447513e+02	2.200015e+02	
1.375556e+02	1.642399e+02	1.371951e+02	1.899875e+02	
4.997591e+02	2.561959e+02	4.998100e+02	2.881448e+02	
5.384665e+02	1.980024e+02	5.385147e+02	2.282790e+02	
6.129398e+02	1.720370e+02	640	1.695733e+02	
2.941621e+02	6.399815e+01	3.216499e+02	7.046914e+01	
1.576837e+02	1.805737e+01	1.575521e+02	5.095086e+01	
3.268492e+02	4.026520e+02	3.588481e+02	3.979860e+02	
1.866518e+02	1	1.864982e+02	2.660556e+01	
3.279698e+02	3.698566e+02	3.569016e+02	3.663446e+02	
1.622238e+02	1.701017e+01	1.625839e+02	4.807638e+01	
5.137030e+02	8.625532e+01	5.139665e+02	1.209707e+02	
3.605130e+01	4.253638e+02	6.191070e+01	4.236339e+02	
1.387324e+02	8.019183e+01	1.383611e+02	1.067119e+02	
3.280379e+02	2.111165e+02	3.559489e+02	2.089126e+02	
1.938923e+02	2.159753e+02	1.937647e+02	2.478764e+02	
1.264986e+02	3.715224e+02	1.504146e+02	3.831107e+02	
5.189367e+02	4.240922e+02	5.442141e+02	4.201996e+02	
5.893939e+02	4.101410e+02	6.088956e+02	4.173305e+02	
2.311921e+02	2.928914e+02	2.541267e+02	2.920471e+02	
1.431970e+02	2.998602e+01	1.429102e+02	5.388905e+01	
1.203117e+02	5.296746e+01	1.200321e+02	7.293406e+01	
2.669210e+02	1.565752e+02	2.909256e+02	1.515391e+02	
1.163087e+02	1.342552e+02	1.157641e+02	1.569446e+02	
1.751638e+02	2.540528e+02	1.753088e+02	2.799840e+02	
9.564792e+01	1.062143e+02	9.528486e+01	1.289036e+02	
1.271926e+02	9.009682e+01	1.268559e+02	1.141408e+02	
1.268551e+02	2.137888e+02	1.549979e+02	2.111130e+02	
2.988054e+02	9.809022e+01	2.976083e+02	1.220113e+02	
1.381589e+02	1.211496e+02	1.377971e+02	1.469888e+02	
7.282160e+01	2.788203e+02	9.410016e+01	2.791864e+02	
6.142167e+02	3.416084e+02	640	3.376906e+02	
3.285921e+02	7.805172e+01	3.284665e+02	9.899080e+01	
5.158990e+01	3.040505e+02	5.122693e+01	3.299752e+02	
1.854454e+02	2.020712e+02	1.853259e+02	2.219900e+02	
8.253337e+01	7.448298e+01	1.007025e+02	5.964560e+01	
3.026300e+02	2.166127e+01	3.014659e+02	4.492323e+01	
1.076906e+02	2.530294e+02	1.072052e+02	2.799922e+02	
1.174515e+02	9.601485e+01	1.176718e+02	1.189753e+02	
5.365590e+02	2.561284e+02	5.366066e+02	2.859951e+02	
6.004197e+02	1.920070e+02	6.012116e+02	2.170666e+02	
4.931513e+01	2.950894e+02	4.906442e+01	3.129959e+02	
3.331667e+02	1.146205e+01	3.536208e+02	1	
4.339119e+02	2.151272e+02	4.579794e+02	2.162158e+02	
5.145373e+02	1.961448e+02	5.147500e+02	2.241577e+02	
4.017092e+02	6.215753e+01	4.015926e+02	9.131661e+01	
2.160095e+02	3.437411e+02	2.499181e+02	3.409271e+02	
5.297696e+02	2.561451e+02	5.298762e+02	2.858092e+02	
2.401333e+02	7.405787e+01	2.395581e+02	1.060138e+02	
6.414576e+01	3.100485e+02	6.349650e+01	3.350143e+02	
2.930217e+02	3.730099e+02	2.928719e+02	3.979718e+02	
9.835905e+01	6.621602e+01	9.804629e+01	9.227771e+01	
1.883457e+02	1.011986e+02	1.881078e+02	1.210270e+02	
4.496556e+02	1.912690e+02	4.497078e+02	2.240514e+02	
4.859767e+02	3.550378e+02	5.089660e+02	3.522939e+02	
6.889087e+01	2.520897e+02	6.838909e+01	2.771752e+02	
4.420998e+02	1.510452e+02	4.639519e+02	1.553658e+02	
2.102105e+01	3.680790e+02	4.304131e+01	3.667386e+02	
1.260872e+02	1.690481e+02	1.257265e+02	1.948097e+02	
4.014614e+02	1.241114e+02	4.013499e+02	1.519934e+02	
6.241979e+02	4.372157e+02	6.303734e+02	4.574953e+02	
5.434753e+02	1	5.425992e+02	2.184786e+01	
4.850741e+02	3.507861e+02	5.090022e+02	3.478815e+02	
2.819793e+02	2.540215e+02	2.822835e+02	2.802591e+02	
6.336272e+01	4.281640e+01	6.888182e+01	6.279000e+01	
6.415959e+01	3.379317e+02	8.862321e+01	3.484831e+02	
4.477422e+02	2.561534e+02	4.476786e+02	2.879377e+02	
1.901589e+02	1.500835e+02	1.898643e+02	1.711250e+02	
2.004066e+01	3.522858e+02	4.203277e+01	3.557718e+02	
2.307802e+02	6.015111e+01	2.504610e+02	4.998511e+01	
3.910622e+02	5.867757e+01	4.116316e+02	6.308768e+01	
4.872757e+02	5.118783e+01	5.128450e+02	5.747768e+01	
5.619596e+02	1.753279e+02	5.851237e+02	1.778676e+02	
8.002160e+01	4.327473e+02	1.080232e+02	4.317165e+02	
3.910478e+02	2.751646e+01	4.099555e+02	3.216760e+01	
1.574832e+02	6.818066e+01	1.574079e+02	8.699956e+01	
1.631558e+02	1.560742e+02	1.618113e+02	1.770543e+02	
5.382292e+02	4.900282e+01	5.382658e+02	7.203552e+01	
3.309244e+02	7.991094e+01	3.306919e+02	1.089746e+02	
9.331190e+01	2.522032e+02	9.304162e+01	2.690942e+02	
1.649334e+01	3.294581e+02	3.425289e+01	3.401328e+02	
4.702607e+02	4.236509e+02	4.919171e+02	4.270837e+02	
2.079575e+02	9.316853e+01	2.075506e+02	1.222304e+02	
2.251813e+02	4.128888e+02	2.472307e+02	4.166556e+02	
6.027421e+02	2.062077e+02	6.229181e+02	2.051820e+02	
1.325787e+01	2.902361e+02	3.361983e+01	2.802289e+02	
2.152623e+02	3.927365e+02	2.387703e+02	3.966075e+02	
2.319106e+02	2.105501e+01	2.315875e+02	4.797779e+01	
2.149479e+02	2.968689e+02	2.358804e+02	2.960144e+02	
8.716988e+01	3.024785e+02	1.070401e+02	3.079607e+02	
1.915319e+02	5.202145e+01	1.912521e+02	7.200593e+01	
6.219717e+02	3.881540e+02	640	3.912339e+02	
6.771194e+01	3.110282e+02	6.731312e+01	3.309663e+02	
5.998647e+02	1.970422e+02	5.992948e+02	2.189557e+02	
2.344593e+02	1.402879e+02	2.342923e+02	1.569829e+02	
2.972563e+02	1.290469e+02	2.963098e+02	1.479593e+02	
5.002454e+02	4.519452e+02	5.194050e+02	4.467086e+02	
6.151036e+02	3.622864e+02	6.347329e+02	3.653175e+02	
6.532360e+01	8.413769e+01	6.487817e+01	1.088809e+02	
1.632905e+02	1.090198e+02	1.635416e+02	1.306819e+02	
4.979985e+02	2.804721e+01	4.979284e+02	6.309954e+01	
1	3.265351e+02	2.194692e+01	3.271470e+02	
4.849243e+02	3.325528e+02	5.049538e+02	3.315345e+02	
5.567013e+01	4.476632e+02	3.863514e+01	4.655862e+02	
5.241803e+02	3.852250e+02	5.452039e+02	3.873599e+02	
5.381527e+02	1	5.381831e+02	2.006134e+01	
1.836736e+02	5.717938e+01	1.834360e+02	7.698123e+01	
5.174910e+02	3.389966e+02	5.175181e+02	3.559975e+02	
3.900405e+02	3.035685e+02	4.130060e+02	3.050219e+02	
4.126565e+02	1.253728e+02	4.125583e+02	1.499121e+02	
3.354437e+02	7.003259e+01	3.563110e+02	6.049279e+01	
5.470771e+02	2.000690e+02	5.468961e+02	2.181712e+02	
3.500202e+02	4.466945e+02	3.697287e+02	4.433358e+02	
1.178257e+02	1.350248e+02	1.180449e+02	1.578760e+02	
8.487118e+01	7.611431e+01	8.441120e+01	1.016662e+02	
3.939815e+02	1.940676e+02	3.938655e+02	2.230878e+02	
5.857160e+02	4.480810e+02	5.920283e+02	4.664143e+02	
4.479905e+02	1.319994e+02	4.479508e+02	1.518300e+02	
1.697724e+01	3.007773e+02	3.496809e+01	3.001150e+02	
8.638082e+01	1.508366e+01	1.058450e+02	1.966580e+01	
3.990794e+02	1.970453e+02	3.989894e+02	2.120433e+02	
1.273548e+02	3.520977e+02	1.345146e+02	3.689574e+02	
6.239544e+02	3.254845e+02	640	3.246688e+02	
4.993236e+01	2.510042e+02	4.962478e+01	2.729730e+02	
1.630765e+02	4.668967e+02	1.829954e+02	4.650028e+02	
1.669304e+02	3.911133e+02	1.855420e+02	4.001314e+02	
1.573027e+02	1.132982e+02	1.572319e+02	1.309929e+02	
1.699132e+01	2.672681e+02	3.585282e+01	2.683482e+02	
4.969347e+01	1.301180e+02	4.937145e+01	1.480061e+02	
1.877365e+02	1.519655e+02	1.874936e+02	1.722105e+02	
4.860646e+02	2.174863e+02	5.090488e+02	2.185259e+02	
2.057494e+02	1	2.054626e+02	2.489816e+01	
2.727554e+02	3.840013e+02	2.726182e+02	4.068679e+02	
8.418680e+01	1.141313e+02	8.379894e+01	1.356767e+02	
4.495613e+02	1.320141e+02	4.496012e+02	1.570627e+02	
8.730437e+01	3.310163e+02	8.744860e+01	3.460506e+02	
1.420446e+02	3.384018e+02	1.618850e+02	3.376714e+02	
3.081937e+02	4.341614e+02	3.257724e+02	4.373820e+02	
2.221001e+02	4.060531e+02	2.380337e+02	4.129255e+02	
9.525829e+00	2.940463e+02	9.270526e+00	3.122811e+02	
3.337847e+02	9.841117e+01	3.557342e+02	9.126388e+01	
4.929094e+02	1.648694e+02	5.139009e+02	1.675541e+02	
6.219138e+02	3.446732e+02	640	3.452016e+02	
6.219144e+02	1.553291e+02	640	1.579738e+02	
3.327271e+02	9.076389e+01	3.346067e+02	1.078463e+02	
1.908693e+02	9.934901e+01	1.905493e+02	1.222047e+02	
7.700347e+01	3.120560e+02	7.608985e+01	3.337961e+02	
1.735358e+02	1.528603e+02	1.734227e+02	1.669874e+02	
5.649719e+02	2.012851e+02	5.646393e+02	2.289948e+02	
4.329149e+02	3.388575e+02	4.569255e+02	3.369616e+02	
6.124706e+02	2.950661e+02	6.130477e+02	3.159750e+02	
1.863158e+02	5.701176e+01	1.862139e+02	7.398928e+01	
3.971469e+02	4.098975e+02	4.148609e+02	4.116248e+02	
1.824983e+02	1.551221e+02	1.822720e+02	1.739793e+02	
3.600867e+02	4.117584e+02	3.829158e+02	4.103688e+02	
3.289567e+02	1.729103e+01	3.288200e+02	4.006011e+01	
3.995221e+02	1.232632e+02	3.994337e+02	1.379906e+02	
2.260262e+02	2.792387e+02	2.449867e+02	2.803245e+02	
3.521404e+01	6.953424e+01	5.365424e+01	7.223081e+01	
2.368609e+02	2.558428e+02	2.364808e+02	2.769560e+02	
1.908862e+02	1.979356e+02	2.148977e+02	1.992625e+02	
1	3.505902e+02	1.866504e+01	3.541932e+02	
2.492194e+02	4.012179e+02	2.668698e+02	4.048179e+02	
3.909092e+02	1.857750e+02	4.088389e+02	1.870899e+02	
2.236102e+02	4.539492e+02	2.419353e+02	4.649638e+02	
2.145725e+02	4.596495e+01	2.144804e+02	6.899124e+01	
5.626970e+02	2.049516e+02	5.633833e+02	2.199949e+02	
3.313637e+02	2.500307e+01	3.312597e+02	3.799521e+01	
4.311977e+01	4.777747e+02	6.105088e+01	4.770069e+02	
3.447513e+02	6.717311e+01	3.447513e+02	9.011064e+01	
2.811793e+02	1.850078e+02	2.814230e+02	2.060320e+02	
1.115784e+02	1.753331e+02	1.112772e+02	1.890227e+02	
1.416003e+02	1.630441e+02	1.413725e+02	1.820185e+02	
3.987193e+02	2.570581e+02	3.985935e+02	2.780228e+02	
4.497588e+02	2.560749e+02	4.497938e+02	2.780452e+02	
1.644150e+02	2.060184e+02	1.645771e+02	2.200059e+02	
1.281979e+02	3.279994e+02	1.281685e+02	3.426760e+02	
8.985748e+01	5.446532e+01	1.029780e+02	4.284594e+01	
6.111778e+02	1.839081e+02	6.299302e+02	1.860780e+02	
4.245000e+01	2.918012e+02	4.255024e+01	3.050029e+02	
3.284566e+02	9.696807e+00	3.452931e+02	1	
5.385577e+02	2.552743e+02	5.385908e+02	2.760470e+02	
3.586490e+02	1.871742e+02	3.586837e+02	2.089850e+02	
4.970085e+02	1.785942e+02	5.149256e+02	1.768906e+02	
8.357587e+01	1.480681e+02	8.321638e+01	1.680380e+02	
2.411969e+02	1.497605e+01	2.407463e+02	4.000873e+01	
5.426595e+02	3.310910e+02	5.424370e+02	3.469781e+02	
1.272928e+02	2.530840e+02	1.269336e+02	2.730336e+02	
8.799822e+01	1.801912e+02	8.750052e+01	2.009251e+02	
2.013824e+01	2.519373e+02	2.003358e+01	2.650195e+02	
2.380413e+02	1.902727e+02	2.376318e+02	2.130194e+02	
2.839255e+02	1.832479e+02	2.832475e+02	2.010815e+02	
4.978899e+02	8.237091e+01	4.978186e+02	1.180086e+02	
2.406017e+02	1.902399e+02	2.404087e+02	2.040268e+02	
6.449554e+00	3.130408e+02	2.477584e+01	3.209451e+02	
3.658582e+01	1.470889e+02	3.639137e+01	1.609775e+02	
1	4.129239e+02	1.673714e+01	4.110455e+02	
1.219099e+02	2.531146e+02	1.216452e+02	2.720153e+02	
5.451390e+02	1.539934e+02	5.449426e+02	1.680224e+02	
1.650091e+02	3.239544e+02	1.827685e+02	3.288542e+02	
3.507509e+02	4.219266e+02	3.679874e+02	4.254422e+02	
1.980468e+02	1	1.977951e+02	1.897693e+01	
1.108411e+02	3.620295e+02	1.103133e+02	3.840175e+02	
2.820875e+02	4.393434e+02	2.991716e+02	4.418068e+02	
6.543040e+01	1.570699e+02	6.522395e+01	1.699716e+02	
1.830855e+02	1.061876e+02	1.828717e+02	1.240005e+02	
1.730867e+02	2.089941e+02	1.729906e+02	2.209998e+02	
4.103860e+02	2.680219e+02	4.105485e+02	2.799790e+02	
5.636407e+02	1.102126e+02	5.765730e+02	1.076611e+02	
3.089689e+02	4.272028e+02	3.237743e+02	4.297321e+02	
6.238739e+02	2.979227e+02	640	2.966818e+02	
5.982806e+02	2.579553e+02	5.978160e+02	2.758186e+02	
9.507321e+01	1.421307e+02	9.481986e+01	1.579635e+02	
4.095380e+01	3.280213e+02	5.881269e+01	3.336870e+02	
5.232974e+01	2.512080e+02	5.208018e+01	2.690326e+02	
6.149496e+02	3.944426e+02	6.308807e+02	3.960605e+02	
3.899999e+02	2.546483e+02	4.089006e+02	2.547844e+02	
1.449887e+02	3.079402e+02	1.546598e+02	3.191557e+02	
2.298443e+02	1.932390e+02	2.295955e+02	2.139702e+02	
2.556715e+01	7.605894e+01	3.885859e+01	8.021716e+01	
1.142027e+02	5.606593e+01	1.138293e+02	7.303689e+01	
1	4.095465e+02	2.001165e+01	4.072388e+02	
4.435811e+02	1.989866e+02	4.441392e+02	2.130737e+02	
1.028911e+02	3.660850e+02	1.025892e+02	3.849541e+02	
1.952315e+02	2.020804e+02	1.950643e+02	2.140228e+02	
1	4.188141e+02	1.706067e+01	4.168645e+02	
2.175339e+01	3.974517e+02	3.296693e+01	3.972409e+02	
2.864611e+02	1.559663e+02	2.993829e+02	1.496156e+02	
5.688007e+01	2.558864e+02	5.667450e+01	2.730164e+02	
4.628568e+02	1.988449e+02	4.628044e+02	2.250378e+02	
2.139483e+02	2.020306e+02	2.138721e+02	2.210717e+02	
3.450620e+02	3.483542e+02	3.599057e+02	3.474506e+02	
2.350413e+02	8.209295e+01	2.348847e+02	9.775357e+01	
5.930600e+02	3.217986e+02	6.079356e+02	3.212509e+02	
3.297131e+02	2.313149e+02	3.295796e+02	2.480059e+02	
1.098459e+02	2.540699e+02	1.094741e+02	2.709664e+02	
2.277723e+02	3.658962e+02	2.275681e+02	3.829093e+02	
2.551244e+02	2.080695e+02	2.550729e+02	2.209550e+02	
2.399375e+02	3.933501e+02	2.538337e+02	3.930889e+02	
8.076428e+01	3.963424e+02	9.096523e+01	3.961506e+02	
2.092479e+02	1	2.091082e+02	1.098048e+01	
5.020713e+02	2.897102e+02	5.159383e+02	2.892275e+02	
5.077231e+02	4.761025e+02	5.200086e+02	480	
4.238543e+02	4.468295e+02	4.378101e+02	4.492137e+02	
7.449682e+01	3.412777e+02	7.425671e+01	3.546157e+02	
1.421043e+02	1.210429e+02	1.418898e+02	1.389191e+02	
1.569314e+02	2.061319e+02	1.568639e+02	2.230096e+02	
9.744748e+01	1.421762e+02	9.731782e+01	1.529808e+02	
7.968010e+01	2.540818e+02	7.947318e+01	2.670132e+02	
3.898685e+02	3.486299e+02	4.031433e+02	3.444537e+02	
5.300322e+02	3.627884e+02	5.429464e+02	3.610896e+02	
2.540578e+02	4.132662e+02	2.670706e+02	4.113687e+02	
7.226588e+01	2.905135e+02	8.057443e+01	2.996570e+02	
2.549280e+02	2.571711e+02	2.548529e+02	2.759565e+02	
5.901936e+01	3.873976e+02	7.114144e+01	3.861226e+02	
1.164195e+02	3.309655e+02	1.162093e+02	3.459749e+02	
1.426207e+02	7.801069e+01	1.423931e+02	9.698072e+01	
1	4.205595e+02	1.394418e+01	4.192504e+02	
7.610242e+01	2.520871e+02	7.583370e+01	2.670142e+02	
8.298132e+01	1.810954e+02	8.271251e+01	1.960275e+02	
4.996711e+02	2.009667e+02	4.996956e+02	2.163362e+02	
9.702817e+01	1.771172e+02	9.676347e+01	1.991748e+02	
3.899069e+02	3.422534e+02	4.097728e+02	3.406848e+02	
5.628445e+02	4.555188e+02	5.736810e+02	4.550548e+02	
4.506444e+02	4.221606e+02	4.627302e+02	4.261819e+02	
3.447513e+02	6.251405e+00	3.447513e+02	2.399342e+01	
1.254275e+02	2.161662e+02	1.252896e+02	2.260157e+02	
5.361527e+02	1	5.361655e+02	9.002922e+00	
4.237978e+02	4.421070e+02	4.359923e+02	4.409475e+02	
2.807577e+02	2.966522e+02	2.920580e+02	2.973673e+02	
1.627926e+02	6.607529e+01	1.630016e+02	8.410576e+01	
8.557107e+01	2.182443e+02	8.537650e+01	2.279713e+02	
6.088097e+02	2.017547e+02	6.187586e+02	2.024843e+02	
3.495426e+01	1.162356e+02	3.474186e+01	1.339349e+02	
1.039057e+02	3.471551e+02	1.189068e+02	3.475032e+02	
4.850035e+02	3.347446e+02	4.961237e+02	3.338665e+02	
4.798990e+02	4.367728e+02	4.919377e+02	4.356282e+02	
5.087458e+02	4.709052e+02	5.199659e+02	4.729609e+02	
8.228095e+01	2.200006e+02	8.211884e+01	2.290054e+02	
6.289511e+02	2.048753e+02	640	2.043135e+02	
4.861605e+02	2.600080e+02	4.870386e+02	2.784450e+02	
3.900385e+02	3.716028e+02	4.009335e+02	3.727092e+02	
1	4.558253e+02	1.289981e+01	4.540171e+02	
5.960764e+02	3.330746e+02	6.090022e+02	3.322878e+02	
2.157204e+02	3.462392e+02	2.268072e+02	3.456755e+02	
5.217274e+02	4.507411e+02	5.319523e+02	4.491874e+02	
4.478545e+02	1.999814e+02	4.478277e+02	2.133817e+02	
1.781572e+02	2.541048e+02	1.777056e+02	2.659844e+02	
1.940617e+02	4.530513e+02	2.049263e+02	4.521059e+02	
1.493403e+01	2.511379e+02	1.475257e+01	2.662591e+02	
5.635104e+01	3.618798e+02	6.727592e+01	3.641081e+02	
1.895482e+02	1	1.894642e+02	8.001659e+00	
6.442582e+01	1.340092e+02	6.421077e+01	1.459550e+02	
1.606086e+02	1.580554e+02	1.603053e+02	1.749036e+02	
4.491442e+02	3.270965e+02	4.649748e+02	3.265138e+02	
5.141196e+02	1.411316e+02	5.141857e+02	1.498386e+02	
1.316503e+02	1.102659e+01	1.314532e+02	2.197216e+01	
1.460145e+02	4.458176e+02	1.458439e+02	4.579980e+02	
2.422908e+02	3.299463e+02	2.539619e+02	3.293061e+02	
1.903041e+02	2.005476e+02	2.020478e+02	2.005382e+02	
6.300665e+02	1.838581e+02	640	1.794365e+02	
7.330414e+01	4.057195e+01	8.293633e+01	4.364895e+01	
1.290385e+02	3.039427e+02	1.393789e+02	3.057092e+02	
9.788064e+01	1.060813e+02	9.761679e+01	1.280682e+02	
4.951349e+02	4.092059e+02	5.048891e+02	4.079029e+02	
1.185844e+02	2.141091e+02	1.187065e+02	2.268350e+02	
1.557748e+02	1.544825e+02	1.648490e+02	1.515277e+02	
1.142968e+02	2.180695e+02	1.141059e+02	2.260241e+02	
3.385456e+02	3.580526e+02	3.382758e+02	3.659854e+02	
2.449997e+02	2.781606e+02	2.550315e+02	2.775096e+02	
6.190317e+02	1.396387e+02	6.290919e+02	1.401341e+02	
6.329191e+01	1.969971e+02	6.312921e+01	2.060353e+02	
1.728802e+02	2.079103e+02	1.831802e+02	2.061338e+02	
5.739036e+02	2.639077e+02	5.738622e+02	2.742692e+02	
5.607102e+02	3.510036e+02	5.607388e+02	3.690067e+02	
4.977782e+02	1.382132e+02	4.977346e+02	1.599915e+02	
5.725060e+01	2.250104e+02	5.716448e+01	2.321868e+02	
4.850990e+02	3.686993e+02	4.940020e+02	3.675281e+02	
1.622248e+02	3.309806e+02	1.625419e+02	3.379297e+02	
3.327311e+02	4.216891e+02	3.471783e+02	4.238017e+02	
3.300292e+02	3.342790e+02	3.398724e+02	3.334622e+02	
4.389715e+02	1.089780e+02	4.479432e+02	1.110900e+02	
3.480041e+02	7.996805e+01	3.476333e+02	9.086942e+01	
1.220329e+01	7.557788e+01	2.147310e+01	7.849831e+01	
2.180855e+02	2.569466e+02	2.292061e+02	2.569599e+02	
8.308499e+01	2.152336e+02	9.294283e+01	2.155413e+02	
2.328016e+02	3.060541e+02	2.326420e+02	3.220154e+02	
3.228501e+02	1	3.237316e+02	9.011320e+00	
5.454178e+01	2.250247e+02	5.443040e+01	2.319851e+02	
3.481919e+02	3.766694e+02	3.558587e+02	3.757387e+02	
4.329611e+02	3.639544e+02	4.420908e+02	3.639471e+02	
4.342299e+02	4.173417e+02	4.420101e+02	4.163025e+02	
5.312087e+02	3.496390e+02	5.397967e+02	3.486140e+02	
5.905578e+02	2.620507e+02	5.974617e+02	2.558124e+02	
3.481108e+02	4.146124e+02	3.560224e+02	4.159152e+02	
2.358646e+02	3.111857e+02	2.356533e+02	3.229209e+02	
3.079855e+02	4.012033e+02	3.152167e+02	4.019084e+02	
4.478735e+01	2.919179e+02	4.471510e+01	3.099797e+02	
6.325165e+02	2.238799e+02	6.326769e+02	2.329940e+02	
5.332001e+02	3.267555e+02	5.418647e+02	3.278813e+02	
3.090783e+02	4.599897e+02	3.181767e+02	4.643982e+02	
4.498953e+02	3.417456e+02	4.499132e+02	3.530204e+02	
1.072548e+02	3.088744e+01	1.160047e+02	3.294727e+01	
3.282324e+02	1.379936e+02	3.281845e+02	1.459891e+02	
4.980526e+02	1	4.980379e+02	8.342322e+00	
1	3.615838e+02	8.858753e+00	3.609317e+02	
5.898070e+02	2.068653e+02	5.979420e+02	2.064518e+02	
6.057601e+02	3.609904e+02	6.060133e+02	3.690044e+02	
4.521826e+02	3.547787e+02	4.601001e+02	3.538176e+02	
1.196917e+02	9.724932e+01	1.195696e+02	1.059678e+02	
9.392425e+00	2.089972e+02	9.312296e+00	2.140049e+02	
3.941343e+02	1.558899e+02	3.941050e+02	1.632074e+02	
1.026224e+02	2.210297e+02	1.024787e+02	2.270154e+02	
5.695893e+02	3.560180e+02	5.699523e+02	3.639740e+02	
5.900737e+02	3.609811e+02	5.970135e+02	3.602793e+02	
1	3.712688e+02	6.929187e+00	3.718470e+02	
1.448813e+02	5.736784e+00	1.501713e+02	1.052011e+00	
6.188689e+02	1.740480e+02	6.186872e+02	1.810321e+02	
5.935578e+02	1.752301e+02	5.939896e+02	1.829890e+02	
6.340229e+02	2.224233e+02	640	2.227536e+02	
1.071464e+02	3.517591e+02	1.139194e+02	3.514147e+02	
1.691596e+02	3.300287e+02	1.692532e+02	3.360272e+02	
1.169626e+02	1.070176e+02	1.167981e+02	1.138671e+02	
5.992615e+02	2.777217e+02	5.996044e+02	2.838832e+02	
2.400265e+02	2.059896e+02	2.480316e+02	2.052607e+02	
1.439629e+01	2.959475e+02	1.432291e+01	3.020624e+02	
2.738114e+01	2.561075e+02	2.729390e+01	2.600723e+02	
5.639817e+02	3.228690e+02	5.709498e+02	3.226125e+02	
9.788225e+01	3.311857e+02	9.778099e+01	3.368108e+02	