3.920251464843750000e+02 1.066812362670898438e+02 3.916482849121093750e+02 8.897871398925781250e+01
3.608217163085937500e+02 1.292903137207031250e+02 3.333248291015625000e+02 1.343548431396484375e+02
3.592887878417968750e+02 3.181533813476562500e+02 3.339490966796875000e+02 3.080155944824218750e+02
3.061392211914062500e+02 4.062423400878906250e+02 7.148769497871398926e-01 4.380397949218750000e+02
1.817179679870605469e+01 4.073549194335937500e+02 2.741485214233398438e+01 3.744006652832031250e+02
5.168989868164062500e+02 3.705051269531250000e+02 5.781880493164062500e+02 3.627532348632812500e+02
2.670010070800781250e+02 3.837089538574218750e+02 1.817179679870605469e+01 4.073549194335937500e+02
3.608217163085937500e+02 1.292903137207031250e+02 4.308151550292968750e+02 1.302317047119140625e+02
2.279454345703125000e+02 3.438654479980468750e+02 3.132131195068359375e+01 3.612202758789062500e+02
3.340454711914062500e+02 2.952839660644531250e+02 1.340816402435302734e+01 3.143631591796875000e+02
2.872901306152343750e+02 4.173084106445312500e+02 3.363159179687500000e+02 4.694936218261718750e+02
9.519402980804443359e-01 1.286227416992187500e+02 3.333248291015625000e+02 1.343548431396484375e+02
7.756179571151733398e-01 4.183503417968750000e+02 2.975931091308593750e+02 3.888228149414062500e+02
3.331368408203125000e+02 3.164631958007812500e+02 3.333248291015625000e+02 1.343548431396484375e+02
4.729885253906250000e+02 2.878759155273437500e+02 5.170769042968750000e+02 2.991660461425781250e+02
3.829328002929687500e+02 4.791075439453125000e+02 3.061392211914062500e+02 4.062423400878906250e+02
2.872901306152343750e+02 4.173084106445312500e+02 5.809393525123596191e-01 4.491056518554687500e+02
4.308151550292968750e+02 1.302317047119140625e+02 4.741855163574218750e+02 1.230089416503906250e+02
1.822869262695312500e+02 2.375538024902343750e+02 1.439535064697265625e+02 2.379324951171875000e+02
3.610549316406250000e+02 3.049490356445312500e+02 3.340454711914062500e+02 2.952839660644531250e+02
6.115391845703125000e+02 4.077860107421875000e+02 6.139119262695312500e+02 3.685932617187500000e+02
1.342276382446289062e+01 3.286659545898437500e+02 3.339490966796875000e+02 3.080155944824218750e+02
4.281826782226562500e+02 3.011704711914062500e+02 3.610549316406250000e+02 3.049490356445312500e+02
2.670010070800781250e+02 3.837089538574218750e+02 2.413265380859375000e+02 3.576178283691406250e+02
5.823065795898437500e+02 3.796209106445312500e+02 5.141072387695312500e+02 3.882663879394531250e+02
5.814838256835937500e+02 2.948791503906250000e+02 5.170769042968750000e+02 2.991660461425781250e+02
3.920251464843750000e+02 1.066812362670898438e+02 4.964618225097656250e+02 8.190549468994140625e+01
4.632153930664062500e+02 1.889210968017578125e+02 4.383522949218750000e+02 1.893359069824218750e+02
2.279454345703125000e+02 3.438654479980468750e+02 2.086727294921875000e+02 3.251814880371093750e+02
5.141072387695312500e+02 3.882663879394531250e+02 4.690578918457031250e+02 3.685571289062500000e+02
6.393342285156250000e+02 6.950061798095703125e+01 8.275662660598754883e-01 2.476518249511718750e+01
3.026607360839843750e+02 1.555046997070312500e+02 2.251588821411132812e+00 1.548283691406250000e+02
4.378812866210937500e+02 2.449913940429687500e+02 4.622375793457031250e+02 2.487983551025390625e+02
3.608217163085937500e+02 1.292903137207031250e+02 3.592887878417968750e+02 3.181533813476562500e+02
2.413265380859375000e+02 3.576178283691406250e+02 2.741485214233398438e+01 3.744006652832031250e+02
3.916482849121093750e+02 8.897871398925781250e+01 4.325907897949218750e+02 7.761801147460937500e+01
6.387871093750000000e+02 3.247758789062500000e+02 5.812636718750000000e+02 3.283818969726562500e+02
5.228970947265625000e+02 9.491777801513671875e+01 5.141072387695312500e+02 3.882663879394531250e+02
6.392106323242187500e+02 3.500329284667968750e+02 5.814819335937500000e+02 3.535643615722656250e+02
1.014191150665283203e+00 7.576835632324218750e+01 1.979467163085937500e+02 8.075192260742187500e+01
5.823065795898437500e+02 3.796209106445312500e+02 5.858685913085937500e+02 9.884755706787109375e+01
4.886048889160156250e+01 1.283185272216796875e+02 4.871394348144531250e+01 1.065462951660156250e+02
6.394337158203125000e+02 5.473567962646484375e+01 7.035443186759948730e-01 6.364098072052001953e+00
3.920251464843750000e+02 1.066812362670898438e+02 2.483000488281250000e+02 1.023447952270507812e+02
4.619879150390625000e+02 2.268040466308593750e+02 4.384651184082031250e+02 2.259149627685546875e+02
3.132131195068359375e+01 3.612202758789062500e+02 3.576023483276367188e+01 3.396687011718750000e+02
1.822869262695312500e+02 2.375538024902343750e+02 1.831979217529296875e+02 2.610832214355468750e+02
3.916482849121093750e+02 8.897871398925781250e+01 1.978900909423828125e+02 8.242625427246093750e+01
3.837307434082031250e+02 3.164780883789062500e+02 3.592887878417968750e+02 3.181533813476562500e+02
6.115391845703125000e+02 4.077860107421875000e+02 5.514418945312500000e+02 3.836797180175781250e+02
5.858354492187500000e+02 1.401818237304687500e+02 5.534661865234375000e+02 1.398377838134765625e+02
5.540612792968750000e+02 9.868061065673828125e+01 5.490506591796875000e+02 3.657617492675781250e+02
3.363159179687500000e+02 4.694936218261718750e+02 2.574247131347656250e+02 4.790065917968750000e+02
7.328215241432189941e-01 9.277761077880859375e+01 2.036460571289062500e+02 1.001858062744140625e+02
3.331368408203125000e+02 3.164631958007812500e+02 1.649442863464355469e+01 3.367188110351562500e+02
3.920251464843750000e+02 1.066812362670898438e+02 3.712867431640625000e+02 8.885824584960937500e+01
6.392467041015625000e+02 4.028980102539062500e+02 6.115391845703125000e+02 4.077860107421875000e+02
5.168989868164062500e+02 3.705051269531250000e+02 3.837307434082031250e+02 3.164780883789062500e+02
6.393759765625000000e+02 3.125631141662597656e+01 3.625735778808593750e+02 6.898860931396484375e-01
4.308151550292968750e+02 1.302317047119140625e+02 4.281826782226562500e+02 3.011704711914062500e+02
1.380121917724609375e+02 1.780503997802734375e+02 1.674876403808593750e+02 1.780519409179687500e+02
5.516063232421875000e+02 3.657852478027343750e+02 5.514418945312500000e+02 3.836797180175781250e+02
1.588896942138671875e+02 2.153899536132812500e+02 1.591877136230468750e+02 2.371784362792968750e+02
1.411609802246093750e+02 2.154714813232421875e+02 2.036322021484375000e+02 2.149511871337890625e+02
3.837154846191406250e+02 3.162794494628906250e+02 4.309252624511718750e+02 3.126576232910156250e+02
2.483273925781250000e+02 1.015752868652343750e+02 2.036530761718750000e+02 9.998789215087890625e+01
4.632153930664062500e+02 1.889210968017578125e+02 4.622375793457031250e+02 2.487983551025390625e+02
4.507083129882812500e+02 2.498432312011718750e+02 4.488238525390625000e+02 3.133229064941406250e+02
2.613285827636718750e+02 2.748424682617187500e+02 2.622321777343750000e+02 1.602138366699218750e+02
8.236244964599609375e+01 1.066548233032226562e+02 8.770022583007812500e+01 1.287716522216796875e+02
1.158038139343261719e+01 2.910916748046875000e+02 1.295766735076904297e+01 2.416680297851562500e+02
2.231948089599609375e+02 3.230190124511718750e+02 4.072029113769531250e+02 4.791046752929687500e+02
5.270904541015625000e+01 1.750570373535156250e+02 1.380322113037109375e+02 1.772833709716796875e+02
6.134945154190063477e-01 3.838656005859375000e+02 1.649442863464355469e+01 3.367188110351562500e+02
4.378812866210937500e+02 2.449913940429687500e+02 4.383522949218750000e+02 1.893359069824218750e+02
4.690578918457031250e+02 3.685571289062500000e+02 4.710184936523437500e+02 3.534958496093750000e+02
3.586600646972656250e+02 1.292975158691406250e+02 3.586231994628906250e+02 1.182239151000976562e+02
4.474804382324218750e+02 3.312675781250000000e+02 4.720893859863281250e+02 3.402417602539062500e+02
5.228970947265625000e+02 9.491777801513671875e+01 5.858685913085937500e+02 9.884755706787109375e+01
4.490672912597656250e+02 3.133291931152343750e+02 4.487879943847656250e+02 3.241349792480468750e+02
1.196823978424072266e+01 3.059231872558593750e+02 1.121897935867309570e+00 3.056952819824218750e+02
6.473107337951660156e+00 3.701473693847656250e+02 2.563612976074218750e+02 3.511086730957031250e+02
1.439535064697265625e+02 2.379324951171875000e+02 1.433974914550781250e+02 2.789031982421875000e+02
9.201049804687500000e-01 5.725048828125000000e+01 4.964618225097656250e+02 8.190549468994140625e+01
1.659094047546386719e+01 3.381289062500000000e+02 6.125591993331909180e-01 3.392225341796875000e+02
4.309252624511718750e+02 3.126576232910156250e+02 4.488238525390625000e+02 3.133229064941406250e+02
1.673442993164062500e+02 2.372491912841796875e+02 1.675730590820312500e+02 2.153057403564453125e+02
7.585230255126953125e+01 2.823514709472656250e+02 7.737574768066406250e+01 1.626417541503906250e+02
4.281826782226562500e+02 3.011704711914062500e+02 4.724404907226562500e+02 3.123479614257812500e+02
4.920291137695312500e+02 3.609543762207031250e+02 4.941403503417968750e+02 1.627110137939453125e+02
1.673974304199218750e+02 2.153053131103515625e+02 1.674876403808593750e+02 1.780519409179687500e+02
5.534942016601562500e+02 1.390428314208984375e+02 5.229829101562500000e+02 1.379682922363281250e+02
7.690456509590148926e-01 1.081118164062500000e+02 3.586231994628906250e+02 1.182239151000976562e+02
2.213580017089843750e+02 1.634791107177734375e+02 2.578206176757812500e+02 1.661088104248046875e+02
9.826195526123046875e+01 1.623535156250000000e+02 8.829441070556640625e+01 2.822354736328125000e+02
2.108127441406250000e+02 2.753290100097656250e+02 2.036322021484375000e+02 2.149511871337890625e+02
1.978768615722656250e+02 8.272785186767578125e+01 1.978794403076171875e+02 8.272794342041015625e+01
4.739984130859375000e+02 1.060947265625000000e+02 4.710184936523437500e+02 3.534958496093750000e+02
6.392377319335937500e+02 3.723290710449218750e+02 5.814819335937500000e+02 3.535643615722656250e+02
8.808091282844543457e-01 1.710718078613281250e+02 1.380637664794921875e+02 1.768191986083984375e+02
4.311378784179687500e+02 1.808821563720703125e+02 4.635892944335937500e+02 1.814964904785156250e+02
2.519816741943359375e+02 3.238359680175781250e+02 4.627142639160156250e+02 4.793360290527343750e+02
1.637169837951660156e+01 3.367381591796875000e+02 1.649442863464355469e+01 3.367188110351562500e+02
2.057231750488281250e+02 2.147754364013671875e+02 2.026163940429687500e+02 1.778122253417968750e+02
5.823065795898437500e+02 3.796209106445312500e+02 6.389169311523437500e+02 3.890199584960937500e+02
4.569938964843750000e+02 1.708528442382812500e+02 4.311068420410156250e+02 1.699885101318359375e+02
3.586231994628906250e+02 1.182239151000976562e+02 3.119386901855468750e+02 1.335311279296875000e+02
3.331368408203125000e+02 3.164631958007812500e+02 6.073419799804687500e+02 4.455961608886718750e+02
4.379766845703125000e+02 2.493316802978515625e+02 4.289805908203125000e+02 2.495294342041015625e+02
4.951959533691406250e+02 1.627278747558593750e+02 4.961553344726562500e+02 1.026774063110351562e+02
5.873269653320312500e+02 1.058412475585937500e+02 6.127327270507812500e+02 1.005432739257812500e+02
4.634400939941406250e+02 1.889256134033203125e+02 4.635892944335937500e+02 1.814964904785156250e+02
3.026607360839843750e+02 1.555046997070312500e+02 2.975040588378906250e+02 2.723963317871093750e+02
4.727128906250000000e+02 1.673152008056640625e+02 4.568321533203125000e+02 1.683355865478515625e+02
4.964618225097656250e+02 8.190549468994140625e+01 4.961318664550781250e+02 1.026770324707031250e+02
1.380716552734375000e+02 1.762605590820312500e+02 2.614342956542968750e+02 1.779998474121093750e+02
1.856883544921875000e+02 2.607175292968750000e+02 1.878450927734375000e+02 2.754050292968750000e+02
6.393342285156250000e+02 6.950061798095703125e+01 5.228970947265625000e+02 9.491777801513671875e+01
4.309183349609375000e+02 3.011688232421875000e+02 4.309252624511718750e+02 3.126576232910156250e+02
2.725126953125000000e+02 3.214267272949218750e+02 5.184190063476562500e+02 4.790476989746093750e+02
1.577271881103515625e+02 1.738148956298828125e+02 1.576334686279296875e+02 1.621091613769531250e+02
5.866236572265625000e+02 1.060143737792968750e+02 6.391581420898437500e+02 1.004791793823242188e+02
3.712985839843750000e+02 8.276316070556640625e+01 3.713018188476562500e+02 8.108872222900390625e+01
5.534454956054687500e+02 1.398365173339843750e+02 5.534661865234375000e+02 1.398377838134765625e+02
5.846602172851562500e+02 1.057422485351562500e+02 5.863671264648437500e+02 1.060414047241210938e+02
4.378812866210937500e+02 2.449913940429687500e+02 4.362006530761718750e+02 2.458482666015625000e+02
4.487879943847656250e+02 3.241349792480468750e+02 4.726945190429687500e+02 3.249697265625000000e+02
9.519402980804443359e-01 1.286227416992187500e+02 2.251588821411132812e+00 1.548283691406250000e+02
4.474804382324218750e+02 3.312675781250000000e+02 4.503881225585937500e+02 3.305412902832031250e+02
4.477648010253906250e+02 3.240944213867187500e+02 4.475137329101562500e+02 3.304273681640625000e+02
1.342276382446289062e+01 3.286659545898437500e+02 1.648528289794921875e+01 3.366948547363281250e+02
2.483004455566406250e+02 1.022775573730468750e+02 4.626976013183593750e+02 1.105046539306640625e+02
4.319424438476562500e+02 3.011456604003906250e+02 4.320732421875000000e+02 3.209770202636718750e+02
5.823065795898437500e+02 3.796209106445312500e+02 6.392467041015625000e+02 4.028980102539062500e+02
1.181164932250976562e+02 1.603332824707031250e+02 1.062397003173828125e+02 2.799173889160156250e+02
1.801002197265625000e+02 2.607917175292968750e+02 1.787508850097656250e+02 2.751311645507812500e+02
4.720893859863281250e+02 3.402417602539062500e+02 4.583665466308593750e+02 3.467799987792968750e+02
2.975040588378906250e+02 2.723963317871093750e+02 1.158038139343261719e+01 2.910916748046875000e+02
1.340816402435302734e+01 3.143631591796875000e+02 1.196823978424072266e+01 3.059231872558593750e+02
1.133313674926757812e+02 4.077669372558593750e+02 1.178719329833984375e+02 4.256391601562500000e+02
1.121897935867309570e+00 3.056952819824218750e+02 7.565196990966796875e+00 2.570388183593750000e+02
2.213135375976562500e+02 1.651194458007812500e+02 2.766359138488769531e+01 1.598714294433593750e+02
2.213580017089843750e+02 1.634791107177734375e+02 2.240324249267578125e+02 2.723865356445312500e+02
4.281826782226562500e+02 3.011704711914062500e+02 4.729885253906250000e+02 2.878759155273437500e+02
4.488238525390625000e+02 3.133229064941406250e+02 4.320732421875000000e+02 3.209770202636718750e+02
1.831979217529296875e+02 2.610832214355468750e+02 1.440868225097656250e+02 2.570995483398437500e+02
6.387871093750000000e+02 3.247758789062500000e+02 6.232549438476562500e+02 3.123364257812500000e+02
1.673442993164062500e+02 2.372491912841796875e+02 1.662590942382812500e+02 2.344433898925781250e+02
2.966583557128906250e+02 3.205628662109375000e+02 5.776362304687500000e+02 4.789998168945312500e+02
6.391966552734375000e+02 4.405483398437500000e+02 4.072029113769531250e+02 4.791046752929687500e+02
2.036322021484375000e+02 2.149511871337890625e+02 2.036289672851562500e+02 2.148327178955078125e+02
6.232549438476562500e+02 3.123364257812500000e+02 5.815706787109375000e+02 3.062153320312500000e+02
5.229718017578125000e+02 9.525534820556640625e+01 4.739984130859375000e+02 1.060947265625000000e+02
5.229680786132812500e+02 1.385372772216796875e+02 4.754910278320312500e+02 1.372953338623046875e+02
1.591877136230468750e+02 2.371784362792968750e+02 1.602092437744140625e+02 2.345138244628906250e+02
5.612199707031250000e+02 3.807747497558593750e+02 5.611989746093750000e+02 3.659138488769531250e+02
2.251588821411132812e+00 1.548283691406250000e+02 2.700801086425781250e+01 1.621025848388671875e+02
4.474804382324218750e+02 3.312675781250000000e+02 4.384573364257812500e+02 3.387426147460937500e+02
1.627752685546875000e+01 2.760966491699218750e+02 3.127005004882812500e+01 2.718460388183593750e+02
4.724404907226562500e+02 3.123479614257812500e+02 4.488179016113281250e+02 3.125241699218750000e+02
1.342276382446289062e+01 3.286659545898437500e+02 1.340816402435302734e+01 3.143631591796875000e+02
4.886048889160156250e+01 1.283185272216796875e+02 5.813195037841796875e+01 1.064289093017578125e+02
4.486033935546875000e+02 3.289350280761718750e+02 4.320732421875000000e+02 3.209770202636718750e+02
5.232521972656250000e+02 9.644763946533203125e+01 4.626976013183593750e+02 1.105046539306640625e+02
4.626666259765625000e+02 1.061758041381835938e+02 4.739984130859375000e+02 1.060947265625000000e+02
3.712867431640625000e+02 8.885824584960937500e+01 3.833165283203125000e+02 7.417784881591796875e+01
8.218973159790039062e+00 2.419924468994140625e+02 2.251588821411132812e+00 1.548283691406250000e+02
2.975931091308593750e+02 3.888228149414062500e+02 3.018618164062500000e+02 3.430012207031250000e+02
