449.027 269.458 566.996 262.921
157.867 121.232 138.375 110.095
241.428 32.6471 221.269 14.8269
471.545 312.124 460.557 271.848
567.943 313.786 464.014 318.243
344.125 327.996 343.497 308.016
201.951 383.009 197.242 358.143
323.599 100.389 300.363 77.6291
630.999 210.985 335.032 234.399
145.318 185.891 140.176 170.939
591.167 259.653 576.126 263.495
607.081 300.579 586.073 303.52
604.99 352.291 584.979 351.613
287.981 70.0396 258.275 39.7101
222.999 155 223 232
311 229.931 311 278
227.483 397.923 225.42 384.933
98.0213 314.258 86.0025 313.914
153.718 220.918 158.224 137.011
309 224 309 199
271.47 148.012 270.797 119.005
303 194.999 303 257
98.9725 303.618 78.0093 305.129
98.0885 317.003 97.7236 328.024
583.001 362.867 545 362.931
426.238 205.705 360.553 152.552
602.013 259.021 585.264 269.425
308.229 305.01 308.835 291.036
316.182 387.981 313.755 365.026
249.066 83.9162 203.214 48.0031
223.876 122.004 224.059 85.0003
263.554 143.014 264.485 107.013
126.999 109.009 127 177.013
359.053 152.342 332.074 156.481
262.578 246.005 263.262 171.993
580.97 349.673 563.032 351.345
292.204 115.759 269.513 96.5766
431.851 372.998 432.02 357
453.013 324.969 364.346 288.167
120.631 391.933 119.052 376.995
303.074 168 303.058 137
311 388 311 330.009
189.507 38.316 139.075 0.899395
186.083 42.8861 130.694 2.41864
211.083 145.028 208.778 187.941
134.629 23.2287 129.784 81.0494
136.692 156.99 138.06 113.002
98 311 85 311
230 61 230 32
209.999 68.991 210 127
327.136 141.603 301.32 120.606
162.219 168.497 139.229 158.474
395.562 296.706 360.274 281.37
297.806 378.02 296.477 364.952
115.989 375.069 56.9952 374.482
638.192 410.843 610.705 377.242
221.379 57.0103 220.833 24.0028
308.611 177.993 309.13 147.002
268.045 233.781 272.11 179.058
591.159 256.843 340.003 270.051
630.313 270.806 599.328 282.845
191.578 390.937 189.408 370.956
384.005 372.117 359.005 373.131
353.973 374.589 283.016 381.148
179.838 124.303 126.555 95.832
377.888 295.437 336.058 284.772
273 309.911 254.998 309.879
246.954 19.049 227.955 1.048
159.967 79.9864 160.441 43.9926
419.891 262.997 420.243 248.981
153.023 310.002 152.979 287
573 311 509 311
253.134 381.98 251.09 367.987
448 309 431 309
368.059 367 368.059 335
302.755 384.014 301.723 366.016
289.933 59.0435 263.108 32.889
323.343 143.552 300.15 125.803
331.999 87.0002 332 208.003
480.999 248.968 462.986 249.348
186.852 32.1968 145.782 1.2902
318.744 128.018 316.956 101.934
427.1 232.996 425.988 205
452.324 305.091 461.351 273.099
112.059 313.001 112.45 284.006
66 335 46 335
64.999 359.083 43.99 358.829
227.131 58.006 226.945 31.0004
282.157 100.008 281.936 78.0006
548.063 271.96 474.056 276.848
362.632 275.81 426.965 306.065
148.959 305.996 151.041 286.004
565.004 303.541 470.01 304.282
284.98 377.285 266.003 375.961
34.1231 399.943 35.8031 374.052
235.358 63.9814 236.138 37.004
270.266 97.9774 271.25 66.0077
322.772 90.2195 299.222 65.7483
289.74 116.954 205.008 57.0002
487.059 256.639 463.979 258.768
490.997 312.124 470.985 311.671
217.858 387.799 1.04561 413.386
242.284 157.482 203.029 135.948
147.798 213.964 149.008 173
218.618 57.9955 219.092 18.0011
127.544 63.982 129.239 20.97
268.981 382.846 228.982 387.856
187.709 41.0329 133.047 0.936275
290.712 66.2051 260.157 38.8248
307 248 307 234
331 329 331 318
220.578 387.033 221.821 364.99
181.973 385.604 122.973 389.595
278 92 278 71
360.928 286.304 342.988 282.05
141.604 307.038 142.935 286.059
274.127 297.005 271.767 362.987
235.083 19.9033 212.973 1.03172
322.202 194.635 299.872 182.23
594.051 298.358 582.989 299.922
637.996 384.753 619.001 385.074
310.682 122.016 309.411 95.9799
0.00155258 373 51 373
269.754 98.0387 268.698 64.0094
325.696 143.056 317.202 96.7793
380.015 191 379.988 213
386.95 295.198 349.079 285.684
455.907 322.205 428.603 309.879
43.9237 357.999 44.1634 335.991
60.0368 399.7 17.0503 401.958
247.318 64.9938 246.288 11.9556
159.087 101.849 138.459 89.9363
315.832 126.01 314.54 104.967
371.429 364.992 370.861 333.002
284.801 179.39 258.926 166.144
389.175 192.995 389.01 219
379.004 272.465 346.007 272.197
362.939 274.964 329.994 276.897
232.016 294.39 217 295.005
453.855 375.056 224.211 410.371
241.922 151.137 204.199 129.65
206.539 346.013 207.043 285
377.068 349.936 376.179 334.989
230 379.982 230 335
225.965 386.988 225.143 319.998
244.256 67.971 242.331 50.9625
287.281 99.1177 283.003 72.9996
181.824 118.324 127.993 89.0128
223.053 193.897 211.147 187.717
132.103 310.01 133.853 291.889
115.067 312.999 114.83 292.99
558.992 317.778 515.009 319.244
525.997 362.767 502.001 363.067
353.792 364.038 351.986 306.969
276.146 97.9935 274.891 70.0498
265.618 93.1609 260.711 51.0337
215.941 109 216.139 79.9941
306.475 129.204 300.701 86.0399
257.999 96.9985 258 247
331.942 281.238 126.989 231.046
360.278 352.985 357.887 309.061
308.513 124.973 307.231 100.988
502.066 341.995 500.714 325.023
248.004 408.656 153.995 409.169
175.109 117.798 125.84 91.2968
202 139.993 202 180.001
267.942 232.999 268.165 214.002
471.002 308 568.993 308
172.965 313.497 127.978 310.313
281.009 321.914 262.89 320.087
504.83 351.009 503.407 324.978
90.0026 388.946 64.0146 387.696
638.795 427.482 607.169 378.89
34.927 0.713706 19.8852 4.54972
234.513 32.5674 218.381 18.7207
219 112 219 84
246.694 250.982 248.971 85.9996
125.294 160.072 122.798 204.953
53.8601 229.954 1.98545 236.891
330.435 249.91 333.215 213.016
429.52 306.24 381.718 287.729
253.961 401.823 235.004 400.915
186.382 232.988 190.102 39.0211
313.291 124.021 312.606 101.012
195.027 23.6193 179.035 22.5027
169.093 122.038 165.779 216.995
356 351 356 338
199 367.994 199 317
188.001 360.897 188 267.99
359.895 380.171 320.029 385.23
163.066 409.546 1.02837 429.233
291.951 256.994 292.78 118.005
297.615 128.025 300.241 267.996
234.445 210.911 231.877 198.025
420.879 246.89 565.989 238.867
254 399 235 399
94.7563 6.08072 0.985153 30.944
95.0347 8.14724 1.00494 34.0133
239.921 51.0064 238.706 36.0239
198.999 267.012 199 333
275.035 373 274.924 323.998
130.325 20.0241 129.896 8.00371
167.525 38.9819 161.776 218.993
327.086 263.999 326.177 140.999
281.92 173.146 259.948 161.094
423.024 212.967 405.139 199.811
587.12 240.588 562.037 242.488
397 327 397 302
219.986 317.217 199.011 315.83
117.98 387.862 104.123 389.856
375.019 209.986 374.684 185.99
235 234 235 175.001
426.098 290.998 425.784 274.985
292 355 292 286.999
305.986 386.854 280.035 389.362
94.0202 398.725 59.0617 396.159
169.999 39.9913 170 104
147.46 68.0154 148.597 33.9865
232.999 82.0072 233 139.997
134 177.012 134 219.001
200.894 226.993 203.207 194.015
411 228 411 213
587.977 236.726 566.955 238.46
278.017 299.514 258.005 300.165
300 360 300 344
344.686 370.097 342.015 334.073
316.916 192.004 314.386 142.031
144.392 210.01 145.122 181.028
422.723 217.37 365.572 174.576
584.015 251.171 562.009 253.098
456.987 277.844 431.993 277.456
427.224 343.988 425.776 317.012
603.897 327.725 584.993 325.049
65.9797 347.743 45.9946 347.198
342.923 462.923 331.999 462.011
234.956 150.081 202.779 132.401
211 216 211 204
213 232 213 207
393.224 220.932 391.889 196.951
314.049 348 313.87 315.001
453.187 353.981 451.997 342
257.622 370.001 257.493 324.999
393.037 378.338 376.021 380.196
638.75 433.521 605.163 380.896
373.763 459.886 340.715 451.069
306.996 457.829 282.012 458.463
186.996 477.158 167.983 476.642
95.857 84.6384 75.3038 92.7681
279.856 154 279.823 116.999
152.941 158.998 153.69 138.988
232 192 232 170
208.424 250.003 208.748 197.998
384.315 212.98 382.951 190.941
417.014 260.235 335.999 264.991
328.162 314.992 326.806 287.009
399.914 326.005 398.695 304.017
267 374 267 352
177.03 390.632 125.005 393.112
251.588 66.9954 252.165 15.0018
294.12 100.999 293.712 57.9932
327.047 128 327.096 88.0001
145.126 239.488 261.988 268.05
462.566 361.035 460.171 330.907
322.974 465.34 287.948 462.695
275.044 472.846 242.031 474.581
22.3042 98.1092 0.987511 103.954
228.748 131.011 229.479 82.9921
218.898 231.999 219.243 199.992
276 255 276 217
44.9516 233.641 0.944008 239.585
423 272 423 290
271.007 302.205 256.999 302.086
248.999 275.021 249 364.998
130.275 389.004 131.411 305.992
8.37904 360.017 11.3 293.013
31.9962 387.169 17.0037 386.836
580.799 401.831 507.026 396.783
300.017 452.061 255.996 452.761
268.99 470.785 241.051 472.09
47.9868 7.95091 36.045 11.167
147.51 91.0258 148.218 77.011
83.9243 222.021 60.9842 223.795
425.993 229.927 376.005 234.073
224.821 254.006 225.043 221
332.065 284.786 310.879 278.4
139.891 351.998 140.109 337.002
454.846 354.006 455.479 370.021
97.9987 378.174 78.9998 378.027
631.031 434.738 506.984 431.648
342.889 456.428 324.017 460.09
234.963 478.429 190.945 474.643
337.985 473.742 308.967 475.422
136.992 77 137.101 53.0005
141.531 163.027 143.339 127.966
313 182 313 141
341.833 202.014 342.161 182.003
227 234 227 200
363.106 229.999 362.624 172.995
4.97866 368.999 6.50396 339.026
239 365 239 351
384.009 454.533 363.016 454.9
407.011 458.807 387.001 459.079
151.884 70.9936 153.148 48.0081
82.0035 110.075 57.9626 111.204
399.194 226.996 398.556 195.989
77.996 220.094 43.972 218.666
487.022 273.67 473.017 272.744
308.159 278.283 276.919 271.366
282.055 318 281.884 285.995
139.472 385.053 137.571 366.043
606.949 384.783 566.056 382.133
193.91 24.9648 194.652 1.98876
178.011 110.034 180.047 49.9677
240.47 89.7933 238.559 103.94
176.765 158.991 177.928 129.997
86.7861 148.991 86.9638 164
231 234 231 214
91.0337 229.285 65.0421 232.356
313 250 313 234
164.242 307.992 163.93 299.002
160.928 384 161.013 317
510.984 369.905 474.841 376.066
600.074 397.679 539.041 394.261
210.953 461.059 183.023 462.462
341.995 476.663 320 476.989
277.12 162 276.96 116
280.54 211.981 279.418 179.985
33.9817 221.811 1.00035 225.004
348.606 351.012 347.796 324.006
244.218 356.999 244.086 326.004
284 166 284 121
240.999 165.004 241 240.004
352.155 217.998 351.532 172.993
24.0381 227.494 0.026783 229.347
316.77 280.011 317.411 235.006
466.51 313.852 459.894 291.031
576.011 366.642 547.003 367.153
438.014 388.188 416.984 389.787
397.975 417.803 379.021 420.169
327.981 441.146 300.917 437.642
181.78 112.994 183.245 55.0062
61.0601 106.293 32.246 112.2
239 143 239 95
180.7 158.996 181.069 132.001
319 182 319 147
175.69 220.017 176.748 176.994
251.291 194.001 251.176 229.001
321.999 203 322 275.992
287 242 287 222
555.996 386.085 530.999 385.016
525.992 426.299 515 426.006
242.48 110.012 241.569 147.014
114.124 170.066 111.672 212.098
388.977 264.63 335 268.002
532.924 372.443 506.997 375.981
476.933 425.61 460.907 423.847
305.077 453.808 269.022 457.236
569.018 460.771 548.985 459.194
286.838 154.007 287.076 125.001
83.6717 160.27 66.9139 167.809
358 236 344 236
388 265 388 235
