4.813605346679687500e+02 2.818948030471801758e-01 5.367992553710937500e+02 3.135912895202636719e+01
1.209405059814453125e+02 3.411894836425781250e+02 1.818431854248046875e+02 3.431089477539062500e+02
9.105267333984375000e+01 2.758507537841796875e+01 1.431798858642578125e+02 4.190936660766601562e+01
4.524871826171875000e+02 0.000000000000000000e+00 5.427204589843750000e+02 4.935371780395507812e+01
2.971136779785156250e+02 0.000000000000000000e+00 1.488966064453125000e+02 9.529090118408203125e+01
8.569367980957031250e+01 6.616464233398437500e+01 1.404929199218750000e+02 7.967015075683593750e+01
5.444722900390625000e+02 1.768755912780761719e+00 5.518682861328125000e+02 3.327805175781250000e+02
2.997740173339843750e+02 1.967641448974609375e+02 1.937828826904296875e+02 2.105586547851562500e+02
1.437243804931640625e+02 4.581025695800781250e+01 1.298892364501953125e+02 2.504914855957031250e+02
2.254542388916015625e+02 7.719147205352783203e-01 1.518102416992187500e+02 5.430664825439453125e+01
2.678578491210937500e+02 1.196193695068359375e+00 1.486791229248046875e+02 8.351068115234375000e+01
8.523059844970703125e+01 7.201342773437500000e+01 1.403923034667968750e+02 8.701524353027343750e+01
5.360204467773437500e+02 3.734824061393737793e-01 5.415408935546875000e+02 4.395748615264892578e+00
2.991805419921875000e+02 1.789446868896484375e+02 2.988093261718750000e+02 2.200413665771484375e+02
1.281107635498046875e+02 2.560359191894531250e+02 1.198750610351562500e+02 3.254181823730468750e+02
6.125515136718750000e+02 1.945912742614746094e+01 5.812254028320312500e+02 2.793202209472656250e+01
4.781492919921875000e+02 3.378652343750000000e+02 4.792964477539062500e+02 3.730062255859375000e+02
1.526477355957031250e+02 5.446424865722656250e+01 1.398162384033203125e+02 2.483907470703125000e+02
5.732791137695312500e+02 2.707614898681640625e+00 5.998912963867187500e+02 2.559904327392578125e+02
3.265983581542968750e+02 2.249091491699218750e+02 1.286983032226562500e+02 2.579365539550781250e+02
1.269843978881835938e+02 7.796728515625000000e+01 9.130974578857421875e+01 3.216250610351562500e+02
3.917696838378906250e+02 3.486206359863281250e+02 3.929739074707031250e+02 3.845084228515625000e+02
2.487843513488769531e+01 4.465273437500000000e+02 5.664288997650146484e-01 4.475393981933593750e+02
5.979401855468750000e+02 4.195395112037658691e-01 5.865444946289062500e+02 3.799736976623535156e+00
3.390930175781250000e+02 2.038759155273437500e+02 5.474877319335937500e+02 2.445029296875000000e+02
5.106456909179687500e+02 3.729222412109375000e+02 4.804708251953125000e+02 3.738991699218750000e+02
7.508338928222656250e+01 3.392347335815429688e+01 3.092664718627929688e+01 8.168506622314453125e+01
