
1.940163e+02	379	1.500050e+02	379	
5.619957e+02	3.721625e+02	4.870054e+02	3.705916e+02	
3.799379e+01	383	1.979908e+00	383	
3.940181e+02	3.105768e+02	3.470043e+02	3.089351e+02	
2.390229e+02	3.833317e+02	1.430183e+02	3.804824e+02	
5.590127e+02	3.936914e+02	4.860049e+02	3.908867e+02	
4.099142e+01	381	1.397291e+01	381	
5.609920e+02	3.902067e+02	4.829972e+02	3.870741e+02	
5.059803e+02	3.683955e+02	4.239808e+02	3.643851e+02	
5.309786e+02	4.404662e+02	4.849901e+02	4.382170e+02	
1.209892e+02	342	9.996542e+01	342	
6.389907e+02	4.551163e+02	4.989732e+02	4.443426e+02	
2.639924e+02	3.560618e+02	2.360182e+02	3.544978e+02	
4.779922e+02	3.761647e+02	4.290142e+02	3.736836e+02	
4.749922e+02	3.781647e+02	4.260142e+02	3.756836e+02	
5.360394e+02	4.022715e+02	4.939606e+02	4.007285e+02	
5.629914e+02	4.391001e+02	5.330159e+02	4.375292e+02	
6.170299e+02	341	5.950071e+02	341	
5.350369e+02	418	5.160106e+02	418	
6.390033e+02	4.579554e+02	4.559852e+02	4.441942e+02	
2.070333e+02	333	1.870083e+02	333	
3.749943e+02	3.310784e+02	3.300155e+02	3.277754e+02	
3.703763e+01	371	1.900988e+01	371	
3.739868e+02	4.171308e+02	3.479644e+02	4.154480e+02	
3.930420e+02	3.363579e+02	3.519815e+02	3.343498e+02	
3.049727e+02	3.585365e+02	2.850067e+02	3.570002e+02	
2.599879e+02	363	2.439567e+02	363	
1.169994e+02	3.770002e+02	8.702140e+01	3.746936e+02	
2.290433e+02	381	2.130121e+02	381	
4.769765e+02	4.042730e+02	4.290084e+02	3.999076e+02	
9.698922e+01	343	7.596542e+01	343	
2.460357e+02	344	2.250119e+02	344	
2.199879e+02	3.591922e+02	1.840159e+02	3.567399e+02	
1.139877e+02	3.691240e+02	9.101932e+01	3.675582e+02	
3.329904e+02	4.130895e+02	3.099686e+02	4.113585e+02	
1.029873e+02	416	8.795404e+01	416	
4.559859e+02	4.212106e+02	4.240095e+02	4.188625e+02	
3.049907e+02	366	2.889595e+02	366	
5.130288e+02	418	4.870096e+02	418	
3.509733e+02	4.302821e+02	2.810519e+02	4.234262e+02	
5.620357e+02	435	5.410119e+02	435	
4.550079e+02	4.449215e+02	2.669486e+02	4.254874e+02	
4.010272e+02	3.326861e+02	3.770216e+02	3.307546e+02	
3.360590e+02	392	3.240174e+02	392	
3.799805e+02	4.021939e+02	3.399798e+02	3.982013e+02	
9.396169e+01	4.044509e+02	4.598600e+01	4.001692e+02	
1.010249e+02	4.087466e+02	4.001272e+01	4.028718e+02	
1.440429e+02	416	1.290096e+02	416	
3.920564e+02	4.274190e+02	2.959342e+02	4.186712e+02	
4.309921e+02	4.340863e+02	4.070158e+02	4.318199e+02	
2.597701e+02	4.391448e+02	8.518315e+01	4.183266e+02	
4.960330e+02	4.436460e+02	3.579925e+02	4.310833e+02	
2.809881e+02	274	2.679497e+02	274	
2.959813e+02	274	2.849359e+02	274	
1.149919e+02	3.319973e+02	1.000330e+02	3.305042e+02	
1.990563e+02	351	1.870147e+02	351	
3.809860e+02	3.610908e+02	3.640267e+02	3.595474e+02	
7.103628e+01	3.656280e+02	4.903301e+01	3.636642e+02	
5.379880e+02	3.673057e+02	4.849894e+02	3.652697e+02	
7.098380e+01	3.721497e+02	5.202148e+01	3.705907e+02	
7.098112e+01	3.743833e+02	5.101515e+01	3.728470e+02	
3.669646e+02	3.902487e+02	3.449459e+02	3.873890e+02	
5.170503e+02	397	5.040119e+02	397	
3.889853e+02	418	3.769437e+02	418	
2.540641e+02	421	2.430187e+02	421	
8.197159e+01	3.323176e+02	5.702011e+01	3.297831e+02	
9.198696e+01	3.310925e+02	7.502238e+01	3.296083e+02	
1.609901e+02	3.599974e+02	1.480408e+02	3.584762e+02	
3.599832e+02	3.601018e+02	3.439470e+02	3.584164e+02	
4.599179e+01	3.629976e+02	3.203301e+01	3.615305e+02	
4.639584e+02	4.254001e+02	4.249758e+02	4.212341e+02	
2.459783e+02	4.243918e+02	2.280191e+02	4.228206e+02	
4.289905e+02	3.150084e+02	4.160334e+02	3.135551e+02	
5.759782e+02	332	5.669228e+02	332	
1.698327e+01	4.021189e+02	1.966561e+00	4.002485e+02	
2.479760e+02	4.272312e+02	2.280015e+02	4.249907e+02	
4.096447e+01	3.313468e+02	1.902461e+01	3.287694e+02	
5.869762e+02	332	5.789140e+02	332	
8.398384e+01	3.641019e+02	7.002506e+01	3.626348e+02	
3.609838e+02	3.641019e+02	3.470251e+02	3.626348e+02	
3.349877e+02	3.709928e+02	3.250534e+02	3.694726e+02	
2.569991e+02	3.860006e+02	2.400322e+02	3.837367e+02	
5.360860e+02	400	5.280238e+02	400	
3.639740e+02	4.032948e+02	3.299559e+02	4.016310e+02	
1.709762e+02	434	1.629140e+02	434	
2.279498e+02	4.695920e+02	2.020019e+02	4.670021e+02	
2.829818e+02	4.751433e+02	2.590020e+02	4.719863e+02	
2.260806e+02	328	2.180184e+02	328	
3.359815e+02	3.601196e+02	3.230244e+02	3.586662e+02	
2.480971e+02	372	2.410260e+02	372	
2.760639e+02	3.842304e+02	2.449677e+02	3.824918e+02	
1.703615e+01	3.997387e+02	2.036339e+00	3.977373e+02	
3.898162e+01	402	3.091936e+01	402	
4.089997e+02	4.209932e+02	3.950474e+02	4.186835e+02	
6.339588e+02	4.364264e+02	6.240117e+02	4.349930e+02	
6.285195e+01	4.797769e+02	2.112421e+00	4.674193e+02	
4.479480e+02	2.053341e+02	4.210276e+02	2.008292e+02	
6.329631e+02	2.303769e+02	6.230288e+02	2.288568e+02	
4.409602e+02	2.783809e+02	4.320114e+02	2.769955e+02	
5.729460e+02	3.714445e+02	5.650136e+02	3.700030e+02	
4.198635e+01	3.999970e+02	3.405402e+01	3.985555e+02	
3.199886e+02	4.100045e+02	3.110398e+02	4.086191e+02	
9.090420e+00	412	2.019352e+00	412	
4.639806e+02	423	4.569096e+02	423	
6.329886e+02	4.330045e+02	6.240398e+02	4.316191e+02	
7.884375e+01	4.798420e+02	2.019267e+00	4.649089e+02	
2.679460e+02	4.714445e+02	2.600136e+02	4.700030e+02	
3.889684e+02	90	3.838694e+02	90	
4.369684e+02	270	4.318694e+02	270	
4.019865e+02	3.109964e+02	3.950525e+02	3.096108e+02	
1.599646e+01	3.519979e+02	2.913432e+00	3.493837e+02	
2.120269e+02	3.659082e+02	1.950543e+02	3.608162e+02	
6.968371e+00	364	1.869351e+00	364	
3.829475e+02	3.873892e+02	3.760135e+02	3.860036e+02	
2.609865e+02	3.949964e+02	2.540525e+02	3.936108e+02	
2.170560e+02	4.007619e+02	2.081103e+02	3.985315e+02	
4.529811e+02	4.079926e+02	4.470790e+02	4.065210e+02	
4.609664e+02	4.291658e+02	4.520352e+02	4.276712e+02	
3.080060e+02	4.339452e+02	2.640343e+02	4.287019e+02	
3.089210e+02	4.374790e+02	3.030189e+02	4.360074e+02	
3.644983e+02	1.049185e+02	3.078040e+02	7.336288e+01	
2.921808e+02	2.056153e+02	2.771788e+02	1.986197e+02	
6.389229e+02	2.304053e+02	6.340189e+02	2.290084e+02	
4.389441e+02	2.592419e+02	4.300024e+02	2.569959e+02	
4.389988e+02	2.630056e+02	4.300012e+02	2.609944e+02	
4.429314e+02	2.672474e+02	4.319286e+02	2.642580e+02	
4.280844e+02	2.757411e+02	4.220048e+02	2.739978e+02	
1.029507e+02	3.353243e+02	9.701443e+01	3.339974e+02	
1.684412e+01	3.604484e+02	2.043723e+00	3.548853e+02	
2.207717e+02	3.666729e+02	2.021208e+02	3.596625e+02	
2.409463e+02	3.642319e+02	2.270537e+02	3.607681e+02	
5.941041e+02	3.747040e+02	5.881064e+02	3.726972e+02	
4.069856e+02	4.130026e+02	4.010493e+02	4.116757e+02	
4.779483e+02	4.182079e+02	4.710449e+02	4.166774e+02	
2.969483e+02	4.222079e+02	2.900449e+02	4.206774e+02	
6.098455e+02	4.409040e+02	5.909383e+02	4.373656e+02	
2.030472e+02	4.587929e+02	1.940497e+02	4.567817e+02	
1.949229e+02	4.594053e+02	1.900189e+02	4.580084e+02	
4.400055e+02	1.089927e+02	4.279945e+02	1.000073e+02	
3.609466e+02	1.221017e+02	3.148412e+02	9.830491e+01	
2.648797e+02	1.263518e+02	2.581203e+02	1.236482e+02	
2.348969e+02	3.781658e+02	2.173588e+02	3.673763e+02	
2.489098e+02	3.763006e+02	2.420019e+02	3.740027e+02	
2.323528e+02	3.809666e+02	2.130059e+02	3.670132e+02	
4.939872e+02	3.970015e+02	4.890418e+02	3.957593e+02	
2.128959e+02	4.292960e+02	2.068947e+02	4.272997e+02	
1.800000e+02	4.500009e+01	1.730000e+02	4.199991e+01	
3.120358e+02	7.895443e+01	2.649642e+02	4.204557e+01	
3.071102e+02	7.185783e+01	2.712696e+02	4.365407e+01	
2.760005e+02	5.199915e+01	2.629995e+02	4.400085e+01	
4.755045e+02	1.325045e+02	4.194955e+02	7.649554e+01	
4.690436e+02	1.309544e+02	4.199564e+02	8.404559e+01	
3.369967e+02	1.069945e+02	3.292274e+02	1.025629e+02	
4.510790e+02	1.359077e+02	4.219210e+02	1.110923e+02	
3.579967e+02	1.179945e+02	3.502274e+02	1.135629e+02	
4.481168e+02	1.298700e+02	4.258832e+02	1.101300e+02	
4.640728e+02	1.499157e+02	4.189272e+02	1.110843e+02	
3.749969e+02	1.390039e+02	3.570031e+02	1.249961e+02	
4.020587e+02	1.559346e+02	3.619413e+02	1.200654e+02	
2.749988e+02	1.370032e+02	2.530012e+02	1.289968e+02	
4.100206e+02	1.659769e+02	3.619794e+02	1.230231e+02	
4.639498e+02	1.600686e+02	4.287167e+02	1.353981e+02	
5.348969e+02	2.121228e+02	4.681031e+02	1.558772e+02	
5.377053e+02	2.173543e+02	4.668847e+02	1.581391e+02	
5.579960e+02	2.169960e+02	5.434874e+02	2.024874e+02	
3.108412e+01	3.608553e+02	1.917597e+01	3.537001e+02	
2.398343e+02	3.772872e+02	2.221657e+02	3.667128e+02	
1.220061e+02	337	6.001813e+00	337	
5.870000e+02	3.410393e+02	5.420000e+02	3.409607e+02	
1.930000e+02	3.350288e+02	1.600000e+02	3.349712e+02	
3.359918e+02	3.405699e+02	2.830057e+02	3.421425e+02	
2.710163e+02	346	2.250054e+02	346	
2.350000e+02	3.360244e+02	2.070000e+02	3.359756e+02	
3.320000e+02	3.380244e+02	3.040000e+02	3.379756e+02	
4.499998e+01	3.690236e+02	1.800002e+01	3.689764e+02	
5.670256e+02	368	5.390077e+02	368	
4.098633e+01	4.054784e+02	2.004938e+00	4.070441e+02	
5.890000e+02	2.540218e+02	5.640000e+02	2.539782e+02	
6.389926e+02	215	6.119741e+02	215	
2.360000e+02	3.340209e+02	2.120000e+02	3.339791e+02	
2.890139e+02	406	2.420033e+02	406	
3.599998e+01	3.440201e+02	1.300002e+01	3.439799e+02	
5.350000e+02	3.690201e+02	5.120000e+02	3.689799e+02	
2.670000e+02	4.360052e+02	2.610000e+02	4.359948e+02	
2.929889e+02	2.578479e+02	2.539719e+02	2.594832e+02	
5.750000e+02	3.270183e+02	5.540000e+02	3.269817e+02	
1.589919e+02	336	1.349711e+02	336	
1.820000e+02	3.380183e+02	1.610000e+02	3.379817e+02	
1.939968e+02	3.602122e+02	1.618691e+02	3.593148e+02	
8.599998e+01	3.900183e+02	6.500002e+01	3.899817e+02	
2.910000e+02	3.900183e+02	2.700000e+02	3.899817e+02	
6.389995e+02	2.419948e+02	5.510138e+02	2.462980e+02	
2.909871e+02	2.607344e+02	2.469836e+02	2.626556e+02	
6.799998e+01	3.340175e+02	4.800002e+01	3.339825e+02	
6.350000e+02	2.460166e+02	6.160000e+02	2.459834e+02	
6.099887e+02	261	5.899638e+02	261	
6.389940e+02	1.848882e+02	5.570166e+02	1.893279e+02	
5.780000e+02	2.230157e+02	5.600000e+02	2.229843e+02	
2.949902e+02	2.527951e+02	2.490098e+02	2.552049e+02	
5.630000e+02	3.310157e+02	5.450000e+02	3.309843e+02	
2.699999e+01	3.330157e+02	9.000014e+00	3.329843e+02	
4.530000e+02	4.300157e+02	4.350000e+02	4.299843e+02	
6.200263e+02	231	5.809750e+02	231	
5.800319e+02	234	5.590081e+02	234	
3.000000e+02	2.490148e+02	2.830000e+02	2.489852e+02	
6.120000e+02	2.530148e+02	5.950000e+02	2.529852e+02	
2.990369e+02	263	2.800106e+02	263	
2.710000e+02	2.640148e+02	2.540000e+02	2.639852e+02	
5.740000e+02	3.060148e+02	5.570000e+02	3.059852e+02	
4.470000e+02	3.410148e+02	4.300000e+02	3.409852e+02	
6.000000e+02	2.170140e+02	5.840000e+02	2.169860e+02	
1.800000e+02	3.330140e+02	1.640000e+02	3.329860e+02	
1.699999e+01	3.390131e+02	2.000011e+00	3.389869e+02	
8.499999e+01	3.390131e+02	7.000001e+01	3.389869e+02	
2.590000e+02	3.530131e+02	2.440000e+02	3.529869e+02	
7.499999e+01	3.980131e+02	6.000001e+01	3.979869e+02	
6.040000e+02	2.810122e+02	5.900000e+02	2.809878e+02	
6.160000e+02	3.310122e+02	6.020000e+02	3.309878e+02	
2.620000e+02	3.430122e+02	2.480000e+02	3.429878e+02	
2.199999e+01	3.460122e+02	8.000011e+00	3.459878e+02	
2.340000e+02	3.530122e+02	2.200000e+02	3.529878e+02	
2.850000e+02	3.880122e+02	2.710000e+02	3.879878e+02	
2.889938e+02	4.019969e+02	2.680238e+02	4.035001e+02	
4.720000e+02	4.370122e+02	4.580000e+02	4.369878e+02	
6.330025e+02	2.560735e+02	5.430020e+02	2.590591e+02	
1.099894e+02	288	9.395815e+01	288	
6.899999e+01	2.890113e+02	5.600001e+01	2.889887e+02	
2.980000e+02	3.440113e+02	2.850000e+02	3.439887e+02	
6.240000e+02	2.190105e+02	6.120000e+02	2.189895e+02	
6.390000e+02	2.520105e+02	6.270000e+02	2.519895e+02	
2.899999e+01	2.900105e+02	1.700001e+01	2.899895e+02	
6.390000e+02	3.310105e+02	6.270000e+02	3.309895e+02	
8.399999e+01	3.340105e+02	7.200001e+01	3.339895e+02	
6.390000e+02	3.420105e+02	6.270000e+02	3.419895e+02	
4.440000e+02	3.430105e+02	4.320000e+02	3.429895e+02	
4.703565e+01	346	2.601186e+01	346	
5.329926e+02	3.449303e+02	4.250286e+02	3.562777e+02	
3.020000e+02	3.680105e+02	2.900000e+02	3.679895e+02	
2.540000e+02	4.030105e+02	2.420000e+02	4.029895e+02	
5.190000e+02	4.060105e+02	5.070000e+02	4.059895e+02	
2.810000e+02	4.220105e+02	2.690000e+02	4.219895e+02	
6.270524e+02	202	6.140140e+02	202	
5.800000e+02	2.180096e+02	5.690000e+02	2.179904e+02	
6.100000e+02	2.470096e+02	5.990000e+02	2.469904e+02	
6.060000e+02	2.490096e+02	5.950000e+02	2.489904e+02	
2.820000e+02	2.500096e+02	2.710000e+02	2.499904e+02	
1.160429e+02	261	1.010096e+02	261	
3.699999e+01	3.390096e+02	2.600001e+01	3.389904e+02	
5.409901e+02	3.419050e+02	4.259991e+02	3.539910e+02	
5.590000e+02	3.480096e+02	5.480000e+02	3.479904e+02	
3.060000e+02	3.500096e+02	2.950000e+02	3.499904e+02	
3.099999e+01	3.640096e+02	2.000001e+01	3.639904e+02	
2.570000e+02	3.650096e+02	2.460000e+02	3.649904e+02	
2.120000e+02	3.800096e+02	2.010000e+02	3.799904e+02	
2.920000e+02	3.840096e+02	2.810000e+02	3.839904e+02	
4.510340e+02	427	4.290113e+02	427	
3.979920e+02	1.149086e+02	3.730153e+02	1.171817e+02	
1.139670e+02	2.225042e+02	9.900806e+01	2.239973e+02	
5.620000e+02	2.550087e+02	5.520000e+02	2.549913e+02	
1.580000e+02	2.570087e+02	1.480000e+02	2.569913e+02	
6.000000e+02	2.830087e+02	5.900000e+02	2.829913e+02	
2.810000e+02	3.090087e+02	2.710000e+02	3.089913e+02	
2.960000e+02	3.090087e+02	2.860000e+02	3.089913e+02	
1.699999e+01	3.120087e+02	7.000008e+00	3.119913e+02	
1.110000e+02	3.120087e+02	1.010000e+02	3.119913e+02	
5.640000e+02	3.230087e+02	5.540000e+02	3.229913e+02	
1.950000e+02	3.370087e+02	1.850000e+02	3.369913e+02	
5.089853e+02	339	4.969437e+02	339	
1.090335e+02	3.602618e+02	8.504815e+01	3.633770e+02	
3.350000e+02	3.680087e+02	3.250000e+02	3.679913e+02	
6.390000e+02	3.690087e+02	6.290000e+02	3.689913e+02	
1.699853e+02	373	1.579437e+02	373	
1.910000e+02	3.730087e+02	1.810000e+02	3.729913e+02	
5.609984e+02	3.750017e+02	5.400475e+02	3.774628e+02	
1.299999e+01	3.790087e+02	3.000008e+00	3.789913e+02	
1.400000e+02	4.140087e+02	1.300000e+02	4.139913e+02	
2.880374e+02	435	2.680124e+02	435	
3.929864e+02	1.268978e+02	3.759629e+02	1.286871e+02	
2.669597e+02	1.337129e+02	2.140593e+02	1.414302e+02	
1.100000e+02	2.070079e+02	1.010000e+02	2.069921e+02	
2.819876e+02	208	2.699460e+02	208	
6.320000e+02	2.240079e+02	6.230000e+02	2.239921e+02	
7.007002e+01	227	6.002015e+01	227	
5.780000e+02	2.310079e+02	5.690000e+02	2.309921e+02	
1.580000e+02	2.380079e+02	1.490000e+02	2.379921e+02	
2.670700e+02	251	2.570201e+02	251	
1.129799e+02	258	1.029300e+02	258	
6.699999e+01	2.630079e+02	5.800001e+01	2.629921e+02	
2.899999e+01	2.650079e+02	2.000001e+01	2.649921e+02	
1.560000e+02	2.900079e+02	1.470000e+02	2.899921e+02	
1.100000e+02	2.910079e+02	1.010000e+02	2.909921e+02	
2.660000e+02	3.090079e+02	2.570000e+02	3.089921e+02	
1.100000e+02	3.100079e+02	1.010000e+02	3.099921e+02	
4.410000e+02	3.160079e+02	4.320000e+02	3.159921e+02	
2.329827e+02	3.168982e+02	2.180317e+02	3.184696e+02	
1.550000e+02	3.260079e+02	1.460000e+02	3.259921e+02	
4.630000e+02	3.370079e+02	4.540000e+02	3.369921e+02	
1.430000e+02	3.420079e+02	1.340000e+02	3.419921e+02	
3.110000e+02	3.440079e+02	3.020000e+02	3.439921e+02	
3.330000e+02	3.570079e+02	3.240000e+02	3.569921e+02	
1.059827e+02	3.578982e+02	9.103172e+01	3.594696e+02	
2.499999e+01	3.660079e+02	1.600001e+01	3.659921e+02	
3.970000e+02	3.750079e+02	3.880000e+02	3.749921e+02	
6.319631e+02	3.907293e+02	6.129368e+02	3.924608e+02	
6.070000e+02	3.930079e+02	5.980000e+02	3.929921e+02	
5.120000e+02	3.990079e+02	5.030000e+02	3.989921e+02	
3.480000e+02	4.120079e+02	3.390000e+02	4.119921e+02	
3.469844e+02	414	3.359391e+02	414	
4.570000e+02	4.330079e+02	4.480000e+02	4.329921e+02	
4.670000e+02	4.340079e+02	4.580000e+02	4.339921e+02	
3.769577e+02	1.633755e+00	3.589743e+02	3.778142e+00	
3.949996e+02	1.299799e+01	3.680004e+02	1.800201e+01	
4.010088e+02	4.504753e+01	3.009568e+02	6.377175e+01	
3.999904e+02	4.994983e+01	3.059168e+02	6.653755e+01	
3.310040e+02	1.090398e+02	2.761094e+02	1.177342e+02	
3.609496e+02	1.316379e+02	3.379326e+02	1.345048e+02	
3.980143e+02	1.321139e+02	3.820170e+02	1.341348e+02	
2.989975e+02	1.319996e+02	2.800604e+02	1.345264e+02	
2.200012e+02	1.440113e+02	1.590336e+02	1.522544e+02	
1.219985e+02	1.630058e+02	9.707034e+01	1.665536e+02	
2.409666e+02	1.755551e+02	2.280095e+02	1.770084e+02	
6.040983e+02	201	5.929180e+02	201	
3.099999e+01	2.300070e+02	2.300001e+01	2.299930e+02	
5.850000e+02	2.480070e+02	5.770000e+02	2.479930e+02	
5.600000e+02	2.490070e+02	5.520000e+02	2.489930e+02	
1.550000e+02	3.100070e+02	1.470000e+02	3.099930e+02	
1.550000e+02	3.120070e+02	1.470000e+02	3.119930e+02	
2.940000e+02	3.140070e+02	2.860000e+02	3.139930e+02	
5.740000e+02	3.230070e+02	5.660000e+02	3.229930e+02	
5.870000e+02	3.270070e+02	5.790000e+02	3.269930e+02	
3.230416e+02	329	3.050138e+02	329	
577	331	577	331	
2.150772e+02	355	2.060218e+02	355	
3.999999e+01	3.660070e+02	3.200001e+01	3.659930e+02	
3.299999e+01	3.770070e+02	2.500001e+01	3.769930e+02	
2.179871e+02	387	2.069418e+02	387	
3.399999e+01	4.100070e+02	2.600001e+01	4.099930e+02	
3.650000e+02	4.140070e+02	3.570000e+02	4.139930e+02	
4.780000e+02	4.150070e+02	4.700000e+02	4.149930e+02	
3.370000e+02	4.260070e+02	3.290000e+02	4.259930e+02	
3.800000e+02	4.300070e+02	3.720000e+02	4.299930e+02	
4.780000e+02	4.310070e+02	4.700000e+02	4.309930e+02	
5.900000e+02	4.330070e+02	5.820000e+02	4.329930e+02	
2.509670e+02	4.686642e+02	2.289637e+02	4.706280e+02	
2.730000e+02	5.600611e+01	2.660000e+02	5.599389e+01	
4.099556e+02	6.074125e+01	3.210444e+02	7.625875e+01	
1.398564e+02	8.134018e+01	2.487177e+01	1.064109e+02	
2.079466e+02	1.014726e+02	1.980123e+02	1.029928e+02	
1.940578e+02	1.043169e+02	1.729734e+02	1.078452e+02	
1.530534e+02	1.122782e+02	2.017321e+00	1.410899e+02	
3.999501e+02	1.176717e+02	3.719142e+02	1.214124e+02	
2.479474e+02	1.196758e+02	2.090526e+02	1.263242e+02	
3.529691e+02	1.205925e+02	3.400197e+02	1.221137e+02	
3.310390e+02	1.242579e+02	2.780273e+02	1.321805e+02	
3.999755e+02	1.297694e+02	3.790245e+02	1.322306e+02	
3.629665e+02	1.367356e+02	3.389705e+02	1.397670e+02	
2.580166e+02	1.381330e+02	2.420569e+02	1.404328e+02	
2.430683e+02	1.424633e+02	2.290227e+02	1.441133e+02	
1.619118e+02	1.264983e+02	1.997465e+00	1.549834e+02	
3.190000e+02	1.480061e+02	3.120000e+02	1.479939e+02	
3.230165e+02	1.491305e+02	3.070336e+02	1.512631e+02	
2.810860e+02	153	2.730238e+02	153	
2.809749e+02	1.546348e+02	2.670162e+02	1.561019e+02	
1.599680e+02	1.576896e+02	1.399783e+02	1.597906e+02	
2.099533e+02	1.576052e+02	1.920016e+02	1.600005e+02	
1.619588e+02	1.615385e+02	1.510105e+02	1.629993e+02	
3.239600e+02	1.656538e+02	3.059730e+02	1.677668e+02	
3.110000e+02	1.700061e+02	3.040000e+02	1.699939e+02	
2.809751e+02	1.707939e+02	2.660242e+02	1.723653e+02	
7.902530e+01	1.691599e+02	5.399864e+01	1.729895e+02	
3.899828e+01	1.750103e+02	1.709282e+01	1.786368e+02	
7.099999e+01	2.020061e+02	6.400001e+01	2.019939e+02	
1.139838e+02	2.028981e+02	1.000251e+02	2.043652e+02	
7.106162e+01	2.073913e+02	5.802422e+01	2.091309e+02	
1.579466e+02	2.134726e+02	1.480123e+02	2.149928e+02	
6.390000e+02	2.180061e+02	6.320000e+02	2.179939e+02	
1.580860e+02	223	1.500238e+02	223	
6.699999e+01	2.920061e+02	6.000001e+01	2.919939e+02	
1.230000e+02	3.310061e+02	1.160000e+02	3.309939e+02	
376	330	376	330	
4.849495e+02	3.376907e+02	4.521543e+02	3.431199e+02	
2.290000e+02	3.550061e+02	2.220000e+02	3.549939e+02	
2.920000e+02	3.550061e+02	2.850000e+02	3.549939e+02	
4.640860e+02	363	4.560238e+02	363	
1.910000e+02	3.670061e+02	1.840000e+02	3.669939e+02	
2.640000e+02	3.680061e+02	2.570000e+02	3.679939e+02	
1.080000e+02	3.740061e+02	1.010000e+02	3.739939e+02	
1.860000e+02	3.760061e+02	1.790000e+02	3.759939e+02	
6.390000e+02	3.760061e+02	6.320000e+02	3.759939e+02	
2.630000e+02	4.220061e+02	2.560000e+02	4.219939e+02	
4.560000e+02	4.370061e+02	4.490000e+02	4.369939e+02	
5.400000e+02	4.450061e+02	5.330000e+02	4.449939e+02	
2.969664e+02	3.385276e+01	2.749837e+02	3.892789e+01	
4.049146e+02	5.352688e+01	3.090536e+02	7.129368e+01	
1.799816e+02	61	1.719194e+02	61	
4.048940e+02	6.935173e+01	3.300259e+02	8.214916e+01	
2.939641e+02	6.972422e+01	2.780004e+02	7.199619e+01	
2.990899e+02	7.349183e+01	2.820590e+02	7.631127e+01	
2.500008e+02	7.800659e+01	1.730741e+02	9.337806e+01	
3.459757e+02	7.684080e+01	3.260010e+02	8.000450e+01	
3.770245e+02	7.916820e+01	3.630723e+02	8.147798e+01	
3.109470e+02	9.066404e+01	2.780281e+02	9.617278e+01	
3.919876e+02	9.500876e+01	3.830538e+02	9.648774e+01	
3.859788e+02	9.784587e+01	3.630212e+02	1.011541e+02	
4.010215e+02	9.815259e+01	3.660637e+02	1.034395e+02	
2.490417e+02	9.021930e+01	2.063370e+00	1.373329e+02	
3.260291e+02	1.071842e+02	2.820740e+02	1.144609e+02	
2.480613e+02	1.223679e+02	1.640462e+02	1.362765e+02	
1.630090e+02	1.220508e+02	2.054354e+00	1.513012e+02	
3.559566e+02	1.236917e+02	3.340026e+02	1.270120e+02	
3.229478e+02	1.305842e+02	3.060013e+02	1.329961e+02	
1.609798e+02	1.428645e+02	1.170604e+02	1.494284e+02	
1.619516e+02	1.446938e+02	2.048439e+00	1.703062e+02	
1.040751e+02	1.514565e+02	7.029048e+00	1.671745e+02	
1.769757e+02	1.618507e+02	1.639572e+02	1.637267e+02	
1.150806e+02	169	1.070184e+02	169	
1.600806e+02	176	1.520184e+02	176	
1.599462e+02	1.905123e+02	1.510124e+02	1.919912e+02	
1.580000e+02	1.940052e+02	1.520000e+02	1.939948e+02	
1.589720e+02	1.988654e+02	1.469278e+02	2.005796e+02	
2.760678e+02	206	2.650224e+02	206	
3.207215e+01	2.114204e+02	2.002799e+01	2.131346e+02	
1.540000e+02	2.590052e+02	1.480000e+02	2.589948e+02	
2.700419e+02	2.661923e+02	2.610011e+02	2.679989e+02	
4.310000e+02	2.840052e+02	4.250000e+02	2.839948e+02	
2.800000e+01	2.930052e+02	2.200000e+01	2.929948e+02	
6.600000e+01	3.100052e+02	6.000000e+01	3.099948e+02	
6.600000e+01	3.120052e+02	6.000000e+01	3.119948e+02	
5.850000e+02	3.230052e+02	5.790000e+02	3.229948e+02	
1.520000e+02	3.280052e+02	1.460000e+02	3.279948e+02	
4.600000e+02	3.390052e+02	4.540000e+02	3.389948e+02	
4.860000e+02	3.400052e+02	4.800000e+02	3.399948e+02	
6.900000e+01	3.430052e+02	6.300000e+01	3.429948e+02	
5.019702e+02	3.516300e+02	4.900209e+02	3.531184e+02	
2.120000e+02	3.530052e+02	2.060000e+02	3.529948e+02	
5.190428e+02	3.522733e+02	5.060243e+02	3.541493e+02	
1.460000e+02	3.540052e+02	1.400000e+02	3.539948e+02	
1.809850e+02	3.528833e+02	1.379404e+02	3.574835e+02	
3.050000e+02	3.560052e+02	2.990000e+02	3.559948e+02	
5.010308e+02	3.552381e+02	4.850334e+02	3.572591e+02	
1.598162e+01	362	7.919361e+00	362	
8.400000e+01	3.670052e+02	7.800000e+01	3.669948e+02	
6.249462e+02	3.675123e+02	6.160124e+02	3.689912e+02	
2.799876e+02	3.690088e+02	2.710538e+02	3.704877e+02	
5.540000e+02	3.700052e+02	5.480000e+02	3.699948e+02	
1.940000e+02	3.760052e+02	1.880000e+02	3.759948e+02	
2.590000e+02	3.760052e+02	2.530000e+02	3.759948e+02	
1.329442e+02	3.776584e+02	1.140010e+02	3.809986e+02	
2.760000e+02	3.820052e+02	2.700000e+02	3.819948e+02	
5.260000e+02	3.960052e+02	5.200000e+02	3.959948e+02	
5.360000e+02	3.960052e+02	5.300000e+02	3.959948e+02	
9.200000e+01	3.970052e+02	8.600000e+01	3.969948e+02	
5.360000e+02	3.980052e+02	5.300000e+02	3.979948e+02	
8.100000e+01	4.000052e+02	7.500000e+01	3.999948e+02	
3.700000e+01	4.040052e+02	3.100000e+01	4.039948e+02	
3.250000e+02	4.250052e+02	3.190000e+02	4.249948e+02	
3.470000e+02	4.270052e+02	3.410000e+02	4.269948e+02	
5.200000e+02	4.430052e+02	5.140000e+02	4.429948e+02	
3.611278e+02	2.051744e+01	3.339283e+02	2.669701e+01	
2.761037e+02	2.142892e+01	1.908963e+02	4.157108e+01	
3.309462e+02	2.578028e+01	3.058952e+02	3.156375e+01	
2.249995e+02	5.100281e+01	1.930730e+02	5.738235e+01	
4.029760e+02	6.684076e+01	3.820240e+02	7.015924e+01	
1.569476e+02	7.667003e+01	1.439750e+02	7.884089e+01	
2.500799e+02	7.440009e+01	1.919201e+02	8.559991e+01	
3.039452e+02	7.965823e+01	2.840287e+02	8.317005e+01	
2.489989e+02	8.299441e+01	1.470011e+02	1.030056e+02	
3.109594e+02	8.577410e+01	2.829485e+02	9.071316e+01	
2.490192e+02	9.710450e+01	1.620134e+02	1.130730e+02	
2.489620e+02	1.017929e+02	2.099170e+02	1.085371e+02	
1.450554e+02	1.052735e+02	2.023149e+00	1.341139e+02	
1.539476e+02	1.177225e+02	1.591607e+01	1.435544e+02	
1.949434e+02	1.286687e+02	1.769454e+02	1.316805e+02	
3.610000e+02	1.350044e+02	3.560000e+02	1.349956e+02	
3.530000e+02	1.360044e+02	3.480000e+02	1.359956e+02	
1.789525e+02	1.567066e+02	1.659509e+02	1.586961e+02	
2.419769e+02	1.578689e+02	2.310285e+02	1.593298e+02	
3.229602e+02	1.606191e+02	3.140114e+02	1.620045e+02	
3.190000e+02	1.690044e+02	3.140000e+02	1.689956e+02	
2.690000e+02	1.750044e+02	2.640000e+02	1.749956e+02	
1.599864e+02	1.800030e+02	1.520540e+02	1.814445e+02	
1.140904e+02	182	1.070194e+02	182	
1.140000e+02	1.920044e+02	1.090000e+02	1.919956e+02	
1.149886e+02	1.959955e+02	1.060398e+02	1.973809e+02	
6.997687e+01	2.108689e+02	5.902853e+01	2.123298e+02	
1.550000e+02	2.190044e+02	1.500000e+02	2.189956e+02	
6.320000e+02	2.210044e+02	6.270000e+02	2.209956e+02	
6.060429e+02	2.224579e+02	5.799476e+02	2.244659e+02	
5.460000e+02	2.470044e+02	5.410000e+02	2.469956e+02	
5.970000e+02	2.470044e+02	5.920000e+02	2.469956e+02	
1.470000e+02	2.870044e+02	1.420000e+02	2.869956e+02	
4.320000e+02	2.920044e+02	4.270000e+02	2.919956e+02	
1.600000e+01	3.010044e+02	1.100000e+01	3.009956e+02	
2.700000e+01	3.100044e+02	2.200000e+01	3.099956e+02	
2.700000e+01	3.120044e+02	2.200000e+01	3.119956e+02	
1.629460e+02	3.315555e+02	1.550136e+02	3.329970e+02	
3.140000e+02	3.360044e+02	3.090000e+02	3.359956e+02	
5.210000e+02	3.380044e+02	5.160000e+02	3.379956e+02	
4.291114e+02	339	4.230286e+02	339	
6.100000e+02	3.460044e+02	6.050000e+02	3.459956e+02	
5.339676e+02	3.498246e+02	5.229674e+02	3.518237e+02	
3.040000e+02	3.520044e+02	2.990000e+02	3.519956e+02	
1.550000e+02	3.530044e+02	1.500000e+02	3.529956e+02	
1.490000e+02	3.610044e+02	1.440000e+02	3.609956e+02	
1.170000e+02	3.630044e+02	1.120000e+02	3.629956e+02	
4.790000e+02	3.650044e+02	4.740000e+02	3.649956e+02	
3.780000e+02	3.800044e+02	3.730000e+02	3.799956e+02	
1.010000e+02	3.820044e+02	9.600000e+01	3.819956e+02	
6.094598e+01	3.865555e+02	5.301365e+01	3.879970e+02	
1.150000e+02	3.890044e+02	1.100000e+02	3.889956e+02	
2.810000e+02	3.920044e+02	2.760000e+02	3.919956e+02	
4.940000e+02	3.940044e+02	4.890000e+02	3.939956e+02	
5.100000e+02	3.950044e+02	5.050000e+02	3.949956e+02	
1.490000e+02	3.960044e+02	1.440000e+02	3.959956e+02	
2.820000e+02	3.970044e+02	2.770000e+02	3.969956e+02	
2.109042e+01	411	1.401935e+01	411	
3.350000e+02	4.110044e+02	3.300000e+02	4.109956e+02	
4.320000e+02	4.150044e+02	4.270000e+02	4.149956e+02	
3.160000e+02	4.240044e+02	3.110000e+02	4.239956e+02	
4.098909e+02	4.254538e+02	3.830932e+02	4.314438e+02	
5.220000e+02	4.260044e+02	5.170000e+02	4.259956e+02	
3.680000e+02	4.290044e+02	3.630000e+02	4.289956e+02	
5.400000e+02	4.300044e+02	5.350000e+02	4.299956e+02	
1.929714e+02	435	1.868886e+02	435	
6.389714e+02	438	6.328886e+02	438	
3.900011e+02	4.630041e+02	3.749989e+02	4.669959e+02	
2.190000e+02	4.710044e+02	2.140000e+02	4.709956e+02	
3.720452e+02	4.742008e+02	3.500021e+02	4.790070e+02	
3.618837e+02	1.484247e+00	2.819215e+02	1.965122e+01	
3.859475e+02	1.610846e+00	3.790135e+02	2.996395e+00	
3.479498e+02	6.774435e+00	3.110502e+02	1.522557e+01	
2.751110e+02	1.244593e+01	1.710047e+02	3.801689e+01	
2.748926e+02	1.453350e+01	2.570012e+02	1.899431e+01	
3.000005e+02	2.100316e+01	2.510484e+02	3.221467e+01	
3.089548e+02	2.281012e+01	3.010488e+02	2.438988e+01	
2.230608e+02	2.724224e+01	1.990570e+02	3.322706e+01	
2.720447e+02	3.121415e+01	2.620884e+02	3.342141e+01	
2.569563e+02	3.479274e+01	2.370437e+02	3.920726e+01	
2.319586e+02	4.079603e+01	2.120009e+02	4.500178e+01	
2.520002e+02	4.100532e+01	2.369372e+02	4.476096e+01	
2.030636e+02	4.723750e+01	1.920005e+02	4.999583e+01	
2.250337e+02	4.714463e+01	1.950174e+02	5.407443e+01	
1.879478e+02	4.677275e+01	1.640999e+02	5.245412e+01	
1.650260e+02	6.410988e+01	1.920494e+00	1.026664e+02	
2.909475e+02	6.561085e+01	2.840135e+02	6.699639e+01	
3.009512e+02	8.461012e+01	2.930452e+02	8.618988e+01	
1.099995e+02	8.500101e+01	9.903586e+01	8.719175e+01	
1.880743e+02	8.632320e+01	1.620234e+02	9.209853e+01	
4.009811e+02	9.500741e+01	3.950790e+02	9.647896e+01	
2.429976e+02	9.500290e+01	2.320823e+02	9.742277e+01	
2.669005e+02	1.067928e+02	2.597957e+02	1.083810e+02	
1.995118e+01	1.076101e+02	1.204521e+01	1.091899e+02	
1.930000e+02	1.120035e+02	1.890000e+02	1.119965e+02	
1.869210e+02	1.125210e+02	1.810189e+02	1.139926e+02	
1.290000e+02	1.260035e+02	1.250000e+02	1.259965e+02	
3.450000e+02	1.370035e+02	3.410000e+02	1.369965e+02	
9.951176e+00	1.446101e+02	2.045208e+00	1.461899e+02	
1.979512e+02	1.536101e+02	1.900452e+02	1.551899e+02	
1.340000e+02	1.610035e+02	1.300000e+02	1.609965e+02	
3.115712e+01	2.145690e+02	2.307076e+01	2.161848e+02	
5.631306e+02	227	5.580316e+02	227	
1.579512e+02	2.406101e+02	1.500452e+02	2.421899e+02	
1.759811e+02	2.420074e+02	1.700790e+02	2.434790e+02	
2.980000e+02	2.570035e+02	2.940000e+02	2.569965e+02	
6.895479e+01	2.598101e+02	6.104882e+01	2.613899e+02	
3.095479e+01	2.618101e+02	2.304882e+01	2.633899e+02	
2.840000e+02	2.690035e+02	2.800000e+02	2.689965e+02	
2.660826e+02	275	2.570272e+02	275	
5.050000e+02	3.370035e+02	5.010000e+02	3.369965e+02	
2.630000e+02	3.410035e+02	2.590000e+02	3.409965e+02	
1.569523e+02	3.758106e+02	1.479115e+02	3.776171e+02	
3.000000e+02	3.900035e+02	2.960000e+02	3.899965e+02	
6.390000e+02	3.950035e+02	6.350000e+02	3.949965e+02	
3.150000e+02	4.010035e+02	3.110000e+02	4.009965e+02	
446	408	446	408	
3.080000e+02	4.100035e+02	3.040000e+02	4.099965e+02	
2.962043e+02	4.156190e+02	2.890995e+02	4.172072e+02	
2.809512e+02	4.186101e+02	2.730452e+02	4.201899e+02	
6.179811e+02	4.270074e+02	6.120790e+02	4.284790e+02	
4.490000e+02	4.730035e+02	4.450000e+02	4.729965e+02	
3.279653e+02	15	3.238422e+02	15	
2.520005e+02	2.000434e+01	2.280607e+02	2.624019e+01	
2.609229e+02	2.659468e+01	2.560189e+02	2.799161e+01	
2.859567e+02	2.779027e+01	2.760004e+02	2.999753e+01	
2.509998e+02	2.900015e+01	1.920619e+02	4.424251e+01	
2.449517e+02	3.378311e+01	2.260483e+02	3.821689e+01	
1.940668e+02	3.425254e+01	1.750630e+02	3.923810e+01	
2.519288e+02	4.464043e+01	2.258958e+02	4.946537e+01	
2.699209e+02	5.877309e+01	2.628570e+02	6.053430e+01	
1.319653e+02	80	1.278422e+02	80	
1.229567e+02	8.179027e+01	1.130004e+02	8.399753e+01	
2.669229e+02	8.359468e+01	2.620189e+02	8.499161e+01	
3.310744e+02	128	3.210246e+02	128	
1.689507e+02	1.326757e+02	1.630144e+02	1.340026e+02	
5.779363e+02	1.927513e+02	5.659997e+02	1.959944e+02	
4.789856e+02	3.579974e+02	4.730493e+02	3.593243e+02	
3.189942e+02	3.580114e+02	3.053629e+02	3.648077e+02	
1.696047e+02	3.631865e+02	1.428099e+02	3.766043e+02	
3.209971e+02	3.629936e+02	3.060743e+02	3.672727e+02	
587	374	587	374	
1.369567e+02	3.807903e+02	1.270004e+02	3.829975e+02	
4.776465e+01	3.913864e+02	3.410072e+01	3.972427e+02	
4.570000e+02	4.070026e+02	4.540000e+02	4.069974e+02	
5.469507e+02	4.096757e+02	5.410144e+02	4.110026e+02	
3.339811e+02	4.160084e+02	3.290771e+02	4.174053e+02	
2.315725e+02	4.721201e+02	2.210146e+02	4.779965e+02	
3.701248e+02	4.725133e+02	3.459820e+02	4.779099e+02	
6.008571e+02	2.027353e+02	5.801429e+02	2.142647e+02	
5.639966e+02	2.400014e+02	5.561435e+02	2.433672e+02	
6.392110e+02	2.553898e+02	6.267890e+02	2.616102e+02	
5.819999e+02	3.610049e+02	5.681212e+02	3.663325e+02	
1.587454e+02	3.635044e+02	1.430396e+02	3.720675e+02	
1.129964e+02	3.819979e+02	1.041161e+02	3.853357e+02	
3.709055e+02	4.037049e+02	3.519993e+02	4.099941e+02	
5.749984e+02	2.010065e+02	5.652199e+02	2.064268e+02	
5.820043e+02	2.080068e+02	5.709957e+02	2.149932e+02	
5.780000e+02	2.359999e+02	5.710000e+02	2.390001e+02	
6.387808e+02	2.616380e+02	6.239460e+02	2.709078e+02	
374	2.939982e+02	374	1.599945e+02	
4.519286e+02	3.360008e+02	4.496665e+02	1.740043e+02	
4.541101e+02	3.359985e+02	4.517782e+02	1.690028e+02	
4.614949e+02	3.360080e+02	4.599065e+02	2.060024e+02	
4.637890e+02	3.350030e+02	4.617503e+02	1.890035e+02	
335	3.149964e+02	335	2.509886e+02	
4.494633e+02	3.369953e+02	4.478925e+02	2.370027e+02	
418	4.279955e+02	418	3.789853e+02	
5.403440e+02	3.239925e+02	5.379247e+02	2.250019e+02	
459	2.040250e+02	459	1.629762e+02	
470	3.330192e+02	470	2.960057e+02	
580	3.050165e+02	580	2.640043e+02	
285	3.079929e+02	285	2.749777e+02	
447	1.929963e+02	447	1.509844e+02	
477	3.359963e+02	477	2.939844e+02	
4.205091e+02	2.690119e+02	4.188384e+02	1.820050e+02	
476	2.740279e+02	476	2.319803e+02	
483	3.280229e+02	483	2.960073e+02	
481	2.200181e+02	481	1.830046e+02	
491	1.669931e+02	491	1.349775e+02	
436	1.789953e+02	436	1.429814e+02	
6.251774e+02	3.259921e+02	6.234189e+02	2.729835e+02	
531	3.340239e+02	531	3.040073e+02	
4.410815e+02	2.009945e+02	4.395054e+02	1.580117e+02	
4.884946e+02	2.819884e+02	4.868819e+02	2.380066e+02	
494	3.300213e+02	494	2.980057e+02	
524	3.350213e+02	524	3.030057e+02	
5.289296e+02	3.340019e+02	5.269395e+02	2.580016e+02	
5.755416e+02	3.019857e+02	5.739760e+02	2.630043e+02	
480	1.570242e+02	480	1.280070e+02	
5.161913e+02	2.859929e+02	5.144628e+02	2.199852e+02	
498	2.729941e+02	498	2.429774e+02	
415	1.100372e+02	415	1.995579e+00	
5.082886e+02	2.879897e+02	5.057680e+02	2.120052e+02	
509	1.830245e+02	509	1.550067e+02	
5.175442e+02	3.349836e+02	5.160012e+02	3.010040e+02	
5.351241e+02	3.339961e+02	5.333399e+02	2.609905e+02	
6.229222e+02	3.280028e+02	6.207012e+02	2.750116e+02	
486	2.160209e+02	486	1.850047e+02	
4.829780e+02	2.669967e+02	4.814629e+02	2.360176e+02	
4.894413e+02	3.359886e+02	4.878757e+02	2.970072e+02	
4.976823e+02	2.260194e+02	4.960043e+02	1.940009e+02	
5.055671e+02	3.340255e+02	5.039627e+02	3.000045e+02	
517	1.940225e+02	517	1.650053e+02	
5.220372e+02	3.349945e+02	5.204820e+02	3.020160e+02	
435	2.529951e+02	435	2.239779e+02	
508	3.260257e+02	508	3.000065e+02	
5.241122e+02	2.909921e+02	5.225238e+02	2.560139e+02	
250	1.260322e+02	250	1.040094e+02	
271	3.360346e+02	271	3.150108e+02	
417	3.400266e+02	417	3.150067e+02	
519	2.350381e+02	519	2.109549e+02	
5.514709e+02	3.179856e+02	5.499157e+02	2.850071e+02	
441	2.549945e+02	441	2.289753e+02	
4.864143e+02	1.649885e+02	4.848434e+02	1.290089e+02	
505	1.730313e+02	505	1.510086e+02	
512	2.890163e+02	512	2.430054e+02	
524	1.910362e+02	524	1.710113e+02	
526	2.390313e+02	526	2.170086e+02	
531	1.990472e+02	531	1.759604e+02	
5.335466e+02	2.489792e+02	5.319913e+02	2.220055e+02	
5.360087e+02	2.499945e+02	5.344534e+02	2.230208e+02	
4.855178e+02	4.189805e+02	4.839625e+02	3.920068e+02	
5.042578e+02	2.840327e+02	5.026533e+02	2.299732e+02	
511	2.390215e+02	511	2.060063e+02	
514	1.870487e+02	514	1.629655e+02	
5.144238e+02	3.339872e+02	5.128686e+02	3.010087e+02	
554	2.809882e+02	554	2.619619e+02	
4.120662e+02	1.649920e+02	4.105110e+02	1.380183e+02	
5.012020e+02	1.799888e+02	4.995997e+02	1.460119e+02	
521	1.870474e+02	521	1.669476e+02	
529	2.389929e+02	529	2.169701e+02	
5.370393e+02	2.879930e+02	5.354962e+02	2.620196e+02	
404	3.099986e+02	404	1.699950e+02	
4.754577e+02	2.090360e+02	4.737851e+02	1.760178e+02	
5.210950e+02	2.819909e+02	5.195397e+02	2.550172e+02	
635	3.049863e+02	635	2.889551e+02	
313	9.704330e+01	313	8.101208e+01	
4.191908e+02	1.079878e+02	4.176216e+02	7.901298e+01	
424	4.029879e+02	424	3.869567e+02	
503	2.289855e+02	503	2.139522e+02	
550	2.809924e+02	550	2.619661e+02	
5.704393e+02	4.099823e+02	5.688683e+02	3.850117e+02	
421	3.160100e+02	421	3.410300e+02	
444	2.609846e+02	444	2.469490e+02	
4.945632e+02	2.810222e+02	4.929960e+02	2.420024e+02	
502	2.130510e+02	502	1.990154e+02	
538	1.720813e+02	538	1.952761e+02	
548	2.469846e+02	548	2.329490e+02	
560	4.099846e+02	560	3.959490e+02	
565	4.310460e+02	565	4.160127e+02	
5.904757e+02	3.049772e+02	5.889359e+02	2.840099e+02	
624	3.569846e+02	624	3.429490e+02	
635	3.660384e+02	635	3.490091e+02	
6.381240e+02	3.669877e+02	6.365582e+02	3.440193e+02	
374	308	374	296	
461	1.430490e+02	461	1.290133e+02	
626	3.640357e+02	626	3.430119e+02	
301	1.449826e+02	301	1.329410e+02	
4.701400e+02	2.629849e+02	4.685688e+02	2.430217e+02	
492	2.110374e+02	492	1.910124e+02	
5.782046e+02	3.169924e+02	5.759558e+02	2.610018e+02	
5.863994e+02	3.170289e+02	5.843810e+02	2.619841e+02	
599	4.289885e+02	599	4.149529e+02	
403	1.109853e+02	403	9.894367e+01	
417	2.798807e+01	417	1.494967e+01	
423	3.860641e+02	423	3.750187e+02	
5.419973e+02	3.399919e+02	5.405042e+02	3.250330e+02	
543	2.450641e+02	543	2.340187e+02	
5.650004e+02	4.129929e+02	5.635475e+02	3.970276e+02	
260	9.707002e+01	260	8.702015e+01	
285	3.400374e+02	285	3.200124e+02	
335	210	335	201	
4.713917e+02	2.839776e+02	4.699075e+02	2.670130e+02	
5.442736e+02	2.829728e+02	5.422883e+02	2.619714e+02	
611	3.760155e+02	611	3.920467e+02	
261	7.407720e+01	261	6.502182e+01	
2.760964e+02	1.349847e+02	2.746033e+02	1.200258e+02	
418	6.897818e+01	418	5.992280e+01	
419	5.107720e+01	419	4.202182e+01	
421	3.059782e+02	421	2.969228e+02	
433	3.060663e+02	433	2.960164e+02	
4.691459e+02	2.059855e+02	4.674999e+02	1.830226e+02	
5.379561e+02	2.140070e+02	5.330439e+02	1.829930e+02	
3.925274e+02	4.129466e+02	3.910072e+02	4.030123e+02	
4.184615e+02	1.229588e+02	4.170007e+02	1.120105e+02	
4.659995e+02	9.300008e+01	4.640005e+02	8.199992e+01	
521	2.909762e+02	521	2.829140e+02	
544	1.920860e+02	544	1.840238e+02	
6.043206e+02	3.839621e+02	6.023333e+02	3.659607e+02	
6.122061e+02	2.729751e+02	6.106347e+02	2.580242e+02	
611	4.160728e+02	611	4.070174e+02	
7.700703e+01	3.879883e+02	7.557362e+01	3.780412e+02	
2.454877e+02	2.479462e+02	2.440088e+02	2.390124e+02	
3.213092e+02	3.879567e+02	3.189941e+02	3.730021e+02	
3.303068e+02	9.994149e+01	3.284457e+02	8.791917e+01	
4.480566e+02	2.356861e+02	4.416346e+02	2.148112e+02	
476	1.140971e+02	476	1.070260e+02	
479	4.139740e+02	479	4.069029e+02	
482	1.500971e+02	482	1.430260e+02	
556	2.049816e+02	556	1.969194e+02	
563	3.160971e+02	563	3.090260e+02	
5.931549e+02	4.239761e+02	5.908451e+02	4.100239e+02	
620	3.839816e+02	620	3.759194e+02	
6.286504e+02	4.111154e+02	6.233496e+02	3.938846e+02	
2.610045e+02	1.459886e+02	2.596191e+02	1.370398e+02	
3.159973e+02	3.569987e+02	3.142125e+02	3.489480e+02	
4.059975e+02	9.499957e+01	4.037903e+02	8.504327e+01	
424	3.540826e+02	424	3.450272e+02	
4.527515e+02	1.350334e+02	4.508811e+02	1.200167e+02	
496	3.449714e+02	496	3.388886e+02	
5.094445e+02	3.349460e+02	5.080030e+02	3.270136e+02	
6.143769e+02	2.689631e+02	6.128568e+02	2.590288e+02	
6.326605e+02	3.900780e+02	6.285422e+02	3.708676e+02	
6.344445e+02	3.169460e+02	6.330030e+02	3.090136e+02	
59	1.791306e+02	59	1.740316e+02	
184	166	184	166	
1.851899e+02	3.459548e+02	1.836101e+02	3.380488e+02	
2.256375e+02	4.136213e+02	2.182756e+02	4.018398e+02	
3.045241e+02	2.318416e+02	2.995507e+02	2.148338e+02	
555	4.081056e+02	555	4.010345e+02	
5.661899e+02	3.169548e+02	5.646101e+02	3.090488e+02	
6.050067e+02	4.159983e+02	6.019933e+02	4.040017e+02	
82	378	82	378	
1.009916e+02	1.739811e+02	9.959468e+01	1.690771e+02	
1.652079e+02	6.094834e+01	1.636774e+02	5.404488e+01	
2.870078e+02	3.709970e+02	2.799922e+02	3.530030e+02	
3.222336e+02	3.769476e+02	3.197664e+02	3.670524e+02	
3.252474e+02	3.789314e+02	3.222580e+02	3.679286e+02	
4.050026e+02	8.398557e+01	4.036757e+02	7.804930e+01	
427	5.296526e+01	427	4.884216e+01	
4.392698e+02	2.278989e+02	4.365436e+02	2.188122e+02	
493	216	493	213	
5.453243e+02	3.169507e+02	5.439974e+02	3.110144e+02	
5.849993e+02	4.029974e+02	5.822732e+02	3.939107e+02	
5.897862e+02	4.070822e+02	5.848856e+02	3.940444e+02	
1.253710e+02	4.038290e+02	1.203794e+02	3.928252e+02	
2.893987e+02	3.698139e+02	2.840073e+02	3.590004e+02	
3.216569e+02	4.101428e+02	3.140009e+02	3.910016e+02	
4.079990e+02	3.470005e+02	4.020010e+02	3.359995e+02	
6.069223e+02	4.357226e+02	5.999923e+02	4.150109e+02	
6.361789e+02	4.098875e+02	6.283547e+02	3.973662e+02	
2.974729e+02	2.207074e+02	2.910024e+02	2.110053e+02	
4.100007e+02	2.099951e+01	4.029993e+02	1.100049e+01	
4.674709e+02	7.361746e+01	4.160225e+02	1.098313e+01	
4.429997e+02	5.400027e+01	4.190003e+02	2.599973e+01	
4.844974e+02	1.275298e+02	4.190055e+02	5.899645e+01	
4.619172e+02	8.007122e+01	4.180828e+02	2.892878e+01	
4.419058e+02	4.807850e+01	4.210942e+02	2.292150e+01	
4.735054e+02	1.245054e+02	4.274946e+02	7.849457e+01	
4.639998e+02	7.900020e+01	4.460002e+02	5.799980e+01	
5.367997e+02	1.651677e+02	4.682003e+02	8.283226e+01	
5.349520e+02	1.710420e+02	4.790480e+02	1.069580e+02	
5.550026e+02	2.059976e+02	5.419974e+02	1.920024e+02	
5.529892e+02	1.830088e+02	5.390108e+02	1.659912e+02	
5.513874e+02	1.886930e+02	5.401104e+02	1.749151e+02	
6.331912e+02	2.848843e+02	6.258088e+02	2.731157e+02	
338	1.459956e+02	338	3.159986e+02	
376	308	376	142	
373	295	373	295	
412	311	412	183	
304	2.329902e+02	304	3.270114e+02	
429	189	429	139	
241	2.480049e+02	241	2.950155e+02	
2.066680e+02	2.629901e+02	2.048872e+02	3.309962e+02	
2.481729e+02	2.650046e+02	2.465602e+02	3.419942e+02	
3.010259e+02	2.640022e+02	2.985041e+02	3.400196e+02	
283	248	283	209	
285	248	285	210	
268	249	268	212	
335	250	335	213	
499	336	499	299	
270	2.109815e+02	270	2.489947e+02	
297	308	297	274	
325	1.299790e+02	325	1.649933e+02	
282	308	282	275	
305	167	305	134	
256	308	256	276	
403	155	403	123	
265	171	265	140	
474	335	474	304	
244	174	244	144	
490	168	490	168	
99	2.929730e+02	99	3.300270e+02	
102	2.279756e+02	102	2.579922e+02	
145	2.919789e+02	145	3.249941e+02	
1.797287e+02	2.049911e+02	1.759259e+02	3.259974e+02	
1.901369e+02	1.620042e+02	1.856120e+02	3.059887e+02	
227	1.459761e+02	227	1.759927e+02	
2.527685e+02	4.599166e+01	2.507781e+02	1.029920e+02	
256	250	256	222	
262	175	262	147	
283	1.359793e+02	283	1.689944e+02	
402	42	402	14	
433	178	433	150	
1.826473e+02	2.289851e+02	1.788314e+02	3.239927e+02	
240	2.959777e+02	240	3.269938e+02	
411	49	411	22	
1.623631e+02	1.630119e+02	1.567067e+02	3.249903e+02	
421	390	421	364	
437	253	437	227	
444	185	444	159	
496	169	496	143	
2.000000e+00	1.959810e+02	2.000000e+00	2.299957e+02	
150	190	150	165	
295	340	295	315	
473	266	473	241	
4.000000e+00	319	4.000000e+00	295	
136	231	136	207	
256	339	256	315	
280	3.150082e+02	280	3.410274e+02	
339	385	339	361	
430	2.219778e+02	430	2.519945e+02	
486	336	486	312	
530	283	530	259	
537	329	537	305	
73	217	73	194	
7.927211e+01	1.760125e+02	7.205729e+01	3.290026e+02	
2.572281e+02	5.400759e+01	2.547719e+02	1.209924e+02	
411	93	411	70	
528	200	528	177	
4.008868e+01	1.790048e+02	3.201933e+01	3.280010e+02	
1.430912e+02	2.220069e+02	1.415203e+02	2.579865e+02	
1.430268e+02	3.020054e+02	1.414629e+02	3.339828e+02	
254	250	254	228	
270	308	270	286	
522	235	522	213	
145	2.260071e+02	145	2.610214e+02	
224	1.549692e+02	224	1.779909e+02	
265	3.150081e+02	265	3.390289e+02	
267	2.859669e+02	267	3.079897e+02	
292	307	292	286	
442	336	442	315	
555	306	555	285	
567	3.790064e+02	567	4.180192e+02	
5.813476e+01	2.930107e+02	5.649917e+01	3.290291e+02	
105	1.710067e+02	105	1.960266e+02	
137	204	137	184	
26	1.820076e+02	26	2.050294e+02	
54	3.320178e+02	54	2.900059e+02	
138	182	138	163	
280	21	280	2	
431	336	431	317	
449	173	449	154	
3.210011e+01	2.310086e+02	3.052916e+01	2.609841e+02	
7.669347e+01	1.860342e+02	7.095474e+01	2.919968e+02	
9.122191e+01	2.890135e+02	8.947496e+01	3.290254e+02	
9.717843e+01	2.970095e+02	9.560753e+01	3.329891e+02	
1.479783e+02	1.690043e+02	1.464509e+02	1.939776e+02	
207	178	207	160	
210	242	210	224	
411	3.769713e+02	411	3.999930e+02	
474	155	474	137	
493	160	493	142	
5.019195e+01	2.950118e+02	4.817365e+01	3.280107e+02	
7.151628e+01	2.279671e+02	6.983635e+01	2.589861e+02	
102	1.770106e+02	102	1.960369e+02	
1.461312e+02	1.610080e+02	1.439333e+02	1.949958e+02	
177	211	177	194	
302	163	302	146	
413	148	413	131	
416	228	416	211	
418	378	418	361	
435	335	435	318	
437	335	437	318	
440	335	440	318	
472	205	472	188	
536	189	536	172	
1.727475e+01	1.840185e+02	9.725247e+00	2.919815e+02	
114	240	114	224	
148	241	148	225	
2.980689e+02	2.220082e+02	2.965258e+02	2.479817e+02	
3.361130e+02	1.490092e+02	3.344967e+02	1.860279e+02	
412	4.040073e+02	412	4.250311e+02	
426	164	426	148	
499	291	499	275	
561	430	561	414	
7.000000e+00	311	7.000000e+00	296	
23	1.870085e+02	23	2.060348e+02	
29	309	29	294	
140	185	140	170	
301	247	301	232	
363	120	363	105	
485	270	485	255	
493	2.169624e+02	493	2.349901e+02	
536	366	536	351	
589	280	589	265	
6	328	6	314	
10	2.430102e+02	10	2.600396e+02	
15	257	15	243	
2.318742e+01	2.350135e+02	2.158505e+01	2.619844e+02	
48	246	48	232	
6.863005e+01	2.939780e+02	6.679530e+01	3.289871e+02	
99	2.429567e+02	99	2.589879e+02	
135	2.349522e+02	135	2.499855e+02	
300	173	300	159	
337	3.419567e+02	337	3.579879e+02	
412	120	412	106	
533	366	533	352	
540	246	540	232	
587	280	587	266	
633	306	633	292	
11	242	11	229	
3.244181e+01	2.640193e+02	3.087598e+01	2.869877e+02	
3.615334e+01	2.040111e+02	3.392320e+01	2.329943e+02	
54	1.789581e+02	54	1.949894e+02	
98	2.260127e+02	98	2.410460e+02	
178	189	178	176	
250	2.319644e+02	250	2.499922e+02	
416	209	416	196	
461	188	461	175	
483	284	483	271	
522	366	522	353	
553	1.849540e+02	553	1.999873e+02	
563	423	563	410	
595	330	595	317	
1.509135e+01	1.820080e+02	1.299894e+01	2.049998e+02	
14	270	14	258	
16	326	16	314	
6.142868e+01	1.810196e+02	5.985411e+01	2.029860e+02	
6.150387e+01	2.320188e+02	5.984224e+01	2.599874e+02	
105	2.430133e+02	105	2.570490e+02	
186	3.079380e+02	186	3.230708e+02	
246	276	246	264	
339	358	339	346	
470	242	470	230	
497	336	497	324	
589	3.120110e+02	589	3.270443e+02	
589	340	589	328	
4	195	4.000000e+00	184	
5.815283e+01	2.390138e+02	5.661660e+01	2.609828e+02	
74	1.750096e+02	74	1.900429e+02	
88	316	88	305	
105	240	105	229	
1.204693e+02	3.600262e+02	1.189294e+02	3.779880e+02	
244	188	244	177	
2.480852e+02	2.330119e+02	2.465593e+02	2.519770e+02	
335	1.880174e+02	335	2.000590e+02	
341	357	341	346	
444	246	444	235	
466	429	466	418	
482	140	482	129	
484	213	484	202	
495	433	495	422	
519	365	519	354	
588	305	588	294	
590	402	590	391	
612	355	612	344	
628	305	628	294	
31	227	31	217	
3.542336e+01	1.809457e+02	3.374340e+01	2.049702e+02	
48	292	48	282	
64	1.760119e+02	64	1.890503e+02	
1.173833e+02	1.680184e+02	1.157704e+02	1.889803e+02	
139	1.919437e+02	139	2.039853e+02	
208	120	208	110	
223	153	223	143	
236	294	236	284	
2.783833e+02	2.018880e+00	2.768470e+02	2.198485e+01	
325	179	325	169	
3.459926e+02	3.700091e+02	3.444524e+02	3.839600e+02	
416	193	416	183	
417	306	417	296	
422	4.210440e+02	422	4.040146e+02	
500	433	500	423	
505	434	505	424	
515	435	515	425	
527	251	527	241	
2.045319e+01	2.940281e+02	1.825530e+01	3.280159e+02	
2.046950e+01	2.420330e+02	1.900237e+01	2.559918e+02	
47	308	47	299	
53	244	53	235	
57	238	57	229	
95	280	95	271	
99	197	99	188	
111	280	111	271	
112	2.899448e+02	112	3.070621e+02	
148	2.430124e+02	148	2.550540e+02	
166	76	166	67	
1.853927e+02	1.960376e+02	1.822005e+02	2.280190e+02	
270	284	270	275	
286	319	286	319	
301	259	301	250	
304	106	304	97	
334	211	334	211	
364	145	364	136	
417	290	417	281	
421	162	421	153	
469	182	469	173	
477	223	477	214	
480	404	480	395	
505	365	505	356	
510	4.240201e+02	510	4.340700e+02	
523	246	523	237	
544	2.850155e+02	544	3.010467e+02	
5.656033e+02	3.739554e+02	5.637058e+02	3.929659e+02	
589	351	589	342	
619	354	619	345	
2.099634e+01	1.820009e+02	1.863494e+01	2.009594e+02	
5.299021e+01	1.749984e+02	5.000979e+01	1.930016e+02	
6.451781e+01	2.320195e+02	6.296252e+01	2.589932e+02	
95	298	95	290	
97	287	97	279	
169	3.992280e+01	169	4.897818e+01	
176	2.230138e+02	176	2.410416e+02	
212	1.620164e+02	212	1.720663e+02	
261	296	261	288	
263	296	263	288	
2.704449e+02	3.580334e+02	2.689916e+02	3.709905e+02	
298	4.020129e+02	298	4.130582e+02	
403	385	403	377	
406	409	406	401	
420	289	420	281	
436	189	436	181	
478	402	478	394	
483	418	483	410	
5.399952e+02	4.120098e+02	5.385069e+02	4.239591e+02	
546	280	546	272	
587	292	587	284	
5.241341e+01	3.130331e+02	5.098763e+01	3.249900e+02	
9.332516e+01	1.730317e+02	9.164523e+01	2.040507e+02	
100	240	100	233	
102	3.969272e+02	102	4.059826e+02	
126	413	126	406	
132	352	132	345	
238	315	238	308	
259	118	259	111	
263	307	263	300	
275	295	275	288	
2.783872e+02	1.838913e+02	2.767615e+02	1.969434e+02	
290	307	290	300	
297	106	297	99	
3.374075e+02	3.720309e+02	3.358863e+02	3.849803e+02	
3.593653e+02	3.710242e+02	3.577939e+02	3.859751e+02	
3.629928e+02	3.480123e+02	3.614726e+02	3.579466e+02	
364	191	364	184	
432	149	432	142	
442	3.049140e+02	442	3.129762e+02	
486	217	486	217	
555	317	555	310	
557	279	557	272	
561	280	561	273	
5.634505e+02	3.739195e+02	5.617899e+02	3.889609e+02	
581	316	581	309	
67	1.770177e+02	67	1.910534e+02	
85	3.059194e+02	85	3.139816e+02	
1.684877e+02	1.180538e+02	1.670088e+02	1.269876e+02	
179	1.629194e+02	179	1.709816e+02	
1.847267e+02	1.519572e+02	1.828507e+02	1.649757e+02	
234	117	234	111	
265	191	265	185	
300	157	300	151	
320	389	320	389	
412	3.150177e+02	412	3.290534e+02	
414	161	414	155	
421	177	421	171	
559	280	559	274	
561	316	561	310	
5.317579e+01	2.160301e+02	5.100057e+01	2.279995e+02	
7.144451e+01	2.130540e+02	7.000296e+01	2.209864e+02	
2.601432e+02	5.402884e+01	2.586231e+02	6.396308e+01	
259	1.938886e+02	259	1.999714e+02	
273	189	273	184	
3.074013e+02	3.790809e+02	3.018062e+02	4.049593e+02	
453	398	453	393	
471	187	471	182	
87	278	87	274	
1.999963e+02	4.039988e+02	1.960037e+02	4.160012e+02	
2.383892e+02	2.290525e+02	2.370036e+02	2.359865e+02	
3.104628e+02	3.448309e+02	3.057299e+02	3.609120e+02	
3.893253e+02	3.641113e+02	3.849991e+02	3.759975e+02	
3.987929e+02	8.442428e+01	3.937868e+02	9.442123e+01	
4.101899e+02	3.760452e+02	4.086101e+02	3.839512e+02	
423	103	423	99	
439	246	439	242	
440	154	440	154	
473	301	473	297	
483	333	483	329	
543	306	543	302	
6.188975e+02	2.749196e+02	6.026060e+02	2.946828e+02	
8.332259e+01	3.790449e+02	8.179213e+01	3.859483e+02	
101	168	101	168	
1.249975e+02	3.670004e+02	1.227903e+02	3.769567e+02	
1.447929e+02	2.659528e+02	1.427817e+02	2.749503e+02	
214	148	214	148	
407	3.570347e+02	407	3.611578e+02	
414	371	414	371	
4.819996e+02	3.720015e+02	4.787232e+02	3.829223e+02	
4.859993e+02	3.720011e+02	4.817180e+02	3.859177e+02	
520	237	520	237	
520	435	520	435	
5.959241e+02	3.972496e+02	5.919992e+02	4.089797e+02	
6.108575e+02	2.738939e+02	5.986546e+02	2.897397e+02	
6.017228e+02	2.959167e+02	5.954091e+02	3.158199e+02	
635	367	635	367	
2.556153e+02	2.168192e+02	2.486197e+02	2.318212e+02	
4.339984e+02	2.150037e+02	4.316497e+02	2.208760e+02	
4.387031e+02	2.818334e+02	4.334005e+02	2.906584e+02	
5.979973e+02	2.910068e+02	5.912656e+02	3.067130e+02	
2.449972e+02	2.150027e+02	2.385749e+02	2.267821e+02	
2.511135e+02	2.140635e+02	2.448865e+02	2.249365e+02	
3.643911e+02	3.112713e+02	3.530884e+02	3.270589e+02	
3.877728e+02	3.118441e+02	3.762272e+02	3.291559e+02	
4.407114e+02	2.958196e+02	4.358525e+02	3.039061e+02	
6.052910e+02	2.022047e+02	5.981853e+02	2.121299e+02	