7.079783082008361816e-01 1.358773040771484375e+02 3.334552001953125000e+01 1.264129791259765625e+02
2.579298257827758789e+00 1.071080856323242188e+02 3.631415939331054688e+01 9.993794250488281250e+01
5.344669723510742188e+01 1.752831878662109375e+02 1.016334686279296875e+02 1.661969604492187500e+02
1.075373458862304688e+02 2.858921813964843750e+01 6.766210174560546875e+01 4.206418609619140625e+01
3.456415653228759766e+00 6.159555053710937500e+01 3.821250534057617188e+01 5.059803771972656250e+01
6.337186694145202637e-01 1.855354309082031250e+02 3.153378677368164062e+01 1.789463500976562500e+02
7.764855027198791504e-01 2.124934539794921875e+02 2.806277275085449219e+01 2.078847961425781250e+02
2.660080566406250000e+02 8.388276696205139160e-01 2.667268981933593750e+02 2.349530944824218750e+02
3.359458618164062500e+02 1.790426635742187500e+02 3.486409912109375000e+02 1.867342376708984375e+02
5.821457672119140625e+01 2.038354797363281250e+02 9.859772491455078125e+01 1.964919738769531250e+02
4.669378662109375000e+02 9.144227600097656250e+01 4.513541870117187500e+02 9.307038879394531250e+01
6.139024734497070312e+01 3.288421249389648438e+01 1.082841186523437500e+02 1.767483901977539062e+01
1.030560302734375000e+02 1.104128799438476562e+02 6.300918960571289062e+01 1.209532775878906250e+02
1.060851440429687500e+02 8.106044006347656250e+01 5.861087036132812500e+01 9.277619171142578125e+01
3.033323364257812500e+02 2.946799316406250000e+02 2.209353790283203125e+02 3.009809265136718750e+02
6.635683774948120117e-01 1.513091125488281250e+02 3.223929595947265625e+01 1.435495147705078125e+02
1.335635833740234375e+02 1.046077489852905273e+00 1.242672882080078125e+02 2.502402038574218750e+02
5.522415771484375000e+02 2.640088195800781250e+02 5.292009887695312500e+02 2.649865722656250000e+02
4.680328979492187500e+02 1.179576110839843750e+02 4.525933532714843750e+02 1.190194702148437500e+02
1.719181976318359375e+02 3.799484558105468750e+02 1.728985290527343750e+02 3.243347778320312500e+02
3.751288986206054688e+01 6.629563903808593750e+01 5.881280899047851562e+00 7.591432189941406250e+01
1.612455139160156250e+02 1.637030124664306641e+00 1.522434082031250000e+02 2.483996734619140625e+02
4.584092712402343750e+02 2.372117614746093750e+02 4.281203002929687500e+02 2.386551666259765625e+02
4.385408325195312500e+02 1.398678283691406250e+02 4.404690856933593750e+02 1.705876159667968750e+02
3.473015747070312500e+02 9.924459838867187500e+01 3.338522644042968750e+02 8.817903137207031250e+01
1.519588012695312500e+02 3.234272460937500000e+02 1.509989624023437500e+02 3.806899719238281250e+02
4.537608337402343750e+02 1.366015472412109375e+02 4.690768127441406250e+02 1.336830749511718750e+02
3.810775756835937500e+02 1.299122619628906250e+02 3.914773254394531250e+02 1.376255340576171875e+02
1.769952697753906250e+02 5.489276123046875000e+01 2.132210540771484375e+02 4.649682617187500000e+01
1.461682434082031250e+02 9.159170150756835938e+00 1.387706146240234375e+02 2.495357360839843750e+02
4.338508300781250000e+02 6.095991730690002441e-01 4.588162841796875000e+02 4.363811111450195312e+01
6.439182162284851074e-01 1.256116790771484375e+02 3.387514495849609375e+01 1.173472976684570312e+02
9.800804901123046875e+01 2.128905029296875000e+02 5.873912811279296875e+01 2.194737854003906250e+02
6.326280593872070312e+01 1.364835357666015625e+02 1.019965972900390625e+02 1.286413269042968750e+02
9.328247833251953125e+01 3.085185241699218750e+02 1.613047485351562500e+02 3.028817749023437500e+02
1.089447402954101562e+02 1.774696350097656250e+00 9.094111919403076172e-01 4.335429382324218750e+01
3.314920654296875000e+02 8.406221866607666016e-01 3.465020446777343750e+02 1.605031776428222656e+01
3.033947753906250000e+02 3.360423278808593750e+02 4.486359252929687500e+02 3.480020141601562500e+02
2.091835737228393555e+00 2.276391296386718750e+02 2.699111557006835938e+01 2.239852752685546875e+02
3.765622558593750000e+02 3.944350051879882812e+01 3.830576782226562500e+02 2.643547668457031250e+02
4.173868103027343750e+02 4.755903244018554688e+01 4.170748596191406250e+02 6.893150329589843750e+01
1.612455139160156250e+02 1.637030124664306641e+00 1.461682434082031250e+02 9.159170150756835938e+00
1.067805175781250000e+02 4.620999908447265625e+01 6.825405883789062500e+01 5.702630615234375000e+01
2.484872436523437500e+02 3.805689086914062500e+02 2.481867980957031250e+02 3.204639587402343750e+02
4.822574157714843750e+02 3.283618164062500000e+02 5.331217651367187500e+02 3.391330566406250000e+02
5.709073486328125000e+02 3.507671813964843750e+02 5.436621704101562500e+02 3.519718627929687500e+02
5.321233520507812500e+02 3.013903808593750000e+02 5.616030273437500000e+02 2.992922668457031250e+02
5.522415771484375000e+02 2.640088195800781250e+02 5.533590087890625000e+02 2.987073364257812500e+02
3.033323364257812500e+02 2.946799316406250000e+02 3.327807006835937500e+02 3.011836547851562500e+02
3.328346252441406250e+02 5.777500915527343750e+01 3.478757934570312500e+02 6.959402465820312500e+01
2.322095642089843750e+02 3.803202514648437500e+02 2.315935363769531250e+02 3.200972595214843750e+02
2.484892272949218750e+02 3.394275207519531250e+02 3.033947753906250000e+02 3.360423278808593750e+02
3.062726135253906250e+02 2.493800354003906250e+02 4.462065429687500000e+02 2.977352600097656250e+02
1.780848846435546875e+02 9.380235671997070312e-01 1.732484130859375000e+02 2.458800659179687500e+02
8.700081634521484375e+01 3.441267700195312500e+02 1.374862823486328125e+02 3.435933532714843750e+02
3.064212341308593750e+02 2.410155487060546875e+02 7.867148518562316895e-01 2.749027099609375000e+02
5.271773071289062500e+02 2.275899963378906250e+02 5.835009155273437500e+02 2.200182952880859375e+02
4.190483093261718750e+01 3.941054916381835938e+01 8.717924356460571289e-01 5.376266479492187500e+01
6.116892089843750000e+02 2.672514953613281250e+02 5.966209716796875000e+02 2.670643920898437500e+02
3.834854431152343750e+02 2.079094848632812500e+02 3.934916381835937500e+02 2.129431152343750000e+02
4.812262573242187500e+02 7.613877058029174805e-01 5.836915893554687500e+02 1.977924194335937500e+02
3.476654052734375000e+02 8.864668273925781250e+01 3.334277343750000000e+02 7.679691314697265625e+01
1.409213409423828125e+02 1.860051879882812500e+02 1.533455200195312500e+02 1.831251068115234375e+02
4.239837341308593750e+02 1.665504455566406250e+02 4.157017211914062500e+02 1.602230682373046875e+02
2.579298257827758789e+00 1.071080856323242188e+02 3.456415653228759766e+00 6.159555053710937500e+01
3.855856323242187500e+02 1.238752288818359375e+02 3.791041259765625000e+02 1.190352325439453125e+02
9.743635559082031250e+01 2.540617523193359375e+02 1.089447402954101562e+02 1.774696350097656250e+00
1.390092658996582031e+01 1.038736419677734375e+02 1.594288635253906250e+01 7.281757354736328125e+01
3.034468688964843750e+02 3.161424865722656250e+02 2.220286407470703125e+02 3.178919067382812500e+02
6.139024734497070312e+01 3.288421249389648438e+01 4.850285339355468750e+01 2.614539794921875000e+02
3.034468688964843750e+02 3.161424865722656250e+02 4.484314575195312500e+02 3.359350891113281250e+02
4.172771911621093750e+02 2.055283203125000000e+02 4.267579650878906250e+02 2.087510223388671875e+02
3.918338012695312500e+02 1.111273345947265625e+02 3.825403442382812500e+02 1.038738555908203125e+02
3.482924804687500000e+02 1.557025299072265625e+02 3.335864562988281250e+02 1.479745025634765625e+02
3.017511901855468750e+02 2.318122711181640625e+02 3.374549865722656250e+02 2.451026916503906250e+02
8.687080383300781250e+01 3.625433044433593750e+02 1.372113494873046875e+02 3.618726501464843750e+02
6.766210174560546875e+01 4.206418609619140625e+01 6.703878784179687500e+01 8.879794311523437500e+01
3.821951904296875000e+02 1.818227233886718750e+02 3.923718261718750000e+02 1.859171905517578125e+02
3.580219726562500000e+02 7.518442869186401367e-01 4.379281311035156250e+02 1.034372482299804688e+02
5.235388793945312500e+02 1.899657592773437500e+02 5.356599731445312500e+02 3.656317443847656250e+02
5.522415771484375000e+02 2.640088195800781250e+02 5.642139282226562500e+02 2.763634948730468750e+02
7.408259582519531250e+01 1.699748992919921875e+02 7.636196136474609375e+01 1.338194885253906250e+02
3.030762939453125000e+02 2.749065246582031250e+02 1.984526214599609375e+02 2.804837646484375000e+02
4.730670166015625000e+02 1.701861419677734375e+02 4.931588745117187500e+02 1.925014038085937500e+02
1.374682006835937500e+02 3.428682250976562500e+02 1.687378692626953125e+02 3.420884094238281250e+02
4.669378662109375000e+02 9.144227600097656250e+01 4.987967224121093750e+02 1.409000854492187500e+02
8.812859344482421875e+01 1.662499084472656250e+02 8.894279479980468750e+01 1.319304046630859375e+02
9.824540710449218750e+01 2.540960693359375000e+02 9.672418212890625000e+01 2.899709472656250000e+02
1.034178619384765625e+02 9.953375244140625000e+01 6.325616836547851562e+01 1.101335601806640625e+02
1.567351989746093750e+02 6.145182800292968750e+01 1.430761566162109375e+02 6.503334045410156250e+01
1.877608489990234375e+02 4.330989990234375000e+02 1.935429077148437500e+02 1.961194305419921875e+02
9.238381195068359375e+01 8.380468750000000000e+01 9.321227264404296875e+01 4.984780883789062500e+01
3.927700500488281250e+02 1.369269084930419922e+01 3.918805541992187500e+02 3.532008361816406250e+01
9.892628479003906250e+01 1.855874328613281250e+02 5.816948699951171875e+01 1.925520019531250000e+02
4.277503051757812500e+02 4.096533813476562500e+02 3.573787231445312500e+02 4.265757751464843750e+02
1.372135467529296875e+02 3.622522277832031250e+02 1.684887542724609375e+02 3.620714111328125000e+02
2.123247680664062500e+02 3.614284362792968750e+02 2.319476470947265625e+02 3.612789916992187500e+02
4.263182983398437500e+02 3.736319580078125000e+02 4.269428710937500000e+02 3.052499084472656250e+02
3.030762939453125000e+02 2.749065246582031250e+02 3.382015991210937500e+02 2.837532653808593750e+02
4.214786987304687500e+02 9.991024017333984375e+01 4.126047973632812500e+02 9.171489715576171875e+01
3.886495971679687500e+02 6.235263442993164062e+01 3.781622924804687500e+02 5.470539474487304688e+01
4.862801818847656250e+02 1.810688171386718750e+02 4.863504333496093750e+02 1.628273468017578125e+02
2.721438217163085938e+01 6.987329101562500000e+01 2.559332656860351562e+01 1.023157043457031250e+02
2.130551300048828125e+02 4.583617401123046875e+01 2.513006439208984375e+02 3.623064422607421875e+01
2.161575012207031250e+02 9.006939530372619629e-01 1.813297424316406250e+02 1.671406364440917969e+01
2.317731475830078125e+02 3.399243164062500000e+02 2.122753601074218750e+02 3.399619140625000000e+02
2.984872741699218750e+02 8.792116641998291016e-01 3.017511901855468750e+02 2.318122711181640625e+02
3.468847656250000000e+02 1.066630721092224121e+00 3.492248229980468750e+02 2.494198303222656250e+02
3.314920654296875000e+02 8.406221866607666016e-01 3.374549865722656250e+02 2.451026916503906250e+02
3.924841003417968750e+02 9.129949808120727539e-01 4.380676574707031250e+02 5.437268829345703125e+01
1.365996398925781250e+02 3.803615722656250000e+02 1.363525543212890625e+02 3.244843444824218750e+02
6.167606201171875000e+02 7.192627191543579102e-01 6.389379272460937500e+02 2.087451934814453125e+02
5.821457672119140625e+01 2.038354797363281250e+02 5.710129547119140625e+01 2.610197143554687500e+02
4.470863037109375000e+02 3.275063476562500000e+02 4.634344787597656250e+02 3.309018554687500000e+02
4.365102844238281250e+02 8.344028472900390625e+01 4.364152526855468750e+02 9.245093536376953125e+01
6.300918960571289062e+01 1.209532775878906250e+02 6.219486999511718750e+01 1.701945037841796875e+02
1.505224823951721191e+00 4.300614013671875000e+02 6.392501220703125000e+02 4.373183288574218750e+02
4.484314575195312500e+02 3.359350891113281250e+02 4.491680908203125000e+02 3.737160339355468750e+02
3.332098693847656250e+02 1.068236007690429688e+02 3.439797363281250000e+02 1.144273605346679688e+02
3.033447265625000000e+02 4.218662109375000000e+02 3.383367614746093750e+02 4.135437622070312500e+02
3.018685913085937500e+02 2.318105468750000000e+02 3.033947753906250000e+02 3.360423278808593750e+02
6.116892089843750000e+02 2.672514953613281250e+02 5.919437866210937500e+02 2.111567230224609375e+02
2.484760437011718750e+02 3.610723876953125000e+02 3.372326354980468750e+02 3.590283813476562500e+02
4.066268310546875000e+02 1.224322557449340820e+00 4.380676574707031250e+02 5.437268829345703125e+01
4.986260681152343750e+02 1.743004302978515625e+02 4.724443054199218750e+02 1.438545532226562500e+02
5.260997314453125000e+02 2.080441589355468750e+02 4.981949157714843750e+02 1.746608123779296875e+02
4.883677673339843750e+02 1.970304412841796875e+02 5.381496582031250000e+02 2.496931152343750000e+02
3.029206848144531250e+02 3.360486145019531250e+02 3.032190856933593750e+02 3.586090698242187500e+02
4.477663574218750000e+02 2.905267944335937500e+02 4.441069335937500000e+02 2.616958312988281250e+02
3.412491149902343750e+02 2.824506950378417969e+01 3.316724243164062500e+02 2.025625610351562500e+01
4.470863037109375000e+02 3.275063476562500000e+02 4.462065429687500000e+02 2.977352600097656250e+02
4.489580078125000000e+02 3.611643066406250000e+02 2.319477996826171875e+02 3.614065246582031250e+02
3.352356872558593750e+02 2.513128356933593750e+02 4.573423767089843750e+02 2.949495239257812500e+02
3.821250534057617188e+01 5.059803771972656250e+01 2.551826667785644531e+01 2.646165771484375000e+02
3.468847656250000000e+02 1.066630721092224121e+00 4.379281311035156250e+02 1.034372482299804688e+02
3.383367614746093750e+02 4.135437622070312500e+02 3.382015991210937500e+02 2.837532653808593750e+02
1.365996398925781250e+02 3.803615722656250000e+02 8.673508453369140625e+01 3.774642944335937500e+02
4.214786987304687500e+02 9.991024017333984375e+01 4.264470214843750000e+02 2.829238281250000000e+02
4.870039367675781250e+02 2.316809234619140625e+02 4.868719177246093750e+02 2.533284149169921875e+02
2.220286407470703125e+02 3.178919067382812500e+02 2.209353790283203125e+02 3.009809265136718750e+02
9.423600006103515625e+01 2.898439025878906250e+02 9.328247833251953125e+01 3.085185241699218750e+02
4.625783386230468750e+02 3.373315734863281250e+02 4.815596008300781250e+02 3.398590087890625000e+02
4.107564163208007812e+01 5.080636596679687500e+01 4.190483093261718750e+01 3.941054916381835938e+01
4.987967224121093750e+02 1.409000854492187500e+02 4.986260681152343750e+02 1.743004302978515625e+02
5.235388793945312500e+02 1.899657592773437500e+02 5.072918395996093750e+02 1.891087036132812500e+02
4.669378662109375000e+02 9.144227600097656250e+01 4.815596008300781250e+02 3.398590087890625000e+02
4.936582336425781250e+02 1.920307006835937500e+02 4.936646423339843750e+02 1.920374755859375000e+02
4.165526428222656250e+02 8.979274749755859375e+01 4.119778442382812500e+02 8.039666748046875000e+01
4.263182983398437500e+02 3.736319580078125000e+02 4.016780090332031250e+02 3.761197204589843750e+02
5.846465454101562500e+02 1.972898864746093750e+02 5.919437866210937500e+02 2.111567230224609375e+02
5.780723266601562500e+02 2.990813293457031250e+02 5.820171508789062500e+02 3.650765380859375000e+02
3.815143432617187500e+02 5.232113647460937500e+01 3.775197143554687500e+02 4.670505142211914062e+01
1.519588012695312500e+02 3.234272460937500000e+02 8.690659332275390625e+01 3.281429748535156250e+02
5.871925659179687500e+02 1.823729400634765625e+02 5.987275390625000000e+02 4.145775756835937500e+02
5.709073486328125000e+02 3.507671813964843750e+02 5.642139282226562500e+02 2.763634948730468750e+02
3.387378540039062500e+02 2.786647949218750000e+02 3.462417907714843750e+02 2.794556274414062500e+02
4.214786987304687500e+02 9.991024017333984375e+01 4.379281311035156250e+02 1.034372482299804688e+02
3.017511901855468750e+02 2.318122711181640625e+02 9.743635559082031250e+01 2.540617523193359375e+02
3.886495971679687500e+02 6.235263442993164062e+01 3.941387939453125000e+02 2.678042907714843750e+02
9.772845458984375000e+01 2.564779357910156250e+02 1.190507650375366211e+00 2.681490478515625000e+02
3.386667480468750000e+02 4.153260192871093750e+02 4.264480895996093750e+02 3.990724487304687500e+02
2.484452819824218750e+02 3.384060363769531250e+02 2.317387542724609375e+02 3.391246643066406250e+02
5.812894287109375000e+02 3.651119995117187500e+02 5.820632934570312500e+02 3.809960937500000000e+02
3.023546142578125000e+02 3.360543518066406250e+02 3.033447265625000000e+02 4.218662109375000000e+02
2.484394683837890625e+02 3.380954589843750000e+02 1.374358215332031250e+02 3.422425231933593750e+02
1.335635833740234375e+02 1.046077489852905273e+00 1.461682434082031250e+02 9.159170150756835938e+00
3.477666320800781250e+02 1.778759155273437500e+02 3.490425109863281250e+02 1.777499694824218750e+02
3.905210571289062500e+02 1.288797149658203125e+02 3.920618286132812500e+02 1.287112426757812500e+02
2.091835737228393555e+00 2.276391296386718750e+02 1.190507650375366211e+00 2.681490478515625000e+02
1.684866638183593750e+02 3.618320312500000000e+02 2.123249664306640625e+02 3.614500122070312500e+02
3.370858154296875000e+02 2.460207672119140625e+02 3.373250122070312500e+02 2.461169586181640625e+02
3.061123962402343750e+02 2.316681823730468750e+02 3.061124877929687500e+02 2.316703338623046875e+02
3.338522644042968750e+02 8.817903137207031250e+01 3.476654052734375000e+02 8.864668273925781250e+01
4.612265014648437500e+02 3.768327026367187500e+02 4.573423767089843750e+02 2.949495239257812500e+02
4.491680908203125000e+02 3.737160339355468750e+02 4.263809204101562500e+02 3.748693847656250000e+02
2.118935852050781250e+02 3.844091491699218750e+02 4.263752441406250000e+02 3.747432250976562500e+02
5.074752807617187500e+02 1.913065032958984375e+02 4.931588745117187500e+02 1.925014038085937500e+02
2.518057250976562500e+02 1.064725518226623535e+00 2.513006439208984375e+02 3.623064422607421875e+01
5.069664306640625000e+02 1.891868133544921875e+02 5.072918395996093750e+02 1.891087036132812500e+02
4.986306457519531250e+02 1.743060607910156250e+02 4.986260681152343750e+02 1.743004302978515625e+02
1.335635833740234375e+02 1.046077489852905273e+00 1.387706146240234375e+02 2.495357360839843750e+02
1.813297424316406250e+02 1.671406364440917969e+01 1.869477539062500000e+02 5.052437591552734375e+01
4.480613708496093750e+02 5.102302169799804688e+01 4.066268310546875000e+02 1.224322557449340820e+00
4.263650817871093750e+02 3.744101562500000000e+02 4.263669433593750000e+02 3.744100952148437500e+02
4.480613708496093750e+02 5.102302169799804688e+01 4.588162841796875000e+02 4.363811111450195312e+01
3.847269592285156250e+02 1.274833374023437500e+02 3.833263244628906250e+02 1.253789672851562500e+02
4.862801818847656250e+02 1.810688171386718750e+02 4.986260681152343750e+02 1.743004302978515625e+02
3.327465209960937500e+02 3.013346557617187500e+02 4.471515502929687500e+02 3.272179565429687500e+02
3.370376586914062500e+02 2.461311340332031250e+02 3.372958679199218750e+02 2.462359161376953125e+02
3.033447265625000000e+02 4.218662109375000000e+02 2.179888248443603516e+00 4.224687500000000000e+02
5.522415771484375000e+02 2.640088195800781250e+02 5.966555175781250000e+02 2.664314575195312500e+02
3.057183227539062500e+02 2.316879730224609375e+02 3.057183837890625000e+02 2.316899414062500000e+02
5.780723266601562500e+02 2.990813293457031250e+02 5.616099853515625000e+02 2.988321838378906250e+02
3.048038024902343750e+02 3.360960083007812500e+02 3.048042907714843750e+02 3.360663146972656250e+02
3.448276367187500000e+02 2.851946105957031250e+02 4.442416381835937500e+02 3.096915893554687500e+02
3.363206787109375000e+02 2.475882415771484375e+02 3.368294677734375000e+02 2.478204345703125000e+02
4.996464843750000000e+02 1.735476837158203125e+02 4.690768127441406250e+02 1.336830749511718750e+02
3.832503051757812500e+02 7.769774198532104492e-01 3.927700500488281250e+02 1.369269084930419922e+01
2.131975555419921875e+02 4.637133789062500000e+01 1.567218475341796875e+02 6.140169525146484375e+01
1.372131805419921875e+02 3.623515930175781250e+02 2.319500122070312500e+02 3.619907836914062500e+02
3.327327575683593750e+02 3.013935546875000000e+02 4.470863037109375000e+02 3.275063476562500000e+02
1.719181976318359375e+02 3.799484558105468750e+02 1.366416778564453125e+02 3.789197082519531250e+02
3.765622558593750000e+02 3.944350051879882812e+01 3.832096557617187500e+02 5.204230880737304688e+01
5.616158447265625000e+02 2.992921142578125000e+02 5.616030273437500000e+02 2.992922668457031250e+02
2.222366180419921875e+02 3.207727966308593750e+02 1.728985290527343750e+02 3.243347778320312500e+02
8.673508453369140625e+01 3.774642944335937500e+02 8.690659332275390625e+01 3.281429748535156250e+02
4.277503051757812500e+02 4.096533813476562500e+02 4.274716491699218750e+02 3.736230163574218750e+02
7.764855027198791504e-01 2.124934539794921875e+02 8.892207741737365723e-01 2.276480712890625000e+02
6.384050292968750000e+02 4.186326599121093750e+02 5.987275390625000000e+02 4.145775756835937500e+02
6.155501937866210938e+01 3.337463760375976562e+01 4.207572174072265625e+01 3.991918563842773438e+01
4.480613708496093750e+02 5.102302169799804688e+01 4.380676574707031250e+02 5.437268829345703125e+01
3.062726135253906250e+02 2.493800354003906250e+02 7.867148518562316895e-01 2.749027099609375000e+02
4.975563964843750000e+02 1.749887847900390625e+02 4.976088562011718750e+02 1.750648803710937500e+02
3.832503051757812500e+02 7.769774198532104492e-01 3.816499328613281250e+02 2.082782173156738281e+01
5.616467285156250000e+02 2.999067382812500000e+02 5.616639404296875000e+02 2.999058837890625000e+02
4.263793334960937500e+02 3.736321716308593750e+02 4.263854675292968750e+02 3.736322021484375000e+02
1.509989624023437500e+02 3.806899719238281250e+02 1.363525543212890625e+02 3.244843444824218750e+02
4.480613708496093750e+02 5.102302169799804688e+01 4.579168701171875000e+02 2.949263000488281250e+02
1.719181976318359375e+02 3.799484558105468750e+02 2.114595489501953125e+02 3.774738464355468750e+02
3.468723754882812500e+02 1.566611480712890625e+01 4.379281311035156250e+02 1.034372482299804688e+02
4.462065429687500000e+02 2.977352600097656250e+02 3.458785095214843750e+02 2.817333068847656250e+02
2.484315490722656250e+02 3.411004943847656250e+02 2.483359832763671875e+02 3.410971984863281250e+02
4.480613708496093750e+02 5.102302169799804688e+01 4.238513183593750000e+02 8.248320221900939941e-01
3.821250534057617188e+01 5.059803771972656250e+01 8.717924356460571289e-01 5.376266479492187500e+01
4.822574157714843750e+02 3.283618164062500000e+02 4.859433898925781250e+02 2.532828369140625000e+02
4.680328979492187500e+02 1.179576110839843750e+02 5.235388793945312500e+02 1.899657592773437500e+02
4.173868103027343750e+02 4.755903244018554688e+01 3.927078857421875000e+02 1.373803710937500000e+01
2.518057250976562500e+02 1.064725518226623535e+00 2.371330261230468750e+02 1.155273079872131348e+00
1.519588012695312500e+02 3.234272460937500000e+02 1.365996398925781250e+02 3.803615722656250000e+02
5.820171508789062500e+02 3.650765380859375000e+02 5.972265014648437500e+02 3.738166809082031250e+02
1.986022644042968750e+02 2.825334777832031250e+02 9.672418212890625000e+01 2.899709472656250000e+02
3.407341613769531250e+02 2.823995666503906250e+02 3.382015991210937500e+02 2.837532653808593750e+02
5.909709472656250000e+02 1.954646148681640625e+02 5.871925659179687500e+02 1.823729400634765625e+02
4.393055725097656250e+02 1.398388977050781250e+02 4.379281311035156250e+02 1.034372482299804688e+02
4.086485595703125000e+02 8.290917205810546875e+01 3.468847656250000000e+02 1.066630721092224121e+00
4.920660705566406250e+02 1.933959655761718750e+02 4.923636474609375000e+02 1.937595062255859375e+02
4.770345458984375000e+02 2.462323303222656250e+02 4.868719177246093750e+02 2.533284149169921875e+02
5.384703979492187500e+02 2.493870544433593750e+02 5.523369750976562500e+02 2.639177246093750000e+02
