2.978191223144531250e+02 3.664317626953125000e+02 2.965569763183593750e+02 4.393925857543945312e+01
2.013582458496093750e+02 2.747821350097656250e+02 2.010597839355468750e+02 3.498664245605468750e+02
1.126840972900390625e+02 1.754933471679687500e+02 1.616634216308593750e+02 1.865562438964843750e+02
2.965569763183593750e+02 4.393925857543945312e+01 3.107338867187500000e+02 5.705795288085937500e+01
5.910836181640625000e+02 2.517760925292968750e+02 5.337544555664062500e+02 2.533618621826171875e+02
5.331029663085937500e+02 2.231130981445312500e+02 5.893922729492187500e+02 2.203349914550781250e+02
5.891237792968750000e+02 2.423505554199218750e+02 5.334680786132812500e+02 2.446840362548828125e+02
5.890340576171875000e+02 2.293160705566406250e+02 5.335803222656250000e+02 2.315294342041015625e+02
2.703567504882812500e+01 9.243434143066406250e+01 4.691305160522460938e+01 1.005236206054687500e+02
4.138137817382812500e+02 3.386283569335937500e+02 4.894647521972656250e+02 3.404412536621093750e+02
4.691305160522460938e+01 1.005236206054687500e+02 4.061526489257812500e+01 3.531331787109375000e+02
4.657646560668945312e+01 1.294464111328125000e+02 2.662071533203125000e+02 9.622240447998046875e+01
5.712550735473632812e+01 2.784201660156250000e+02 5.576815795898437500e+01 3.444318847656250000e+02
1.233171768188476562e+02 3.472732849121093750e+02 1.240574264526367188e+02 2.763661499023437500e+02
4.383051300048828125e+01 7.793843150138854980e-01 4.367144775390625000e+01 7.989542388916015625e+01
3.120214843750000000e+02 3.649154968261718750e+02 3.107338867187500000e+02 5.705795288085937500e+01
3.112608642578125000e+02 2.717085266113281250e+02 3.369861450195312500e+02 2.713034667968750000e+02
1.622243499755859375e+02 1.114249877929687500e+02 1.621026306152343750e+02 3.479942932128906250e+02
2.672315063476562500e+02 3.660075988769531250e+02 2.978191223144531250e+02 3.664317626953125000e+02
5.627849197387695312e+01 1.591521453857421875e+01 7.770908355712890625e+01 1.000669288635253906e+01
2.424613189697265625e+02 3.512603149414062500e+02 2.416585998535156250e+02 9.996269226074218750e+01
3.892457275390625000e+02 2.840817565917968750e+02 3.756774291992187500e+02 2.836823120117187500e+02
3.286229858398437500e+02 1.215787429809570312e+02 3.108295593261718750e+02 1.231698150634765625e+02
3.534612731933593750e+02 3.504105834960937500e+02 3.526348876953125000e+02 2.727132568359375000e+02
5.232821044921875000e+02 2.130170745849609375e+02 6.243093261718750000e+02 2.087067108154296875e+02
1.126840972900390625e+02 1.754933471679687500e+02 4.391069412231445312e+01 1.827918853759765625e+02
4.876720886230468750e+02 1.785877075195312500e+02 5.232821044921875000e+02 2.130170745849609375e+02
2.672315063476562500e+02 3.660075988769531250e+02 2.666986083984375000e+02 4.779361343383789062e+01
6.272945556640625000e+02 2.793377075195312500e+02 5.726762695312500000e+02 2.819026794433593750e+02
4.894647521972656250e+02 3.404412536621093750e+02 4.863926391601562500e+02 1.378678588867187500e+02
5.314662933349609375e+01 4.607207107543945312e+01 8.176619720458984375e+01 3.950769424438476562e+01
2.664928894042968750e+02 2.726030883789062500e+02 2.465676116943359375e+02 2.730288391113281250e+02
2.814243507385253906e+01 5.116973114013671875e+01 4.217596054077148438e+01 4.742137908935546875e+01
4.138137817382812500e+02 3.386283569335937500e+02 4.108734436035156250e+02 1.469377136230468750e+02
5.037330932617187500e+02 3.353403625488281250e+02 4.894647521972656250e+02 3.404412536621093750e+02
2.775863647460937500e+02 8.013722896575927734e-01 2.780899963378906250e+02 4.375936126708984375e+01
3.336941528320312500e+02 8.922318220138549805e-01 3.338500976562500000e+02 3.568936538696289062e+01
5.728505859375000000e+02 3.030033264160156250e+02 5.726762695312500000e+02 2.819026794433593750e+02
2.978191223144531250e+02 3.664317626953125000e+02 3.120214843750000000e+02 3.649154968261718750e+02
3.381588745117187500e+02 3.540268249511718750e+02 3.326356506347656250e+02 8.743027496337890625e+01
3.498963928222656250e+02 2.728391113281250000e+02 3.443487854003906250e+02 1.521233215332031250e+02
3.443487854003906250e+02 1.521233215332031250e+02 4.108734436035156250e+02 1.469377136230468750e+02
1.480758056640625000e+02 2.861848144531250000e+02 1.471777954101562500e+02 3.472468872070312500e+02
3.110735168457031250e+02 6.993054199218750000e+01 4.108734436035156250e+02 1.469377136230468750e+02
4.138137817382812500e+02 3.386283569335937500e+02 3.381588745117187500e+02 3.540268249511718750e+02
4.863926391601562500e+02 1.378678588867187500e+02 4.108734436035156250e+02 1.469377136230468750e+02
3.326356506347656250e+02 8.743027496337890625e+01 3.109657592773437500e+02 9.066731262207031250e+01
2.672818374633789062e+01 9.329269409179687500e+01 1.669788122177124023e+00 8.431590270996093750e+01
5.893922729492187500e+02 2.203349914550781250e+02 5.910836181640625000e+02 2.517760925292968750e+02
1.126840972900390625e+02 1.754933471679687500e+02 1.118010025024414062e+02 2.755603942871093750e+02
4.117979049682617188e+01 3.444275817871093750e+02 6.651341247558593750e+01 3.458947143554687500e+02
4.233473968505859375e+01 4.817346954345703125e+01 2.679231262207031250e+02 5.474947690963745117e-01
3.132019653320312500e+02 3.545075073242187500e+02 3.381588745117187500e+02 3.540268249511718750e+02
6.243093261718750000e+02 2.087067108154296875e+02 6.289964599609375000e+02 3.093988952636718750e+02
5.360361328125000000e+02 2.763203125000000000e+02 5.471918945312500000e+02 2.762207641601562500e+02
3.656873168945312500e+02 3.178213195800781250e+02 3.376385803222656250e+02 3.194557495117187500e+02
3.924755249023437500e+02 1.328857116699218750e+02 3.983483581542968750e+02 3.402555541992187500e+02
5.218632812500000000e+02 3.204780578613281250e+02 5.914970703125000000e+02 3.200606384277343750e+02
5.037330932617187500e+02 3.353403625488281250e+02 5.026967163085937500e+02 1.963518981933593750e+02
3.369861450195312500e+02 2.713034667968750000e+02 3.642207031250000000e+02 2.742898559570312500e+02
6.653240203857421875e+01 3.453989868164062500e+02 2.665262145996093750e+02 3.530619201660156250e+02
8.337089538574218750e+01 7.964019775390625000e-01 8.318650817871093750e+01 7.019083404541015625e+01
6.393603515625000000e+02 1.266143722534179688e+02 5.122630004882812500e+02 1.396813812255859375e+02
2.660765075683593750e+02 1.295116271972656250e+02 1.619809570312500000e+02 1.437756652832031250e+02
9.326709747314453125e+01 6.921052336692810059e-01 9.276893615722656250e+01 3.660378265380859375e+01
4.608859252929687500e+01 1.560246887207031250e+02 1.310906219482421875e+02 1.451907196044921875e+02
1.675123748779296875e+02 1.705197601318359375e+02 2.659009399414062500e+02 1.600779571533203125e+02
5.266525878906250000e+02 2.674899597167968750e+02 5.880386962890625000e+02 2.646550598144531250e+02
3.760271911621093750e+02 3.169109497070312500e+02 3.891656494140625000e+02 3.160217590332031250e+02
4.985509033203125000e+02 1.883698730468750000e+02 6.394904174804687500e+02 1.784457702636718750e+02
1.480758056640625000e+02 2.861848144531250000e+02 1.586019439697265625e+02 2.862378845214843750e+02
5.314662933349609375e+01 4.607207107543945312e+01 5.395372009277343750e+01 6.874441504478454590e-01
5.416849365234375000e+02 1.852917633056640625e+02 5.122630004882812500e+02 1.396813812255859375e+02
4.367144775390625000e+01 7.989542388916015625e+01 4.344115066528320312e+01 1.004847869873046875e+02
1.668288879394531250e+02 2.750577087402343750e+02 2.387593078613281250e+02 2.730408630371093750e+02
5.722681274414062500e+02 2.944659729003906250e+02 5.363398437500000000e+02 2.972925720214843750e+02
1.122543640136718750e+02 4.792371215820312500e+02 4.331272888183593750e+02 3.609351196289062500e+02
2.465695648193359375e+02 2.731062927246093750e+02 4.290803909301757812e+01 2.782500610351562500e+02
5.918190307617187500e+02 3.385182495117187500e+02 5.910914306640625000e+02 3.044096679687500000e+02
9.217263031005859375e+01 1.223841934204101562e+02 8.752600097656250000e+01 3.310267639160156250e+02
1.669788122177124023e+00 8.431590270996093750e+01 2.672966194152832031e+01 1.105366668701171875e+02
1.908153533935546875e+01 3.542686157226562500e+02 3.253779602050781250e+01 7.841503024101257324e-01
4.988371582031250000e+02 1.964879913330078125e+02 4.985509033203125000e+02 1.883698730468750000e+02
9.163502502441406250e+01 3.178699951171875000e+02 1.473507995605468750e+02 3.182092895507812500e+02
1.267510986328125000e+02 7.793641090393066406e-01 1.321291961669921875e+02 7.229854583740234375e+01
2.775863647460937500e+02 8.013722896575927734e-01 4.235341644287109375e+01 4.830021286010742188e+01
3.134754028320312500e+02 3.326075439453125000e+02 3.310693359375000000e+02 3.329858703613281250e+02
2.703567504882812500e+01 9.243434143066406250e+01 5.524657592773437500e+02 7.630236148834228516e-01
6.561435461044311523e-01 4.175149841308593750e+02 6.218849563598632812e+01 4.063587951660156250e+02
1.633560180664062500e+02 3.194894104003906250e+02 1.980484008789062500e+02 3.193322143554687500e+02
3.732715454101562500e+02 2.745218811035156250e+02 3.916208190917968750e+02 2.760843811035156250e+02
6.493154168128967285e-01 4.331985778808593750e+02 3.974304809570312500e+02 4.791152343750000000e+02
5.218955078125000000e+02 3.281413574218750000e+02 5.036301269531250000e+02 3.350688171386718750e+02
5.218955078125000000e+02 3.281413574218750000e+02 5.321463012695312500e+02 2.129280548095703125e+02
5.904556884765625000e+02 2.517973022460937500e+02 5.913829956054687500e+02 2.792336730957031250e+02
3.290963745117187500e+02 1.825947570800781250e+02 3.111097717285156250e+02 1.822167053222656250e+02
4.127473144531250000e+02 2.787512207031250000e+02 3.915780944824218750e+02 2.764831848144531250e+02
5.265510864257812500e+02 2.839027709960937500e+02 5.356809082031250000e+02 2.843087463378906250e+02
3.110103454589843750e+02 1.484210510253906250e+02 3.285606079101562500e+02 1.476861267089843750e+02
5.232821044921875000e+02 2.130170745849609375e+02 5.225303955078125000e+02 1.866402282714843750e+02
1.908153533935546875e+01 3.542686157226562500e+02 4.061526489257812500e+01 3.531331787109375000e+02
1.734181976318359375e+02 7.804814577102661133e-01 1.772276306152343750e+02 6.251243591308593750e+01
1.370587310791015625e+02 6.961797475814819336e-01 1.321291961669921875e+02 7.229854583740234375e+01
8.318650817871093750e+01 7.019083404541015625e+01 9.116795349121093750e+01 7.991758728027343750e+01
3.960713500976562500e+02 7.952486872673034668e-01 3.966459960937500000e+02 2.493719673156738281e+01
9.264300537109375000e+01 3.660159683227539062e+01 9.115244293212890625e+01 1.223664627075195312e+02
5.037330932617187500e+02 3.353403625488281250e+02 5.037371215820312500e+02 3.353387756347656250e+02
3.662603454589843750e+02 3.470256652832031250e+02 3.683923950195312500e+02 1.141309585571289062e+02
8.809953689575195312e+00 9.486442208290100098e-01 1.669788122177124023e+00 8.431590270996093750e+01
1.117588729858398438e+02 2.755599975585937500e+02 1.112443542480468750e+02 3.312075500488281250e+02
4.870874633789062500e+02 1.378597106933593750e+02 4.867650756835937500e+02 1.103872222900390625e+02
5.471918945312500000e+02 2.762207641601562500e+02 5.539241333007812500e+02 2.951511535644531250e+02
4.061526489257812500e+01 3.531331787109375000e+02 6.627545166015625000e+01 3.540193786621093750e+02
1.119940719604492188e+02 3.312108764648437500e+02 1.119257278442382812e+02 3.466346130371093750e+02
9.231591033935546875e+01 3.659178161621093750e+01 9.231587982177734375e+01 3.659292984008789062e+01
2.232763824462890625e+02 6.430054903030395508e-01 2.237094116210937500e+02 5.477737426757812500e+01
1.539717864990234375e+02 5.753045678138732910e-01 1.566320343017578125e+02 2.137042999267578125e+01
6.386878662109375000e+02 4.297296447753906250e+02 6.310460205078125000e+02 3.987680358886718750e+02
6.218849563598632812e+01 4.063587951660156250e+02 1.383874297142028809e+00 4.033324890136718750e+02
3.915599060058593750e+02 2.766683654785156250e+02 3.642507934570312500e+02 2.739837341308593750e+02
6.393647460937500000e+02 3.434579772949218750e+02 6.216862792968750000e+02 3.431699829101562500e+02
9.217263031005859375e+01 1.223841934204101562e+02 1.619809570312500000e+02 1.437756652832031250e+02
5.895214233398437500e+02 3.045157470703125000e+02 5.888344726562500000e+02 2.943497619628906250e+02
2.111802062988281250e+02 3.162291259765625000e+02 2.386395111083984375e+02 3.159462890625000000e+02
3.633328247070312500e+02 4.380826721191406250e+02 2.526757659912109375e+02 4.296442871093750000e+02
1.619809570312500000e+02 1.437756652832031250e+02 1.312839813232421875e+02 1.470201263427734375e+02
2.465675811767578125e+02 2.730288391113281250e+02 2.465676116943359375e+02 2.730288391113281250e+02
5.120847167968750000e+02 1.376195983886718750e+02 4.865619812011718750e+02 1.398264770507812500e+02
1.469663238525390625e+02 3.310663146972656250e+02 6.741612243652343750e+01 3.320432434082031250e+02
8.815528106689453125e+01 3.593458557128906250e+01 8.318650817871093750e+01 7.019083404541015625e+01
4.255836868286132812e+01 3.169651794433593750e+02 7.740672302246093750e+01 3.180614013671875000e+02
6.120375976562500000e+02 3.431873168945312500e+02 6.077184448242187500e+02 3.013085327148437500e+02
3.656670227050781250e+02 3.175261840820312500e+02 4.132867736816406250e+02 3.142478332519531250e+02
2.426027374267578125e+02 9.996321868896484375e+01 2.426261291503906250e+02 5.838723373413085938e+01
5.362609863281250000e+02 3.129563293457031250e+02 5.321463012695312500e+02 2.129280548095703125e+02
2.678337097167968750e+02 4.779576110839843750e+01 2.679231262207031250e+02 5.474947690963745117e-01
4.332036743164062500e+02 3.611427001953125000e+02 4.894647521972656250e+02 3.404412536621093750e+02
5.244307708740234375e+01 4.604864120483398438e+01 5.130743026733398438e+01 8.014971923828125000e+01
2.924035949707031250e+02 4.792503662109375000e+02 4.472557067871093750e+02 3.883614807128906250e+02
6.243093261718750000e+02 2.087067108154296875e+02 6.291037597656250000e+02 1.791387023925781250e+02
4.188846588134765625e+01 3.253249816894531250e+02 6.724552917480468750e+01 3.251897277832031250e+02
3.253779602050781250e+01 7.841503024101257324e-01 1.383874297142028809e+00 4.033324890136718750e+02
7.741482543945312500e+01 3.173789978027343750e+02 9.163885498046875000e+01 3.175478820800781250e+02
5.037369995117187500e+02 3.353405761718750000e+02 6.217322387695312500e+02 3.424026489257812500e+02
2.814243507385253906e+01 5.116973114013671875e+01 1.703972339630126953e+00 4.648664855957031250e+01
4.814643859863281250e+01 4.542297744750976562e+01 4.367144775390625000e+01 7.989542388916015625e+01
9.217263031005859375e+01 1.223841934204101562e+02 4.691305160522460938e+01 1.005236206054687500e+02
4.217924499511718750e+01 4.742073059082031250e+01 4.217596054077148438e+01 4.742137908935546875e+01
6.653450012207031250e+01 3.452185668945312500e+02 6.653803253173828125e+01 3.452186889648437500e+02
5.331029663085937500e+02 2.231130981445312500e+02 5.230466918945312500e+02 2.132572631835937500e+02
5.884345092773437500e+02 2.516951751708984375e+02 5.884332275390625000e+02 2.517355346679687500e+02
6.393082275390625000e+02 4.584627075195312500e+02 3.633469238281250000e+02 4.378933715820312500e+02
1.288836822509765625e+02 1.782903137207031250e+02 1.311070861816406250e+02 1.360992736816406250e+02
3.636282653808593750e+02 4.346380920410156250e+02 6.199733352661132812e+01 4.085707702636718750e+02
9.160749053955078125e+01 3.185304870605468750e+02 2.662876281738281250e+02 3.241051330566406250e+02
5.232821044921875000e+02 2.130170745849609375e+02 5.218632812500000000e+02 3.204780578613281250e+02
5.219877929687500000e+02 3.204795532226562500e+02 5.218955078125000000e+02 3.281413574218750000e+02
4.672618865966796875e+01 1.010274276733398438e+02 2.662468719482421875e+01 9.357173156738281250e+01
3.642709350585937500e+02 2.737235412597656250e+02 3.642738342285156250e+02 2.737238159179687500e+02
3.915487670898437500e+02 2.768023071289062500e+02 3.642218017578125000e+02 2.742899475097656250e+02
2.679231262207031250e+02 5.474947690963745117e-01 2.780899963378906250e+02 4.375936126708984375e+01
5.122630004882812500e+02 1.396813812255859375e+02 4.867650756835937500e+02 1.103872222900390625e+02
3.834721069335937500e+02 3.428246459960937500e+02 3.892457275390625000e+02 2.840817565917968750e+02
6.289964599609375000e+02 3.093988952636718750e+02 6.077184448242187500e+02 3.013085327148437500e+02
3.473415527343750000e+02 2.731324462890625000e+02 3.326356506347656250e+02 8.743027496337890625e+01
