2.879125366210937500e+02 2.662652587890625000e+02 3.131032104492187500e+02 2.644862976074218750e+02
2.875603027343750000e+02 3.013649597167968750e+02 3.137484130859375000e+02 3.037505798339843750e+02
3.487381591796875000e+02 1.146365356445312500e+02 3.100005493164062500e+02 1.127008743286132812e+02
1.162484893798828125e+02 9.654672241210937500e+01 1.561520996093750000e+02 1.003133850097656250e+02
5.562559204101562500e+02 1.969626922607421875e+02 5.750004882812500000e+02 1.958759002685546875e+02
1.550055541992187500e+02 1.405133209228515625e+02 1.561520996093750000e+02 1.003133850097656250e+02
2.014189147949218750e+02 2.513156585693359375e+02 2.251327362060546875e+02 2.465528259277343750e+02
2.473099060058593750e+02 2.413878173828125000e+02 2.723961181640625000e+02 2.352957916259765625e+02
5.510961303710937500e+02 9.935478973388671875e+01 5.511136474609375000e+02 6.754058837890625000e+01
2.473099060058593750e+02 2.413878173828125000e+02 2.251327362060546875e+02 2.465528259277343750e+02
5.510244750976562500e+02 3.750472259521484375e+01 5.511136474609375000e+02 6.754058837890625000e+01
5.517741699218750000e+02 1.330677490234375000e+02 5.510961303710937500e+02 9.935478973388671875e+01
5.584818115234375000e+02 3.712521667480468750e+02 5.600000610351562500e+02 4.050004577636718750e+02
2.875603027343750000e+02 3.013649597167968750e+02 2.879125366210937500e+02 2.662652587890625000e+02
1.564302825927734375e+02 2.222162017822265625e+02 1.552509155273437500e+02 2.002188873291015625e+02
2.014189147949218750e+02 2.513156585693359375e+02 2.000002288818359375e+02 2.325008087158203125e+02
1.550055541992187500e+02 1.405133209228515625e+02 1.550028381347656250e+02 1.687541503906250000e+02
2.279046478271484375e+02 2.708823547363281250e+02 2.529746856689453125e+02 2.690350341796875000e+02
5.569005737304687500e+02 3.000014648437500000e+02 5.587508544921875000e+02 2.662501525878906250e+02
1.552509155273437500e+02 2.002188873291015625e+02 1.550000152587890625e+02 1.811983184814453125e+02
1.550055541992187500e+02 1.405133209228515625e+02 1.137734909057617188e+02 1.377623138427734375e+02
3.131032104492187500e+02 2.644862976074218750e+02 3.512481689453125000e+02 2.647464599609375000e+02
1.537719573974609375e+02 3.065611572265625000e+02 1.121209030151367188e+02 3.075000000000000000e+02
5.517741699218750000e+02 1.330677490234375000e+02 5.534478149414062500e+02 1.517658996582031250e+02
1.561520996093750000e+02 1.003133850097656250e+02 1.565012969970703125e+02 7.781700897216796875e+01
2.753881530761718750e+02 2.671299743652343750e+02 2.529746856689453125e+02 2.690350341796875000e+02
3.100005493164062500e+02 1.127008743286132812e+02 3.069852600097656250e+02 1.516331176757812500e+02
3.150002441406250000e+02 7.690481567382812500e+01 3.487651062011718750e+02 7.974002075195312500e+01
5.534478149414062500e+02 1.517658996582031250e+02 5.537446289062500000e+02 1.652805786132812500e+02
1.550066528320312500e+02 2.642099304199218750e+02 1.537719573974609375e+02 3.065611572265625000e+02
1.550028381347656250e+02 1.687541503906250000e+02 1.550000152587890625e+02 1.811983184814453125e+02
6.312264404296875000e+02 1.773711242675781250e+02 5.960380249023437500e+02 1.746844635009765625e+02
5.812888183593750000e+02 2.833229370117187500e+02 6.036514892578125000e+02 2.835445861816406250e+02
5.562559204101562500e+02 1.969626922607421875e+02 5.571506347656250000e+02 2.306266784667968750e+02
3.134102478027343750e+02 2.251128997802734375e+02 2.887465515136718750e+02 2.315451660156250000e+02
3.069852600097656250e+02 1.516331176757812500e+02 3.500012512207031250e+02 1.516714477539062500e+02
3.137485656738281250e+02 3.458793029785156250e+02 2.787387695312500000e+02 3.487542419433593750e+02
2.279046478271484375e+02 2.708823547363281250e+02 1.987313079833984375e+02 2.721273498535156250e+02
5.510961303710937500e+02 9.935478973388671875e+01 3.487651062011718750e+02 7.974002075195312500e+01
5.517741699218750000e+02 1.330677490234375000e+02 5.851355590820312500e+02 1.377242584228515625e+02
2.723961181640625000e+02 2.352957916259765625e+02 2.887465515136718750e+02 2.315451660156250000e+02
3.137484130859375000e+02 3.037505798339843750e+02 3.510864868164062500e+02 3.028101196289062500e+02
3.159789428710937500e+02 3.846884765625000000e+02 5.584818115234375000e+02 3.712521667480468750e+02
3.131032104492187500e+02 2.644862976074218750e+02 3.137484130859375000e+02 3.037505798339843750e+02
1.150570068359375000e+02 5.711894607543945312e+01 5.026161670684814453e-03 4.573352050781250000e+01
2.712982482910156250e+02 2.050323181152343750e+02 3.130922851562500000e+02 1.875067443847656250e+02
1.818426666259765625e+02 3.525007019042968750e+02 1.827535858154296875e+02 4.087503967285156250e+02
3.130922851562500000e+02 1.875067443847656250e+02 3.500054321289062500e+02 1.884515838623046875e+02
2.277374877929687500e+02 2.962611389160156250e+02 2.550104522705078125e+02 3.000000305175781250e+02
2.875603027343750000e+02 3.013649597167968750e+02 2.550104522705078125e+02 3.000000305175781250e+02
1.818426666259765625e+02 3.525007019042968750e+02 1.615534667968750000e+02 3.525005493164062500e+02
2.539753913879394531e-03 3.084635925292968750e+02 1.121209030151367188e+02 3.075000000000000000e+02
2.764010925292968750e+02 3.006669921875000000e+02 2.550104522705078125e+02 3.000000305175781250e+02
3.100005493164062500e+02 1.127008743286132812e+02 3.150002441406250000e+02 7.690481567382812500e+01
2.534687519073486328e-03 8.799955749511718750e+01 1.162484893798828125e+02 9.654672241210937500e+01
1.150570068359375000e+02 5.711894607543945312e+01 1.559174804687500000e+02 6.177288818359375000e+01
5.517741699218750000e+02 1.330677490234375000e+02 3.487381591796875000e+02 1.146365356445312500e+02
2.539753913879394531e-03 3.084635925292968750e+02 1.537719573974609375e+02 3.065611572265625000e+02
2.277374877929687500e+02 2.962611389160156250e+02 2.109194030761718750e+02 2.952607727050781250e+02
3.137485656738281250e+02 3.458793029785156250e+02 3.137484130859375000e+02 3.037505798339843750e+02
2.879125366210937500e+02 2.662652587890625000e+02 2.529746856689453125e+02 2.690350341796875000e+02
2.277374877929687500e+02 2.962611389160156250e+02 2.473608398437500000e+02 2.982918701171875000e+02
3.100005493164062500e+02 1.127008743286132812e+02 2.264792785644531250e+02 1.725078582763671875e+02
5.569005737304687500e+02 3.000014648437500000e+02 3.137484130859375000e+02 3.037505798339843750e+02
2.879125366210937500e+02 2.662652587890625000e+02 2.753881530761718750e+02 2.671299743652343750e+02
1.550066528320312500e+02 2.642099304199218750e+02 4.103928804397583008e-03 2.628728637695312500e+02
1.550000152587890625e+02 1.811983184814453125e+02 1.150028610229492188e+02 1.790557861328125000e+02
6.312264404296875000e+02 1.773711242675781250e+02 6.314346923828125000e+02 1.575093688964843750e+02
1.563741607666015625e+02 3.912848205566406250e+02 1.448243856430053711e-03 4.020892028808593750e+02
3.137485656738281250e+02 3.458793029785156250e+02 5.575419921875000000e+02 3.364990539550781250e+02
2.418371734619140625e+02 2.160068664550781250e+02 2.187438964843750000e+02 2.250031585693359375e+02
5.750004882812500000e+02 1.958759002685546875e+02 6.002638549804687500e+02 1.970099182128906250e+02
2.279046478271484375e+02 2.708823547363281250e+02 2.100041961669921875e+02 2.718138427734375000e+02
2.723961181640625000e+02 2.352957916259765625e+02 3.134102478027343750e+02 2.251128997802734375e+02
2.000002288818359375e+02 2.325008087158203125e+02 2.187438964843750000e+02 2.250031585693359375e+02
5.517741699218750000e+02 1.330677490234375000e+02 5.537446289062500000e+02 1.652805786132812500e+02
1.615534667968750000e+02 3.525005493164062500e+02 1.283586025238037109e-03 3.564053649902343750e+02
5.587508544921875000e+02 2.662501525878906250e+02 4.836413269042968750e+02 2.652832031250000000e+02
5.562559204101562500e+02 1.969626922607421875e+02 5.537446289062500000e+02 1.652805786132812500e+02
2.277374877929687500e+02 2.962611389160156250e+02 2.286493530273437500e+02 3.209898986816406250e+02
5.511136474609375000e+02 6.754058837890625000e+01 5.273659057617187500e+02 6.425887298583984375e+01
6.387086181640625000e+02 2.840170898437500000e+02 6.036514892578125000e+02 2.835445861816406250e+02
5.750004882812500000e+02 1.958759002685546875e+02 5.878017578125000000e+02 1.750433807373046875e+02
5.511136474609375000e+02 6.754058837890625000e+01 5.519003295898437500e+02 9.005082702636718750e+01
4.013068389892578125e+01 7.544845581054687500e+00 3.111362457275390625e-03 3.750913619995117188e+00
1.550066528320312500e+02 2.642099304199218750e+02 1.123114318847656250e+02 2.634856872558593750e+02
5.569005737304687500e+02 3.000014648437500000e+02 3.510864868164062500e+02 3.028101196289062500e+02
5.026161670684814453e-03 4.573352050781250000e+01 1.559174804687500000e+02 6.177288818359375000e+01
6.387358398437500000e+02 1.988038940429687500e+02 6.265423583984375000e+02 1.978102416992187500e+02
2.473099060058593750e+02 2.413878173828125000e+02 2.529746856689453125e+02 2.690350341796875000e+02
1.137734909057617188e+02 1.377623138427734375e+02 4.193108367919921875e+01 1.332169494628906250e+02
5.517741699218750000e+02 1.330677490234375000e+02 3.100005493164062500e+02 1.127008743286132812e+02
1.550055541992187500e+02 1.405133209228515625e+02 1.550000152587890625e+02 1.811983184814453125e+02
1.559174804687500000e+02 6.177288818359375000e+01 1.565012969970703125e+02 7.781700897216796875e+01
2.875603027343750000e+02 3.013649597167968750e+02 2.473608398437500000e+02 2.982918701171875000e+02
3.134102478027343750e+02 2.251128997802734375e+02 3.502758483886718750e+02 2.258908386230468750e+02
3.069852600097656250e+02 1.516331176757812500e+02 2.666032104492187500e+02 1.749112854003906250e+02
5.750004882812500000e+02 1.958759002685546875e+02 6.265423583984375000e+02 1.978102416992187500e+02
5.510961303710937500e+02 9.935478973388671875e+01 3.150002441406250000e+02 7.690481567382812500e+01
2.534687519073486328e-03 8.799955749511718750e+01 1.561520996093750000e+02 1.003133850097656250e+02
3.487381591796875000e+02 1.146365356445312500e+02 3.487651062011718750e+02 7.974002075195312500e+01
5.851355590820312500e+02 1.377242584228515625e+02 6.313361206054687500e+02 1.425070800781250000e+02
2.875603027343750000e+02 3.013649597167968750e+02 2.764010925292968750e+02 3.006669921875000000e+02
1.615534667968750000e+02 3.525005493164062500e+02 1.117227783203125000e+02 3.525006103515625000e+02
2.418371734619140625e+02 2.160068664550781250e+02 2.712982482910156250e+02 2.050323181152343750e+02
1.826419067382812500e+02 2.190802001953125000e+02 1.837419433593750000e+02 2.001556396484375000e+02
5.511136474609375000e+02 6.754058837890625000e+01 5.500048828125000000e+02 5.156510925292968750e+01
5.510244750976562500e+02 3.750472259521484375e+01 5.500048828125000000e+02 5.156510925292968750e+01
5.887493286132812500e+02 3.173642730712890625e+01 5.987412109375000000e+02 3.044262123107910156e+01
1.550000152587890625e+02 1.811983184814453125e+02 2.751551055908203125e+01 1.753090820312500000e+02
2.764010925292968750e+02 3.006669921875000000e+02 2.473608398437500000e+02 2.982918701171875000e+02
1.683209075927734375e+02 3.139681701660156250e+02 1.668997039794921875e+02 3.314955444335937500e+02
2.152794647216796875e+02 2.034472351074218750e+02 3.069852600097656250e+02 1.516331176757812500e+02
5.587508544921875000e+02 2.662501525878906250e+02 5.587547607421875000e+02 2.475932922363281250e+02
3.134102478027343750e+02 2.251128997802734375e+02 4.312527160644531250e+02 2.268413696289062500e+02
2.787387695312500000e+02 3.487542419433593750e+02 5.575419921875000000e+02 3.364990539550781250e+02
1.925509338378906250e+02 1.612609863281250000e+02 2.601512145996093750e+02 9.376084899902343750e+01
5.587508544921875000e+02 2.662501525878906250e+02 5.267274169921875000e+02 2.653116760253906250e+02
3.100005493164062500e+02 1.127008743286132812e+02 3.100225830078125000e+02 9.073855590820312500e+01
2.764010925292968750e+02 3.006669921875000000e+02 3.137484130859375000e+02 3.037505798339843750e+02
1.818426666259765625e+02 3.525007019042968750e+02 1.283586025238037109e-03 3.564053649902343750e+02
5.390346050262451172e-03 2.182641601562500000e+02 4.701287078857421875e+01 2.185073547363281250e+02
5.562559204101562500e+02 1.969626922607421875e+02 4.831558532714843750e+02 1.950002746582031250e+02
3.164071960449218750e+02 4.252114257812500000e+02 2.914470520019531250e+02 4.153126220703125000e+02
5.517741699218750000e+02 1.330677490234375000e+02 5.527425537109375000e+02 1.069096755981445312e+02
1.564302825927734375e+02 2.222162017822265625e+02 5.390346050262451172e-03 2.182641601562500000e+02
2.152794647216796875e+02 2.034472351074218750e+02 2.401992645263671875e+02 1.892064666748046875e+02
4.193108367919921875e+01 1.332169494628906250e+02 2.280622720718383789e-03 1.301531982421875000e+02
1.564302825927734375e+02 2.222162017822265625e+02 4.701287078857421875e+01 2.185073547363281250e+02
6.387598876953125000e+02 3.196418151855468750e+02 5.728413085937500000e+02 3.165970458984375000e+02
5.510244750976562500e+02 3.750472259521484375e+01 5.307575073242187500e+02 3.465467071533203125e+01
5.960380249023437500e+02 1.746844635009765625e+02 6.158898315429687500e+02 1.763927001953125000e+02
6.312264404296875000e+02 1.773711242675781250e+02 6.158898315429687500e+02 1.763927001953125000e+02
6.265423583984375000e+02 1.978102416992187500e+02 6.002638549804687500e+02 1.970099182128906250e+02
2.787387695312500000e+02 3.487542419433593750e+02 2.550075378417968750e+02 3.511013183593750000e+02
5.571506347656250000e+02 2.306266784667968750e+02 5.587508544921875000e+02 2.662501525878906250e+02
2.500140686035156250e+02 3.262572631835937500e+02 2.550104522705078125e+02 3.000000305175781250e+02
3.137485656738281250e+02 3.458793029785156250e+02 5.711290893554687500e+02 3.349807128906250000e+02
1.283586025238037109e-03 3.564053649902343750e+02 1.117227783203125000e+02 3.525006103515625000e+02
5.390346050262451172e-03 2.182641601562500000e+02 2.817183494567871094e+01 2.183692321777343750e+02
2.264792785644531250e+02 1.725078582763671875e+02 2.010500335693359375e+02 1.725000762939453125e+02
6.313361206054687500e+02 1.425070800781250000e+02 5.972084350585937500e+02 1.396057891845703125e+02
1.826419067382812500e+02 2.190802001953125000e+02 1.837470092773437500e+02 2.306166992187500000e+02
1.150028610229492188e+02 1.790557861328125000e+02 2.751551055908203125e+01 1.753090820312500000e+02
5.750004882812500000e+02 1.958759002685546875e+02 6.165012207031250000e+02 1.978139343261718750e+02
1.559174804687500000e+02 6.177288818359375000e+01 1.561520996093750000e+02 1.003133850097656250e+02
5.510961303710937500e+02 9.935478973388671875e+01 5.519003295898437500e+02 9.005082702636718750e+01
1.137734909057617188e+02 1.377623138427734375e+02 7.636984252929687500e+01 1.350030822753906250e+02
5.750004882812500000e+02 1.958759002685546875e+02 5.750000610351562500e+02 2.182007141113281250e+02
5.750004882812500000e+02 1.958759002685546875e+02 5.960380249023437500e+02 1.746844635009765625e+02
5.250030517578125000e+02 1.875029373168945312e+01 5.137288818359375000e+02 1.978636932373046875e+01
5.851355590820312500e+02 1.377242584228515625e+02 6.387226562500000000e+02 1.214596633911132812e+02
6.387358398437500000e+02 1.988038940429687500e+02 6.165012207031250000e+02 1.978139343261718750e+02
5.537446289062500000e+02 1.652805786132812500e+02 3.500012512207031250e+02 1.516714477539062500e+02
1.150028610229492188e+02 1.790557861328125000e+02 5.058001708984375000e+01 1.762592010498046875e+02
3.159789428710937500e+02 3.846884765625000000e+02 2.887325744628906250e+02 3.714644470214843750e+02
5.571506347656250000e+02 2.306266784667968750e+02 5.123515625000000000e+02 2.301023559570312500e+02
1.150028610229492188e+02 1.790557861328125000e+02 4.120242309570312500e+01 1.752988433837890625e+02
1.550000152587890625e+02 1.811983184814453125e+02 4.120242309570312500e+01 1.752988433837890625e+02
4.103928804397583008e-03 2.628728637695312500e+02 1.123114318847656250e+02 2.634856872558593750e+02
3.502758483886718750e+02 2.258908386230468750e+02 4.312527160644531250e+02 2.268413696289062500e+02
5.537446289062500000e+02 1.652805786132812500e+02 5.960380249023437500e+02 1.746844635009765625e+02
1.564302825927734375e+02 2.222162017822265625e+02 1.125578994750976562e+02 2.203226623535156250e+02
3.164071960449218750e+02 4.252114257812500000e+02 5.600000610351562500e+02 4.050004577636718750e+02
1.162484893798828125e+02 9.654672241210937500e+01 7.679148101806640625e+01 9.376423645019531250e+01
5.571506347656250000e+02 2.306266784667968750e+02 5.587547607421875000e+02 2.475932922363281250e+02
3.487381591796875000e+02 1.146365356445312500e+02 5.851355590820312500e+02 1.377242584228515625e+02
2.010500335693359375e+02 1.725000762939453125e+02 2.937554016113281250e+02 9.008432769775390625e+01
3.137484130859375000e+02 3.037505798339843750e+02 3.123138732910156250e+02 3.204138183593750000e+02
2.887325744628906250e+02 3.714644470214843750e+02 2.900037231445312500e+02 4.040556945800781250e+02
3.137485656738281250e+02 3.458793029785156250e+02 2.766580505371093750e+02 3.337500915527343750e+02
5.675650634765625000e+02 2.664108753204345703e+00 5.468526000976562500e+02 1.775622367858886719e-03
2.712982482910156250e+02 2.050323181152343750e+02 2.924233703613281250e+02 1.961046752929687500e+02
5.600000610351562500e+02 4.050004577636718750e+02 5.575419921875000000e+02 3.364990539550781250e+02
6.313361206054687500e+02 1.425070800781250000e+02 6.073173828125000000e+02 1.398434906005859375e+02
5.584818115234375000e+02 3.712521667480468750e+02 5.575419921875000000e+02 3.364990539550781250e+02
6.387598876953125000e+02 3.196418151855468750e+02 6.102370605468750000e+02 3.178177795410156250e+02
2.264792785644531250e+02 1.725078582763671875e+02 2.013157043457031250e+02 1.886567077636718750e+02
2.109194030761718750e+02 2.952607727050781250e+02 2.100881805419921875e+02 3.160867614746093750e+02
5.510244750976562500e+02 3.750472259521484375e+01 4.053660888671875000e+02 1.666190338134765625e+01
2.280622720718383789e-03 1.301531982421875000e+02 2.239197731018066406e+01 1.322260742187500000e+02
5.510961303710937500e+02 9.935478973388671875e+01 5.261570434570312500e+02 9.656125640869140625e+01
2.014189147949218750e+02 2.513156585693359375e+02 1.987313079833984375e+02 2.721273498535156250e+02
5.569005737304687500e+02 3.000014648437500000e+02 5.323095703125000000e+02 3.001150207519531250e+02
3.159789428710937500e+02 3.846884765625000000e+02 3.524323120117187500e+02 3.836453247070312500e+02
3.159789428710937500e+02 3.846884765625000000e+02 3.164071960449218750e+02 4.252114257812500000e+02
5.537446289062500000e+02 1.652805786132812500e+02 5.878017578125000000e+02 1.750433807373046875e+02
1.827535858154296875e+02 4.087503967285156250e+02 1.628545532226562500e+02 4.093786315917968750e+02
5.812888183593750000e+02 2.833229370117187500e+02 5.735139770507812500e+02 2.727316894531250000e+02
2.264792785644531250e+02 1.725078582763671875e+02 2.503018493652343750e+02 1.554874114990234375e+02
5.569005737304687500e+02 3.000014648437500000e+02 4.851145629882812500e+02 3.010939025878906250e+02
2.887325744628906250e+02 3.714644470214843750e+02 2.914470520019531250e+02 4.153126220703125000e+02
1.564302825927734375e+02 2.222162017822265625e+02 2.817183494567871094e+01 2.183692321777343750e+02
9.635984897613525391e-03 1.746465759277343750e+02 2.751551055908203125e+01 1.753090820312500000e+02
5.562559204101562500e+02 1.969626922607421875e+02 5.585491333007812500e+02 2.194069213867187500e+02
2.712982482910156250e+02 2.050323181152343750e+02 2.422598419189453125e+02 2.045658264160156250e+02
3.512481689453125000e+02 2.647464599609375000e+02 4.314397888183593750e+02 2.646782836914062500e+02
5.511136474609375000e+02 6.754058837890625000e+01 5.527425537109375000e+02 1.069096755981445312e+02
4.836413269042968750e+02 2.652832031250000000e+02 5.267274169921875000e+02 2.653116760253906250e+02
5.517741699218750000e+02 1.330677490234375000e+02 5.519003295898437500e+02 9.005082702636718750e+01
1.137734909057617188e+02 1.377623138427734375e+02 2.239197731018066406e+01 1.322260742187500000e+02
5.587508544921875000e+02 2.662501525878906250e+02 5.582649536132812500e+02 2.896147155761718750e+02
2.787387695312500000e+02 3.487542419433593750e+02 5.711290893554687500e+02 3.349807128906250000e+02
6.387308349609375000e+02 3.561881256103515625e+01 6.119508666992187500e+02 4.680504608154296875e+01
3.512481689453125000e+02 2.647464599609375000e+02 4.836413269042968750e+02 2.652832031250000000e+02
5.571506347656250000e+02 2.306266784667968750e+02 4.312527160644531250e+02 2.268413696289062500e+02
1.550000152587890625e+02 1.811983184814453125e+02 1.566848449707031250e+02 1.929794464111328125e+02
3.137485656738281250e+02 3.458793029785156250e+02 2.850310058593750000e+02 3.339743347167968750e+02
6.313361206054687500e+02 1.425070800781250000e+02 6.314346923828125000e+02 1.575093688964843750e+02
2.473608398437500000e+02 2.982918701171875000e+02 2.500140686035156250e+02 3.262572631835937500e+02
3.159789428710937500e+02 3.846884765625000000e+02 3.165274353027343750e+02 4.087596740722656250e+02
3.130922851562500000e+02 1.875067443847656250e+02 2.924233703613281250e+02 1.961046752929687500e+02
5.517741699218750000e+02 1.330677490234375000e+02 5.727269897460937500e+02 1.351150207519531250e+02
3.746598958969116211e-03 1.175260238647460938e+02 1.237462139129638672e+01 1.202835540771484375e+02
3.137485656738281250e+02 3.458793029785156250e+02 3.123138732910156250e+02 3.204138183593750000e+02
5.569005737304687500e+02 3.000014648437500000e+02 5.582649536132812500e+02 2.896147155761718750e+02
1.987313079833984375e+02 2.721273498535156250e+02 2.100041961669921875e+02 2.718138427734375000e+02
1.550028381347656250e+02 1.687541503906250000e+02 1.564022827148437500e+02 1.551333465576171875e+02
4.193108367919921875e+01 1.332169494628906250e+02 2.239197731018066406e+01 1.322260742187500000e+02
5.960380249023437500e+02 1.746844635009765625e+02 5.878017578125000000e+02 1.750433807373046875e+02
5.700173339843750000e+02 1.317743301391601562e+01 6.387247314453125000e+02 2.470836257934570312e+01
6.387358398437500000e+02 1.988038940429687500e+02 6.002638549804687500e+02 1.970099182128906250e+02
5.878017578125000000e+02 1.750433807373046875e+02 5.720842895507812500e+02 1.699633178710937500e+02
3.500054321289062500e+02 1.884515838623046875e+02 4.068666381835937500e+02 1.919922180175781250e+02
6.002638549804687500e+02 1.970099182128906250e+02 6.165012207031250000e+02 1.978139343261718750e+02
4.836413269042968750e+02 2.652832031250000000e+02 4.314397888183593750e+02 2.646782836914062500e+02
5.517741699218750000e+02 1.330677490234375000e+02 5.972084350585937500e+02 1.396057891845703125e+02
2.000002288818359375e+02 2.325008087158203125e+02 2.000002136230468750e+02 2.090843200683593750e+02
1.615534667968750000e+02 3.525005493164062500e+02 1.552996215820312500e+02 3.750695800781250000e+02
1.550055541992187500e+02 1.405133209228515625e+02 1.564022827148437500e+02 1.551333465576171875e+02
1.818426666259765625e+02 3.525007019042968750e+02 1.827259521484375000e+02 3.723064270019531250e+02
3.512481689453125000e+02 2.647464599609375000e+02 3.771531982421875000e+02 2.646621398925781250e+02
5.728413085937500000e+02 3.165970458984375000e+02 6.102370605468750000e+02 3.178177795410156250e+02
3.069852600097656250e+02 1.516331176757812500e+02 5.537446289062500000e+02 1.652805786132812500e+02
5.584818115234375000e+02 3.712521667480468750e+02 3.524323120117187500e+02 3.836453247070312500e+02
9.635984897613525391e-03 1.746465759277343750e+02 4.120242309570312500e+01 1.752988433837890625e+02
5.700173339843750000e+02 1.317743301391601562e+01 5.930928955078125000e+02 3.809630870819091797e-03
2.152794647216796875e+02 2.034472351074218750e+02 2.666032104492187500e+02 1.749112854003906250e+02
1.564302825927734375e+02 2.222162017822265625e+02 1.225433425903320312e+02 2.212522430419921875e+02
6.013397216796875000e+02 2.190240783691406250e+02 6.200458984375000000e+02 2.177126617431640625e+02
2.534687519073486328e-03 8.799955749511718750e+01 7.679148101806640625e+01 9.376423645019531250e+01
2.751551055908203125e+01 1.753090820312500000e+02 4.120242309570312500e+01 1.752988433837890625e+02
2.000002288818359375e+02 2.325008087158203125e+02 1.987737121582031250e+02 2.185559692382812500e+02
2.529746856689453125e+02 2.690350341796875000e+02 2.550104522705078125e+02 3.000000305175781250e+02
3.137485656738281250e+02 3.458793029785156250e+02 3.514196472167968750e+02 3.440623474121093750e+02
5.537446289062500000e+02 1.652805786132812500e+02 4.871553955078125000e+02 1.603348083496093750e+02
2.013157043457031250e+02 1.886567077636718750e+02 2.010500335693359375e+02 1.725000762939453125e+02
4.836413269042968750e+02 2.652832031250000000e+02 4.472242431640625000e+02 2.647845764160156250e+02
6.265423583984375000e+02 1.978102416992187500e+02 6.165012207031250000e+02 1.978139343261718750e+02
2.666032104492187500e+02 1.749112854003906250e+02 2.401992645263671875e+02 1.892064666748046875e+02
2.875603027343750000e+02 3.013649597167968750e+02 5.569005737304687500e+02 3.000014648437500000e+02
1.564302825927734375e+02 2.222162017822265625e+02 1.566848449707031250e+02 1.929794464111328125e+02
3.131032104492187500e+02 2.644862976074218750e+02 3.134102478027343750e+02 2.251128997802734375e+02
2.520980224609375000e+02 4.463064880371093750e+02 2.824972229003906250e+02 4.433269653320312500e+02
3.131032104492187500e+02 2.644862976074218750e+02 4.836413269042968750e+02 2.652832031250000000e+02
2.500140686035156250e+02 3.262572631835937500e+02 2.766580505371093750e+02 3.337500915527343750e+02
9.635984897613525391e-03 1.746465759277343750e+02 5.058001708984375000e+01 1.762592010498046875e+02
1.150570068359375000e+02 5.711894607543945312e+01 1.162484893798828125e+02 9.654672241210937500e+01
5.960380249023437500e+02 1.746844635009765625e+02 5.720842895507812500e+02 1.699633178710937500e+02
2.109194030761718750e+02 2.952607727050781250e+02 2.000140380859375000e+02 2.937977294921875000e+02
3.100005493164062500e+02 1.127008743286132812e+02 2.872716064453125000e+02 1.298675689697265625e+02
3.510864868164062500e+02 3.028101196289062500e+02 4.851145629882812500e+02 3.010939025878906250e+02
5.510961303710937500e+02 9.935478973388671875e+01 5.527425537109375000e+02 1.069096755981445312e+02
3.134102478027343750e+02 2.251128997802734375e+02 3.371632080078125000e+02 2.261380310058593750e+02
2.550075378417968750e+02 3.511013183593750000e+02 5.711290893554687500e+02 3.349807128906250000e+02
3.100005493164062500e+02 1.127008743286132812e+02 5.851355590820312500e+02 1.377242584228515625e+02
2.723961181640625000e+02 2.352957916259765625e+02 2.712982482910156250e+02 2.050323181152343750e+02
6.387379150390625000e+02 1.002797622680664062e+02 6.101292724609375000e+02 9.657133483886718750e+01
1.827535858154296875e+02 4.087503967285156250e+02 1.827259521484375000e+02 3.723064270019531250e+02
1.561520996093750000e+02 1.003133850097656250e+02 1.565750427246093750e+02 1.214586944580078125e+02
4.701287078857421875e+01 2.185073547363281250e+02 2.817183494567871094e+01 2.183692321777343750e+02
4.013068389892578125e+01 7.544845581054687500e+00 3.847632217407226562e+01 3.163196146488189697e-02
4.312527160644531250e+02 2.268413696289062500e+02 4.578770141601562500e+02 2.277323760986328125e+02
1.550066528320312500e+02 2.642099304199218750e+02 1.260827178955078125e+02 2.634029541015625000e+02
5.575419921875000000e+02 3.364990539550781250e+02 6.387169189453125000e+02 3.346852416992187500e+02
1.550055541992187500e+02 1.405133209228515625e+02 1.565750427246093750e+02 1.214586944580078125e+02
5.569005737304687500e+02 3.000014648437500000e+02 5.575419921875000000e+02 3.364990539550781250e+02
5.569005737304687500e+02 3.000014648437500000e+02 5.600264892578125000e+02 3.154885253906250000e+02
3.500012512207031250e+02 1.516714477539062500e+02 4.326819458007812500e+02 1.565783843994140625e+02
4.193108367919921875e+01 1.332169494628906250e+02 7.636984252929687500e+01 1.350030822753906250e+02
3.100005493164062500e+02 1.127008743286132812e+02 2.765022888183593750e+02 1.370016784667968750e+02
2.751551055908203125e+01 1.753090820312500000e+02 5.058001708984375000e+01 1.762592010498046875e+02
2.013157043457031250e+02 1.886567077636718750e+02 2.000002136230468750e+02 2.090843200683593750e+02
5.851355590820312500e+02 1.377242584228515625e+02 6.073173828125000000e+02 1.398434906005859375e+02
6.387564697265625000e+02 4.111736450195312500e+02 2.520980224609375000e+02 4.463064880371093750e+02
5.534478149414062500e+02 1.517658996582031250e+02 5.529020996093750000e+02 1.403648681640625000e+02
2.473608398437500000e+02 2.982918701171875000e+02 2.529746856689453125e+02 2.690350341796875000e+02
2.875603027343750000e+02 3.013649597167968750e+02 2.870331420898437500e+02 3.173844299316406250e+02
3.512481689453125000e+02 2.647464599609375000e+02 4.122113342285156250e+02 2.647021789550781250e+02
4.312527160644531250e+02 2.268413696289062500e+02 4.673303222656250000e+02 2.287517089843750000e+02
1.121209030151367188e+02 3.075000000000000000e+02 3.169613838195800781e+01 3.083684387207031250e+02
6.387598876953125000e+02 3.196418151855468750e+02 5.600264892578125000e+02 3.154885253906250000e+02
5.571506347656250000e+02 2.306266784667968750e+02 5.304627685546875000e+02 2.303144683837890625e+02
1.563741607666015625e+02 3.912848205566406250e+02 1.552996215820312500e+02 3.750695800781250000e+02
5.571506347656250000e+02 2.306266784667968750e+02 4.673303222656250000e+02 2.287517089843750000e+02
2.473608398437500000e+02 2.982918701171875000e+02 2.550104522705078125e+02 3.000000305175781250e+02
2.281468353271484375e+02 3.300194091796875000e+02 2.100012054443359375e+02 3.242244262695312500e+02
5.510961303710937500e+02 9.935478973388671875e+01 5.529020996093750000e+02 1.403648681640625000e+02
4.053660888671875000e+02 1.666190338134765625e+01 4.257300415039062500e+02 1.929849386215209961e-03
3.512481689453125000e+02 2.647464599609375000e+02 4.472242431640625000e+02 2.647845764160156250e+02
3.487651062011718750e+02 7.974002075195312500e+01 5.261570434570312500e+02 9.656125640869140625e+01
5.587508544921875000e+02 2.662501525878906250e+02 4.717537231445312500e+02 2.650872802734375000e+02
5.834961547851562500e+02 8.416584777832031250e+01 5.918535766601562500e+02 8.325048065185546875e+01
3.164071960449218750e+02 4.252114257812500000e+02 3.165274353027343750e+02 4.087596740722656250e+02
1.615534667968750000e+02 3.525005493164062500e+02 1.563741607666015625e+02 3.912848205566406250e+02
5.562559204101562500e+02 1.969626922607421875e+02 4.668337707519531250e+02 1.936212310791015625e+02
3.069852600097656250e+02 1.516331176757812500e+02 2.401992645263671875e+02 1.892064666748046875e+02
4.701287078857421875e+01 2.185073547363281250e+02 1.125578994750976562e+02 2.203226623535156250e+02
1.615534667968750000e+02 3.525005493164062500e+02 1.668997039794921875e+02 3.314955444335937500e+02
1.537719573974609375e+02 3.065611572265625000e+02 1.550030212402343750e+02 2.964107971191406250e+02
5.851355590820312500e+02 1.377242584228515625e+02 5.972084350585937500e+02 1.396057891845703125e+02
2.539753913879394531e-03 3.084635925292968750e+02 3.169613838195800781e+01 3.083684387207031250e+02
2.152794647216796875e+02 2.034472351074218750e+02 2.000002136230468750e+02 2.090843200683593750e+02
2.286493530273437500e+02 3.209898986816406250e+02 2.281468353271484375e+02 3.300194091796875000e+02
5.510244750976562500e+02 3.750472259521484375e+01 6.119508666992187500e+02 4.680504608154296875e+01
2.914470520019531250e+02 4.153126220703125000e+02 2.900037231445312500e+02 4.040556945800781250e+02
6.200458984375000000e+02 2.177126617431640625e+02 6.386484985351562500e+02 2.191332244873046875e+02
2.279046478271484375e+02 2.708823547363281250e+02 2.251327362060546875e+02 2.465528259277343750e+02
3.100005493164062500e+02 1.127008743286132812e+02 2.013157043457031250e+02 1.886567077636718750e+02
9.453296661376953125e-03 4.677805480957031250e+02 4.274349212646484375e+01 4.650795593261718750e+02
6.387564697265625000e+02 4.111736450195312500e+02 2.824972229003906250e+02 4.433269653320312500e+02
4.103928804397583008e-03 2.628728637695312500e+02 4.635708618164062500e+01 2.628666687011718750e+02
5.750000610351562500e+02 2.182007141113281250e+02 5.751118164062500000e+02 2.440996398925781250e+02
6.387564697265625000e+02 4.111736450195312500e+02 5.926415405273437500e+02 4.152929077148437500e+02
5.571506347656250000e+02 2.306266784667968750e+02 5.585491333007812500e+02 2.194069213867187500e+02
1.818426666259765625e+02 3.525007019042968750e+02 2.113607788085937500e+02 3.515510253906250000e+02
1.121209030151367188e+02 3.075000000000000000e+02 1.117227783203125000e+02 3.525006103515625000e+02
6.387564697265625000e+02 4.111736450195312500e+02 3.673444824218750000e+02 4.377825317382812500e+02
1.550000152587890625e+02 1.811983184814453125e+02 1.002598724365234375e+02 1.781300659179687500e+02
5.517741699218750000e+02 1.330677490234375000e+02 5.511136474609375000e+02 6.754058837890625000e+01
1.827535858154296875e+02 4.087503967285156250e+02 1.837152252197265625e+02 3.953693237304687500e+02
5.571506347656250000e+02 2.306266784667968750e+02 4.578770141601562500e+02 2.277323760986328125e+02
4.053660888671875000e+02 1.666190338134765625e+01 2.872739257812500000e+02 1.183480024337768555e-02
6.384017944335937500e+02 3.846794128417968750e+02 5.826348266601562500e+02 3.808010559082031250e+02
2.879125366210937500e+02 2.662652587890625000e+02 2.881038818359375000e+02 2.518247833251953125e+02
4.103928804397583008e-03 2.628728637695312500e+02 6.714613342285156250e+01 2.631516418457031250e+02
2.434626922607421875e+02 4.142561035156250000e+02 2.824972229003906250e+02 4.433269653320312500e+02
2.875603027343750000e+02 3.013649597167968750e+02 2.850310058593750000e+02 3.339743347167968750e+02
2.264792785644531250e+02 1.725078582763671875e+02 2.765022888183593750e+02 1.370016784667968750e+02
2.152794647216796875e+02 2.034472351074218750e+02 2.187438964843750000e+02 2.250031585693359375e+02
1.552509155273437500e+02 2.002188873291015625e+02 1.837419433593750000e+02 2.001556396484375000e+02
4.013068389892578125e+01 7.544845581054687500e+00 8.139657592773437500e+01 1.197456455230712891e+01
1.818426666259765625e+02 3.525007019042968750e+02 2.550075378417968750e+02 3.511013183593750000e+02
1.552509155273437500e+02 2.002188873291015625e+02 1.566848449707031250e+02 1.929794464111328125e+02
1.818426666259765625e+02 3.525007019042968750e+02 1.837152252197265625e+02 3.953693237304687500e+02
5.711290893554687500e+02 3.349807128906250000e+02 6.387169189453125000e+02 3.346852416992187500e+02
5.562559204101562500e+02 1.969626922607421875e+02 5.017228393554687500e+02 1.950737762451171875e+02
5.575419921875000000e+02 3.364990539550781250e+02 4.864394836425781250e+02 3.391648864746093750e+02
4.507205810546875000e+02 9.775359153747558594e+00 4.600647583007812500e+02 9.119510650634765625e+00
1.565012969970703125e+02 7.781700897216796875e+01 1.737095489501953125e+02 8.053885650634765625e+01
