1.423071441650390625e+02 2.550000305175781250e+02 1.800079040527343750e+02 2.615729370117187500e+02
1.561812286376953125e+02 1.468445739746093750e+02 1.770610656738281250e+02 1.387500305175781250e+02
2.379960479736328125e+02 1.148137054443359375e+02 2.050000152587890625e+02 1.275155487060546875e+02
1.770610656738281250e+02 1.387500305175781250e+02 2.050000152587890625e+02 1.275155487060546875e+02
2.379960479736328125e+02 1.148137054443359375e+02 2.825218505859375000e+02 9.750177001953125000e+01
2.757311630249023438e+01 1.996739196777343750e+02 6.500128173828125000e+01 2.015485839843750000e+02
1.168676452636718750e+02 2.502572479248046875e+02 1.423071441650390625e+02 2.550000305175781250e+02
3.711039428710937500e+02 2.935249023437500000e+02 4.000579833984375000e+02 2.915594787597656250e+02
8.622214508056640625e+01 1.743394622802734375e+02 8.637873840332031250e+01 2.052845611572265625e+02
1.800079040527343750e+02 2.615729370117187500e+02 2.387534179687500000e+02 2.737500000000000000e+02
2.800214538574218750e+02 3.262541503906250000e+02 3.037411499023437500e+02 3.346092529296875000e+02
8.777542877197265625e+01 2.250005645751953125e+02 8.637873840332031250e+01 2.052845611572265625e+02
3.711039428710937500e+02 2.935249023437500000e+02 3.502175292968750000e+02 2.950228271484375000e+02
2.700006713867187500e+02 2.791875610351562500e+02 2.387534179687500000e+02 2.737500000000000000e+02
4.000084838867187500e+02 3.798254394531250000e+02 4.011227722167968750e+02 3.450003051757812500e+02
4.237540893554687500e+02 7.967742156982421875e+01 4.712860107421875000e+02 8.625000762939453125e+01
4.237540893554687500e+02 7.967742156982421875e+01 3.724984436035156250e+02 7.405416107177734375e+01
4.000579833984375000e+02 2.915594787597656250e+02 4.000000610351562500e+02 2.680483398437500000e+02
4.122214355468750000e+02 3.947468261718750000e+02 4.352800903320312500e+02 3.928288269042968750e+02
5.837569580078125000e+02 1.002203903198242188e+02 5.700000000000000000e+02 9.823948669433593750e+01
4.886215515136718750e+02 8.813040924072265625e+01 4.712860107421875000e+02 8.625000762939453125e+01
6.173336181640625000e+02 2.792525024414062500e+02 6.026078491210937500e+02 2.802951660156250000e+02
1.423071441650390625e+02 2.550000305175781250e+02 1.420948181152343750e+02 2.908829345703125000e+02
1.561812286376953125e+02 1.468445739746093750e+02 1.387558898925781250e+02 1.537502899169921875e+02
1.414942016601562500e+02 3.187527770996093750e+02 1.750006408691406250e+02 3.394960937500000000e+02
5.300028076171875000e+02 2.840657958984375000e+02 4.987609252929687500e+02 2.859050292968750000e+02
6.187746582031250000e+02 4.451417541503906250e+02 5.850181884765625000e+02 4.340517578125000000e+02
5.837569580078125000e+02 1.002203903198242188e+02 6.186070556640625000e+02 1.040513000488281250e+02
5.308265380859375000e+02 9.281604003906250000e+01 5.700000000000000000e+02 9.823948669433593750e+01
2.478320922851562500e+02 3.365544433593750000e+02 2.671274414062500000e+02 3.440202941894531250e+02
5.266071777343750000e+02 3.853042602539062500e+02 4.887335815429687500e+02 3.890640563964843750e+02
5.620640258789062500e+02 4.237559509277343750e+02 5.850181884765625000e+02 4.340517578125000000e+02
5.685348510742187500e+02 2.813178100585937500e+02 5.300028076171875000e+02 2.840657958984375000e+02
4.850003662109375000e+02 3.076050720214843750e+02 4.837639160156250000e+02 3.290579223632812500e+02
4.886215515136718750e+02 8.813040924072265625e+01 5.308265380859375000e+02 9.281604003906250000e+01
4.608421020507812500e+02 3.912774047851562500e+02 4.887335815429687500e+02 3.890640563964843750e+02
3.516849975585937500e+02 7.128660583496093750e+01 3.515150451660156250e+02 3.529147338867187500e+01
5.685348510742187500e+02 2.813178100585937500e+02 5.828184204101562500e+02 2.812500000000000000e+02
6.173336181640625000e+02 2.792525024414062500e+02 6.386880493164062500e+02 2.784631042480468750e+02
4.861614685058593750e+02 2.868930358886718750e+02 4.850003662109375000e+02 3.076050720214843750e+02
4.000579833984375000e+02 2.915594787597656250e+02 4.237317199707031250e+02 2.900918579101562500e+02
3.516849975585937500e+02 7.128660583496093750e+01 3.724984436035156250e+02 7.405416107177734375e+01
3.724984436035156250e+02 7.405416107177734375e+01 3.715928344726562500e+02 9.888011932373046875e+01
2.521164855957031250e+02 3.965508422851562500e+02 2.929757080078125000e+02 3.890413513183593750e+02
4.886215515136718750e+02 8.813040924072265625e+01 4.875047302246093750e+02 1.096632308959960938e+02
4.861614685058593750e+02 2.868930358886718750e+02 4.987609252929687500e+02 2.859050292968750000e+02
4.837379150390625000e+02 3.434202880859375000e+02 4.837639160156250000e+02 3.290579223632812500e+02
2.122634124755859375e+02 1.884775238037109375e+02 2.350000610351562500e+02 1.846896972656250000e+02
5.837569580078125000e+02 1.002203903198242188e+02 5.832074584960937500e+02 1.200048522949218750e+02
4.000579833984375000e+02 2.915594787597656250e+02 4.011227722167968750e+02 3.450003051757812500e+02
1.250028686523437500e+02 1.593104705810546875e+02 1.387558898925781250e+02 1.537502899169921875e+02
4.620368957519531250e+02 3.422453918457031250e+02 4.011227722167968750e+02 3.450003051757812500e+02
1.637723731994628906e+01 1.705977172851562500e+02 5.632638931274414062e-04 1.706293640136718750e+02
3.714365234375000000e+02 1.696990509033203125e+02 3.715928344726562500e+02 9.888011932373046875e+01
4.750003356933593750e+02 3.684618530273437500e+02 4.237362976074218750e+02 3.712508239746093750e+02
4.878134765625000000e+02 1.219012222290039062e+02 4.871736145019531250e+02 1.752838439941406250e+02
1.587416381835937500e+02 2.972178649902343750e+02 1.811003112792968750e+02 3.083263244628906250e+02
1.168676452636718750e+02 2.502572479248046875e+02 1.037446517944335938e+02 2.459503784179687500e+02
3.511795654296875000e+02 3.958228454589843750e+02 3.122839660644531250e+02 3.862596740722656250e+02
2.512483825683593750e+02 3.162227172851562500e+02 2.800214538574218750e+02 3.262541503906250000e+02
2.379960479736328125e+02 1.148137054443359375e+02 2.350000610351562500e+02 1.846896972656250000e+02
3.714365234375000000e+02 1.696990509033203125e+02 3.520509338378906250e+02 1.687591552734375000e+02
1.037446517944335938e+02 2.459503784179687500e+02 8.759590911865234375e+01 2.428023376464843750e+02
3.374024963378906250e+02 1.143379821777343750e+02 3.378350524902343750e+02 1.708336639404296875e+02
6.387539672851562500e+02 4.201490783691406250e+02 6.187746582031250000e+02 4.451417541503906250e+02
3.511795654296875000e+02 3.958228454589843750e+02 3.650029907226562500e+02 3.975000305175781250e+02
2.950009460449218750e+02 1.781615905761718750e+02 2.950000610351562500e+02 2.305269165039062500e+02
6.387427368164062500e+02 1.070170440673828125e+02 6.186070556640625000e+02 1.040513000488281250e+02
4.861614685058593750e+02 2.868930358886718750e+02 5.300028076171875000e+02 2.840657958984375000e+02
4.750001220703125000e+02 3.549281921386718750e+02 4.250000610351562500e+02 3.562500305175781250e+02
1.587416381835937500e+02 2.972178649902343750e+02 1.420948181152343750e+02 2.908829345703125000e+02
4.873596191406250000e+02 2.304771270751953125e+02 4.871736145019531250e+02 1.752838439941406250e+02
4.867548217773437500e+02 3.693532714843750000e+02 4.750003356933593750e+02 3.684618530273437500e+02
5.832074584960937500e+02 1.200048522949218750e+02 5.829423828125000000e+02 1.790647277832031250e+02
4.134417724609375000e+02 3.728438110351562500e+02 4.237362976074218750e+02 3.712508239746093750e+02
2.950009460449218750e+02 1.781615905761718750e+02 2.800000305175781250e+02 1.785487823486328125e+02
3.310440368652343750e+02 2.909463806152343750e+02 3.078165283203125000e+02 2.861567077636718750e+02
8.777542877197265625e+01 2.250005645751953125e+02 8.759590911865234375e+01 2.428023376464843750e+02
3.385330505371093750e+02 3.761547546386718750e+02 2.980061035156250000e+02 3.583117065429687500e+02
4.875047302246093750e+02 1.096632308959960938e+02 4.878134765625000000e+02 1.219012222290039062e+02
8.777542877197265625e+01 2.250005645751953125e+02 6.503543090820312500e+01 2.231492309570312500e+02
2.387516174316406250e+02 2.934442749023437500e+02 2.387534179687500000e+02 2.737500000000000000e+02
8.622214508056640625e+01 1.743394622802734375e+02 1.250028686523437500e+02 1.593104705810546875e+02
5.829423828125000000e+02 1.790647277832031250e+02 5.832693481445312500e+02 1.312526092529296875e+02
6.026078491210937500e+02 2.802951660156250000e+02 5.828184204101562500e+02 2.812500000000000000e+02
3.310440368652343750e+02 2.909463806152343750e+02 3.502175292968750000e+02 2.950228271484375000e+02
2.825218505859375000e+02 9.750177001953125000e+01 3.100147399902343750e+02 8.625005340576171875e+01
4.875047302246093750e+02 1.096632308959960938e+02 4.871736145019531250e+02 1.752838439941406250e+02
2.351621704101562500e+02 2.287522277832031250e+02 2.350000610351562500e+02 1.846896972656250000e+02
3.887472534179687500e+02 4.087502441406250000e+02 3.650029907226562500e+02 3.975000305175781250e+02
2.533471832275390625e+02 2.757853088378906250e+02 2.387534179687500000e+02 2.737500000000000000e+02
4.134417724609375000e+02 3.728438110351562500e+02 4.750003356933593750e+02 3.684618530273437500e+02
2.478320922851562500e+02 3.365544433593750000e+02 2.071784057617187500e+02 3.177961425781250000e+02
4.122214355468750000e+02 3.947468261718750000e+02 4.110370483398437500e+02 4.182573242187500000e+02
2.037406005859375000e+02 3.573748168945312500e+02 1.750006408691406250e+02 3.394960937500000000e+02
2.918926696777343750e+02 2.838229980468750000e+02 2.700006713867187500e+02 2.791875610351562500e+02
5.300028076171875000e+02 2.840657958984375000e+02 5.828184204101562500e+02 2.812500000000000000e+02
3.378350524902343750e+02 1.708336639404296875e+02 3.370174865722656250e+02 2.315564880371093750e+02
1.800079040527343750e+02 2.615729370117187500e+02 1.811003112792968750e+02 3.083263244628906250e+02
2.757311630249023438e+01 1.996739196777343750e+02 3.000070190429687500e+01 1.848387908935546875e+02
3.711039428710937500e+02 2.935249023437500000e+02 3.700001220703125000e+02 3.272448425292968750e+02
2.229974517822265625e+02 3.684701538085937500e+02 2.037406005859375000e+02 3.573748168945312500e+02
2.533471832275390625e+02 2.757853088378906250e+02 2.700006713867187500e+02 2.791875610351562500e+02
4.237317199707031250e+02 2.900918579101562500e+02 4.603328857421875000e+02 2.887500915527343750e+02
6.000191040039062500e+02 3.581047363281250000e+02 6.386108398437500000e+02 3.637930908203125000e+02
2.929757080078125000e+02 3.890413513183593750e+02 2.750149841308593750e+02 3.789375915527343750e+02
3.369910278320312500e+02 7.676184844970703125e+01 2.825218505859375000e+02 9.750177001953125000e+01
3.378350524902343750e+02 1.708336639404296875e+02 2.950009460449218750e+02 1.781615905761718750e+02
3.369910278320312500e+02 7.676184844970703125e+01 3.100147399902343750e+02 8.625005340576171875e+01
2.372201843261718750e+02 3.318325805664062500e+02 2.071784057617187500e+02 3.177961425781250000e+02
8.637873840332031250e+01 2.052845611572265625e+02 8.500275421142578125e+01 1.631806182861328125e+02
2.980061035156250000e+02 3.583117065429687500e+02 2.671274414062500000e+02 3.440202941894531250e+02
3.687409973144531250e+02 3.621614685058593750e+02 3.687368164062500000e+02 3.458388671875000000e+02
2.012033233642578125e+02 1.896503601074218750e+02 2.350000610351562500e+02 1.846896972656250000e+02
3.766206741333007812e+01 3.027982788085937500e+02 3.873848724365234375e+01 2.858910522460937500e+02
3.714365234375000000e+02 1.696990509033203125e+02 3.712713012695312500e+02 2.314905242919921875e+02
3.516849975585937500e+02 7.128660583496093750e+01 3.369910278320312500e+02 7.676184844970703125e+01
3.520509338378906250e+02 1.687591552734375000e+02 2.950009460449218750e+02 1.781615905761718750e+02
2.229974517822265625e+02 3.684701538085937500e+02 1.750006408691406250e+02 3.394960937500000000e+02
5.829423828125000000e+02 1.790647277832031250e+02 5.825599975585937500e+02 2.300402832031250000e+02
8.759590911865234375e+01 2.428023376464843750e+02 8.615354919433593750e+01 2.587820739746093750e+02
1.637723731994628906e+01 1.705977172851562500e+02 1.698179435729980469e+01 1.845805816650390625e+02
4.861614685058593750e+02 2.868930358886718750e+02 4.603328857421875000e+02 2.887500915527343750e+02
2.379960479736328125e+02 1.148137054443359375e+02 2.362890625000000000e+02 1.437317657470703125e+02
1.561812286376953125e+02 1.468445739746093750e+02 1.250028686523437500e+02 1.593104705810546875e+02
3.700001220703125000e+02 3.272448425292968750e+02 3.700000000000000000e+02 3.390701599121093750e+02
3.687409973144531250e+02 3.621614685058593750e+02 3.700000000000000000e+02 3.390701599121093750e+02
6.000191040039062500e+02 3.581047363281250000e+02 5.486257934570312500e+02 3.675000610351562500e+02
2.800000305175781250e+02 1.785487823486328125e+02 2.800016174316406250e+02 2.296617584228515625e+02
5.832074584960937500e+02 1.200048522949218750e+02 5.832693481445312500e+02 1.312526092529296875e+02
3.516849975585937500e+02 7.128660583496093750e+01 3.100147399902343750e+02 8.625005340576171875e+01
3.766206741333007812e+01 3.027982788085937500e+02 7.851384735107421875e+01 3.045173645019531250e+02
3.369910278320312500e+02 7.676184844970703125e+01 3.374024963378906250e+02 1.143379821777343750e+02
7.240176200866699219e-03 2.877615051269531250e+02 2.374774742126464844e+01 2.850001220703125000e+02
2.800000305175781250e+02 1.785487823486328125e+02 2.810064392089843750e+02 1.312593688964843750e+02
3.516849975585937500e+02 7.128660583496093750e+01 4.237540893554687500e+02 7.967742156982421875e+01
4.011227722167968750e+02 3.450003051757812500e+02 3.884281005859375000e+02 3.450208740234375000e+02
2.366902770996093750e+02 2.521176910400390625e+02 2.351621704101562500e+02 2.287522277832031250e+02
4.014511718750000000e+02 2.311626434326171875e+02 4.625407714843750000e+02 2.315497894287109375e+02
8.622214508056640625e+01 1.743394622802734375e+02 8.500275421142578125e+01 1.631806182861328125e+02
8.622214508056640625e+01 1.743394622802734375e+02 1.387558898925781250e+02 1.537502899169921875e+02
6.503543090820312500e+01 2.231492309570312500e+02 6.500403594970703125e+01 2.112960510253906250e+02
1.250028686523437500e+02 1.593104705810546875e+02 1.128796691894531250e+02 1.640656433105468750e+02
3.078165283203125000e+02 2.861567077636718750e+02 2.700006713867187500e+02 2.791875610351562500e+02
1.811003112792968750e+02 3.083263244628906250e+02 2.071784057617187500e+02 3.177961425781250000e+02
1.800079040527343750e+02 2.615729370117187500e+02 1.800042419433593750e+02 2.775451049804687500e+02
3.714365234375000000e+02 1.696990509033203125e+02 3.378350524902343750e+02 1.708336639404296875e+02
4.000579833984375000e+02 2.915594787597656250e+02 4.012794799804687500e+02 3.027920837402343750e+02
2.482456817626953125e+02 1.838510742187500000e+02 2.350000610351562500e+02 1.846896972656250000e+02
3.712713012695312500e+02 2.314905242919921875e+02 3.715074462890625000e+02 2.615480346679687500e+02
4.237540893554687500e+02 7.967742156982421875e+01 4.237745666503906250e+02 5.011933135986328125e+01
4.000000610351562500e+02 2.680483398437500000e+02 4.014511718750000000e+02 2.311626434326171875e+02
6.503543090820312500e+01 2.231492309570312500e+02 6.500128173828125000e+01 2.015485839843750000e+02
2.362890625000000000e+02 1.437317657470703125e+02 2.350000610351562500e+02 1.846896972656250000e+02
3.704031677246093750e+02 3.722798767089843750e+02 3.687741088867187500e+02 3.862519226074218750e+02
3.714365234375000000e+02 1.696990509033203125e+02 3.715074462890625000e+02 2.615480346679687500e+02
5.037427368164062500e+02 3.497738037109375000e+02 5.137494506835937500e+02 3.581240539550781250e+02
4.713683471679687500e+02 5.743109512329101562e+01 4.712860107421875000e+02 8.625000762939453125e+01
6.387539672851562500e+02 4.201490783691406250e+02 6.129607543945312500e+02 4.115635375976562500e+02
3.737742614746093750e+01 2.635661315917968750e+02 5.512781524658203125e+01 2.643019409179687500e+02
4.620368957519531250e+02 3.422453918457031250e+02 4.837379150390625000e+02 3.434202880859375000e+02
5.300028076171875000e+02 2.840657958984375000e+02 5.300107421875000000e+02 2.625076599121093750e+02
8.622214508056640625e+01 1.743394622802734375e+02 1.128796691894531250e+02 1.640656433105468750e+02
3.374024963378906250e+02 1.143379821777343750e+02 2.950275573730468750e+02 1.257459106445312500e+02
5.628755569458007812e+01 2.854791870117187500e+02 3.873848724365234375e+01 2.858910522460937500e+02
4.873596191406250000e+02 2.304771270751953125e+02 4.883352355957031250e+02 2.643007202148437500e+02
6.173336181640625000e+02 2.792525024414062500e+02 6.160316162109375000e+02 3.004314880371093750e+02
4.000000610351562500e+02 2.680483398437500000e+02 4.237618408203125000e+02 2.677542419433593750e+02
3.700001220703125000e+02 3.272448425292968750e+02 3.687368164062500000e+02 3.458388671875000000e+02
2.825218505859375000e+02 9.750177001953125000e+01 2.810064392089843750e+02 1.312593688964843750e+02
5.237487182617187500e+02 1.773078918457031250e+02 5.611148681640625000e+02 1.790623931884765625e+02
2.950000610351562500e+02 2.305269165039062500e+02 2.950000610351562500e+02 2.560752258300781250e+02
5.137494506835937500e+02 3.581240539550781250e+02 5.486257934570312500e+02 3.675000610351562500e+02
5.829423828125000000e+02 1.790647277832031250e+02 5.818175048828125000e+02 2.558792724609375000e+02
2.482456817626953125e+02 1.838510742187500000e+02 2.800000305175781250e+02 1.785487823486328125e+02
5.308265380859375000e+02 9.281604003906250000e+01 4.712860107421875000e+02 8.625000762939453125e+01
5.650147705078125000e+02 3.290407714843750000e+02 6.036242065429687500e+02 3.262512512207031250e+02
2.050000152587890625e+02 1.275155487060546875e+02 2.025187835693359375e+02 1.527695922851562500e+02
5.628755569458007812e+01 2.854791870117187500e+02 5.617720031738281250e+01 2.746187133789062500e+02
4.837379150390625000e+02 3.434202880859375000e+02 5.037427368164062500e+02 3.497738037109375000e+02
3.502175292968750000e+02 2.950228271484375000e+02 3.513693237304687500e+02 2.635667724609375000e+02
5.837569580078125000e+02 1.002203903198242188e+02 5.832693481445312500e+02 1.312526092529296875e+02
4.850003662109375000e+02 3.076050720214843750e+02 4.850010375976562500e+02 2.937023620605468750e+02
3.361365966796875000e+02 2.609282836914062500e+02 3.370174865722656250e+02 2.315564880371093750e+02
3.370174865722656250e+02 2.315564880371093750e+02 2.950000610351562500e+02 2.305269165039062500e+02
4.750003356933593750e+02 3.684618530273437500e+02 4.510145874023437500e+02 3.695249023437500000e+02
5.700000000000000000e+02 9.823948669433593750e+01 5.700003662109375000e+02 7.226330566406250000e+01
4.014511718750000000e+02 2.311626434326171875e+02 4.023622436523437500e+02 1.728206024169921875e+02
4.867548217773437500e+02 3.693532714843750000e+02 4.837379150390625000e+02 3.434202880859375000e+02
2.787484436035156250e+02 2.560928955078125000e+02 2.800016174316406250e+02 2.296617584228515625e+02
2.350000610351562500e+02 1.846896972656250000e+02 2.800000305175781250e+02 1.785487823486328125e+02
3.700001220703125000e+02 3.272448425292968750e+02 3.700001220703125000e+02 3.009520568847656250e+02
3.515150451660156250e+02 3.529147338867187500e+01 3.100135803222656250e+02 5.668803024291992188e+01
3.374024963378906250e+02 1.143379821777343750e+02 3.368743591308593750e+02 8.745104980468750000e+01
4.110370483398437500e+02 4.182573242187500000e+02 4.459796752929687500e+02 4.153246765136718750e+02
1.420948181152343750e+02 2.908829345703125000e+02 1.811003112792968750e+02 3.083263244628906250e+02
6.036242065429687500e+02 3.262512512207031250e+02 5.786182250976562500e+02 3.280043640136718750e+02
1.201545238494873047e+01 4.334179382324218750e+02 8.472502231597900391e-03 4.359810485839843750e+02
4.011227722167968750e+02 3.450003051757812500e+02 4.012794799804687500e+02 3.027920837402343750e+02
5.308265380859375000e+02 9.281604003906250000e+01 5.314295654296875000e+02 6.655450439453125000e+01
4.713683471679687500e+02 5.743109512329101562e+01 4.237745666503906250e+02 5.011933135986328125e+01
4.871736145019531250e+02 1.752838439941406250e+02 5.237487182617187500e+02 1.773078918457031250e+02
1.414942016601562500e+02 3.187527770996093750e+02 9.708176422119140625e+01 3.196774597167968750e+02
6.387622680664062500e+02 4.745360412597656250e+02 6.236882324218750000e+02 4.789611816406250000e+02
6.186070556640625000e+02 1.040513000488281250e+02 6.200001220703125000e+02 8.023965454101562500e+01
2.012033233642578125e+02 1.896503601074218750e+02 2.050000152587890625e+02 1.275155487060546875e+02
5.486257934570312500e+02 3.675000610351562500e+02 5.483374633789062500e+02 3.900003967285156250e+02
2.671274414062500000e+02 3.440202941894531250e+02 2.372201843261718750e+02 3.318325805664062500e+02
4.901736974716186523e-03 3.281146850585937500e+02 4.333620071411132812e+01 3.242191772460937500e+02
3.520509338378906250e+02 1.687591552734375000e+02 2.800000305175781250e+02 1.785487823486328125e+02
5.832074584960937500e+02 1.200048522949218750e+02 6.387376708984375000e+02 1.255240173339843750e+02
4.237362976074218750e+02 3.712508239746093750e+02 4.510145874023437500e+02 3.695249023437500000e+02
3.520509338378906250e+02 1.687591552734375000e+02 3.513693237304687500e+02 2.635667724609375000e+02
4.886215515136718750e+02 8.813040924072265625e+01 5.062279663085937500e+02 9.006026458740234375e+01
6.500128173828125000e+01 2.015485839843750000e+02 6.500403594970703125e+01 2.112960510253906250e+02
5.825599975585937500e+02 2.300402832031250000e+02 5.818175048828125000e+02 2.558792724609375000e+02
3.711039428710937500e+02 2.935249023437500000e+02 3.700000000000000000e+02 3.390701599121093750e+02
4.867548217773437500e+02 3.693532714843750000e+02 4.134417724609375000e+02 3.728438110351562500e+02
3.520509338378906250e+02 1.687591552734375000e+02 3.378350524902343750e+02 1.708336639404296875e+02
6.503543090820312500e+01 2.231492309570312500e+02 3.022749137878417969e+01 2.233561401367187500e+02
2.929757080078125000e+02 3.890413513183593750e+02 3.122839660644531250e+02 3.862596740722656250e+02
6.387376708984375000e+02 1.255240173339843750e+02 6.271796264648437500e+02 1.242788314819335938e+02
1.250028686523437500e+02 1.593104705810546875e+02 1.031522521972656250e+02 1.678181152343750000e+02
3.714365234375000000e+02 1.696990509033203125e+02 3.715621948242187500e+02 1.114704284667968750e+02
3.378350524902343750e+02 1.708336639404296875e+02 2.800000305175781250e+02 1.785487823486328125e+02
5.308265380859375000e+02 9.281604003906250000e+01 5.062279663085937500e+02 9.006026458740234375e+01
8.622214508056640625e+01 1.743394622802734375e+02 1.031522521972656250e+02 1.678181152343750000e+02
3.310440368652343750e+02 2.909463806152343750e+02 2.918926696777343750e+02 2.838229980468750000e+02
5.829423828125000000e+02 1.790647277832031250e+02 5.700001220703125000e+02 1.787993164062500000e+02
4.237540893554687500e+02 7.967742156982421875e+01 4.433113403320312500e+02 8.251383972167968750e+01
4.886215515136718750e+02 8.813040924072265625e+01 4.887529907226562500e+02 6.000313186645507812e+01
5.314295654296875000e+02 6.655450439453125000e+01 5.700003662109375000e+02 7.226330566406250000e+01
4.713683471679687500e+02 5.743109512329101562e+01 4.887529907226562500e+02 6.000313186645507812e+01
4.237317199707031250e+02 2.900918579101562500e+02 4.451362304687500000e+02 2.889606933593750000e+02
5.300107421875000000e+02 2.625076599121093750e+02 5.687225952148437500e+02 2.597270812988281250e+02
4.110370483398437500e+02 4.182573242187500000e+02 4.114802551269531250e+02 4.013048400878906250e+02
4.750001220703125000e+02 3.549281921386718750e+02 4.150012817382812500e+02 3.538381958007812500e+02
2.387516174316406250e+02 2.934442749023437500e+02 2.400000915527343750e+02 3.095247802734375000e+02
5.237487182617187500e+02 1.773078918457031250e+02 5.700001220703125000e+02 1.787993164062500000e+02
1.917544555664062500e+02 2.643984375000000000e+02 2.387534179687500000e+02 2.737500000000000000e+02
3.687741088867187500e+02 3.862519226074218750e+02 3.650029907226562500e+02 3.975000305175781250e+02
1.770610656738281250e+02 1.387500305175781250e+02 1.387558898925781250e+02 1.537502899169921875e+02
4.883352355957031250e+02 2.643007202148437500e+02 5.300107421875000000e+02 2.625076599121093750e+02
3.724984436035156250e+02 7.405416107177734375e+01 3.731468505859375000e+02 4.299943161010742188e+01
9.708176422119140625e+01 3.196774597167968750e+02 4.333620071411132812e+01 3.242191772460937500e+02
3.410217895507812500e+02 3.252634582519531250e+02 3.415836791992187500e+02 3.463531494140625000e+02
4.237618408203125000e+02 2.677542419433593750e+02 4.700084838867187500e+02 2.641308288574218750e+02
4.712860107421875000e+02 8.625000762939453125e+01 4.433113403320312500e+02 8.251383972167968750e+01
2.229974517822265625e+02 3.684701538085937500e+02 2.750149841308593750e+02 3.789375915527343750e+02
5.611148681640625000e+02 1.790623931884765625e+02 5.600000610351562500e+02 2.310195770263671875e+02
3.715928344726562500e+02 9.888011932373046875e+01 3.715621948242187500e+02 1.114704284667968750e+02
4.861614685058593750e+02 2.868930358886718750e+02 4.883352355957031250e+02 2.643007202148437500e+02
3.078165283203125000e+02 2.861567077636718750e+02 2.918926696777343750e+02 2.838229980468750000e+02
4.625407714843750000e+02 2.315497894287109375e+02 4.181884765625000000e+02 2.312441864013671875e+02
5.314295654296875000e+02 6.655450439453125000e+01 4.887529907226562500e+02 6.000313186645507812e+01
1.800079040527343750e+02 2.615729370117187500e+02 1.810962677001953125e+02 2.925075378417968750e+02
2.012033233642578125e+02 1.896503601074218750e+02 1.757843627929687500e+02 1.927554168701171875e+02
2.980061035156250000e+02 3.583117065429687500e+02 2.832040710449218750e+02 3.515200805664062500e+02
2.122634124755859375e+02 1.884775238037109375e+02 2.012033233642578125e+02 1.896503601074218750e+02
6.173336181640625000e+02 2.792525024414062500e+02 6.179961547851562500e+02 2.597585449218750000e+02
5.837569580078125000e+02 1.002203903198242188e+02 5.837354125976562500e+02 7.405603790283203125e+01
2.671274414062500000e+02 3.440202941894531250e+02 2.832040710449218750e+02 3.515200805664062500e+02
4.871736145019531250e+02 1.752838439941406250e+02 4.669324340820312500e+02 1.744507598876953125e+02
4.603328857421875000e+02 2.887500915527343750e+02 4.451362304687500000e+02 2.889606933593750000e+02
6.129607543945312500e+02 4.115635375976562500e+02 5.962959594726562500e+02 4.039038085937500000e+02
3.714365234375000000e+02 1.696990509033203125e+02 4.023622436523437500e+02 1.728206024169921875e+02
1.800079040527343750e+02 2.615729370117187500e+02 1.917544555664062500e+02 2.643984375000000000e+02
8.637873840332031250e+01 2.052845611572265625e+02 6.500128173828125000e+01 2.015485839843750000e+02
2.482456817626953125e+02 1.838510742187500000e+02 2.479335174560546875e+02 2.287515258789062500e+02
3.385330505371093750e+02 3.761547546386718750e+02 2.832040710449218750e+02 3.515200805664062500e+02
6.186070556640625000e+02 1.040513000488281250e+02 5.972847290039062500e+02 1.017482833862304688e+02
3.687409973144531250e+02 3.621614685058593750e+02 3.704031677246093750e+02 3.722798767089843750e+02
5.610587158203125000e+02 1.285471954345703125e+02 5.237349853515625000e+02 1.247103729248046875e+02
4.110370483398437500e+02 4.182573242187500000e+02 4.967909240722656250e+02 4.593342285156250000e+02
3.310440368652343750e+02 2.909463806152343750e+02 3.423321533203125000e+02 2.936850585937500000e+02
1.414942016601562500e+02 3.187527770996093750e+02 1.015996170043945312e+02 2.936286315917968750e+02
5.837569580078125000e+02 1.002203903198242188e+02 5.972847290039062500e+02 1.017482833862304688e+02
4.023622436523437500e+02 1.728206024169921875e+02 4.027580566406250000e+02 9.750510406494140625e+01
2.122634124755859375e+02 1.884775238037109375e+02 1.757843627929687500e+02 1.927554168701171875e+02
6.200001220703125000e+02 8.023965454101562500e+01 6.387189331054687500e+02 8.310899353027343750e+01
4.023622436523437500e+02 1.728206024169921875e+02 4.030145874023437500e+02 1.142472152709960938e+02
5.464642333984375000e+02 4.715581359863281250e+02 5.762160034179687500e+02 4.790559082031250000e+02
4.875047302246093750e+02 1.096632308959960938e+02 5.232480468750000000e+02 1.131963500976562500e+02
4.878134765625000000e+02 1.219012222290039062e+02 5.237349853515625000e+02 1.247103729248046875e+02
7.195305633544921875e+01 2.825457763671875000e+02 7.146271514892578125e+01 2.737526550292968750e+02
4.237317199707031250e+02 2.900918579101562500e+02 4.128147583007812500e+02 2.913988342285156250e+02
3.361365966796875000e+02 2.609282836914062500e+02 2.950000610351562500e+02 2.560752258300781250e+02
5.829423828125000000e+02 1.790647277832031250e+02 5.611148681640625000e+02 1.790623931884765625e+02
7.195305633544921875e+01 2.825457763671875000e+02 7.207022857666015625e+01 2.984077148437500000e+02
3.511795654296875000e+02 3.958228454589843750e+02 3.887472534179687500e+02 4.087502441406250000e+02
5.700003662109375000e+02 7.226330566406250000e+01 5.837354125976562500e+02 7.405603790283203125e+01
5.620640258789062500e+02 4.237559509277343750e+02 5.962959594726562500e+02 4.039038085937500000e+02
5.611148681640625000e+02 1.790623931884765625e+02 5.610587158203125000e+02 1.285471954345703125e+02
2.379960479736328125e+02 1.148137054443359375e+02 2.580051574707031250e+02 1.062384948730468750e+02
6.386467285156250000e+02 3.390913696289062500e+02 6.337458496093750000e+02 3.547674255371093750e+02
2.012033233642578125e+02 1.896503601074218750e+02 1.850830841064453125e+02 1.919220733642578125e+02
5.832074584960937500e+02 1.200048522949218750e+02 6.271796264648437500e+02 1.242788314819335938e+02
4.237745666503906250e+02 5.011933135986328125e+01 3.731468505859375000e+02 4.299943161010742188e+01
5.602317504882812500e+02 1.176121826171875000e+02 5.232480468750000000e+02 1.131963500976562500e+02
2.379960479736328125e+02 1.148137054443359375e+02 2.185525207519531250e+02 1.227300033569335938e+02
4.011227722167968750e+02 3.450003051757812500e+02 4.150012817382812500e+02 3.538381958007812500e+02
2.950009460449218750e+02 1.781615905761718750e+02 2.950275573730468750e+02 1.257459106445312500e+02
2.366902770996093750e+02 2.521176910400390625e+02 2.787484436035156250e+02 2.560928955078125000e+02
4.620368957519531250e+02 3.422453918457031250e+02 4.321116638183593750e+02 3.423751525878906250e+02
4.875047302246093750e+02 1.096632308959960938e+02 5.037476196289062500e+02 1.112840805053710938e+02
1.811003112792968750e+02 3.083263244628906250e+02 1.810962677001953125e+02 2.925075378417968750e+02
2.825218505859375000e+02 9.750177001953125000e+01 2.580051574707031250e+02 1.062384948730468750e+02
5.700000000000000000e+02 9.823948669433593750e+01 5.463712158203125000e+02 9.539871978759765625e+01
4.873596191406250000e+02 2.304771270751953125e+02 5.228718872070312500e+02 2.306648864746093750e+02
4.625407714843750000e+02 2.315497894287109375e+02 4.415120849609375000e+02 2.310097045898437500e+02
5.308265380859375000e+02 9.281604003906250000e+01 5.463712158203125000e+02 9.539871978759765625e+01
3.724984436035156250e+02 7.405416107177734375e+01 3.959424438476562500e+02 7.667832183837890625e+01
3.369910278320312500e+02 7.676184844970703125e+01 3.368743591308593750e+02 8.745104980468750000e+01
1.770610656738281250e+02 1.387500305175781250e+02 1.769207458496093750e+02 1.601149597167968750e+02
5.620640258789062500e+02 4.237559509277343750e+02 5.366680297851562500e+02 4.350936889648437500e+02
4.181884765625000000e+02 2.312441864013671875e+02 4.415120849609375000e+02 2.310097045898437500e+02
2.478320922851562500e+02 3.365544433593750000e+02 1.811003112792968750e+02 3.083263244628906250e+02
8.622214508056640625e+01 1.743394622802734375e+02 8.622142028808593750e+01 1.962514801025390625e+02
9.708176422119140625e+01 3.196774597167968750e+02 7.851384735107421875e+01 3.045173645019531250e+02
4.250000610351562500e+02 3.562500305175781250e+02 4.478594665527343750e+02 3.552670898437500000e+02
4.873596191406250000e+02 2.304771270751953125e+02 5.600000610351562500e+02 2.310195770263671875e+02
5.850934448242187500e+02 4.665397644042968750e+02 5.610874023437500000e+02 4.640662536621093750e+02
4.987609252929687500e+02 2.859050292968750000e+02 4.987809448242187500e+02 3.075003356933593750e+02
4.237540893554687500e+02 7.967742156982421875e+01 3.959424438476562500e+02 7.667832183837890625e+01
6.503543090820312500e+01 2.231492309570312500e+02 2.672553062438964844e-02 2.236722717285156250e+02
5.620640258789062500e+02 4.237559509277343750e+02 6.187746582031250000e+02 4.451417541503906250e+02
4.875047302246093750e+02 1.096632308959960938e+02 4.880711364746093750e+02 9.537593078613281250e+01
2.950009460449218750e+02 1.781615905761718750e+02 3.185274963378906250e+02 1.752722167968750000e+02
4.237745666503906250e+02 5.011933135986328125e+01 4.887529907226562500e+02 6.000313186645507812e+01
6.179961547851562500e+02 2.597585449218750000e+02 6.387580566406250000e+02 2.567719116210937500e+02
1.800079040527343750e+02 2.615729370117187500e+02 1.557577972412109375e+02 2.570558776855468750e+02
2.504762268066406250e+01 2.457530517578125000e+02 3.535747528076171875e-03 2.453464202880859375e+02
4.023622436523437500e+02 1.728206024169921875e+02 4.669324340820312500e+02 1.744507598876953125e+02
6.387376708984375000e+02 1.255240173339843750e+02 5.952554931640625000e+02 1.208244628906250000e+02
4.713683471679687500e+02 5.743109512329101562e+01 5.314295654296875000e+02 6.655450439453125000e+01
6.200001220703125000e+02 8.023965454101562500e+01 5.837354125976562500e+02 7.405603790283203125e+01
2.012033233642578125e+02 1.896503601074218750e+02 2.025187835693359375e+02 1.527695922851562500e+02
3.711039428710937500e+02 2.935249023437500000e+02 3.700001220703125000e+02 3.009520568847656250e+02
4.237317199707031250e+02 2.900918579101562500e+02 4.237618408203125000e+02 2.677542419433593750e+02
5.828184204101562500e+02 2.812500000000000000e+02 5.818175048828125000e+02 2.558792724609375000e+02
5.602317504882812500e+02 1.176121826171875000e+02 5.419770507812500000e+02 1.152454910278320312e+02
4.014511718750000000e+02 2.311626434326171875e+02 4.181884765625000000e+02 2.312441864013671875e+02
5.832693481445312500e+02 1.312526092529296875e+02 6.387270507812500000e+02 1.360185699462890625e+02
6.187746582031250000e+02 4.451417541503906250e+02 6.261262817382812500e+02 4.370166625976562500e+02
4.967909240722656250e+02 4.593342285156250000e+02 5.420136108398437500e+02 4.790575256347656250e+02
1.423071441650390625e+02 2.550000305175781250e+02 1.557577972412109375e+02 2.570558776855468750e+02
2.022403564453125000e+02 2.272258148193359375e+02 2.031260681152343750e+02 2.483178253173828125e+02
5.232480468750000000e+02 1.131963500976562500e+02 5.037476196289062500e+02 1.112840805053710938e+02
5.611148681640625000e+02 1.790623931884765625e+02 5.602317504882812500e+02 1.176121826171875000e+02
5.850181884765625000e+02 4.340517578125000000e+02 6.052172241210937500e+02 4.412441711425781250e+02
4.625407714843750000e+02 2.315497894287109375e+02 4.700084838867187500e+02 2.641308288574218750e+02
2.478320922851562500e+02 3.365544433593750000e+02 2.832040710449218750e+02 3.515200805664062500e+02
5.829423828125000000e+02 1.790647277832031250e+02 6.114222412109375000e+02 1.815768432617187500e+02
6.187746582031250000e+02 4.451417541503906250e+02 6.052172241210937500e+02 4.412441711425781250e+02
1.770610656738281250e+02 1.387500305175781250e+02 1.757843627929687500e+02 1.927554168701171875e+02
5.685348510742187500e+02 2.813178100585937500e+02 5.687225952148437500e+02 2.597270812988281250e+02
2.050000152587890625e+02 1.275155487060546875e+02 2.185525207519531250e+02 1.227300033569335938e+02
5.228718872070312500e+02 2.306648864746093750e+02 5.600000610351562500e+02 2.310195770263671875e+02
2.787484436035156250e+02 2.560928955078125000e+02 2.950000610351562500e+02 2.560752258300781250e+02
5.237487182617187500e+02 1.773078918457031250e+02 5.237349853515625000e+02 1.247103729248046875e+02
4.237362976074218750e+02 3.712508239746093750e+02 4.250000610351562500e+02 3.562500305175781250e+02
3.711039428710937500e+02 2.935249023437500000e+02 3.715074462890625000e+02 2.615480346679687500e+02
3.361365966796875000e+02 2.609282836914062500e+02 2.787484436035156250e+02 2.560928955078125000e+02
1.128796691894531250e+02 1.640656433105468750e+02 1.031522521972656250e+02 1.678181152343750000e+02
3.873848724365234375e+01 2.858910522460937500e+02 3.737742614746093750e+01 2.635661315917968750e+02
3.122839660644531250e+02 3.862596740722656250e+02 3.650029907226562500e+02 3.975000305175781250e+02
4.237540893554687500e+02 7.967742156982421875e+01 4.233911743164062500e+02 4.129756546020507812e+01
4.625407714843750000e+02 2.315497894287109375e+02 4.669324340820312500e+02 1.744507598876953125e+02
5.832074584960937500e+02 1.200048522949218750e+02 5.952554931640625000e+02 1.208244628906250000e+02
5.700003662109375000e+02 7.226330566406250000e+01 6.200001220703125000e+02 8.023965454101562500e+01
1.757843627929687500e+02 1.927554168701171875e+02 1.784996185302734375e+02 2.456772155761718750e+02
6.387270507812500000e+02 1.360185699462890625e+02 6.127496948242187500e+02 1.336689453125000000e+02
5.314295654296875000e+02 6.655450439453125000e+01 5.837354125976562500e+02 7.405603790283203125e+01
2.012033233642578125e+02 1.896503601074218750e+02 2.022403564453125000e+02 2.272258148193359375e+02
4.871736145019531250e+02 1.752838439941406250e+02 4.023622436523437500e+02 1.728206024169921875e+02
4.850003662109375000e+02 3.076050720214843750e+02 4.987809448242187500e+02 3.075003356933593750e+02
2.122634124755859375e+02 1.884775238037109375e+02 2.482456817626953125e+02 1.838510742187500000e+02
4.011227722167968750e+02 3.450003051757812500e+02 4.321116638183593750e+02 3.423751525878906250e+02
1.561812286376953125e+02 1.468445739746093750e+02 1.128796691894531250e+02 1.640656433105468750e+02
3.513693237304687500e+02 2.635667724609375000e+02 3.715074462890625000e+02 2.615480346679687500e+02
7.851384735107421875e+01 3.045173645019531250e+02 7.195305633544921875e+01 2.825457763671875000e+02
3.000070190429687500e+01 1.848387908935546875e+02 1.698179435729980469e+01 1.845805816650390625e+02
3.078165283203125000e+02 2.861567077636718750e+02 3.423321533203125000e+02 2.936850585937500000e+02
5.232480468750000000e+02 1.131963500976562500e+02 5.419770507812500000e+02 1.152454910278320312e+02
1.757843627929687500e+02 1.927554168701171875e+02 1.567480773925781250e+02 1.950150756835937500e+02
4.867548217773437500e+02 3.693532714843750000e+02 4.510145874023437500e+02 3.695249023437500000e+02
2.479335174560546875e+02 2.287515258789062500e+02 2.468833007812500000e+02 2.512624511718750000e+02
4.850003662109375000e+02 3.076050720214843750e+02 4.685907592773437500e+02 3.091844482421875000e+02
6.387539672851562500e+02 4.201490783691406250e+02 6.261262817382812500e+02 4.370166625976562500e+02
6.271796264648437500e+02 1.242788314819335938e+02 6.116638793945312500e+02 1.226685791015625000e+02
3.700000000000000000e+02 3.390701599121093750e+02 3.687368164062500000e+02 3.458388671875000000e+02
4.014511718750000000e+02 2.311626434326171875e+02 4.415120849609375000e+02 2.310097045898437500e+02
5.228718872070312500e+02 2.306648864746093750e+02 5.031574096679687500e+02 2.312019653320312500e+02
4.967909240722656250e+02 4.593342285156250000e+02 5.271874389648437500e+02 4.736835937500000000e+02
1.800079040527343750e+02 2.615729370117187500e+02 1.784996185302734375e+02 2.456772155761718750e+02
6.271796264648437500e+02 1.242788314819335938e+02 5.952554931640625000e+02 1.208244628906250000e+02
6.387376708984375000e+02 1.255240173339843750e+02 6.116638793945312500e+02 1.226685791015625000e+02
3.502175292968750000e+02 2.950228271484375000e+02 3.423321533203125000e+02 2.936850585937500000e+02
6.179961547851562500e+02 2.597585449218750000e+02 5.687225952148437500e+02 2.597270812988281250e+02
5.700001220703125000e+02 1.787993164062500000e+02 5.600000610351562500e+02 2.310195770263671875e+02
4.861614685058593750e+02 2.868930358886718750e+02 4.850010375976562500e+02 2.937023620605468750e+02
2.122634124755859375e+02 1.884775238037109375e+02 1.850830841064453125e+02 1.919220733642578125e+02
2.980061035156250000e+02 3.583117065429687500e+02 3.213872070312500000e+02 3.689040222167968750e+02
1.811003112792968750e+02 3.083263244628906250e+02 1.800042419433593750e+02 2.775451049804687500e+02
1.800042419433593750e+02 2.775451049804687500e+02 1.810962677001953125e+02 2.925075378417968750e+02
2.929757080078125000e+02 3.890413513183593750e+02 2.229974517822265625e+02 3.684701538085937500e+02
3.873848724365234375e+01 2.858910522460937500e+02 2.374774742126464844e+01 2.850001220703125000e+02
2.482456817626953125e+02 1.838510742187500000e+02 2.950009460449218750e+02 1.781615905761718750e+02
2.787484436035156250e+02 2.560928955078125000e+02 2.468833007812500000e+02 2.512624511718750000e+02
1.414942016601562500e+02 3.187527770996093750e+02 2.037406005859375000e+02 3.573748168945312500e+02
1.561812286376953125e+02 1.468445739746093750e+02 1.567480773925781250e+02 1.950150756835937500e+02
5.602317504882812500e+02 1.176121826171875000e+02 5.037476196289062500e+02 1.112840805053710938e+02
2.700006713867187500e+02 2.791875610351562500e+02 2.672013244628906250e+02 2.927926025390625000e+02
3.385330505371093750e+02 3.761547546386718750e+02 3.213872070312500000e+02 3.689040222167968750e+02
3.687409973144531250e+02 3.621614685058593750e+02 3.816474609375000000e+02 3.600040588378906250e+02
3.515150451660156250e+02 3.529147338867187500e+01 4.233911743164062500e+02 4.129756546020507812e+01
4.750001220703125000e+02 3.549281921386718750e+02 4.478594665527343750e+02 3.552670898437500000e+02
3.515150451660156250e+02 3.529147338867187500e+01 2.857635803222656250e+02 6.839536285400390625e+01
5.832074584960937500e+02 1.200048522949218750e+02 6.116638793945312500e+02 1.226685791015625000e+02
5.602317504882812500e+02 1.176121826171875000e+02 5.610587158203125000e+02 1.285471954345703125e+02
3.704031677246093750e+02 3.722798767089843750e+02 3.816474609375000000e+02 3.600040588378906250e+02
4.875047302246093750e+02 1.096632308959960938e+02 5.419770507812500000e+02 1.152454910278320312e+02
3.378350524902343750e+02 1.708336639404296875e+02 3.185274963378906250e+02 1.752722167968750000e+02
4.878134765625000000e+02 1.219012222290039062e+02 5.610587158203125000e+02 1.285471954345703125e+02
5.600000610351562500e+02 2.310195770263671875e+02 5.687225952148437500e+02 2.597270812988281250e+02
3.687409973144531250e+02 3.621614685058593750e+02 3.687741088867187500e+02 3.862519226074218750e+02
4.669324340820312500e+02 1.744507598876953125e+02 4.184460449218750000e+02 1.726145477294921875e+02
5.818175048828125000e+02 2.558792724609375000e+02 5.687225952148437500e+02 2.597270812988281250e+02
2.366902770996093750e+02 2.521176910400390625e+02 2.387534179687500000e+02 2.737500000000000000e+02
5.818175048828125000e+02 2.558792724609375000e+02 6.179961547851562500e+02 2.597585449218750000e+02
3.022749137878417969e+01 2.233561401367187500e+02 2.672553062438964844e-02 2.236722717285156250e+02
5.300107421875000000e+02 2.625076599121093750e+02 4.700084838867187500e+02 2.641308288574218750e+02
3.515150451660156250e+02 3.529147338867187500e+01 3.731468505859375000e+02 4.299943161010742188e+01
4.873596191406250000e+02 2.304771270751953125e+02 5.031574096679687500e+02 2.312019653320312500e+02
5.832693481445312500e+02 1.312526092529296875e+02 6.127496948242187500e+02 1.336689453125000000e+02
2.800016174316406250e+02 2.296617584228515625e+02 2.479335174560546875e+02 2.287515258789062500e+02
3.100135803222656250e+02 5.668803024291992188e+01 2.857635803222656250e+02 6.839536285400390625e+01
5.237487182617187500e+02 1.773078918457031250e+02 5.228718872070312500e+02 2.306648864746093750e+02
8.637873840332031250e+01 2.052845611572265625e+02 8.622142028808593750e+01 1.962514801025390625e+02
4.250000610351562500e+02 3.562500305175781250e+02 4.150012817382812500e+02 3.538381958007812500e+02
6.386108398437500000e+02 3.637930908203125000e+02 6.337458496093750000e+02 3.547674255371093750e+02
3.502175292968750000e+02 2.950228271484375000e+02 3.700001220703125000e+02 3.009520568847656250e+02
4.883352355957031250e+02 2.643007202148437500e+02 4.237618408203125000e+02 2.677542419433593750e+02
