272 155 297 180
133 203 155 203
479 252 493 260
317 364 329 366
241 197 294 185
429 156 495 177
195 72 226 88
187 67 260 95
460 194 498 200
134 119 202 176
324 283 349 292
393 145 417 154
458 236 493 255
382 175 417 210
525 336 555 343
272 184 321 174
372 229 417 228
68 203 109 208
437 336 480 360
244 352 257 353
72 26 217 75
100 136 125 133
25 165 99 157
274 163 347 181
394 160 405 164
132 41 226 70
591 301 605 303
205 334 215 335
524 339 553 357
158 222 218 243
484 229 501 230
437 233 512 224
479 278 493 283
436 167 519 148
473 190 524 231
504 155 514 152
210 170 225 172
71 133 81 139
436 277 482 284
149 142 161 145
570 350 586 357
393 109 438 108
89 122 309 0
512 180 538 173
575 210 636 218
0 238 12 238
296 314 307 314
96 39 127 56
0 220 63 227
331 96 362 67
591 323 620 322
401 330 427 346
394 259 417 273
506 345 555 365
516 252 527 255
110 172 153 169
327 297 348 295
191 247 220 205
63 119 86 125
480 317 498 325
357 212 403 166
328 235 383 274
345 266 375 271
489 375 505 381
403 274 417 277
23 32 81 51
113 107 155 117
327 231 407 205
25 331 49 332
170 79 200 87
292 89 322 98
183 232 233 218
0 309 34 313
469 116 501 92
350 138 418 133
486 188 568 214
586 272 631 292
249 231 261 240
376 244 417 267
296 122 338 114
562 306 618 316
588 381 639 385
427 179 452 182
14 95 42 103
170 228 186 230
67 177 105 176
182 228 197 233
291 138 394 188
527 241 576 237
29 209 54 209
388 360 522 360
357 203 373 204
17 104 42 110
13 0 53 18
233 339 306 342
380 45 412 26
40 341 56 335
358 105 387 99
280 184 371 166
379 393 412 393
21 172 86 184
151 139 200 134
0 33 93 63
37 184 65 182
347 367 372 367
108 222 124 227
0 31 93 61
444 255 493 267
351 208 385 214
608 369 628 377
193 164 227 156
190 86 225 98
607 362 639 362
592 295 611 296
255 141 277 139
159 282 193 278
459 114 496 110
104 317 122 316
483 213 503 212
219 393 301 405
171 306 192 308
208 151 223 151
543 83 562 81
530 206 572 221
118 272 185 205
382 204 404 215
61 201 88 210
468 197 486 235
371 316 389 315
12 290 36 288
45 243 79 234
128 161 193 147
427 160 448 167
333 160 360 187
440 49 460 42
504 393 518 393
193 90 229 101
170 201 235 209
117 226 158 208
99 46 122 54
444 252 465 252
475 331 494 332
149 60 198 80
259 362 284 365
414 383 415 325
561 286 589 284
122 161 139 163
449 407 461 407
356 197 368 198
444 330 524 380
286 254 298 253
420 386 489 385
205 373 214 348
69 194 87 190
288 127 351 125
225 112 251 120
33 210 110 230
246 388 302 393
23 229 92 231
556 205 593 237
544 303 605 364
107 160 140 153
168 125 181 125
170 332 203 311
314 113 331 109
613 334 627 344
606 363 625 369
280 177 297 172
382 145 406 142
146 173 156 178
535 313 579 322
127 123 141 120
166 163 187 172
23 277 39 272
526 396 538 396
417 103 459 143
512 210 526 215
427 154 456 143
486 205 527 221
38 148 53 155
350 119 373 127
563 364 610 389
465 66 478 59
460 64 472 60
87 256 130 244
198 264 217 260
75 115 88 114
3 264 47 240
604 428 614 438
479 196 500 193
173 239 192 244
321 177 417 200
472 88 503 79
33 170 99 158
198 373 223 375
116 219 161 227
526 165 580 219
508 155 528 148
309 229 351 233
276 121 300 119
69 36 84 42
198 342 212 336
329 207 331 82
354 383 378 406
184 389 242 396
480 312 494 316
160 270 173 269
235 108 262 104
78 258 131 268
453 329 465 335
506 336 540 350
23 157 46 161
66 325 81 324
584 347 608 358
358 225 371 221
0 94 111 123
192 261 217 266
232 113 284 129
142 406 156 403
339 147 362 159
103 333 114 334
52 310 97 320
505 244 532 249
513 94 530 83
395 273 417 278
586 407 602 412
531 184 558 188
122 24 136 26
480 319 512 333
483 221 501 224
359 247 375 259
113 240 129 239
93 131 103 128
328 293 349 288
92 457 125 455
103 341 145 334
570 225 622 219
377 130 400 129
621 401 636 408
365 272 414 278
611 321 639 321
246 75 322 130
270 247 297 259
254 85 301 118
472 215 507 220
18 327 44 326
128 226 141 220
426 303 465 334
90 209 105 210
582 398 601 398
624 351 637 361
420 361 442 367
590 307 608 311
35 149 65 148
103 342 120 342
307 349 308 260
208 322 240 301
403 229 417 232
358 103 381 110
289 36 325 62
31 186 91 222
269 158 282 141
59 427 150 422
347 124 387 102
611 117 630 116
170 330 220 292
467 199 524 180
367 392 389 396
546 299 573 294
400 303 453 330
291 63 303 65
451 326 465 337
443 228 474 232
544 228 571 229
195 222 218 231
205 203 217 204
540 250 596 246
410 41 443 22
78 176 103 172
563 336 585 341
503 109 522 99
457 291 494 311
605 380 639 382
433 387 445 388
579 248 610 260
540 357 551 357
391 122 406 121
59 270 95 244
605 338 625 343
291 87 303 75
10 268 42 264
392 273 398 263
63 196 129 197
17 249 50 246
572 242 592 241
533 277 540 293
49 113 72 117
376 246 406 246
76 144 103 143
502 113 513 112
126 455 203 450
238 225 251 227
463 319 512 335
311 71 323 48
574 434 584 433
346 440 518 425
372 404 428 405
205 58 256 73
624 266 636 268
610 351 626 355
359 259 437 243
296 124 341 115
327 317 339 315
349 157 364 155
520 198 562 239
316 232 330 223
557 163 619 148
402 68 421 64
328 241 350 244
265 213 282 209
202 470 304 462
445 342 459 354
11 344 23 344
41 27 57 33
56 141 67 146
524 106 558 80
462 117 475 113
266 228 281 226
92 277 122 249
239 97 279 81
15 429 31 424
448 217 458 222
229 159 272 116
625 115 639 111
12 180 32 176
388 45 421 60
506 260 517 261
468 99 505 71
629 222 639 221
177 167 194 170
322 226 351 228
505 196 520 197
564 247 609 243
422 322 453 315
0 348 21 348
36 186 88 191
437 53 448 42
260 238 309 247
50 213 98 212
479 151 528 145
552 395 580 399
536 210 618 292
147 256 186 224
249 172 265 188
58 316 81 320
430 135 465 128
433 161 446 68
500 202 549 202
116 215 150 193
574 203 624 210
335 130 345 129
0 211 79 226
515 159 547 139
328 261 349 283
133 349 163 350
9 205 20 203
171 314 190 322
166 156 188 134
33 242 54 239
332 87 362 49
475 125 491 123
211 146 222 155
573 314 610 316
510 228 515 238
211 62 221 64
393 215 407 218
135 370 145 366
535 256 551 255
580 370 629 378
188 124 210 130
204 87 225 96
314 358 332 358
108 133 159 125
376 226 418 184
331 168 361 161
1 2 27 7
528 173 530 197
310 164 327 158
503 100 527 104
346 360 381 360
333 126 349 122
131 172 144 175
355 201 393 205
122 367 146 363
135 109 182 118
313 368 331 381
116 146 132 152
192 455 209 454
430 78 452 72
55 309 83 308
254 269 272 268
503 381 516 388
349 160 366 157
65 155 116 171
291 402 305 402
283 106 325 63
170 197 193 210
500 282 574 290
60 234 109 234
255 74 350 27
231 186 245 197
275 140 302 153
476 260 493 262
544 367 563 378
475 235 501 232
27 219 92 229
341 135 371 121
238 399 263 402
437 272 437 222
70 24 116 39
232 215 298 200
489 353 556 354
504 188 549 194
209 193 235 188
62 259 86 266
163 219 195 228
620 310 632 309
9 390 65 391
328 316 339 314
332 73 346 66
129 123 141 122
414 26 416 154
103 343 122 345
573 283 610 301
332 194 375 176
425 250 427 205
438 357 498 357
58 159 88 183
568 395 581 414
155 251 218 234
372 219 383 206
155 240 189 234
251 145 269 104
361 384 396 389
346 349 365 345
139 234 152 237
326 268 361 249
612 331 638 330
0 304 11 300
210 54 260 73
420 368 439 369
588 404 607 417
471 167 523 137
557 246 603 243
503 441 639 424
240 469 274 467
107 159 160 147
278 116 332 60
22 297 35 295
419 391 433 392
472 90 525 84
0 179 12 173
500 363 549 363
147 206 177 211
57 322 90 308
389 201 418 181
167 41 190 46
233 348 252 351
546 301 637 285
395 202 409 199
170 326 195 327
394 329 427 329
49 176 94 160
167 148 203 113
360 100 379 96
304 355 321 369
506 263 527 266
434 137 491 129
598 344 627 354
382 113 382 54
61 265 78 248
358 318 375 314
406 260 417 259
438 226 480 225
400 150 420 147
474 148 491 140
588 403 598 403
76 150 96 157
242 173 302 164
487 173 548 161
546 296 616 311
235 109 283 125
375 257 417 257
476 128 491 128
529 160 548 159
427 147 484 192
413 354 426 356
472 396 486 397
260 313 287 336
310 159 327 157
388 479 615 447
506 298 535 290
562 331 590 337
382 356 427 357
414 381 435 384
60 140 99 155
0 2 132 47
401 440 416 438
48 168 114 175
421 116 452 118
468 148 495 175
590 271 606 271
109 477 176 472
316 374 345 378
178 304 193 305
344 197 357 192
155 345 183 343
158 344 169 336
239 273 267 271
400 211 417 211
528 331 600 360
351 389 396 390
138 350 148 350
377 344 427 343
404 334 427 337
347 315 361 309
191 370 214 362
502 139 513 135
438 222 456 214
324 277 349 276
460 160 479 129
557 160 639 142
372 402 389 402
270 22 280 34
378 230 392 232
107 161 151 158
8 224 18 220
29 210 42 213
525 254 575 238
259 236 298 244
115 211 144 184
378 400 396 400
562 304 577 304
313 359 357 366
516 228 570 223
66 278 83 260
371 25 382 11
205 250 218 254
17 259 30 259
262 343 295 331
300 9 315 14
145 278 173 275
341 147 364 144
62 135 113 134
383 241 406 242
198 221 219 224
527 215 604 201
446 412 493 416
170 356 196 311
425 213 481 199
328 253 345 252
452 369 468 370
338 257 382 254
577 421 597 419
120 211 156 172
94 281 111 274
36 193 72 190
361 382 392 386
0 257 25 264
209 195 236 201
433 83 495 59
341 362 373 366
526 399 553 401
573 256 595 264
488 375 519 376
206 234 218 238
543 191 554 189
73 183 96 177
344 442 434 435
505 311 541 313
438 340 455 353
17 1 139 43
531 122 555 107
395 162 405 166
479 170 491 166
145 273 162 271
365 20 379 10
193 82 234 66
157 319 188 319
21 30 74 46
395 292 417 288
481 381 492 382
398 475 568 452
475 108 491 119
186 362 197 361
283 355 298 355
192 210 229 188
105 144 154 163
275 18 318 64
195 243 218 236
76 285 99 289
150 386 161 383
279 141 325 151
167 351 177 351
470 149 491 138
66 331 82 315
65 168 75 162
82 269 109 238
81 197 104 189
146 347 163 334
11 199 28 197
602 240 615 239
406 36 440 15
271 255 298 252
274 270 306 267
117 135 130 134
459 363 500 366
563 353 618 354
575 261 595 270
530 247 548 242
474 309 491 311
328 248 350 246
522 95 555 96
244 357 272 357
164 77 195 80
97 248 109 242
539 258 562 257
144 234 155 225
5 331 30 315
286 302 306 302
331 36 367 3
108 256 119 258
262 330 287 324
619 149 638 144
208 359 227 359
420 366 434 367
157 325 176 308
280 36 300 16
578 413 595 415
26 315 44 318
488 411 499 411
562 328 606 372
124 324 148 318
340 67 362 46
426 305 444 299
258 119 269 118
254 260 258 241
177 357 214 351
84 405 129 406
170 110 182 113
116 216 150 196
506 271 549 274
499 189 549 196
80 209 106 198
83 264 110 231
115 145 127 144
142 105 168 114
328 238 340 236
292 84 303 83
106 291 119 278
313 343 326 343
291 73 316 85
251 164 263 163
10 262 42 262
408 39 433 23
59 296 82 289
107 268 131 265
186 342 214 341
521 120 546 120
406 328 427 322
257 157 279 150
484 369 525 374
266 210 298 201
248 243 294 203
451 373 484 386
444 328 465 326
565 396 605 392
35 329 48 315
416 100 428 94
308 131 334 104
160 269 173 268
251 143 267 141
390 119 417 129
181 129 222 125
198 92 216 99
271 252 289 248
532 217 595 217
481 235 516 233
79 337 96 335
459 110 508 105
244 153 325 75
93 219 105 217
29 153 51 151
112 130 128 126
61 199 126 206
444 245 462 243
506 262 518 262
422 100 451 94
506 275 519 273
480 342 505 339
544 331 553 344
401 88 423 74
335 235 366 214
329 259 364 256
76 157 96 156
291 71 328 88
450 342 465 344
427 181 452 185
366 267 377 268
6 207 22 199
108 246 148 238
0 327 15 313
181 386 214 390
146 256 185 217
192 162 203 161
541 109 555 100
382 133 392 145
11 318 44 320
609 361 637 359
404 340 423 342
0 362 98 378
176 144 222 180
80 345 95 346
508 119 528 106
483 210 493 209
106 199 149 185
535 131 598 123
271 263 294 263
487 293 498 291
323 125 355 119
66 327 81 325
251 193 279 158
0 345 11 345
578 235 606 236
378 26 399 35
155 355 176 357
182 262 199 261
623 262 639 259
336 89 362 62
152 138 179 126
0 25 30 35
378 392 393 391
156 348 211 348
564 236 602 232
460 119 484 170
452 421 464 420
462 408 488 408
489 152 522 149
236 148 236 119
629 218 639 216
493 222 512 222
135 340 146 338
322 71 343 92
536 281 565 296
106 281 120 276
250 179 263 167
473 330 494 331
17 178 91 227
325 141 349 154
240 122 245 92
573 324 639 329
246 39 279 73
343 202 355 181
237 80 239 67
356 181 370 187
489 409 544 407
291 135 314 145
311 69 341 85
166 166 184 173
83 479 108 477
214 154 237 155
234 316 247 319
113 177 134 178
533 276 549 279
346 353 367 357
427 187 452 180
311 59 332 49
480 134 509 130
332 392 354 393
519 180 548 183
399 173 418 195
562 327 573 328
444 346 445 378
351 107 373 117
372 169 395 165
503 417 534 413
61 266 86 272
442 393 470 391
268 226 310 222
21 294 57 290
328 322 349 320
316 395 335 393
9 217 70 227
215 216 232 214
265 116 280 99
544 294 566 296
350 91 376 111
346 316 367 314
271 257 297 258
472 91 498 89
337 142 349 145
247 152 313 88
605 325 627 326
61 157 99 153
104 422 115 416
487 355 498 356
351 211 369 215
433 376 459 377
459 322 470 322
345 53 361 80
401 89 421 80
324 280 337 277
356 2 367 21
25 330 44 329
492 347 506 347
275 316 286 317
399 287 417 284
359 300 412 304
382 144 451 86
437 406 465 404
45 114 81 120
80 283 100 271
444 244 468 246
92 181 104 181
465 225 476 230
3 350 13 349
29 212 51 215
3 359 17 347
487 72 504 79
305 443 329 441
213 214 213 203
331 172 355 183
39 168 51 163
253 128 263 132
349 161 366 163
597 329 609 328
280 337 295 337
239 109 258 115
87 131 105 128
426 237 465 237
532 187 544 189
577 272 604 286
335 248 345 253
427 174 460 146
614 311 632 311
148 128 195 138
432 362 450 366
395 158 405 162
44 345 56 338
200 208 222 185
341 80 362 78
536 268 548 268
93 310 105 303
614 320 637 320
212 161 230 157
14 256 25 258
506 165 548 179
531 197 549 198
399 30 412 25
0 190 46 188
332 39 344 32
311 133 351 126
258 207 278 217
171 311 188 313
328 140 340 138
556 289 611 301
578 256 610 255
30 265 40 267
339 106 377 113
418 148 429 139
93 315 111 315
333 25 344 29
334 141 335 112
158 276 166 257
171 308 181 306
67 323 81 322
372 250 426 250
26 22 39 27
595 419 623 416
382 331 413 323
7 352 21 347
106 58 119 63
603 371 626 377
542 315 545 339
456 49 526 81
458 92 501 93
298 250 309 248
209 187 222 189
91 308 148 305
335 238 350 240
300 83 305 117
327 325 349 330
170 384 190 384
468 138 481 131
538 214 549 214
518 106 540 93
578 209 598 210
588 280 600 285
124 113 161 93
596 429 615 436
473 168 491 163
554 94 558 205
35 208 88 192
433 374 459 373
29 197 98 164
483 284 497 290
530 124 556 123
385 180 400 183
170 322 187 306
566 220 613 219
189 263 203 275
383 37 390 50
473 186 494 181
161 73 188 83
266 95 279 85
0 307 11 308
594 368 625 367
340 101 372 139
420 385 445 386
489 351 553 352
131 346 146 342
433 199 481 212
516 387 561 400
583 303 599 303
242 50 300 20
286 65 306 50
535 242 546 246
427 117 437 118
57 318 81 321
339 66 364 34
375 43 413 30
234 320 271 309
482 319 494 320
624 274 639 279
271 178 291 189
84 39 100 47
168 226 213 191
560 410 577 415
391 32 410 24
588 367 614 366
0 92 26 99
243 152 244 130
259 81 283 62
350 139 364 151
236 465 247 464
177 238 199 233
233 332 247 331
327 371 346 372
2 189 12 184
129 219 154 206
113 187 143 198
623 249 638 253
370 214 393 219
6 211 54 197
85 397 99 387
328 251 345 251
540 151 557 146
120 162 156 176
58 256 79 246
316 396 326 396
443 256 465 257
520 340 544 339
535 129 546 125
223 147 237 152
371 414 406 420
327 217 356 211
27 20 37 24
579 347 606 359
519 334 553 334
122 183 141 186
572 196 609 204
531 318 553 324
183 94 220 77
623 256 635 261
141 94 154 99
546 224 639 201
58 286 69 286
483 370 498 369
442 234 452 236
401 77 418 53
15 252 39 257
241 212 241 224
498 355 525 355
238 131 267 148
402 37 449 56
345 201 402 215
101 233 116 218
521 123 546 121
182 95 203 104
337 197 348 188
112 121 140 132
548 377 569 377
30 429 52 428
18 291 32 291
404 256 426 253
270 103 298 99
6 312 18 310
540 382 563 380
441 7 451 4
158 141 175 146
45 229 71 219
598 305 625 334
69 193 85 188
350 70 370 128
310 10 310 0
265 446 278 445
176 335 190 324
610 352 621 353
62 262 85 268
14 430 35 424
325 89 327 77
428 113 439 110
25 320 45 322
238 94 238 77
477 201 505 207
379 9 386 27
181 150 222 156
624 276 639 273
371 108 390 107
548 237 599 230
162 386 180 387
97 364 107 364
385 454 434 449
368 184 382 190
472 278 493 272
462 263 474 263
328 258 354 262
123 176 156 171
232 213 233 191
475 102 491 106
323 395 334 395
428 217 428 205
263 346 280 315
348 21 353 37
267 80 279 71
288 344 306 341
539 245 560 253
252 61 297 38
299 150 321 156
104 322 117 323
111 281 139 284
486 402 514 403
538 101 553 93
277 69 314 40
447 124 464 165
156 340 185 342
81 277 111 277
349 349 384 349
240 94 274 66
124 353 140 354
376 265 386 226
248 141 270 144
584 346 614 346
196 470 205 455
519 183 572 193
564 384 598 386
562 335 570 347
233 346 253 341
46 256 68 249
101 133 127 142
502 83 516 78
7 322 37 310
47 246 64 233
101 131 123 126
473 220 493 242
587 207 605 204
201 338 215 338
118 196 139 193
41 208 80 199
246 351 255 335
349 343 364 342
508 365 549 382
427 148 453 150
233 102 264 93
507 249 527 252
399 409 425 409
309 18 309 5
233 345 257 337
286 374 297 372
184 397 207 397
446 334 446 307
465 318 465 356
270 112 275 101
473 224 493 263
426 189 441 194
381 205 391 209
444 262 464 262
302 356 320 369
495 195 512 203
386 267 417 269
384 113 384 37
203 164 227 171
502 155 518 150
187 367 208 362
481 252 493 253
105 472 113 457
511 270 527 268
62 426 82 408
277 329 293 327
394 249 406 248
263 323 296 319
211 171 223 174
291 312 306 310
198 64 225 90
38 337 49 335
588 390 600 390
161 284 176 277
589 321 635 324
138 110 153 113
507 146 523 139
331 175 353 175
471 393 525 399
168 129 204 113
490 217 532 248
546 115 556 114
415 447 436 445
38 365 76 370
562 329 590 336
433 381 455 380
155 244 166 242
177 141 195 141
449 132 453 151
469 166 491 153
520 417 552 420
345 366 346 348
324 409 324 391
103 337 113 335
562 333 593 340
362 173 392 193
454 162 458 126
435 173 467 175
469 245 493 240
172 115 182 114
573 252 609 244
534 111 546 109
110 222 121 218
301 175 318 187
311 325 332 327
282 366 302 367
419 116 434 104
601 340 625 345
122 329 132 327
416 55 420 42
147 308 170 278
381 25 406 22
544 292 566 292
451 277 464 275
165 154 199 165
83 412 104 412
544 307 553 321
471 184 489 181
344 323 360 323
211 330 214 340
505 253 518 260
124 135 177 163
442 76 470 48
0 197 15 201
104 326 114 326
79 395 89 387
146 262 174 249
287 128 297 93
459 95 470 94
605 233 619 235
519 199 541 222
328 250 340 256
394 174 408 219
396 254 409 258
446 349 474 366
147 244 158 242
624 272 636 269
66 253 89 245
489 281 513 278
190 269 203 270
433 198 465 217
35 205 73 209
209 302 234 296
339 291 345 273
108 255 121 246
374 209 390 206
475 121 479 110
426 185 464 174
589 399 600 399
476 218 486 218
107 201 128 198
228 193 239 195
315 189 325 177
396 194 418 191
397 330 427 336
63 240 74 236
343 84 368 92
296 361 306 358
327 227 337 232
436 378 458 378
127 180 139 185
603 284 616 286
368 357 380 357
587 326 603 328
330 239 343 249
430 311 441 308
127 320 148 317
208 311 221 296
91 263 101 248
310 142 322 138
233 331 247 330
309 115 309 88
265 152 277 150
12 243 44 232
489 297 518 288
208 312 218 314
527 410 540 410
191 254 193 264
397 397 412 396
170 98 209 115
623 257 639 252
391 118 421 87
459 101 488 121
234 286 237 271
292 299 307 298
154 157 182 139
304 125 319 99
239 102 271 114
425 457 439 469
479 247 493 246
436 148 447 118
569 312 596 314
43 158 69 144
372 116 423 88
405 38 443 23
308 99 325 105
48 169 76 175
353 155 367 135
578 127 588 122
57 165 100 172
536 398 550 398
563 351 587 359
275 347 287 344
479 302 494 298
602 209 631 212
0 331 10 327
205 195 212 211
350 33 403 56
427 172 441 169
427 155 446 153
536 269 548 271
585 411 601 412
525 92 535 86
327 379 346 381
108 40 157 74
579 297 595 296
162 312 163 290
447 204 465 215
444 254 462 253
402 218 417 214
40 337 56 336
477 176 492 174
169 116 219 87
338 316 340 333
180 320 198 303
479 251 493 249
392 118 407 105
45 26 70 38
611 427 625 430
453 236 465 236
526 343 553 355
530 221 553 203
212 180 222 179
395 223 405 223
625 371 639 371
249 230 260 230
481 286 493 284
471 94 491 113
148 232 161 230
191 171 195 190
327 377 342 378
481 367 500 367
447 128 483 140
280 364 295 360
475 103 491 117
136 189 149 177
219 81 261 60
350 304 361 302
268 58 283 49
350 136 363 131
222 387 238 387
113 288 140 211
253 127 277 132
382 337 397 342
270 246 282 251
544 383 563 381
368 193 409 206
185 69 196 75
624 264 635 262
85 374 156 385
302 41 315 29
527 225 553 235
293 54 305 42
201 335 212 334
176 333 194 330
574 273 610 280
329 260 339 260
293 346 303 343
575 277 600 292
608 384 629 386
66 279 85 281
326 264 342 263
521 92 527 82
505 255 517 260
248 424 262 426
599 122 623 117
363 183 380 190
135 160 155 164
485 404 508 404
33 172 48 174
70 270 89 289
624 247 639 251
57 423 68 421
51 245 69 240
479 321 491 327
623 260 639 258
196 371 198 360
571 315 604 319
77 347 91 347
484 75 497 65
209 370 223 372
506 282 506 257
468 70 484 72
429 96 447 85
515 260 527 256
200 199 220 203
544 220 566 203
593 215 605 210
335 265 364 262
139 192 156 177
324 60 332 38
564 285 592 279
83 376 94 373
170 407 191 407
169 215 171 188
479 259 493 256
364 352 395 330
165 354 180 354
216 425 222 407
182 308 192 312
440 222 451 222
576 266 610 246
427 359 427 295
568 369 582 371
246 211 248 242
451 90 461 89
452 43 467 83
349 303 350 248
506 341 537 351
528 338 553 353
535 151 545 149
43 229 63 229
547 126 547 140
115 144 141 152
186 63 198 81
365 200 415 185
245 142 264 157
343 63 365 34
215 274 216 186
188 269 200 267
292 150 308 153
504 175 522 177
214 56 228 48
211 298 247 322
323 83 352 91
374 366 394 366
126 73 138 74
558 301 566 311
267 61 306 42
548 235 569 244
186 396 195 385
528 321 538 326
432 161 435 140
79 396 90 387
23 343 30 263
67 280 77 278
529 219 543 223
523 274 548 270
507 299 527 307
417 293 417 188
165 138 176 138
455 206 469 214
93 52 103 58
582 251 607 246
94 324 99 297
437 157 466 159
147 336 151 254
93 148 104 144
372 342 384 356
333 203 343 195
562 302 594 300
247 313 248 341
246 130 247 142
341 370 354 370
133 16 150 39
122 182 139 184
431 135 446 124
418 57 418 26
468 387 488 389
331 165 344 177
288 96 322 137
384 325 395 336
236 102 264 89
475 122 513 99
563 360 585 366
170 176 214 161
250 359 262 356
387 27 387 13
55 17 127 41
202 399 217 376
452 384 480 381
475 127 491 127
507 381 507 405
357 1 374 9
390 118 393 102
538 146 557 144
133 212 142 200
188 203 210 202
334 150 361 151
439 224 483 226
351 369 351 352
210 175 222 171
503 134 514 140
59 271 85 276
249 76 259 79
433 127 452 109
441 107 452 98
108 365 119 365
86 204 135 210
490 342 505 349
606 379 630 380
116 264 131 261
535 99 550 91
280 46 295 40
236 327 239 315
22 167 55 173
562 325 572 327
241 419 256 420
2 240 26 246
253 184 261 172
44 105 58 105
593 248 610 257
33 230 44 231
121 331 141 333
342 390 372 394
256 148 281 166
78 239 91 233
315 357 321 367
538 105 551 100
94 310 113 309
270 245 281 237
303 36 313 30
597 121 630 113
349 159 365 162
310 166 322 168
19 4 34 13
233 459 292 473
349 357 349 317
588 402 598 402
573 196 588 198
109 57 121 61
291 83 302 88
190 124 201 122
444 332 461 343
247 260 260 248
431 153 454 148
460 195 505 206
476 88 496 73
379 405 419 407
172 130 200 132
399 264 414 266
138 95 148 90
494 415 512 413
291 74 302 42
378 271 380 260
240 44 317 3
280 52 294 44
149 372 161 354
382 148 400 133
138 176 156 180
463 311 473 309
191 135 202 139
259 208 269 210
485 144 486 170
399 178 411 176
445 443 467 442
591 305 613 305
349 149 376 116
509 159 523 152
310 165 320 165
526 342 544 342
241 42 283 19
444 248 457 251
145 403 157 403
287 107 324 104
502 115 513 113
355 13 361 1
442 105 468 79
146 372 157 369
288 23 295 8
483 92 497 91
170 325 188 322
266 85 279 80
405 160 410 141
513 90 532 84
451 60 452 44
60 232 70 228
311 62 321 58
147 233 166 237
156 347 185 344
460 159 470 156
292 83 310 90
236 416 252 417
504 180 549 199
382 170 405 153
327 298 337 300
91 171 137 164
453 78 496 61
135 136 187 164
83 289 86 271
544 302 553 335
346 109 358 80
239 125 240 66
209 375 223 373
501 419 519 417
306 131 324 147
282 464 292 465
310 445 330 443
326 272 338 287
439 48 452 35
622 365 635 365
83 57 113 69
287 375 300 377
374 225 413 233
277 34 313 16
65 181 76 185
424 97 442 92
513 372 533 371
353 148 366 135
541 376 558 376
382 201 396 201
605 386 615 388
474 299 494 310
1 196 15 191
264 358 281 360
505 245 517 247
477 187 495 187
436 161 450 154
190 240 208 238
400 310 420 314
167 230 179 242
188 272 210 270
54 256 71 257
488 383 513 385
395 294 413 292
117 207 135 200
391 120 404 108
501 191 515 196
94 129 112 123
204 336 215 336
237 239 237 261
291 70 303 63
308 109 319 94
501 223 537 223
316 83 323 73
58 140 81 140
480 311 494 313
373 55 387 62
216 177 222 188
106 289 119 283
401 320 416 315
606 291 618 291
57 145 68 139
126 256 161 246
237 219 268 211
276 96 322 124
80 339 93 339
104 319 122 318
394 295 406 293
335 179 353 161
241 84 254 92
499 429 521 427
299 37 325 55
378 141 386 126
534 175 542 209
349 153 363 140
341 58 352 53
501 101 513 96
276 158 296 173
125 168 130 158
489 293 511 292
258 145 279 149
251 251 261 243
347 93 367 92
516 93 538 87
413 252 413 238
576 305 618 317
279 116 320 100
447 58 462 44
113 461 126 460
404 304 416 308
539 101 551 98
182 89 183 75
138 406 169 406
505 251 515 252
519 231 545 226
258 144 279 146
210 174 231 148
162 318 179 314
176 331 190 323
460 350 480 350
263 322 285 319
503 128 538 149
314 368 326 368
291 136 314 146
75 387 102 387
145 248 166 243
427 153 431 143
314 359 327 360
439 132 452 122
529 159 553 148
194 77 214 70
280 272 288 259
435 114 452 113
338 15 338 3
32 294 55 292
517 153 535 159
446 157 461 152
308 242 309 231
266 309 267 338
349 163 368 167
564 328 574 330
125 324 135 323
46 338 56 337
468 375 479 374
595 359 623 357
623 395 639 395
521 237 532 237
400 173 411 173
221 98 222 75
52 49 98 64
488 214 510 214
131 281 146 283
377 249 388 252
17 177 46 160
489 356 492 374
123 190 128 174
406 74 421 72
578 292 591 290
358 322 369 253
401 85 421 74
356 0 373 28
514 391 532 389
223 92 227 79
535 267 563 260
465 234 471 247
396 321 406 324
187 144 221 163
331 125 336 112
258 38 314 9
594 229 611 226
195 147 207 145
155 256 175 243
403 110 418 105
111 361 125 359
564 294 584 296
319 330 347 328
156 337 169 338
129 180 155 185
64 386 74 386
71 132 85 132
433 375 453 376
428 449 489 443
540 343 563 347
79 148 99 152
512 341 526 351
403 153 433 146
287 271 309 258
583 364 604 364
443 284 448 257
412 76 428 56
389 116 399 111
438 338 463 337
434 159 444 155
76 149 87 145
318 71 345 65
598 223 613 223
264 54 279 64
513 290 528 289
448 58 462 55
435 402 453 410
601 225 622 223
312 122 345 141
475 106 490 98
93 278 106 278
263 300 280 298
455 288 479 299
204 69 226 59
205 130 210 113
483 74 496 63
287 66 303 61
361 93 377 98
115 169 140 142
113 193 114 171
267 344 298 374
167 239 177 243
174 132 176 156
336 38 343 0
509 160 550 142
523 110 544 109
278 267 286 256
252 110 268 126
434 390 451 392
63 246 104 220
170 323 195 303
190 122 200 117
233 355 234 287
334 200 344 192
602 220 634 223
185 210 211 205
1 14 38 26
238 226 249 224
272 264 286 259
287 60 313 82
262 72 289 64
244 160 266 153
462 266 481 258
32 189 48 181
8 350 21 351
524 214 557 223
107 274 109 232
504 177 535 162
303 445 316 444
395 144 409 133
395 365 407 366
484 77 496 75
345 298 369 300
550 315 562 315
0 192 37 174
79 310 117 348
234 110 248 117
298 226 310 214
500 173 510 173
395 282 414 282
247 447 264 446
225 113 237 117
476 238 493 247
212 157 225 159
258 173 278 188
539 259 562 263
434 195 483 208
532 425 556 423
219 424 226 413
291 76 291 88
384 132 394 132
498 171 514 171
54 212 91 223
200 457 211 456
175 142 198 160
241 53 273 37
352 251 384 256
464 214 504 210
437 401 456 401
3 210 44 198
455 390 470 390
250 247 261 242
354 1 402 25
431 140 431 120
152 64 152 80
367 199 396 186
399 182 409 177
438 118 439 103
87 257 101 256
487 323 505 334
397 399 417 399
85 191 108 202
435 92 436 65
546 295 561 293
269 339 295 329
166 162 196 139
4 152 61 114
144 146 165 140
190 276 203 277
419 421 435 422
282 216 295 203
404 344 424 353
263 179 279 163
159 289 162 272
506 303 519 301
249 315 268 315
73 194 84 192
206 283 217 277
273 260 300 262
422 243 434 242
478 135 488 130
377 191 393 182
471 145 491 135
206 250 218 251
583 298 597 300
267 270 289 271
282 187 297 178
546 269 567 262
455 218 462 231
430 22 446 16
318 154 320 167
208 377 218 377
132 16 149 39
169 107 171 136
561 279 586 276
115 191 131 185
563 343 583 340
577 283 587 281
274 158 289 138
289 96 322 112
23 156 69 145
586 374 597 374
546 100 546 127
437 126 452 116
204 72 217 76
365 186 377 178
476 219 521 217
353 115 394 128
419 388 463 391
567 364 599 361
498 150 510 139
548 251 560 251
249 90 252 67
577 396 587 396
439 54 453 51
437 362 481 366
167 224 188 206
144 308 162 298
148 129 159 128
530 205 565 215
565 307 596 313
476 243 481 255
77 396 98 397
207 119 218 127
353 137 364 143
401 93 412 86
517 339 522 349
190 102 203 105
317 179 327 189
134 224 136 186
415 442 425 443
276 357 293 360
53 145 65 149
503 136 523 129
467 110 511 76
200 366 213 368
179 325 200 306
75 253 91 245
511 81 523 80
235 187 235 145
233 206 258 168
469 183 495 178
334 37 354 45
16 181 30 182
200 228 217 237
433 85 461 59
335 185 371 196
362 185 374 175
504 178 522 171
546 291 556 290
65 136 79 130
376 271 382 258
123 329 145 332
135 75 163 84
395 469 405 466
206 296 225 298
623 255 639 257
445 372 459 372
274 189 286 183
134 156 146 170
504 182 549 192
98 348 108 347
561 375 579 376
342 72 362 59
511 282 526 278
463 198 479 177
242 197 252 189
297 83 319 75
271 92 279 82
448 53 451 43
146 61 171 70
382 186 393 191
362 1 373 25
624 269 636 267
182 340 192 329
371 35 395 52
202 220 230 218
27 240 43 240
458 232 474 234
446 247 465 253
439 147 464 136
440 412 451 408
205 466 225 456
572 393 590 393
579 268 599 276
57 319 73 311
205 225 227 209
327 296 345 293
206 65 224 75
484 89 505 73
42 256 57 252
462 204 462 192
253 117 270 134
284 223 298 224
417 118 427 110
613 330 627 330
286 370 296 371
401 36 413 26
324 461 360 457
219 56 239 73
395 105 409 129
71 213 91 215
144 386 157 383
310 145 320 153
266 96 276 92
387 209 409 200
80 407 90 407
331 167 337 149
298 124 298 111
620 207 635 201
238 126 239 144
76 312 86 308
577 261 596 266
453 156 481 147
155 253 174 252
575 265 588 272
117 132 141 126
617 215 628 211
287 227 298 216
2 390 17 388
49 421 62 421
584 357 611 372
191 142 207 150
23 230 44 234
432 36 433 12
51 28 61 32
594 287 609 288
170 337 171 304
1 247 12 244
408 216 414 183
404 281 414 281
358 57 372 53
436 165 454 171
237 330 250 335
327 141 343 131
561 285 572 282
252 101 264 113
528 325 547 324
467 420 487 418
73 214 99 204
375 140 399 137
372 251 395 233
371 249 382 253
397 127 410 105
581 395 603 411
93 472 118 472
362 369 373 369
173 338 182 325
99 165 154 176
564 130 584 123
42 215 77 223
431 230 441 231
144 104 160 96
71 139 95 134
507 368 522 368
462 115 477 107
392 176 405 170
450 175 460 162
540 353 551 361
58 313 68 309
623 352 637 355
412 223 413 213
347 117 363 134
145 265 159 276
475 124 491 114
175 192 180 212
472 154 482 152
572 215 605 206
568 333 575 349
154 71 158 89
166 245 177 241
385 242 404 245
346 219 395 227
426 238 446 238
264 125 281 141
543 204 564 202
504 297 517 294
619 430 629 430
235 61 279 76
423 352 424 322
106 190 144 215
15 5 26 9
367 39 385 12
524 388 537 391
116 173 137 177
479 272 493 268
1 194 21 187
360 343 373 348
369 19 384 12
471 242 481 242
596 245 607 257
574 255 594 250
236 336 257 336
372 399 388 398
395 65 405 65
221 416 235 424
438 362 466 362
54 106 64 110
311 129 323 120
246 72 262 107
151 140 213 166
271 251 296 235
445 70 456 69
436 364 437 324
582 382 593 383
521 379 553 379
479 192 497 188
439 219 457 239
366 186 382 178
208 144 222 161
61 269 83 273
364 384 396 388
334 212 351 215
361 379 371 381
137 361 151 372
475 117 494 104
373 188 405 171
527 388 537 388
202 463 203 452
586 232 592 242
285 139 303 138
238 233 251 228
423 381 423 394
153 277 163 280
587 214 600 230
454 78 467 73
303 110 312 96
491 279 492 363
444 96 468 76
103 339 113 337
333 1 360 11
370 182 382 174
564 321 586 323
438 146 456 135
504 179 548 163
3 193 16 188
146 153 147 170
100 199 121 202
605 428 615 434
212 283 219 273
481 221 502 232
575 202 587 219
272 187 274 174
538 98 552 92
340 131 358 121
591 304 614 309
484 84 501 71
503 137 523 131
604 369 614 369
178 408 193 419
181 155 184 172
190 396 194 385
479 230 493 236
71 253 100 269
160 113 175 110
542 335 552 336
61 55 78 60
160 265 173 264
512 206 540 215
586 389 599 396
484 78 496 77
61 267 76 264
429 77 441 68
170 101 183 99
30 323 44 325
181 57 201 68
236 90 247 87
547 218 559 222
307 169 321 194
542 361 553 361
216 68 227 74
263 329 287 323
456 136 457 146
106 244 118 241
386 317 407 319
39 146 42 135
533 232 560 226
238 236 252 234
90 208 117 228
115 139 140 136
292 185 313 170
471 141 491 134
291 117 291 143
125 145 152 153
420 19 431 12
379 364 390 365
258 190 275 179
19 201 40 195
557 318 593 313
463 310 464 367
516 374 528 372
78 395 81 385
200 345 214 347
180 77 197 68
515 366 529 365
292 75 303 72
179 277 193 275
129 30 140 51
578 269 590 265
377 305 387 296
90 129 100 124
267 366 281 338
169 139 170 157
296 153 307 144
569 226 584 231
352 413 364 413
495 199 508 198
112 255 130 251
361 358 397 331
266 77 277 73
377 314 392 315
0 260 35 260
103 338 113 340
430 77 463 56
426 207 427 159
506 387 518 392
65 289 76 290
446 55 457 42
539 276 549 275
182 328 196 335
332 70 342 57
286 369 296 370
532 90 550 89
160 267 173 266
132 120 160 107
330 441 345 440
242 212 254 231
21 168 47 158
550 233 571 231
37 338 52 339
475 110 491 121
371 28 394 17
473 64 491 59
199 120 203 131
457 60 467 56
22 10 40 13
235 277 249 266
535 323 550 321
452 193 453 173
432 306 445 306
612 364 629 363
170 175 180 153
23 228 60 226
334 192 369 165
77 229 97 222
76 210 86 218
73 129 101 118
238 148 251 157
133 225 166 251
247 454 262 464
267 81 277 77
614 329 624 327
264 331 295 324
501 155 509 141
170 95 177 108
7 324 22 326
327 289 337 288
260 309 271 308
30 205 52 199
65 344 76 346
262 310 294 320
311 115 326 119
342 202 386 191
364 116 399 101
232 458 236 470
322 44 332 53
64 178 78 180
173 454 200 452
529 161 556 172
395 241 406 245
138 139 155 150
158 341 174 343
392 116 405 101
392 64 403 58
426 265 426 251
611 410 627 410
121 25 181 42
176 340 190 341
535 133 545 139
0 305 11 305
235 210 245 214
398 182 418 187
545 390 557 412
70 33 95 45
333 22 353 14
402 458 444 466
412 437 423 445
123 47 140 60
492 381 508 383
451 371 466 370
205 160 223 148
353 149 364 145
499 325 512 327
144 165 156 170
588 277 606 275
12 182 28 186
99 296 101 253
489 280 502 278
356 44 378 36
505 370 521 370
210 212 228 212
563 344 578 347
177 209 179 137
365 220 387 211
147 148 176 142
140 99 162 87
461 366 461 327
494 328 512 326
122 11 138 18
284 204 299 209
135 371 157 367
324 44 324 56
458 214 471 190
470 47 490 80
586 269 604 268
397 475 398 458
249 267 250 250
346 327 346 317
282 315 287 325
202 385 213 381
284 364 295 365
315 321 326 342
264 234 278 224
16 274 27 274
185 138 187 149
292 100 296 87
390 259 404 240
327 305 337 305
308 136 318 131
311 14 325 4
481 245 510 219
280 333 295 333
344 382 352 405
250 178 260 184
359 254 360 200
582 309 594 309
461 248 474 247
17 250 35 251
355 113 366 109
564 366 604 365
409 116 422 110
240 106 252 95
546 303 562 300
558 456 576 460
146 201 156 173
502 118 524 145
298 170 298 146
130 336 142 328
212 230 218 218
153 223 167 226
205 220 218 220
189 150 209 146
441 55 442 40
329 264 329 280
136 130 152 124
436 86 449 95
357 403 374 406
144 164 154 167
384 166 384 133
126 64 137 68
392 46 417 57
539 189 549 197
219 74 245 62
215 396 219 386
353 90 358 76
431 115 450 108
313 93 316 121
351 204 356 194
310 224 310 203
561 397 576 399
159 137 185 132
546 393 559 393
193 192 196 176
222 178 222 162
168 121 182 116
333 199 349 178
86 133 96 138
250 151 258 167
203 407 218 416
524 335 540 338
292 62 304 58
95 260 96 282
424 215 435 211
91 129 102 115
267 237 279 226
300 206 318 199
364 479 411 473
511 280 528 282
405 203 418 198
286 208 298 213
279 217 291 212
380 271 401 247
335 229 351 231
475 116 488 124
535 136 555 146
547 232 585 228
477 172 494 167
310 157 325 152
37 226 53 217
601 282 617 290
296 214 314 196
361 37 371 36
477 173 496 168
477 159 478 212
152 233 167 232
563 355 591 349
399 315 412 313
553 342 566 342
208 310 222 298
296 152 316 136
129 63 147 71
469 160 484 158
211 225 211 248
392 143 410 130
352 68 362 70
598 350 609 355
505 77 521 79
4 179 17 176
400 287 414 285
450 221 450 207
476 237 493 241
327 370 341 371
324 75 332 65
592 260 603 256
146 366 157 366
99 424 114 419
506 354 533 361
422 354 423 332
597 366 613 387
400 460 419 463
291 14 304 20
535 128 550 128
113 474 118 457
438 48 450 36
102 233 121 227
399 308 412 308
198 101 219 88
161 153 172 147
93 471 118 469
536 238 555 245
399 33 422 25
462 127 462 116
199 66 227 51
479 186 492 185
166 159 194 175
598 349 632 350
444 273 455 275
630 273 631 253
183 89 194 83
206 233 221 228
128 106 155 98
552 383 563 383
515 401 526 403
142 218 154 212
319 461 329 457
500 295 511 294
145 251 154 241
516 169 531 163
490 216 506 215
433 365 451 366
506 305 518 302
499 236 525 235
538 204 562 211
223 300 253 301
420 58 420 25
29 328 44 331
223 416 240 424
459 108 476 95
189 89 207 97
172 126 185 128
286 304 298 303
437 408 456 411
102 422 119 421
135 167 154 171
476 227 496 225
322 340 322 328
344 23 358 32
377 103 395 110
440 232 461 227
546 302 572 299
59 272 77 261
238 147 251 155
110 141 121 145
244 159 253 145
359 260 380 258
233 204 262 177
151 123 163 116
24 275 40 277
539 267 555 265
570 204 589 218
261 344 275 341
353 181 365 165
70 45 88 53
413 437 424 445
466 68 479 70
192 371 202 368
573 362 588 361
508 103 528 105
365 9 373 26
624 284 625 309
141 101 154 96
428 17 436 27
473 438 487 440
530 351 553 347
219 309 229 309
204 350 208 339
422 369 442 368
306 400 338 403
592 292 613 298
208 313 214 303
128 194 140 192
112 141 127 141
214 332 214 317
576 272 599 293
491 130 491 170
435 198 448 183
236 356 247 356
392 30 406 23
547 371 560 374
210 407 227 416
330 197 340 193
608 312 627 318
252 74 279 79
243 178 266 157
245 100 270 106
528 324 551 344
90 261 109 265
311 55 311 73
21 251 34 264
522 285 549 276
198 90 200 118
606 340 627 345
444 241 462 241
0 223 46 210
464 201 475 198
239 50 259 38
515 255 527 251
369 40 373 29
385 213 404 209
477 72 489 70
496 413 508 412
72 35 86 45
383 113 395 112
533 329 537 344
506 300 519 297
357 89 373 94
401 90 402 72
239 133 260 148
614 150 628 146
512 209 525 209
194 160 220 157
229 80 246 82
603 313 618 314
307 136 319 124
65 290 77 292
83 185 110 173
146 306 162 297
342 89 362 69
282 445 304 443
290 227 298 217
23 227 47 217
372 185 384 178
534 115 552 111
466 45 482 69
4 272 24 269
70 277 83 275
284 124 289 103
13 288 24 292
489 184 498 169
360 311 360 350
67 260 82 260
541 181 558 175
482 86 495 84
374 38 392 36
23 235 33 239
354 457 378 455
119 250 120 264
59 28 61 17
395 316 411 315
15 315 39 319
371 364 384 365
436 112 451 107
449 409 460 410
288 60 301 36
535 135 547 144
244 457 255 456
248 100 259 99
466 101 490 94
613 333 625 333
588 225 603 224
371 268 390 258
259 300 277 318
243 357 257 359
3 362 15 358
176 332 193 335
437 138 455 127
159 233 179 237
459 83 475 83
103 229 122 223
59 281 69 281
479 266 493 266
596 371 621 370
190 123 215 128
218 253 218 226
563 410 590 412
421 338 421 351
502 228 520 226
0 214 13 220
347 368 358 368
336 121 354 118
42 111 52 113
519 182 548 172
623 261 635 263
292 400 305 400
448 255 465 256
328 331 328 281
523 94 536 86
138 29 140 10
263 184 274 186
381 433 394 433
520 362 530 361
71 50 82 57
418 402 420 372
333 30 333 0
376 110 389 115
103 344 121 346
555 237 557 250
208 316 210 332
170 103 180 111
604 411 614 412
218 206 228 210
111 468 133 465
21 256 35 255
528 166 538 171
351 210 364 195
121 268 136 252
161 23 164 36
167 136 194 156
519 176 531 172
373 345 410 318
132 225 143 234
240 239 251 238
288 227 298 218
127 369 145 368
397 253 413 253
427 139 441 127
280 180 294 186
125 348 135 346
430 246 431 236
336 297 348 297
267 104 277 103
517 271 527 270
512 350 524 348
240 458 253 459
216 64 218 74
475 209 493 207
239 140 258 133
189 164 203 173
338 136 352 128
175 106 189 103
241 56 255 51
477 118 491 126
51 147 69 153
506 346 520 352
271 173 282 164
183 212 215 186
445 57 467 50
363 122 381 102
0 23 18 29
21 258 35 252
395 429 415 448
304 182 316 170
295 82 305 79
532 253 542 257
283 248 294 245
173 82 203 106
81 199 95 202
525 395 535 395
388 62 403 64
271 105 305 113
397 307 407 304
521 345 532 350
563 340 581 338
525 145 545 138
537 341 556 353
315 403 326 401
493 259 494 290
316 373 345 374
64 323 79 314
360 18 369 5
526 203 538 200
449 125 460 123
424 58 440 39
266 116 289 95
117 201 130 201
195 191 209 196
567 203 582 207
159 134 160 115
450 63 474 58
115 206 123 224
106 283 126 285
415 155 428 145
428 105 438 106
290 198 300 177
432 138 448 139
191 385 221 386
82 235 106 223
525 95 534 85
407 420 426 422
354 158 364 146
526 93 543 90
64 396 74 397
430 159 441 153
535 141 547 148
422 253 434 241
611 382 622 389
335 182 344 172
426 317 437 314
450 147 474 153
533 225 545 223
382 196 400 197
345 63 362 64
501 102 515 101
452 433 462 433
19 328 29 329
137 108 150 107
135 182 156 179
477 279 491 276
397 300 415 307
435 391 446 392
622 374 639 373
388 429 402 431
246 71 255 53
399 286 412 284
444 243 445 227
574 223 587 227
531 141 545 135
423 53 437 40
284 128 295 113
10 176 46 159
202 237 210 226
471 194 489 194
23 231 35 233
389 453 403 452
563 361 578 358
316 381 317 370
351 405 365 405
476 245 486 246
440 88 444 76
306 393 316 392
89 203 101 205
242 165 243 177
294 152 316 134
173 121 189 130
83 372 130 379
528 221 538 221
327 89 329 76
317 134 318 144
18 247 31 250
120 239 128 249
629 292 630 302
229 77 262 89
335 375 345 375
332 44 332 91
382 343 382 318
8 220 28 227
382 135 393 131
584 371 596 379
402 126 418 113
390 142 401 133
444 97 455 88
458 138 471 133
140 229 150 231
59 173 69 174
340 92 358 74
38 177 39 154
621 324 634 327
247 259 257 254
345 215 355 205
355 51 378 55
481 412 499 414
171 187 172 172
67 201 81 205
358 91 366 102
5 102 22 109
507 179 524 183
157 309 157 335
170 173 180 171
445 344 458 344
490 220 506 221
444 177 460 174
562 305 579 307
490 215 501 216
390 251 398 241
115 473 127 459
487 333 490 344
251 98 277 113
328 245 343 240
115 104 129 110
479 257 493 257
99 156 99 145
404 335 422 330
472 89 484 79
521 115 551 99
566 228 577 227
454 278 466 277
513 84 523 85
335 292 335 279
241 59 260 67
1 11 27 23
475 107 488 101
352 351 372 351
342 82 343 68
115 159 136 155
277 267 303 265
145 227 156 237
225 116 225 88
240 234 251 239
167 119 186 123
459 341 460 356
562 324 589 326
161 334 162 324
604 302 615 309
462 62 481 54
270 30 284 23
336 201 353 191
251 149 266 148
533 274 545 274
571 361 599 357
109 348 124 348
153 217 159 234
488 394 513 396
184 315 195 314
490 392 504 394
290 87 294 75
311 51 315 41
327 230 328 246
251 254 261 249
220 147 232 154
63 32 73 36
475 325 487 326
338 158 357 140
487 211 504 209
492 201 512 194
175 75 176 85
55 15 75 29
356 394 369 404
28 321 41 327
408 112 418 108
154 278 165 277
110 111 126 105
601 348 612 348
446 240 465 238
388 247 414 264
31 132 43 125
598 334 617 336
484 224 496 224
333 194 344 190
74 169 89 182
95 456 105 452
494 72 504 70
623 259 635 258
148 198 155 177
546 265 561 267
344 92 362 74
297 475 316 479
189 202 199 200
591 308 603 309
286 371 298 369
324 366 335 362
245 329 245 304
311 118 322 103
539 261 556 260
358 0 408 23
123 323 133 318
402 313 416 309
494 416 508 416
297 61 308 47
102 198 127 191
314 75 325 66
400 319 416 312
157 243 163 231
377 27 402 23
403 72 417 66
19 195 35 202
504 181 522 174
210 120 220 124
112 199 126 211
205 409 217 416
273 262 273 251
145 232 155 241
412 155 422 148
423 49 439 39
124 49 136 58
510 225 528 226
46 148 58 151
122 283 136 284
516 440 534 438
561 281 574 277
40 189 50 194
312 129 325 129
303 73 304 53
75 220 91 217
238 107 257 79
205 271 208 293
404 346 417 346
9 14 28 21
370 104 388 111
334 65 358 72
205 407 216 412
59 297 69 288
166 164 180 170
256 40 270 33
590 351 603 353
233 67 257 51
427 186 450 191
281 335 295 323
81 318 97 317
97 127 108 132
103 336 106 292
190 274 202 269
587 405 598 407
624 273 637 272
22 282 33 282
443 384 454 381
245 80 257 77
112 68 140 77
266 70 271 58
534 195 549 193
70 288 85 275
540 216 555 216
298 243 298 227
481 248 491 247
430 188 449 192
542 102 555 95
172 215 186 202
538 183 548 180
533 182 558 174
482 123 495 105
508 260 518 258
314 70 325 64
59 283 69 283
429 388 440 388
572 319 589 316
523 115 545 137
404 341 423 349
226 150 241 145
395 115 395 102
591 380 602 387
26 179 41 182
331 256 341 242
517 305 529 309
464 205 479 202
196 169 208 167
605 337 617 338
139 14 149 16
364 19 369 4
163 30 170 44
34 215 65 222
223 413 233 414
488 87 504 74
49 46 62 54
243 65 265 53
337 364 347 366
451 231 462 233
406 95 421 81
22 159 34 160
479 323 480 335
184 80 196 89
619 424 629 425
148 122 159 124
496 74 506 71
443 121 444 111
264 120 286 128
507 216 517 216
327 261 328 249
302 168 317 170
269 338 285 322
595 208 605 212
427 130 448 118
235 470 246 454
586 257 596 259
177 166 189 168
342 18 351 2
41 203 52 200
216 169 222 182
391 256 400 244
206 113 209 125
592 387 602 391
380 56 393 64
476 155 489 160
506 332 506 362
280 260 293 260
361 129 387 129
183 97 184 107
452 442 464 444
239 190 251 192
569 291 581 291
433 402 442 412
137 96 147 98
313 162 323 158
236 178 258 171
407 440 421 450
11 392 29 392
431 190 451 194
396 108 417 104
54 219 75 215
341 411 351 412
11 177 21 174
399 263 413 273
209 413 220 420
411 184 412 163
483 436 499 440
305 180 317 183
227 417 237 422
252 151 264 144
100 62 140 75
404 140 414 135
186 88 203 96
384 259 384 272
393 143 409 131
350 353 369 353
138 105 141 121
145 256 145 243
393 175 407 183
569 347 579 349
106 36 200 68
532 343 553 356
238 276 258 274
75 391 87 391
350 92 361 81
262 232 274 232
399 151 409 149
189 337 199 335
174 277 184 276
244 162 260 172
241 61 255 66
1 428 15 426
467 58 479 52
384 28 394 25
499 122 509 128
528 333 550 333
506 201 524 201
563 357 591 354
54 102 76 120
82 113 112 131
286 52 297 48
378 343 395 338
117 476 126 457
462 361 472 367
97 414 109 413
595 234 605 232
403 227 408 210
437 103 452 101
97 123 107 124
167 151 178 152
202 343 213 345
461 113 461 98
417 80 421 68
395 180 411 172
562 334 583 339
475 50 487 68
624 265 636 264
366 201 376 198
195 179 198 169
190 140 204 137
540 79 551 78
513 238 526 240
9 144 28 132
155 344 169 346
572 128 584 126
363 112 373 114
362 361 372 368
181 409 198 413
474 439 487 441
449 54 460 43
176 231 189 227
490 90 506 83
150 55 155 65
92 208 105 209
76 156 87 152
208 395 237 399
22 160 32 162
531 159 542 148
202 131 209 119
580 453 590 454
470 81 487 90
550 312 553 323
347 122 359 113
560 343 572 345
536 243 548 240
309 249 310 265
117 311 128 307
17 242 41 248
362 68 362 40
108 205 119 207
344 100 354 96
228 66 228 56
451 220 462 240
66 275 69 233
79 48 94 53
205 387 218 369
524 152 543 125
156 336 176 338
201 72 216 86
116 169 128 172
135 320 145 318
143 424 158 425
441 171 458 170
428 120 431 110
543 87 556 78
40 190 53 197
213 63 227 75
136 65 147 68
342 363 362 366
442 55 448 45
43 172 58 175
612 372 624 372
186 352 195 371
320 229 335 215
497 110 506 98
237 99 249 92
99 180 99 168
65 119 82 123
434 186 450 189
134 230 145 221
126 409 138 410
130 163 141 168
444 130 459 126
274 22 282 32
539 275 549 277
380 195 393 195
439 188 451 184
281 315 296 315
313 104 325 109
489 72 489 62
207 306 221 306
605 308 619 308
523 121 534 121
535 130 545 129
73 206 91 199
4 214 14 214
533 153 546 166
151 235 165 222
538 184 548 181
484 302 494 300
283 240 297 243
57 428 70 424
41 102 52 107
151 78 162 86
114 474 123 457
55 160 70 154
247 261 260 253
131 266 132 278
599 340 610 344
245 399 281 404
48 152 59 152
76 37 91 44
439 44 449 36
457 72 480 52
481 263 491 261
289 140 299 144
266 87 285 100
438 197 449 195
264 173 276 172
266 94 277 83
436 53 438 38
350 39 362 33
101 471 112 471
387 116 397 106
458 366 472 368
350 34 355 49
554 316 567 316
288 138 288 149
62 247 62 260
129 56 130 46
136 56 148 60
524 156 538 150
161 155 172 155
212 221 226 211
239 456 253 457
244 464 254 458
339 230 351 226
311 54 332 41
475 189 489 191
28 224 39 228
114 106 125 112
526 220 534 230
231 38 252 47
135 235 145 240
22 281 33 281
168 224 187 208
413 334 413 321
399 458 415 461
18 245 44 238
185 121 201 120
301 39 314 57
18 216 19 191
31 108 43 113
8 193 22 192
57 317 69 325
488 100 502 95
484 305 494 307
361 254 361 231
541 94 552 80
2 31 52 47
429 205 447 209
183 244 195 237
336 166 349 168
612 332 631 332
551 264 564 262
472 208 501 203
537 336 549 343
5 226 27 218
544 87 557 80
157 225 170 215
354 371 355 403
617 207 627 215
206 76 211 64
83 150 94 155
504 219 515 220
591 355 604 355
444 336 458 345
283 250 297 256
544 336 568 352
342 20 343 3
418 88 418 75
581 281 591 278
366 50 376 55
8 273 19 273
117 124 140 138
201 244 208 231
445 90 456 88
386 164 400 167
449 216 470 213
288 12 296 24
546 263 561 260
564 231 577 232
492 202 513 198
531 93 548 93
495 378 506 378
325 127 336 127
485 231 498 231
341 78 350 66
535 134 545 133
428 128 439 113
116 473 126 465
265 356 269 370
485 98 498 90
604 218 618 218
429 214 432 201
101 45 131 55
163 73 173 76
401 192 411 197
496 188 507 192
575 288 585 290
271 45 277 67
200 309 210 301
495 429 523 426
76 259 87 253
78 213 105 213
552 130 562 128
227 150 234 165
443 450 454 449
465 223 475 224
607 376 620 379
353 94 369 93
443 230 444 220
296 98 303 84
26 242 44 243
522 232 536 230
406 354 406 344
585 269 596 265
181 100 193 92
428 45 430 23
421 96 421 75
219 97 224 82
295 354 295 332
504 174 508 186
475 118 505 101
151 120 161 101
209 186 220 180
70 47 72 59
112 108 127 111
96 40 108 47
172 161 182 151
114 320 125 318
301 15 317 7
194 73 195 89
413 440 425 448
122 121 137 128
214 53 227 59
210 75 220 84
77 47 106 56
382 150 382 172
542 215 552 215
175 68 203 92
458 80 468 74
310 146 326 141
479 162 489 162
58 16 68 23
271 250 289 239
416 68 428 54
88 214 100 214
348 186 359 179
311 139 321 135
110 286 113 253
248 214 261 210
589 122 600 120
215 456 226 458
348 362 360 364
345 285 345 259
446 375 456 376
222 153 237 150
366 254 376 253
499 149 510 149
22 30 43 36
279 83 279 60
447 231 455 246
588 288 617 287
76 111 88 118
118 172 130 174
389 192 399 187
127 207 138 204
431 90 447 75
173 85 189 92
418 168 418 156
405 310 416 310
316 372 331 385
12 188 27 187
46 186 60 186
437 174 450 177
127 190 137 187
363 139 374 137
189 158 205 152
43 165 67 169
229 470 239 462
548 175 548 165
520 280 539 283
102 243 104 232
294 252 305 248
479 271 491 267
571 286 587 285
208 91 210 81
