7.627509307861328125e+01 3.845307922363281250e+01 7.501383972167968750e+01 5.379983520507812500e+01
1.287323455810546875e+02 2.085274658203125000e+02 1.281863555908203125e+02 2.225603637695312500e+02
7.627509307861328125e+01 3.845307922363281250e+01 7.652870941162109375e+01 2.258953475952148438e+01
7.501383972167968750e+01 5.379983520507812500e+01 7.585551452636718750e+01 7.030120086669921875e+01
4.213672256469726562e+01 6.490751647949218750e+01 4.376111984252929688e+01 4.878715133666992188e+01
4.913852233886718750e+02 3.646001586914062500e+02 4.900000610351562500e+02 3.386173706054687500e+02
3.827152099609375000e+02 3.778020629882812500e+02 3.819290466308593750e+02 3.553109741210937500e+02
4.621057128906250000e+01 1.727692222595214844e+01 4.500082397460937500e+01 3.375045776367187500e+01
8.001821899414062500e+01 2.193573150634765625e+02 9.568634796142578125e+01 2.202922515869140625e+02
4.376111984252929688e+01 4.878715133666992188e+01 4.500082397460937500e+01 3.375045776367187500e+01
1.283056335449218750e+02 2.486377716064453125e+02 1.281863555908203125e+02 2.225603637695312500e+02
3.462867736816406250e+02 4.200137329101562500e+02 3.683533935546875000e+02 4.211111145019531250e+02
1.287323455810546875e+02 2.085274658203125000e+02 1.300022735595703125e+02 1.727921905517578125e+02
1.337715759277343750e+02 4.875006484985351562e+01 1.337703247070312500e+02 3.375026702880859375e+01
1.283056335449218750e+02 2.486377716064453125e+02 1.269495544433593750e+02 2.650182189941406250e+02
8.001821899414062500e+01 2.193573150634765625e+02 6.503192138671875000e+01 2.181627807617187500e+02
4.621057128906250000e+01 1.727692222595214844e+01 4.767654418945312500e+01 2.433009862899780273e+00
7.355207061767578125e+01 8.442050170898437500e+01 7.585551452636718750e+01 7.030120086669921875e+01
1.300022735595703125e+02 1.727921905517578125e+02 1.300000305175781250e+02 1.591903533935546875e+02
1.337280731201171875e+02 6.376123046875000000e+01 1.337715759277343750e+02 4.875006484985351562e+01
5.259941406250000000e+02 3.740426940917968750e+02 5.000525512695312500e+02 3.757617187500000000e+02
4.265156860351562500e+02 3.913486938476562500e+02 3.759661254882812500e+02 3.890603027343750000e+02
7.652870941162109375e+01 2.258953475952148438e+01 7.506529998779296875e+01 6.564769268035888672e+00
3.702795791625976562e+01 2.005778045654296875e+02 3.500541687011718750e+01 2.214365539550781250e+02
7.627509307861328125e+01 3.845307922363281250e+01 6.004349136352539062e+01 3.574295806884765625e+01
4.213672256469726562e+01 6.490751647949218750e+01 4.169620513916015625e+01 8.155423736572265625e+01
4.268825683593750000e+02 3.393423461914062500e+02 4.613578796386718750e+02 3.387072753906250000e+02
4.265156860351562500e+02 3.913486938476562500e+02 4.279299316406250000e+02 4.036013183593750000e+02
5.962279052734375000e+02 1.545674285888671875e+02 5.937518920898437500e+02 1.277167510986328125e+02
4.268825683593750000e+02 3.393423461914062500e+02 4.313125610351562500e+02 3.762503662109375000e+02
3.175754394531250000e+02 2.728145751953125000e+02 3.163891296386718750e+02 2.437502593994140625e+02
4.762799682617187500e+02 3.648894042968750000e+02 4.771768188476562500e+02 3.795896911621093750e+02
3.175754394531250000e+02 2.728145751953125000e+02 3.337672424316406250e+02 2.737519226074218750e+02
4.771768188476562500e+02 3.795896911621093750e+02 5.000525512695312500e+02 3.757617187500000000e+02
4.313125610351562500e+02 3.762503662109375000e+02 3.827152099609375000e+02 3.778020629882812500e+02
1.300022735595703125e+02 1.727921905517578125e+02 8.172660827636718750e+01 1.699367065429687500e+02
1.820405578613281250e+01 3.262505798339843750e+02 8.941739797592163086e-03 3.262534790039062500e+02
6.004349136352539062e+01 3.574295806884765625e+01 4.500082397460937500e+01 3.375045776367187500e+01
4.613578796386718750e+02 3.387072753906250000e+02 4.900000610351562500e+02 3.386173706054687500e+02
5.472204589843750000e+02 3.730588989257812500e+02 5.259941406250000000e+02 3.740426940917968750e+02
4.265156860351562500e+02 3.913486938476562500e+02 3.987335510253906250e+02 3.900007324218750000e+02
7.501383972167968750e+01 5.379983520507812500e+01 1.337280731201171875e+02 6.376123046875000000e+01
3.759661254882812500e+02 3.890603027343750000e+02 3.987335510253906250e+02 3.900007324218750000e+02
1.358800659179687500e+02 1.875117111206054688e+01 1.337703247070312500e+02 3.375026702880859375e+01
6.162338256835937500e+02 3.694739379882812500e+02 5.917028808593750000e+02 3.721172485351562500e+02
7.501383972167968750e+01 5.379983520507812500e+01 5.800296401977539062e+01 5.097209167480468750e+01
7.652870941162109375e+01 2.258953475952148438e+01 6.099982833862304688e+01 1.984808921813964844e+01
3.487703857421875000e+02 2.887511596679687500e+02 3.334031372070312500e+02 2.878015441894531250e+02
3.172460021972656250e+02 2.878245849609375000e+02 3.334031372070312500e+02 2.878015441894531250e+02
7.652870941162109375e+01 2.258953475952148438e+01 9.768753814697265625e+01 2.625083351135253906e+01
7.652870941162109375e+01 2.258953475952148438e+01 4.621057128906250000e+01 1.727692222595214844e+01
3.267787475585937500e+02 1.208267974853515625e+01 3.280952148437500000e+02 3.750191879272460938e+01
4.130958557128906250e+02 1.012520446777343750e+02 4.138128356933593750e+02 1.256166152954101562e+02
4.913852233886718750e+02 3.646001586914062500e+02 4.762799682617187500e+02 3.648894042968750000e+02
6.137279052734375000e+02 7.507392120361328125e+01 6.163373413085937500e+02 9.281273651123046875e+01
3.337672424316406250e+02 2.737519226074218750e+02 3.500000000000000000e+02 2.745204162597656250e+02
4.213672256469726562e+01 6.490751647949218750e+01 7.585551452636718750e+01 7.030120086669921875e+01
3.600306396484375000e+02 1.671101684570312500e+02 3.611020507812500000e+02 1.837500762939453125e+02
4.376111984252929688e+01 4.878715133666992188e+01 5.800296401977539062e+01 5.097209167480468750e+01
9.568634796142578125e+01 2.202922515869140625e+02 1.111590423583984375e+02 2.222357788085937500e+02
4.621057128906250000e+01 1.727692222595214844e+01 6.099982833862304688e+01 1.984808921813964844e+01
3.760500488281250000e+02 1.958623809814453125e+02 3.750001220703125000e+02 1.687503509521484375e+02
3.016804809570312500e+02 1.879256744384765625e+02 3.012922973632812500e+02 1.590259094238281250e+02
3.702795791625976562e+01 2.005778045654296875e+02 3.500022506713867188e+01 2.334906158447265625e+02
3.450027160644531250e+02 1.528436584472656250e+02 3.450000000000000000e+02 1.265874481201171875e+02
4.265156860351562500e+02 3.913486938476562500e+02 4.300953979492187500e+02 4.687507934570312500e+02
3.600001525878906250e+02 1.547427520751953125e+02 3.587864685058593750e+02 1.286451568603515625e+02
1.374257049560546875e+02 1.144632697105407715e-02 1.358800659179687500e+02 1.875117111206054688e+01
3.172460021972656250e+02 2.878245849609375000e+02 3.175754394531250000e+02 2.728145751953125000e+02
2.556739196777343750e+02 3.808811950683593750e+02 2.253212280273437500e+02 3.807714233398437500e+02
3.837986450195312500e+02 4.875842666625976562e+01 3.827705688476562500e+02 2.533210945129394531e+01
3.720629882812500000e+02 9.375204467773437500e+01 3.732562561035156250e+02 1.190849990844726562e+02
4.000000305175781250e+02 9.931182098388671875e+01 4.010884399414062500e+02 1.237500305175781250e+02
3.500541687011718750e+01 2.214365539550781250e+02 3.500022506713867188e+01 2.334906158447265625e+02
4.313125610351562500e+02 3.762503662109375000e+02 4.132497863769531250e+02 3.768086242675781250e+02
1.283056335449218750e+02 2.486377716064453125e+02 1.287323455810546875e+02 2.085274658203125000e+02
4.268825683593750000e+02 3.393423461914062500e+02 4.900000610351562500e+02 3.386173706054687500e+02
4.767654418945312500e+01 2.433009862899780273e+00 7.506529998779296875e+01 6.564769268035888672e+00
4.088090515136718750e+02 2.001380920410156250e+01 4.074963073730468750e+02 8.454546332359313965e-03
3.702795791625976562e+01 2.005778045654296875e+02 8.031462097167968750e+01 2.046369018554687500e+02
5.785844726562500000e+02 3.392203979492187500e+02 6.037164306640625000e+02 3.365521545410156250e+02
7.501383972167968750e+01 5.379983520507812500e+01 4.376111984252929688e+01 4.878715133666992188e+01
7.627509307861328125e+01 3.845307922363281250e+01 1.018537750244140625e+02 4.277042388916015625e+01
4.261065368652343750e+02 1.032679061889648438e+02 4.275137023925781250e+02 1.275013275146484375e+02
3.611020507812500000e+02 1.837500762939453125e+02 3.616996459960937500e+02 1.940931396484375000e+02
3.287774047851562500e+02 8.625018310546875000e+01 3.300000305175781250e+02 1.125002975463867188e+02
4.487398071289062500e+02 2.782622680664062500e+02 4.467669677734375000e+02 2.515629730224609375e+02
4.380980834960937500e+02 9.393695831298828125e+01 4.366424865722656250e+02 7.125166320800781250e+01
1.287323455810546875e+02 2.085274658203125000e+02 8.031462097167968750e+01 2.046369018554687500e+02
3.300041198730468750e+02 1.511305999755859375e+02 3.300000000000000000e+02 1.244077224731445312e+02
1.300000305175781250e+02 1.591903533935546875e+02 1.300011901855468750e+02 1.415453948974609375e+02
6.162338256835937500e+02 3.694739379882812500e+02 6.387655029296875000e+02 3.685494689941406250e+02
3.017021179199218750e+02 2.302229919433593750e+02 3.014858703613281250e+02 2.428071289062500000e+02
6.387384643554687500e+02 7.341241455078125000e+01 6.137279052734375000e+02 7.507392120361328125e+01
3.921083374023437500e+02 2.479883728027343750e+02 3.933852539062500000e+02 2.765483703613281250e+02
8.031462097167968750e+01 2.046369018554687500e+02 6.539515686035156250e+01 2.038406982421875000e+02
2.837376098632812500e+02 4.070010375976562500e+02 2.900202941894531250e+02 3.844204711914062500e+02
3.702795791625976562e+01 2.005778045654296875e+02 6.539515686035156250e+01 2.038406982421875000e+02
3.337672424316406250e+02 2.737519226074218750e+02 3.334031372070312500e+02 2.878015441894531250e+02
1.808134460449218750e+01 3.075055541992187500e+02 2.852737617492675781e+01 2.915692749023437500e+02
3.578179931640625000e+02 9.096276092529296875e+01 3.587599487304687500e+02 1.170386276245117188e+02
1.018537750244140625e+02 4.277042388916015625e+01 1.337715759277343750e+02 4.875006484985351562e+01
1.136117248535156250e+02 3.759126586914062500e+02 9.501800537109375000e+01 3.765071716308593750e+02
8.001821899414062500e+01 2.193573150634765625e+02 5.684194564819335938e+01 2.176634674072265625e+02
4.069986572265625000e+02 2.483681793212890625e+02 4.200429077148437500e+02 2.492446746826171875e+02
3.679598999023437500e+02 4.191175103187561035e-03 3.687641601562500000e+02 1.125006580352783203e+01
3.279302978515625000e+02 4.875142669677734375e+01 3.287762756347656250e+02 7.500010681152343750e+01
9.768753814697265625e+01 2.625083351135253906e+01 1.337703247070312500e+02 3.375026702880859375e+01
3.559136657714843750e+02 4.345153045654296875e+01 3.550011596679687500e+02 1.876379013061523438e+01
3.267787475585937500e+02 1.208267974853515625e+01 3.410217590332031250e+02 1.571715641021728516e+01
3.437404785156250000e+02 8.887416839599609375e+01 3.437928466796875000e+02 1.147676162719726562e+02
1.287323455810546875e+02 2.085274658203125000e+02 1.300000305175781250e+02 1.591903533935546875e+02
3.014858703613281250e+02 2.428071289062500000e+02 3.016359558105468750e+02 2.719955139160156250e+02
3.410217590332031250e+02 1.571715641021728516e+01 3.417120666503906250e+02 4.035169982910156250e+01
4.318356628417968750e+02 2.106495141983032227e+00 4.337944946289062500e+02 2.625015640258789062e+01
3.487703857421875000e+02 2.887511596679687500e+02 3.637637023925781250e+02 2.891232910156250000e+02
3.287774047851562500e+02 8.625018310546875000e+01 3.287762756347656250e+02 7.500010681152343750e+01
4.380980834960937500e+02 9.393695831298828125e+01 4.387838134765625000e+02 1.055356826782226562e+02
3.827152099609375000e+02 3.778020629882812500e+02 4.132497863769531250e+02 3.768086242675781250e+02
1.300022735595703125e+02 1.727921905517578125e+02 1.281863555908203125e+02 2.225603637695312500e+02
4.282534790039062500e+02 1.395086517333984375e+02 4.275137023925781250e+02 1.275013275146484375e+02
4.400046386718750000e+02 1.303530731201171875e+02 4.387838134765625000e+02 1.055356826782226562e+02
3.818529052734375000e+02 2.665892243385314941e-03 3.820711059570312500e+02 1.408837604522705078e+01
6.033117065429687500e+02 2.223920745849609375e+02 6.009489135742187500e+02 2.053457641601562500e+02
3.267787475585937500e+02 1.208267974853515625e+01 3.122272033691406250e+02 8.160717010498046875e+00
7.627509307861328125e+01 3.845307922363281250e+01 1.337715759277343750e+02 4.875006484985351562e+01
3.827152099609375000e+02 3.778020629882812500e+02 3.974572753906250000e+02 3.777821350097656250e+02
4.160739746093750000e+02 1.623141479492187500e+02 4.150000000000000000e+02 1.365391235351562500e+02
3.400927734375000000e+02 3.814602966308593750e+02 2.900202941894531250e+02 3.844204711914062500e+02
3.172460021972656250e+02 2.878245849609375000e+02 3.014857177734375000e+02 2.887501220703125000e+02
1.374257049560546875e+02 1.144632697105407715e-02 1.337703247070312500e+02 3.375026702880859375e+01
1.281863555908203125e+02 2.225603637695312500e+02 1.111590423583984375e+02 2.222357788085937500e+02
4.482030639648437500e+02 6.284394836425781250e+01 4.487936706542968750e+02 7.333474731445312500e+01
3.332887573242187500e+02 2.437881927490234375e+02 3.337672424316406250e+02 2.737519226074218750e+02
3.787650756835937500e+02 2.757390136718750000e+02 3.787745666503906250e+02 2.897321166992187500e+02
4.138128356933593750e+02 1.256166152954101562e+02 4.150000000000000000e+02 1.365391235351562500e+02
3.950256347656250000e+02 1.718162918090820312e+01 3.950003662109375000e+02 1.962482929229736328e-04
4.169620513916015625e+01 8.155423736572265625e+01 4.147805023193359375e+01 9.848266601562500000e+01
3.562227783203125000e+02 5.479979705810546875e+01 3.571923828125000000e+02 7.960413360595703125e+01
3.937494201660156250e+02 2.899948425292968750e+02 3.933852539062500000e+02 2.765483703613281250e+02
1.031903991699218750e+02 2.942577819824218750e+02 1.035590972900390625e+02 3.175341796875000000e+02
3.872097473144531250e+02 1.213060684204101562e+02 3.860337524414062500e+02 9.599573516845703125e+01
4.487398071289062500e+02 2.782622680664062500e+02 4.487688598632812500e+02 2.915403747558593750e+02
5.917028808593750000e+02 3.721172485351562500e+02 5.733853759765625000e+02 3.717688293457031250e+02
6.137279052734375000e+02 7.507392120361328125e+01 6.187440185546875000e+02 1.253749160766601562e+02
7.585551452636718750e+01 7.030120086669921875e+01 6.500887298583984375e+01 6.869660949707031250e+01
1.820405578613281250e+01 3.262505798339843750e+02 1.808134460449218750e+01 3.075055541992187500e+02
3.172460021972656250e+02 2.878245849609375000e+02 2.928442077636718750e+02 2.898905944824218750e+02
3.827705688476562500e+02 2.533210945129394531e+01 3.820711059570312500e+02 1.408837604522705078e+01
4.035213623046875000e+02 1.725708312988281250e+02 4.050000000000000000e+02 1.975528564453125000e+02
5.962279052734375000e+02 1.545674285888671875e+02 6.000000610351562500e+02 1.875075988769531250e+02
4.211752014160156250e+02 2.323114967346191406e+01 4.200035400390625000e+02 1.507736742496490479e-03
3.737742614746093750e+02 1.312503662109375000e+02 3.732562561035156250e+02 1.190849990844726562e+02
4.868688659667968750e+02 2.794857482910156250e+02 4.750001220703125000e+02 2.794512023925781250e+02
3.410217590332031250e+02 1.571715641021728516e+01 3.400262451171875000e+02 4.525035381317138672e+00
3.784633789062500000e+02 2.607130432128906250e+02 3.787650756835937500e+02 2.757390136718750000e+02
3.410217590332031250e+02 1.571715641021728516e+01 3.550011596679687500e+02 1.876379013061523438e+01
3.650001220703125000e+02 2.746656188964843750e+02 3.500000000000000000e+02 2.745204162597656250e+02
3.017021179199218750e+02 2.302229919433593750e+02 3.012810974121093750e+02 1.998518371582031250e+02
1.337280731201171875e+02 6.376123046875000000e+01 1.300011901855468750e+02 1.415453948974609375e+02
7.355207061767578125e+01 8.442050170898437500e+01 4.169620513916015625e+01 8.155423736572265625e+01
4.771768188476562500e+02 3.795896911621093750e+02 4.313125610351562500e+02 3.762503662109375000e+02
3.587599487304687500e+02 1.170386276245117188e+02 3.587864685058593750e+02 1.286451568603515625e+02
3.701334838867187500e+02 5.761300659179687500e+01 3.713403930664062500e+02 8.250016784667968750e+01
4.037479400634765625e+01 1.135958099365234375e+02 4.147805023193359375e+01 9.848266601562500000e+01
3.300000305175781250e+02 1.125002975463867188e+02 3.300000000000000000e+02 1.244077224731445312e+02
3.600306396484375000e+02 1.671101684570312500e+02 3.600001525878906250e+02 1.547427520751953125e+02
3.280952148437500000e+02 3.750191879272460938e+01 3.279302978515625000e+02 4.875142669677734375e+01
4.482030639648437500e+02 6.284394836425781250e+01 4.465396423339843750e+02 3.996152496337890625e+01
3.170484619140625000e+02 2.311779327392578125e+02 3.163891296386718750e+02 2.437502593994140625e+02
3.170484619140625000e+02 2.311779327392578125e+02 3.171184997558593750e+02 2.128127899169921875e+02
6.187440185546875000e+02 1.253749160766601562e+02 6.163373413085937500e+02 9.281273651123046875e+01
4.235299377441406250e+02 5.713404083251953125e+01 4.218952026367187500e+02 3.443836975097656250e+01
5.472204589843750000e+02 3.730588989257812500e+02 5.733853759765625000e+02 3.717688293457031250e+02
6.000000610351562500e+02 1.875075988769531250e+02 6.009489135742187500e+02 2.053457641601562500e+02
4.500442504882812500e+02 9.661705780029296875e+01 4.487936706542968750e+02 7.333474731445312500e+01
3.701334838867187500e+02 5.761300659179687500e+01 3.700004882812500000e+02 4.611139297485351562e+01
4.069986572265625000e+02 2.483681793212890625e+02 3.921083374023437500e+02 2.479883728027343750e+02
3.720629882812500000e+02 9.375204467773437500e+01 3.713403930664062500e+02 8.250016784667968750e+01
6.060816650390625000e+02 2.513768005371093750e+02 6.059057006835937500e+02 2.406887664794921875e+02
3.267787475585937500e+02 1.208267974853515625e+01 3.265509643554687500e+02 9.600006043910980225e-02
4.350250549316406250e+02 2.782735900878906250e+02 4.351797485351562500e+02 2.915647277832031250e+02
6.033117065429687500e+02 2.223920745849609375e+02 6.060816650390625000e+02 2.513768005371093750e+02
4.213672256469726562e+01 6.490751647949218750e+01 6.500887298583984375e+01 6.869660949707031250e+01
3.872097473144531250e+02 1.213060684204101562e+02 4.010884399414062500e+02 1.237500305175781250e+02
2.849292945861816406e+01 7.617565917968750000e+01 3.000003623962402344e+01 6.056314849853515625e+01
1.337280731201171875e+02 6.376123046875000000e+01 1.303109741210937500e+02 1.275191574096679688e+02
4.612516784667968750e+02 2.785425720214843750e+02 4.750001220703125000e+02 2.794512023925781250e+02
6.187440185546875000e+02 1.253749160766601562e+02 6.235552368164062500e+02 1.575578613281250000e+02
4.600002441406250000e+02 2.409456176757812500e+02 4.600007629394531250e+02 2.521793823242187500e+02
6.000000610351562500e+02 1.875075988769531250e+02 5.980767211914062500e+02 1.701929168701171875e+02
3.578179931640625000e+02 9.096276092529296875e+01 3.571923828125000000e+02 7.960413360595703125e+01
3.562227783203125000e+02 5.479979705810546875e+01 3.559136657714843750e+02 4.345153045654296875e+01
4.351797485351562500e+02 2.915647277832031250e+02 4.487688598632812500e+02 2.915403747558593750e+02
3.559136657714843750e+02 4.345153045654296875e+01 3.700004882812500000e+02 4.611139297485351562e+01
5.460380859375000000e+02 2.822653503417968750e+02 5.350007324218750000e+02 2.819975585937500000e+02
4.035213623046875000e+02 1.725708312988281250e+02 4.026197814941406250e+02 1.603214111328125000e+02
3.164589233398437500e+02 1.898714141845703125e+02 3.314851684570312500e+02 1.914952087402343750e+02
3.462689819335937500e+02 1.804210052490234375e+02 3.611020507812500000e+02 1.837500762939453125e+02
3.122272033691406250e+02 8.160717010498046875e+00 2.977618103027343750e+02 5.239820957183837891e+00
3.332528381347656250e+02 2.325152587890625000e+02 3.326896972656250000e+02 2.137516632080078125e+02
4.279299316406250000e+02 4.036013183593750000e+02 4.300953979492187500e+02 4.687507934570312500e+02
3.437404785156250000e+02 8.887416839599609375e+01 3.430890502929687500e+02 7.695033264160156250e+01
1.337280731201171875e+02 6.376123046875000000e+01 1.300000305175781250e+02 1.591903533935546875e+02
3.921083374023437500e+02 2.479883728027343750e+02 3.914375610351562500e+02 2.362513580322265625e+02
3.600306396484375000e+02 1.671101684570312500e+02 3.750001220703125000e+02 1.687503509521484375e+02
3.760500488281250000e+02 1.958623809814453125e+02 3.762707519531250000e+02 2.073380889892578125e+02
3.016804809570312500e+02 1.879256744384765625e+02 3.012810974121093750e+02 1.998518371582031250e+02
4.366424865722656250e+02 7.125166320800781250e+01 4.359980773925781250e+02 6.000084304809570312e+01
4.261065368652343750e+02 1.032679061889648438e+02 4.251149902343750000e+02 9.131726837158203125e+01
3.300041198730468750e+02 1.511305999755859375e+02 3.450027160644531250e+02 1.528436584472656250e+02
4.611931762695312500e+02 7.526831817626953125e+01 4.626182250976562500e+02 9.916664886474609375e+01
3.819290466308593750e+02 3.553109741210937500e+02 3.800114746093750000e+02 3.275519409179687500e+02
4.675076599121093750e+02 1.624335646629333496e-01 4.687315368652343750e+02 1.333367729187011719e+01
6.033117065429687500e+02 2.223920745849609375e+02 6.059057006835937500e+02 2.406887664794921875e+02
3.904353637695312500e+02 2.090895996093750000e+02 3.914375610351562500e+02 2.362513580322265625e+02
3.762707519531250000e+02 2.073380889892578125e+02 3.904353637695312500e+02 2.090895996093750000e+02
3.280952148437500000e+02 3.750191879272460938e+01 3.135755615234375000e+02 3.501492309570312500e+01
4.313125610351562500e+02 3.762503662109375000e+02 3.974572753906250000e+02 3.777821350097656250e+02
1.300000305175781250e+02 1.591903533935546875e+02 1.303109741210937500e+02 1.275191574096679688e+02
3.760500488281250000e+02 1.958623809814453125e+02 3.616996459960937500e+02 1.940931396484375000e+02
3.171184997558593750e+02 2.128127899169921875e+02 3.159485168457031250e+02 2.015789031982421875e+02
3.837986450195312500e+02 4.875842666625976562e+01 3.700004882812500000e+02 4.611139297485351562e+01
3.437928466796875000e+02 1.147676162719726562e+02 3.450000000000000000e+02 1.265874481201171875e+02
3.900008544921875000e+02 1.970879516601562500e+02 3.904353637695312500e+02 2.090895996093750000e+02
4.211752014160156250e+02 2.323114967346191406e+01 4.218952026367187500e+02 3.443836975097656250e+01
3.760500488281250000e+02 1.958623809814453125e+02 3.900008544921875000e+02 1.970879516601562500e+02
3.562227783203125000e+02 5.479979705810546875e+01 3.701334838867187500e+02 5.761300659179687500e+01
3.332887573242187500e+02 2.437881927490234375e+02 3.332528381347656250e+02 2.325152587890625000e+02
5.350007324218750000e+02 2.819975585937500000e+02 5.229739990234375000e+02 2.812546691894531250e+02
3.437404785156250000e+02 8.887416839599609375e+01 3.287774047851562500e+02 8.625018310546875000e+01
5.962279052734375000e+02 1.545674285888671875e+02 5.980767211914062500e+02 1.701929168701171875e+02
3.600001525878906250e+02 1.547427520751953125e+02 3.450027160644531250e+02 1.528436584472656250e+02
3.860337524414062500e+02 9.599573516845703125e+01 3.850001525878906250e+02 8.447405242919921875e+01
3.961621093750000000e+02 2.818637847900390625e+01 3.950256347656250000e+02 1.718162918090820312e+01
3.615770874023437500e+02 2.053349456787109375e+02 3.471148376464843750e+02 2.043964080810546875e+02
5.852031250000000000e+02 2.503161315917968750e+02 5.955764770507812500e+02 2.512511138916015625e+02
3.332887573242187500e+02 2.437881927490234375e+02 3.487495117187500000e+02 2.446169433593750000e+02
3.314409179687500000e+02 2.028453979492187500e+02 3.326896972656250000e+02 2.137516632080078125e+02
5.752277221679687500e+02 2.494891204833984375e+02 5.852031250000000000e+02 2.503161315917968750e+02
6.503192138671875000e+01 2.181627807617187500e+02 5.684194564819335938e+01 2.176634674072265625e+02
3.487703857421875000e+02 2.887511596679687500e+02 3.500000000000000000e+02 2.745204162597656250e+02
3.280952148437500000e+02 3.750191879272460938e+01 3.417120666503906250e+02 4.035169982910156250e+01
5.300208129882812500e+02 2.212524414062500000e+02 5.188110961914062500e+02 2.203095550537109375e+02
4.468848266601562500e+02 2.401322326660156250e+02 4.600002441406250000e+02 2.409456176757812500e+02
3.587599487304687500e+02 1.170386276245117188e+02 3.732562561035156250e+02 1.190849990844726562e+02
4.737519836425781250e+02 7.875806427001953125e+01 4.750003662109375000e+02 1.012506713867187500e+02
3.737742614746093750e+02 1.312503662109375000e+02 3.587864685058593750e+02 1.286451568603515625e+02
9.768753814697265625e+01 2.625083351135253906e+01 1.122302169799804688e+02 2.900448036193847656e+01
4.600002441406250000e+02 2.409456176757812500e+02 4.587772827148437500e+02 2.147034454345703125e+02
3.014858703613281250e+02 2.428071289062500000e+02 3.163891296386718750e+02 2.437502593994140625e+02
3.937494201660156250e+02 2.899948425292968750e+02 4.086906738281250000e+02 2.907580566406250000e+02
3.559136657714843750e+02 4.345153045654296875e+01 3.417120666503906250e+02 4.035169982910156250e+01
5.201279296875000000e+02 2.455963897705078125e+02 5.321242675781250000e+02 2.464973602294921875e+02
5.259941406250000000e+02 3.740426940917968750e+02 5.300148925781250000e+02 3.983285522460937500e+02
3.762707519531250000e+02 2.073380889892578125e+02 3.615770874023437500e+02 2.053349456787109375e+02
4.186190185546875000e+02 2.110081939697265625e+02 4.200000305175781250e+02 2.388069000244140625e+02
4.160739746093750000e+02 1.623141479492187500e+02 4.167419738769531250e+02 1.733881072998046875e+02
5.460380859375000000e+02 2.822653503417968750e+02 5.561937866210937500e+02 2.826257629394531250e+02
4.400046386718750000e+02 1.303530731201171875e+02 4.413945312500000000e+02 1.408474121093750000e+02
1.281863555908203125e+02 2.225603637695312500e+02 9.568634796142578125e+01 2.202922515869140625e+02
5.937518920898437500e+02 1.277167510986328125e+02 6.187440185546875000e+02 1.253749160766601562e+02
5.074883728027343750e+02 2.191368408203125000e+02 5.188110961914062500e+02 2.203095550537109375e+02
3.300041198730468750e+02 1.511305999755859375e+02 3.308553771972656250e+02 1.629958038330078125e+02
3.961621093750000000e+02 2.818637847900390625e+01 3.969992370605468750e+02 5.086666870117187500e+01
3.637637023925781250e+02 2.891232910156250000e+02 3.787745666503906250e+02 2.897321166992187500e+02
4.611931762695312500e+02 7.526831817626953125e+01 4.600514526367187500e+02 6.481976318359375000e+01
4.337542114257812500e+02 2.400001678466796875e+02 4.320352783203125000e+02 2.123245086669921875e+02
3.164589233398437500e+02 1.898714141845703125e+02 3.159485168457031250e+02 2.015789031982421875e+02
3.450000000000000000e+02 1.265874481201171875e+02 3.587864685058593750e+02 1.286451568603515625e+02
3.012922973632812500e+02 1.590259094238281250e+02 3.003499145507812500e+02 1.472965393066406250e+02
4.138128356933593750e+02 1.256166152954101562e+02 4.010884399414062500e+02 1.237500305175781250e+02
3.300000000000000000e+02 1.244077224731445312e+02 3.450000000000000000e+02 1.265874481201171875e+02
3.787650756835937500e+02 2.757390136718750000e+02 3.650001220703125000e+02 2.746656188964843750e+02
3.017021179199218750e+02 2.302229919433593750e+02 3.170484619140625000e+02 2.311779327392578125e+02
3.637424316406250000e+02 3.002002563476562500e+02 3.650008850097656250e+02 3.536516113281250000e+02
3.637424316406250000e+02 3.002002563476562500e+02 3.800003356933593750e+02 2.980361938476562500e+02
5.752277221679687500e+02 2.494891204833984375e+02 5.650112304687500000e+02 2.487358398437500000e+02
3.267787475585937500e+02 1.208267974853515625e+01 2.977618103027343750e+02 5.239820957183837891e+00
1.303109741210937500e+02 1.275191574096679688e+02 1.300011901855468750e+02 1.415453948974609375e+02
3.450027160644531250e+02 1.528436584472656250e+02 3.453365783691406250e+02 1.650004730224609375e+02
3.872097473144531250e+02 1.213060684204101562e+02 3.886106567382812500e+02 1.327701721191406250e+02
3.937494201660156250e+02 2.899948425292968750e+02 3.787745666503906250e+02 2.897321166992187500e+02
2.556739196777343750e+02 3.808811950683593750e+02 2.900202941894531250e+02 3.844204711914062500e+02
5.330377807617187500e+02 2.563429870605468750e+02 5.209911499023437500e+02 2.557963104248046875e+02
3.687641601562500000e+02 1.125006580352783203e+01 3.820711059570312500e+02 1.408837604522705078e+01
3.175754394531250000e+02 2.728145751953125000e+02 3.016359558105468750e+02 2.719955139160156250e+02
4.500442504882812500e+02 9.661705780029296875e+01 4.511086425781250000e+02 1.078448333740234375e+02
2.556739196777343750e+02 3.808811950683593750e+02 2.566581726074218750e+02 2.977797241210937500e+02
3.578179931640625000e+02 9.096276092529296875e+01 3.437404785156250000e+02 8.887416839599609375e+01
3.819290466308593750e+02 3.553109741210937500e+02 3.800003356933593750e+02 2.980361938476562500e+02
3.961621093750000000e+02 2.818637847900390625e+01 3.827705688476562500e+02 2.533210945129394531e+01
3.737742614746093750e+02 1.312503662109375000e+02 3.886106567382812500e+02 1.327701721191406250e+02
6.060816650390625000e+02 2.513768005371093750e+02 5.955764770507812500e+02 2.512511138916015625e+02
3.860337524414062500e+02 9.599573516845703125e+01 3.720629882812500000e+02 9.375204467773437500e+01
3.974572753906250000e+02 3.777821350097656250e+02 4.132497863769531250e+02 3.768086242675781250e+02
2.977618103027343750e+02 5.239820957183837891e+00 2.977953796386718750e+02 3.189780616760253906e+01
5.113432312011718750e+02 2.812526550292968750e+02 5.229739990234375000e+02 2.812546691894531250e+02
3.314851684570312500e+02 1.914952087402343750e+02 3.314409179687500000e+02 2.028453979492187500e+02
3.762707519531250000e+02 2.073380889892578125e+02 3.764757080078125000e+02 2.353112030029296875e+02
2.566581726074218750e+02 2.977797241210937500e+02 2.928442077636718750e+02 2.898905944824218750e+02
4.600007629394531250e+02 2.521793823242187500e+02 4.732402343750000000e+02 2.530314178466796875e+02
3.487495117187500000e+02 2.446169433593750000e+02 3.500000000000000000e+02 2.745204162597656250e+02
1.337703247070312500e+02 3.375026702880859375e+01 1.122302169799804688e+02 2.900448036193847656e+01
3.578179931640625000e+02 9.096276092529296875e+01 3.720629882812500000e+02 9.375204467773437500e+01
4.421996765136718750e+02 1.660713500976562500e+02 4.413945312500000000e+02 1.408474121093750000e+02
4.467669677734375000e+02 2.515629730224609375e+02 4.468848266601562500e+02 2.401322326660156250e+02
3.615770874023437500e+02 2.053349456787109375e+02 3.616996459960937500e+02 1.940931396484375000e+02
3.462689819335937500e+02 1.804210052490234375e+02 3.453365783691406250e+02 1.650004730224609375e+02
3.012810974121093750e+02 1.998518371582031250e+02 3.159485168457031250e+02 2.015789031982421875e+02
1.337715759277343750e+02 4.875006484985351562e+01 1.300011901855468750e+02 1.415453948974609375e+02
3.886106567382812500e+02 1.327701721191406250e+02 3.887855834960937500e+02 1.585976562500000000e+02
3.950256347656250000e+02 1.718162918090820312e+01 3.820711059570312500e+02 1.408837604522705078e+01
4.950156250000000000e+02 2.175070800781250000e+02 5.074883728027343750e+02 2.191368408203125000e+02
3.122272033691406250e+02 8.160717010498046875e+00 3.135755615234375000e+02 3.501492309570312500e+01
3.017021179199218750e+02 2.302229919433593750e+02 3.016359558105468750e+02 2.719955139160156250e+02
4.487398071289062500e+02 2.782622680664062500e+02 4.612516784667968750e+02 2.785425720214843750e+02
3.016804809570312500e+02 1.879256744384765625e+02 3.164589233398437500e+02 1.898714141845703125e+02
4.200035400390625000e+02 1.507736742496490479e-03 4.318356628417968750e+02 2.106495141983032227e+00
3.016359558105468750e+02 2.719955139160156250e+02 3.014857177734375000e+02 2.887501220703125000e+02
4.612516784667968750e+02 2.785425720214843750e+02 4.600007629394531250e+02 2.521793823242187500e+02
4.261065368652343750e+02 1.032679061889648438e+02 4.387838134765625000e+02 1.055356826782226562e+02
4.265156860351562500e+02 3.913486938476562500e+02 5.300148925781250000e+02 3.983285522460937500e+02
4.200429077148437500e+02 2.492446746826171875e+02 4.200000305175781250e+02 2.388069000244140625e+02
3.933852539062500000e+02 2.765483703613281250e+02 3.787650756835937500e+02 2.757390136718750000e+02
3.872097473144531250e+02 1.213060684204101562e+02 3.732562561035156250e+02 1.190849990844726562e+02
3.135755615234375000e+02 3.501492309570312500e+01 2.977953796386718750e+02 3.189780616760253906e+01
4.261065368652343750e+02 1.032679061889648438e+02 4.130958557128906250e+02 1.012520446777343750e+02
8.172660827636718750e+01 1.699367065429687500e+02 3.637327194213867188e+01 1.632312927246093750e+02
6.033117065429687500e+02 2.223920745849609375e+02 6.000000610351562500e+02 1.875075988769531250e+02
4.468848266601562500e+02 2.401322326660156250e+02 4.337542114257812500e+02 2.400001678466796875e+02
4.718081665039062500e+02 2.420890655517578125e+02 4.732402343750000000e+02 2.530314178466796875e+02
3.800003356933593750e+02 2.980361938476562500e+02 3.800114746093750000e+02 3.275519409179687500e+02
4.200000305175781250e+02 2.388069000244140625e+02 4.337542114257812500e+02 2.400001678466796875e+02
3.017021179199218750e+02 2.302229919433593750e+02 3.016804809570312500e+02 1.879256744384765625e+02
5.350007324218750000e+02 2.819975585937500000e+02 5.330377807617187500e+02 2.563429870605468750e+02
4.487398071289062500e+02 2.782622680664062500e+02 4.468848266601562500e+02 2.401322326660156250e+02
4.467669677734375000e+02 2.515629730224609375e+02 4.600007629394531250e+02 2.521793823242187500e+02
8.001821899414062500e+01 2.193573150634765625e+02 8.000184631347656250e+01 2.362545623779296875e+02
3.471148376464843750e+02 2.043964080810546875e+02 3.314409179687500000e+02 2.028453979492187500e+02
4.275137023925781250e+02 1.275013275146484375e+02 4.400046386718750000e+02 1.303530731201171875e+02
4.130958557128906250e+02 1.012520446777343750e+02 4.000000305175781250e+02 9.931182098388671875e+01
5.321242675781250000e+02 2.464973602294921875e+02 5.330377807617187500e+02 2.563429870605468750e+02
5.201279296875000000e+02 2.455963897705078125e+02 5.209911499023437500e+02 2.557963104248046875e+02
4.088090515136718750e+02 2.001380920410156250e+01 4.211752014160156250e+02 2.323114967346191406e+01
4.186190185546875000e+02 2.110081939697265625e+02 4.320352783203125000e+02 2.123245086669921875e+02
3.014858703613281250e+02 2.428071289062500000e+02 3.012810974121093750e+02 1.998518371582031250e+02
4.913852233886718750e+02 3.646001586914062500e+02 5.000525512695312500e+02 3.757617187500000000e+02
6.270078735351562500e+02 3.337524108886718750e+02 6.037164306640625000e+02 3.365521545410156250e+02
5.852031250000000000e+02 2.503161315917968750e+02 5.650112304687500000e+02 2.487358398437500000e+02
3.683533935546875000e+02 4.211111145019531250e+02 3.759661254882812500e+02 3.890603027343750000e+02
4.282534790039062500e+02 1.395086517333984375e+02 4.150000000000000000e+02 1.365391235351562500e+02
1.337715759277343750e+02 4.875006484985351562e+01 1.303109741210937500e+02 1.275191574096679688e+02
3.014858703613281250e+02 2.428071289062500000e+02 3.016804809570312500e+02 1.879256744384765625e+02
4.235299377441406250e+02 5.713404083251953125e+01 4.251149902343750000e+02 9.131726837158203125e+01
4.350250549316406250e+02 2.782735900878906250e+02 4.487398071289062500e+02 2.782622680664062500e+02
6.060816650390625000e+02 2.513768005371093750e+02 5.852031250000000000e+02 2.503161315917968750e+02
4.387838134765625000e+02 1.055356826782226562e+02 4.511086425781250000e+02 1.078448333740234375e+02
4.750001220703125000e+02 2.794512023925781250e+02 4.732402343750000000e+02 2.530314178466796875e+02
1.337703247070312500e+02 3.375026702880859375e+01 1.300011901855468750e+02 1.415453948974609375e+02
3.702795791625976562e+01 2.005778045654296875e+02 3.637327194213867188e+01 1.632312927246093750e+02
5.229739990234375000e+02 2.812546691894531250e+02 5.209911499023437500e+02 2.557963104248046875e+02
3.837986450195312500e+02 4.875842666625976562e+01 3.850001525878906250e+02 8.447405242919921875e+01
2.566581726074218750e+02 2.977797241210937500e+02 3.014857177734375000e+02 2.887501220703125000e+02
4.380980834960937500e+02 9.393695831298828125e+01 4.400046386718750000e+02 1.303530731201171875e+02
3.300041198730468750e+02 1.511305999755859375e+02 3.300000305175781250e+02 1.125002975463867188e+02
3.430890502929687500e+02 7.695033264160156250e+01 3.571923828125000000e+02 7.960413360595703125e+01
3.170484619140625000e+02 2.311779327392578125e+02 3.159485168457031250e+02 2.015789031982421875e+02
4.350250549316406250e+02 2.782735900878906250e+02 4.337542114257812500e+02 2.400001678466796875e+02
3.827152099609375000e+02 3.778020629882812500e+02 3.759661254882812500e+02 3.890603027343750000e+02
3.016804809570312500e+02 1.879256744384765625e+02 3.003499145507812500e+02 1.472965393066406250e+02
3.850001525878906250e+02 8.447405242919921875e+01 3.713403930664062500e+02 8.250016784667968750e+01
