522 316 538 316
343.684 306.005 344.098 330.998
454.004 318.129 495.989 316.684
565.984 350.708 583.984 349.715
210.889 148.24 221.856 153.311
449.004 269.067 566.991 262.839
574.068 263.447 588.051 261.335
585.988 351.806 604.999 352.093
428.019 227.231 631.971 210.645
270.889 117.001 271.246 147.009
309 198 309 225
508.995 316.958 520.953 315.588
212.978 76.0286 223.196 83.7397
461.054 272.986 471.493 312.135
503.929 352.726 516.844 349.397
263.285 50.7025 284.766 71.2449
224 85 224 118
158.438 121.013 155.639 213.989
309.315 292.029 308.016 306.001
413.977 370.29 431.991 369.707
303 230 303 264
223 155 223 190
303.086 196 303.21 222.999
310.868 93.1482 323.011 103.987
226 360 226 380
264.332 113.01 262.987 158
226.687 387.978 227.141 401.995
197.19 360.177 202.378 383.917
302.628 288.023 304.044 310.997
342.828 334.003 343.361 363.012
84 328 96 328
310.846 373.989 309.692 389.978
139.982 112.036 156.881 120.245
333.073 156.452 360.992 151.951
85 314 98 314
431.286 338.992 432.268 374.993
219.225 386.984 218.893 402.998
263.33 215.012 261.948 251.998
313.658 364.038 316.409 388.955
213.13 6.85905 240.157 31.8296
539.023 315.431 556.994 316.159
368.365 327.002 368.138 368.995
539.988 362.62 593.007 363.655
438.004 367.07 462.985 365.728
132.097 21.0039 129.738 79.9895
210.348 149.013 208.967 185.999
111 321 125 321
263 175 263 206
82.9808 304.625 99.9875 303.756
82 311 98 311
406.135 366.013 404.749 379.975
303.132 84.8561 320.891 101.119
139.848 170.051 148.712 196.764
309.134 230.992 310.32 251.982
211.32 77.0085 209.941 128.998
302.794 141.002 303.111 180.999
119.228 376.989 120.316 398.984
584.107 303.765 607.079 300.565
112 316 127 316
300.563 77.4366 323.073 99.9271
309.13 145.002 308.613 181.995
135.934 162.997 133.37 229.976
524.106 352.324 535.828 348.476
333.612 356.897 336.303 372.949
138.191 112.007 136.678 155.989
422.039 265.612 589.994 254.898
126.953 317.997 125.714 334.979
319.986 376.837 383.959 371.504
153 287 153 306
566.956 358.42 583.015 357.191
257.833 367.037 260.454 378.9
129.043 107 129.043 129
271 217 271 247
259.011 40.9887 287.024 68.9756
160.753 41.9925 159.692 76.9907
114 289 127 289
54.9952 374.258 111.994 375.31
429.001 309.091 450.011 308.822
510 311 575 311
145.988 165.019 155.931 171.113
230.342 18.6015 242.19 28.7788
128.29 130.009 126.787 175.993
420 249 420 264
54.3168 375.023 53.0344 393.002
425.633 205.022 426.803 225.012
370.429 330.023 372.594 383.017
385.124 353.012 383.718 366.972
302.24 366.014 301.186 384.011
44 359 68 359
473.007 304.505 581.014 303.089
45 335 69 335
360.81 153.236 425.039 204.951
583.974 299.752 604.955 297.568
473.003 312.155 498.013 311.668
381.282 295.317 466.767 330.565
281.622 73.0102 282.378 101.017
271.354 181.988 270.858 208.997
256 310 271 310
230 31 230 64
220.736 24.0072 221.667 58.0091
203.535 48.6063 249.255 83.6675
296.279 363.971 297.954 380.005
250.686 365.899 253.488 384.928
270.024 96.9708 292.382 115.54
142.898 29.1546 159.807 40.2929
585.773 268.553 604.925 258.852
141.347 30.0135 138.977 90.9991
227.995 387.962 309.009 378.076
140.361 1.51866 191.248 39.6688
331 315 331 331
429.007 252.097 478.956 248.41
385.114 372.386 401.12 375.354
236.319 35.0143 235.153 61.0069
226.879 29.0015 227.25 59.0093
123.845 152.373 176.854 174.351
274 294 274 314
130.098 1.86467 186.227 42.6878
257.76 88.2768 272.769 101.267
69.2436 337.018 67.7564 356.982
509.011 320.233 538.988 318.759
177.012 371.2 197.993 369.895
429.989 260.833 472.999 257.991
36.1949 374.018 34.0406 398.004
221.336 366.983 220.853 385.996
298.822 117.208 326.3 140.648
360.261 281.39 394.92 296.187
329.253 339.01 327.963 371.999
60.0041 387.855 112.99 389.352
1.11431 413.924 209.89 388.11
271 66 271 89
330.982 82 331.101 153
317.114 102.993 318.993 132
543.001 318.173 568 318.024
122.008 390.094 173.956 385.505
219.507 24.028 218.185 48.0102
606.621 247.367 622.068 238.114
369.038 275.88 394.982 284.056
189.62 371.934 191.431 388.954
621.294 390.742 638.101 409.911
459.974 277.993 451.358 308.102
469.015 272.693 491.01 273.79
618.002 385.11 637.994 384.699
149.219 169.007 147.749 212.992
371.257 187.018 369.855 206.99
129.231 21.0094 127.639 59.9853
341.098 283.617 395.137 297.467
307.943 339.996 306.557 362.035
310.109 317.997 311.288 362.992
342.007 275.811 366.009 276.763
126.742 96.5029 182.04 124.922
1.00031 372.941 34.0047 373.117
268.721 65.0084 269.654 96.0104
151.027 285.002 149.681 300.973
230.063 1.93815 246.363 18.6459
44 337 44 357
622 389 638 389
341.001 285.996 380.006 295.977
230.655 325.988 228.725 379.99
299.993 126.009 322.766 143.308
266.009 375.874 285.978 377.311
260.847 31.1626 289.17 57.8191
430.136 277.007 428.725 302.985
266 214 266 239
613 375 625 375
629.53 192.174 625.581 204.191
563.984 245.817 576.972 244.683
343.005 281.978 363.982 287.076
143.103 286.007 141.67 305.976
210.903 129.154 223.097 136.846
277.796 70.0048 278.523 101.011
17.9918 401.742 54.019 400.599
202.875 136.237 242.86 157.265
259.987 97.0177 288.474 117.724
334.035 234.463 423.97 227.61
301.008 67.9925 319.992 87.0075
207.353 271.993 206.857 315.998
243.329 353.17 250.37 380.906
487.034 366.221 514.989 361.929
226.115 410.717 430.834 377.965
145.976 1.03079 186.824 32.23
318.915 104.014 324.227 137.124
131.118 312.001 130.758 363.005
259.151 66.0096 257.816 86.9883
212.062 111.905 221.856 118.224
434.066 310.818 452.786 317.59
134.119 1.83625 186.916 40.1152
148.677 34.9903 147.716 66.9915
257.781 36.2327 282.989 60.0116
133.318 294.026 132.024 310.002
257.017 320.616 284.007 321.84
162.003 408.634 229.999 409.133
283.091 75.1709 289.471 109.1
599.256 282.715 629.337 271.942
366.875 278.28 428.988 306.027
115 293 115 314
359.14 307.009 357.723 328.982
306.883 97.0073 308.32 119.98
188.981 391.834 217.954 388.59
126.181 106.008 123.001 176
309.162 95.9897 311.001 125
370.822 208.299 393.958 222.07
300.917 86.0102 305.351 122.08
345.989 272.796 416.004 269.073
214.28 1.68095 235.634 20.4173
268 217 268 249
190.181 40.0036 186.215 238.984
242.82 52.0148 244.378 70.969
299.708 182.568 322.784 194.421
198 344 198 359
314.447 103.971 316.052 128.997
312.373 100.984 313.387 124.027
258.116 168 257.733 257.999
502.899 319.006 504.92 351.005
500.273 311.986 502.676 357.965
260.878 51.0122 264.58 88.042
125.177 230.287 331.853 281.592
249.038 85.0005 246.683 245.995
527.015 254.313 581.989 251.757
204.199 57.0063 202.385 114.012
219 84 219 113
258.909 166.184 286.948 180.105
133.02 310.737 174.009 313.889
355.39 321.99 356.225 352.994
216 82 216 110
473.002 309.115 567.995 307.677
236.02 400.771 252.98 402.229
301.047 187.908 320.933 198.13
73.0187 398.252 85.0268 397.362
274.712 70.0155 276.22 97.9881
404.874 332.006 406.366 364.983
382 337 382 353
1.06992 429.557 160.937 409.5
291.595 324.026 294.053 363.06
299.052 128 298.973 207
236 399 254 399
168.11 121.003 165.631 217.991
209.116 24.9743 216.007 55.9984
257.71 98.0127 258.939 126.003
441.943 316.136 456.013 321.969
218.845 2.17916 240.854 21.1692
204 19 204 31
292.656 117.004 291.745 268.998
352.558 309.992 353.379 366.995
206.274 186.34 236.961 199.093
200.232 269.005 198.744 332.994
188.277 276.005 186.482 368.99
202.858 129.264 239.097 148.82
140.052 90.9072 159.177 101.687
307 238 307 250
45.0547 225.54 81.9795 221.798
127.788 89.4001 181.151 117.716
273.364 324.011 272.077 365.002
274.876 314.997 275.058 374
397 304 397 326
205.694 57.417 243.768 85.3171
234 204 234 240
175.225 364.988 176.278 384.985
18.9273 4.69548 31.9039 1.59742
130 5 130 20
325.984 142 327.417 259.995
414.222 337.012 413.368 353.02
238.692 36.0268 240.082 51.9929
298.431 73.4877 313.125 85.8512
255 295 255 309
421.99 248.859 588.965 236.531
606.866 379.09 637.826 425.117
218.936 19.074 235.054 32.9367
300 287 300 316
333.362 336.031 334.191 352.991
200.003 315.947 219.983 317.262
530.01 245.132 582.002 241.029
222.366 310.975 220.393 360.976
223 197 223 234
267 324 267 374
378.043 280.87 393.958 286.128
365 335 365 353
311 253 311 272
506.022 339.705 522.006 340.922
92.883 344.988 90.155 371.016
429 350 429 367
319.095 385.688 358.04 380.291
277.058 389.603 305.984 386.834
331.906 159.001 332.615 270.002
1.00275 393.76 22 394
258 131 258 156
145 189 145 205
299.875 339.002 300.231 365.011
1.01994 31.0744 94.9709 5.89157
202.948 192.998 201.354 232.974
233.3 83.0114 231.861 120.995
152.537 171.99 151.67 211.015
170.642 38.9927 169.725 83.9944
375 189 375 208
432.984 277.531 454.994 278.188
336.003 268.046 415.995 262.92
202.524 152.989 201.634 191.992
425.815 271.991 426.124 300.999
410.952 270.996 409.694 285.974
496 348 496 363
338.036 456.631 362.997 459.035
119.413 256.979 120.277 273.986
124.055 179.003 122.579 202.974
257 300 273 300
392.244 197.988 393.301 218.985
213 195 213 232
118.098 324.002 117.763 342.996
326.727 286.014 328.241 314.987
383 299 383 313
0.98014 33.9259 94.9339 8.75316
367.019 171.974 423 213
209.314 194.013 207.813 229.992
383.21 191.99 384.307 213.985
212.948 151.998 210.55 228.986
37 373 52 373
112.876 294.992 111.682 313.98
153.078 307 152.857 355.004
624.472 329.214 619.645 339.839
256.915 322.004 258.315 349.984
299.581 218.993 300.19 267.998
321.995 460.029 341.927 463.425
126.89 92.2068 177.87 119.245
164.362 124.01 161.735 218.993
414 215 414 227
411.241 215.01 410.221 239.009
401.204 304.996 402.306 354.993
165.983 476.554 186.994 477.196
1.01466 237.11 53.8735 230.053
334.017 265.28 418.005 260.087
407.078 289.733 421.97 294.102
314.828 142.003 315.367 175.01
326.947 79.0001 327.096 136.002
423 270 423 290
470 276 495 276
279.655 116.987 280.688 168.006
425.728 316.015 427.201 342.989
153.337 38.0131 152.019 72.0008
293.93 47.0001 294.03 112
279.971 182 280.256 218.998
94.0032 213.893 107.021 214.282
399.628 335.973 400.196 348.991
360 335 360 352
313.662 321.01 314.889 362.003
220 170 220 188
235 171 235 193
297.209 457.17 323.082 463.675
454.828 348.004 455.43 371.015
247 474 267 474
232.161 158.001 231.95 194
150.037 393.296 178.955 389.647
148.122 71.002 147.783 92.0126
4.94038 110.724 37.9146 103.605
225 210 225 252
242.016 472.259 266.985 470.757
249 301 249 333
343.048 451.811 386.047 462.818
229.176 90.0009 228.936 138
259.067 160.87 284.12 173.768
365.972 175.038 422.125 215.828
0.94907 239.631 51.9433 232.589
259.009 451.848 282.982 453.301
117 360 117 372
139.68 184.986 138.764 205.99
219.127 199.995 218.938 234
507.118 276.023 562.953 269.593
123.988 392.715 147.988 391.72
252.264 7.0036 251.512 62.007
137 53 137 72
166.886 44.9962 164.973 102.999
276 220 276 254
604.871 380.082 637.638 431.594
1.00229 104.009 22.0976 98.3649
460.71 333.013 461.881 359.005
539.02 397.511 589.019 399.525
227 200 227 253
399 305 399 319
14.972 387.554 26.9875 386.8
284.001 452.071 301.997 451.809
412.001 470.127 452 469.967
342 180 342 202
181.538 373.885 184.337 386.928
363 180 363 230
12.4052 268.018 7.91591 367.996
238.9 341.001 239.218 370.009
194.99 2.99933 192.812 34.9872
86.0428 179.003 84.73 198.982
398.747 201.006 399.847 248.004
1.04319 225.388 84.0159 216.143
345.079 236.972 523.951 222.398
220.025 474.695 234.013 475.842
140.393 105.988 141.224 133.993
177.831 128.996 175.573 219.989
161.466 300.996 160.792 382.998
383.986 458.796 401.998 459.104
36.1023 11.3576 48.9122 7.69318
78.9999 378.022 98.9997 378.092
590.019 383.718 605.018 384.724
156.745 41.9915 155.75 71.9917
247 19 247 65
120.982 234.074 333.941 285.247
164 267 164 308
144.04 117.002 142.757 138.986
281.951 287 282.127 332
463.559 339.053 465.822 358.021
7.37922 326.021 4.94614 368.997
395.962 199.002 397.319 226.985
492.028 434.133 505.085 431.407
249 43 249 66
150.147 120.005 148.804 157.993
490.966 432.998 535.983 431.491
147.482 118.989 146.758 151.995
233 122 233 140
231 205 231 235
246.713 272.983 247.318 298.016
313 142 313 182
168.032 330.003 165.581 353.957
135.306 30.0095 134.433 58.0135
273.826 252.02 275.186 263.979
141.302 316.012 139.845 352.994
19.0107 8.04333 36.9055 3.61778
87 137 87 165
313 234 313 251
274.943 459.294 305.944 465.289
145 35 145 59
237.818 200.995 236.661 241.019
533.025 270.292 547.999 268.99
82.6398 249.99 81.7554 281.993
431.979 378.874 469.909 372.461
363 343 363 357
427.003 450.979 454.054 454.593
236 131 236 143
347.992 441.152 369.984 442.299
312 475 326 475
248.975 477.528 263.988 478.249
191 94 191 120
184.987 462.86 207.982 460.796
538.008 432.647 630.008 434.613
179.854 52.9957 178.186 109.006
65.0116 232.144 82.9758 230.699
298 319 298 332
376.061 380.441 393.012 378.087
540.012 394.653 577.999 396.021
337.971 270.511 416.989 265.811
320 476.95 350.998 477.227
87.2035 83.5137 98.9457 78.8629
176.307 83.0157 174.979 108.999
241.31 162.996 240.867 238.999
243.959 327 244.156 357.999
47 352 65 352
481.972 374.834 510.985 369.911
429.005 418.156 444.022 417.642
352 187 352 215
260.964 324 261.133 351.999
347.803 310.002 348.328 352.008
428 383 444 383
379.051 420.361 395.992 417.946
127.67 60.9813 126.021 90.0012
324 105 324 120
353.003 446.113 368.018 445.758
317.143 240.995 316.931 275
358.978 452.951 375.743 445.427
276.831 116.002 277.401 164.007
243.106 97.0034 241.472 147.983
472.939 378.6 490.957 380.425
511.014 270.145 534.98 267.799
460.051 290.985 466.509 313.856
193 84 193 132
542.007 367.285 585.006 366.265
239 93 239 144
287 186 287 263
551 419 563 419
140 142 140 155
283.459 225.021 281.581 267.026
284 124 284 166
320.032 449.651 333.016 450.824
183.527 51.9853 181.63 112.988
322.204 202.994 321.672 273.998
536.082 412.57 557.079 416.585
206.019 463.737 220.018 464.743
1.03885 229.444 39.0109 226.125
273.01 406.061 292.968 402.804
522.019 439.785 537.981 441.215
150 473 162 473
181.275 131.005 180.198 186.004
120.371 27.0273 117.066 72.0049
509 398 528 398
372.038 417.368 394.012 415.114
319 147 319 183
510 426 527 426
228.985 467.515 251.994 466.815
484 271 499 271
245 299 245 320
543.019 384.818 563.994 387.055
555.072 466.017 552.179 478.043
276.768 178.009 278.256 215.99
102.985 259.999 101.706 276.978
191 194 191 221
251 200 251 223
548.016 436.769 570.974 438.372
211.006 477.652 233 478.015
113 189 113 202
439.977 412.377 454.994 411.827
172 181 172 217
174 131 174 153
316.968 398.727 334.952 396.597
128 185 128 199
532 383 553 383
460.024 423.783 480.984 426.141
65.0186 199.212 81.9757 197.723
15.4956 260.976 14.3148 286.015
175 53 175 77
287 124 287 156
114 170 114 183
304.943 283.332 316.93 285.405
111.143 173.007 109.734 202.987
183.251 285.004 182.491 328.009
563 375 581 375
409.979 422.78 432.963 420.612
388 237 388 259
108.995 293 107.608 313.974
322 298 322 318
287 296 287 315
513.026 443.703 527.999 445.013
507.02 376.139 529.967 372.775
556.052 441.511 580.006 439.061
510 378 526 378
313.831 203.004 314.432 230.013
334 242 346 242
20.0305 92.1864 34.9576 89.7411
184 208 184 235
377.969 390.553 389.981 389.726
284.163 189.991 283.906 213.999
112 252 112 266
391 237 391 253
584.015 396.869 599.042 398.648
342.038 412.172 356.01 409.046
541.005 439.85 555.023 440.314
