564.007 319.121 588.986 317.747
328.74 91.0029 329.711 179.003
309.909 93.0002 310.195 205.002
329.802 225.004 330.594 268.989
330 196 330 223
70.9511 357.441 87.9637 359.327
542 304 590 304
625.731 222.01 627.269 262.99
627.639 265.014 629.332 310.025
623.117 184.986 625.423 203.949
624.85 208.006 625.337 221.025
592.082 320.002 591.746 338.014
67.5235 358.032 65.3977 393.024
78.2107 399.031 74.7077 422.957
94.1438 371.159 103.576 421.893
547 318 563 318
97.2217 356.014 95.8803 377.993
83.0965 375.989 88.7329 426.03
311.028 124.225 328.013 122.104
534.992 314.755 583.004 313.125
80.1586 377.015 78.7175 391.973
46.9849 424.419 99.9881 426.33
11.0125 355.306 47.9919 353.802
184.414 1.01428 183.931 14.9976
598.758 319.005 599.075 333.998
9.66914 355.987 8.49874 385.98
533.989 231.793 588.997 228.941
536.008 253.248 590.015 251.442
63.7306 402.218 57.4963 423.148
572.992 280.585 626.01 279.506
573 284 573 302
540.001 299.917 571.007 300.159
185.047 16.2242 216.909 9.5633
95.7458 123.994 91.7311 304.994
311 309 311 325
153.786 1.02897 156.347 19.9531
140.08 26.3289 167.896 19.5706
239.965 102 240.095 351
522.092 319.406 535.105 316.462
267.976 366.543 302.996 368.098
569 316 582 316
322.611 198.944 320.458 213.922
27.0813 91.4348 286.792 42.885
575.998 282.924 626.991 281.653
246 91 246 350
535.385 287.984 536.233 307.99
0.967185 417.833 61.9635 405.815
203.358 276.007 201.938 347.999
55.0208 280 53.6533 342.992
199 276 199 347
91.5535 342.08 94.2042 356.964
315.227 193.98 317.442 218.961
411.249 144.995 414.821 338.003
58.3225 281.006 57.1323 343.003
395.282 135.995 398.976 343
374.955 276.001 376.341 341.993
630.079 398.979 638.568 430.849
287.954 43.7362 538.72 0.379007
44.0436 1.0018 40.8169 78.9924
332.967 1.00019 333.135 29.9992
9.54856 5.96562 5.36051 60.9513
82.9066 0.996921 80.6318 69.9879
276 1 276 40
389.159 281.993 388.903 314.999
223 1 223 46
596.067 294.339 617.997 289.986
403 281 403 338
94.9846 278.392 157.995 276.8
390 318 390 339
43.9936 279.728 86.9934 278.718
86.4618 0.985215 84.5104 72.014
44.028 281.002 39.9263 351.996
124 1 124 44
157.681 1.02177 158.907 19.0063
395.173 1.00639 394.542 18.0201
123.132 279.003 121.663 344.992
536.003 243.065 586.03 240.62
362.787 113.003 366.044 345.999
95.9125 6.60199 112.013 3.06134
128.355 2.00743 127.034 65.0007
351 275 351 350
354.307 275.996 355.296 347.996
405.709 280.002 406.136 336.999
68.5005 334.071 65.9556 351.994
26.7659 93.0079 27.471 114.018
532.238 225.021 530.762 241.979
537.004 297.072 568.014 295.229
165.73 1.03495 168.056 18.9928
373.022 273.736 390.983 275.212
305.017 366.564 352.023 368.431
47.5502 0.983408 44.599 80.9852
322.082 240.007 320.692 255.973
174 1 174 59
46.6421 100.989 41.3084 273.979
550.031 212.42 590.035 209.469
338.994 270.058 363.954 272.476
191 1 191 13
488.546 179.453 521.981 213.019
90.5188 125.011 86.8077 304.996
556.013 276.252 583.988 274.771
408.014 147 411.609 330.988
267 318 267 346
532.974 247.998 531.656 266.976
166.996 276.873 237.99 274.689
380.873 284.003 382.329 341.992
311.552 206.007 310.792 267.997
337.991 273.102 362.969 275.349
554 277 554 295
42.0044 277.169 238.001 272.022
389.441 131.992 392.198 279.996
535.989 264.732 584.991 262.783
248.022 272.319 266.006 271.093
547.717 272.004 548.063 294.999
335.75 95.0026 338.404 351.996
164 321 164 347
315.193 359.926 414.072 339.347
383.776 285.003 384.488 340.007
486.642 134.013 488.202 177.993
57.0814 16.3314 78.045 11.183
521.728 160.007 523.156 211.996
96.9958 348.121 266.002 353.942
589.997 210.96 622.981 208.715
369.89 134.001 371.404 290.996
528.007 321.672 589.999 323.052
554.978 219.347 568.984 220.253
314 355 326 355
26.6819 68.02 27.8759 87.0078
248.024 275.322 265.999 273.984
165 320 207 320
312 273 328 273
331 336 331 352
233.037 6.17341 254.903 1.54201
535.981 220.657 552.985 219.733
42 355 65 355
629.805 178.011 631.3 204.983
29.2984 53.0299 27.8996 66.9899
126.065 280 125.972 346
592.011 285.72 624.997 287.076
570.007 219.192 586.022 218.572
23.5683 171.988 18.4788 351.985
524.878 240.006 526.25 265.987
300.104 44.6089 553.846 1.10016
31.0953 93.5086 262.829 50.0897
3.21574 164.01 2.21325 186.01
296.314 51.9985 297.813 364.001
165.981 195 164.633 272.994
313.816 330.014 315.226 347.982
97.0092 345.697 146.994 347.212
214 323 238 323
94.0119 34.0546 122.95 27.7686
165.017 347.537 265.989 351.286
526.996 212.95 557.98 210.727
575 278 597 278
525.67 273.013 527.12 308.995
550.006 237.11 586.999 234.977
265.641 77.0057 266.888 155.002
47.0596 128.385 262.839 94.9601
138.032 24.1538 153.971 20.8615
104.043 404.193 131.048 398.215
487.182 340.577 519.155 330.492
55.0235 43.1025 81.0342 37.1494
1.03383 422.164 58.0852 410.414
310.985 88.8872 332.003 86.0236
29.1325 94.5868 46.0012 99.9962
312 270 328 270
424.988 364.959 444.988 358.961
417.005 369.12 481.981 366.533
161.333 113.002 159.62 348.005
43 344 65 344
312.255 69.6655 409.872 144.168
310 56 310 88
226.932 9.68181 264.918 1.61449
406.993 338.289 485.997 340.112
41.0055 345.894 65.9906 347.183
255.077 429.036 365.931 437.869
217.328 0.992832 218.268 43.9942
534.997 224.953 587.004 222.077
103.989 356.674 130.992 355.756
166.369 113.995 165.831 181.999
12.5217 6.95815 9.72045 38.9755
23.774 127.01 25.1429 156.993
535.011 246.314 588.015 244.426
137.069 361.412 168.854 356.125
315.025 351.744 329.981 353.196
371.025 368.621 400.032 370.501
45 319 70 319
103.064 401.313 124.964 396.824
298.274 45.6992 308.762 55.2614
166.928 266 167.11 323.003
178.01 20.0462 216.963 11.8261
94 320 118 320
91.9775 38.9012 122.962 31.832
168 184 168 211
528.024 268.567 588 265.991
45 317 76 317
485.009 163 490.51 337.984
485.001 367.905 550.994 368.594
1.06949 425.339 57.9381 413.698
357.471 443.826 427.08 404.14
22.8422 170.133 9.94243 251.991
140 1 140 18
98.0583 123.379 237.978 101.857
192.001 358.913 227.008 359.388
238.053 371.379 265.926 367.47
173.029 142.214 236.942 133.57
133.906 29.5711 165.91 22.5885
317.071 288.999 317.362 306.994
323.261 280.019 321.889 298.992
51.9149 47.6112 81.0511 41.2335
92.9392 41.9969 91.1897 76.0098
506.983 9.88836 561.894 1.31972
448.002 360.807 549.002 361.803
246.086 432.978 356.063 442.247
98 9 98 30
86.0102 316.576 145.999 318.023
247.989 100.926 262.947 98.6538
345.681 236.004 346.868 343.001
363.046 390.117 410.688 371.213
137.283 1.01718 135.947 22.9968
46.9761 130.843 87.9426 124.622
267 278 267 303
386.027 364.664 404.987 366.162
171.006 454.15 184.025 453.663
496.029 448.532 637.983 457.273
564.993 368.359 638.004 369.825
94.8692 7.99383 93.6893 32.9853
310.01 92.0726 327.949 89.6281
416.033 145.338 484.956 138.557
340.074 352.34 364.984 346.928
232.057 364.476 263.957 360.64
30.105 16.0102 27.6863 40.9696
53.1766 51.01 51.3695 83.0209
181 21 181 59
500.677 310.016 501.917 335.004
169.951 170.559 238.005 163.048
11.5286 255.993 10.6007 315.994
101 331 120 331
412.005 371.889 444.988 373.282
337.796 93.2619 361.952 112.062
371.996 149.968 388.991 147.924
59 19 59 39
133.721 4.00903 135.241 50.9922
56.0985 1.00415 54.4128 41.0174
230.135 13.0016 229.706 49.0084
367.014 360.2 413.999 356.987
564.01 268.745 587.014 269.623
525.008 342.622 609.993 344.325
2.19821 364.004 1.92192 377.998
454 370.163 483 370.125
502.023 376.591 547.992 374.784
112.798 477.406 170.869 457.615
47.0313 183.291 86.9995 178.995
214.011 316.225 229.024 315.47
501.989 352.137 538.004 354.954
563.023 362.645 597.011 364.831
214.538 138.991 213.78 178.996
162.035 365.258 189.934 361.512
328 1 328 25
599.995 261.077 618.977 262.342
529 276 529 313
345 153 345 190
133.169 473.469 181.97 455.916
271 2 271 31
97.0223 178.164 112.018 176.131
498.203 239.992 500.369 296.986
548.001 355.058 570.994 354.652
111 259 111 314
572.963 358.582 637.955 362.705
345.933 152.443 360.957 150.645
552.021 351.264 570.983 349.785
180.013 1.00099 177.571 31.9662
525.102 154.944 537.191 176.895
372.052 118.934 388.262 131.666
539.033 453.471 638.017 459.728
283 1 283 18
224.136 378.627 254.034 372.158
556.966 374.853 622.022 377.441
7.05017 1.00399 5.70139 17.9763
1.68767 26.0191 3.1516 49.9907
12.6945 201.975 11.3652 218.03
148 287 148 334
129 300 129 325
125.025 447.804 168.955 453.354
279 1 279 38
209.031 427.604 243.971 430.371
113.289 177.022 111.899 194.992
248.985 161.77 264.98 160.703
502.525 212.015 505.455 303.986
9.41095 290.032 6.72471 324.979
520.002 334.943 561.015 336.631
192.012 362.736 225.988 364.262
494.013 381.679 542.014 383.671
108.023 415.713 151.983 419.213
525.477 403.349 470.572 478.418
205.009 343.697 236.011 344.658
342 283 342 300
286.203 383.754 328.804 372.274
316.034 468.661 414.939 478.602
290.984 477.969 309.953 467.912
312.193 72.7528 325.742 83.33
366.041 436.07 438.89 393.81
169 25 169 49
622.274 142.01 621.322 168.012
115.991 177.036 158.981 188.075
557 291 570 291
510.994 385.102 532.982 386.326
46.0783 435.61 74.9871 431.899
98.0746 435.652 126.052 432.452
97 310 119 310
176 317 192 317
577.991 410.998 573.772 427.943
51.8799 29.0027 52.2578 46.0165
2.04957 434.601 45.0075 439.94
340 5 340 29
2.80283 328.983 1.70758 341.975
623 379 638 379
298.789 476.622 355.087 445.156
207 140 207 172
372 302 372 320
150.017 380.677 174.003 381.942
332.098 383.452 347.043 380.196
460 382 475 382
142.024 386.475 187.021 388.532
582.007 409.779 629.992 411.258
219 439.999 253.927 429.753
92.1833 2.99333 91.9139 35.9993
572.001 351.075 610.997 350.708
585.005 372.745 631.007 373.639
466.025 403.53 514.994 406.121
1.06251 459.237 58.9943 443.978
564 340 582 340
130 343 157 343
336 1 336 14
53 2 53 25
129.141 402.389 146.972 395.923
310.964 329 310.956 354
455.987 356.686 479.998 357.125
12.0283 366.459 48.0148 364.24
218.019 366.797 233.976 368.262
491.987 378.295 538.986 380.326
49.0121 438.753 66.0204 439.582
130.052 451.509 172.997 456.028
263 133 263 149
305.006 381.778 331.014 382.505
276 403 291 403
410.017 349.224 428.982 347.767
446.984 364.258 463.997 363.88
283.894 418.687 309.05 410.148
185.077 452.234 210.006 444.017
158 288 158 308
282.033 387.149 297.917 383.624
293.205 412.65 314.931 405.781
618 428 635 428
557 289 570 289
244 393 258 393
330.003 359.137 354.013 358.676
213.021 405.081 234.883 399.538
513.093 426.074 496.236 447.189
353.992 475.074 365.968 476.307
300.988 384.189 317.98 385.304
501.981 188.689 517.983 187.725
131 320 146 320
331 378 343 378
336.162 397.489 358.974 389.923
313.021 470.813 341.013 473.884
52.0086 271.108 69.9746 269.68
473.05 388.651 491.946 391.377
3.98982 477.319 32.9922 478.246
97 313 119 313
397.002 345.127 450.005 344.339
484.001 386.921 509.995 387.32
602.032 129.319 637.972 125.724
48.0607 155.426 86.9818 149.873
170.043 330.383 191.992 327.926
363 356 383 356
7.03 432.693 20.0036 433.963
63.0534 446.195 75.9128 442.681
137.016 370.117 155.932 367.507
166.032 393.385 182.087 392.053
400 451 414 451
509.018 451.729 538.023 453.646
178.98 157.823 204.988 154.895
430.004 383.98 448.981 388.086
551.991 386.117 566.975 387.31
118.966 175.135 155.925 184.302
178 334 195 334
22 369 38 369
334 171 334 222
411 418 428 418
610.996 355.093 637.986 356.305
169.005 373.044 189.989 370.896
550 384 568 384
414 390 441 390
176.01 446.903 188.976 448.233
203.072 403.475 219.011 401.076
318.17 462.306 349.079 445.142
97.9955 148.966 129.963 144.72
599.974 254.598 612.984 253.757
195.002 375.965 216.98 377.326
193 390 212 390
480.022 406.686 513.001 408.991
164.082 418.312 188.935 411.755
549 357 571 357
481 357 498 357
598.979 357.452 615.99 358.228
513.975 393.524 527.99 394.204
633.778 239.01 636.442 299.981
533.01 345.772 550.021 346.548
193.005 386.802 221.013 387.49
3.77469 461.184 26.9418 454.789
515 389 530 389
433.972 399.958 446.028 392.042
181 404 193 404
241.007 381.787 262.017 382.505
514 391 531 391
269 467 282 467
130 149 130 167
430.019 322.252 442.027 321.362
544.023 184.224 557.977 182.776
108 51 108 63
