
1.600176e+02	375	1.180057e+02	375	
3.100181e+02	334	2.700056e+02	334	
1.019876e+02	4.095129e+02	6.000394e+01	4.079734e+02	
6.390237e+02	4.704162e+02	5.840116e+02	4.687835e+02	
3.160197e+02	443	2.780066e+02	443	
4.209948e+02	3.660476e+02	3.840138e+02	3.644976e+02	
5.659945e+02	446	5.359778e+02	446	
4.890249e+02	438	4.620064e+02	438	
3.130214e+02	447	2.780071e+02	447	
6.170268e+02	341	5.890089e+02	341	
1.830327e+02	354	1.620089e+02	354	
1.469913e+02	3.611314e+02	1.140128e+02	3.595762e+02	
3.959914e+02	3.721001e+02	3.660159e+02	3.705292e+02	
5.120098e+02	3.268447e+02	4.199863e+02	3.212163e+02	
4.210125e+02	3.447881e+02	3.360155e+02	3.397383e+02	
4.210038e+02	3.469311e+02	3.500163e+02	3.427136e+02	
1.640176e+02	389	1.240051e+02	389	
3.599677e+02	4.797526e+02	2.820100e+02	4.758035e+02	
3.119990e+02	3.680063e+02	2.690197e+02	3.656034e+02	
4.190299e+02	3.286896e+02	3.460451e+02	3.215334e+02	
6.390323e+02	3.784731e+02	6.040142e+02	3.768217e+02	
1.879910e+02	4.410561e+02	1.650226e+02	4.394902e+02	
1.300360e+02	2.994577e+02	9.701776e+01	2.977851e+02	
3.739866e+02	3.652468e+02	3.350041e+02	3.629308e+02	
4.180478e+02	386	4.030145e+02	386	
3.450339e+02	389	3.260076e+02	389	
2.579855e+02	395	2.429522e+02	395	
5.469832e+02	4.132298e+02	5.189946e+02	4.110762e+02	
6.330119e+02	4.548473e+02	6.070119e+02	4.528467e+02	
1.319771e+02	2.952323e+02	8.405726e+01	2.903648e+02	
3.130433e+02	329	2.889601e+02	329	
8.704185e+01	366	7.101063e+01	366	
4.550460e+02	411	4.400127e+02	411	
1.880070e+02	4.389192e+02	1.650081e+02	4.369071e+02	
4.119890e+02	3.540764e+02	3.920230e+02	3.525401e+02	
228	394	228	394	
3.529891e+02	4.260939e+02	3.269849e+02	4.231310e+02	
4.469674e+02	4.425431e+02	4.300081e+02	4.409997e+02	
2.296642e+01	2.622285e+02	1.933565e+00	2.606102e+02	
3.139528e+02	324	2.887735e+02	324	
3.260161e+02	337	2.719790e+02	337	
4.610239e+02	3.837269e+02	4.260292e+02	3.806653e+02	
5.305239e+01	384	4.001398e+01	384	
5.330524e+02	400	5.200140e+02	400	
4.000000e+01	4.180052e+02	3.400000e+01	4.179948e+02	
3.903121e+01	420	1.501039e+01	420	
4.830289e+02	4.356742e+02	4.590301e+02	4.336590e+02	
1.349849e+02	4.411400e+02	1.150217e+02	4.395688e+02	
1.259885e+02	446	1.119529e+02	446	
4.120524e+02	459	3.990140e+02	459	
3.199826e+02	464	3.079410e+02	464	
5.029733e+02	2.944526e+02	4.860140e+02	2.929092e+02	
5.279600e+02	2.975476e+02	5.140091e+02	2.960074e+02	
1.099853e+02	361	9.794367e+01	361	
3.510107e+02	3.677923e+02	2.920101e+02	3.648035e+02	
4.689813e+02	367	4.579359e+02	367	
3.180642e+02	3.713805e+02	2.880293e+02	3.687528e+02	
1.639972e+02	3.789795e+02	1.240142e+02	3.774435e+02	
9.409594e+01	399	5.498073e+01	399	
4.709264e+02	4.326083e+02	4.449546e+02	4.293733e+02	
4.399179e+01	3.099763e+01	3.003301e+01	2.953050e+01	
3.230342e+02	2.727331e+02	2.929816e+02	2.691495e+02	
4.090168e+02	2.828201e+02	3.870278e+02	2.807028e+02	
1.079870e+02	2.950925e+02	9.102238e+01	2.936083e+02	
3.069592e+02	3.115238e+02	2.940099e+02	3.100026e+02	
3.179870e+02	3.170925e+02	3.010224e+02	3.156083e+02	
3.419827e+02	3.201018e+02	3.270317e+02	3.185304e+02	
5.910258e+02	384	5.620086e+02	384	
5.297484e+01	3.956276e+02	2.600964e+01	3.939311e+02	
3.439642e+02	4.013938e+02	3.209915e+02	3.991008e+02	
5.989979e+02	4.189951e+02	5.611013e+02	4.132638e+02	
6.390357e+02	440	6.049769e+02	440	
4.730440e+02	453	4.560146e+02	453	
4.769864e+02	4.761022e+02	4.599629e+02	4.743129e+02	
2.796860e+01	2.212646e+02	2.002474e+00	2.179844e+02	
3.160208e+02	2.698550e+02	2.950192e+02	2.668660e+02	
3.689714e+02	2.782351e+02	3.429520e+02	2.754084e+02	
5.509591e+02	3.004931e+02	5.390098e+02	2.990048e+02	
3.659799e+02	3.141185e+02	3.519462e+02	3.123705e+02	
3.799704e+02	3.291948e+02	3.629378e+02	3.274947e+02	
4.580772e+02	346	4.490218e+02	346	
4.749769e+02	3.471955e+02	4.590249e+02	3.456032e+02	
3.110983e+02	357	2.999180e+02	357	
5.879905e+02	3.730084e+02	5.750334e+02	3.715551e+02	
3.810582e+02	373	3.700129e+02	373	
5.230700e+02	3.853715e+02	4.909537e+02	3.824487e+02	
1.629997e+02	3.939936e+02	1.420321e+02	3.916787e+02	
1.539821e+02	3.971020e+02	1.400312e+02	3.955618e+02	
7.196878e+01	3.974382e+02	5.801788e+01	3.958980e+02	
7.403939e+01	405	5.501309e+01	405	
4.729836e+02	409	4.629337e+02	409	
5.130498e+02	413	4.980165e+02	413	
6.150498e+02	429	6.000165e+02	429	
2.859688e+02	4.494382e+02	2.720179e+02	4.478980e+02	
2.897135e+01	2.322512e+02	2.001952e+00	2.289876e+02	
1.298949e+01	2.539993e+02	2.041159e+00	2.525385e+02	
1.895527e+01	2.663646e+02	1.969279e+00	2.642488e+02	
1.398996e+01	2.710124e+02	2.033074e+00	2.695866e+02	
4.419720e+02	2.852058e+02	4.249486e+02	2.834165e+02	
4.460015e+02	2.879875e+02	4.230158e+02	2.848797e+02	
5.709877e+02	2.889928e+02	5.610534e+02	2.874726e+02	
4.749600e+02	2.913462e+02	4.569730e+02	2.892332e+02	
1.219751e+02	3.022061e+02	1.070242e+02	3.006347e+02	
2.198996e+01	3.290124e+02	1.003307e+01	3.275866e+02	
9.508601e+01	358	8.702376e+01	358	
4.069945e+02	3.720008e+02	3.841510e+02	3.671869e+02	
3.441703e+02	3.752650e+02	3.131795e+02	3.682241e+02	
1.939761e+02	3.771515e+02	1.740239e+02	3.738485e+02	
4.569691e+02	3.754075e+02	4.440197e+02	3.738863e+02	
3.900045e+01	3.849947e+02	2.502104e+01	3.828556e+02	
4.559877e+02	3.879928e+02	4.460534e+02	3.864726e+02	
2.320414e+02	3.897156e+02	2.110398e+02	3.867266e+02	
5.209826e+02	397	5.119272e+02	397	
5.858273e+02	4.278169e+02	5.139970e+02	4.120240e+02	
1.849969e+02	4.530126e+02	1.659582e+02	4.502691e+02	
5.690259e+02	4.756860e+02	5.430331e+02	4.735946e+02	
3.150971e+02	248	3.080260e+02	248	
3.609815e+02	2.571196e+02	3.480244e+02	2.556662e+02	
4.699702e+02	2.723700e+02	4.580209e+02	2.708816e+02	
2.620000e+02	3.640052e+02	2.560000e+02	3.639948e+02	
1.980627e+02	3.946799e+02	1.880045e+02	3.929967e+02	
3.340593e+02	4.036083e+02	3.200414e+02	4.017380e+02	
3.459028e+02	4.214438e+02	3.051839e+02	4.121180e+02	
5.112886e+02	4.178837e+02	4.840199e+02	4.166931e+02	
5.409131e+02	4.195289e+02	5.279721e+02	4.171771e+02	
5.749756e+02	4.321584e+02	5.480244e+02	4.278416e+02	
6.259740e+02	434	6.189029e+02	434	
5.600636e+02	4.364454e+02	5.310849e+02	4.332462e+02	
4.139698e+02	4.381745e+02	3.789462e+02	4.323135e+02	
4.040000e+02	4.450044e+02	3.990000e+02	4.449956e+02	
1.321653e+02	4.682870e+02	1.180964e+02	4.656287e+02	
6.130971e+02	476	6.060260e+02	476	
4.519886e+02	9.004494e+00	4.430398e+02	7.619148e+00	
3.150211e+02	2.069291e+02	2.950635e+02	2.007893e+02	
3.651030e+02	2.164872e+02	3.450420e+02	2.128053e+02	
3.149460e+02	2.284445e+02	3.070136e+02	2.270030e+02	
3.139714e+02	230	3.078886e+02	230	
2.701114e+02	233	2.640286e+02	233	
6.049864e+02	2.529970e+02	5.970540e+02	2.515555e+02	
2.797135e+01	255	2.188859e+01	255	
1.809042e+01	319	1.101935e+01	319	
5.439741e+02	3.286127e+02	5.190063e+02	3.269981e+02	
4.149714e+02	332	4.088886e+02	332	
3.481440e+02	3.744919e+02	3.231511e+02	3.674667e+02	
3.571114e+02	370	3.510286e+02	370	
1.169864e+02	3.809970e+02	1.090540e+02	3.795555e+02	
3.429983e+02	3.839992e+02	3.300573e+02	3.816474e+02	
2.917659e+02	4.028992e+02	2.432000e+02	3.892479e+02	
3.609905e+02	4.049896e+02	3.513517e+02	4.001839e+02	
5.189577e+02	4.032099e+02	5.080423e+02	4.007901e+02	
75	406	75	406	
3.579940e+02	4.180280e+02	2.850792e+02	4.035905e+02	
3.640147e+02	4.159353e+02	3.399297e+02	4.102862e+02	
6.389967e+02	4.219898e+02	6.072131e+02	4.140652e+02	
2.829987e+02	4.259973e+02	2.749480e+02	4.242125e+02	
1.320372e+02	4.578401e+02	1.002214e+02	4.491363e+02	
1.849995e+02	4.579891e+02	1.501633e+02	4.493035e+02	
3.469619e+02	4.571900e+02	3.219610e+02	4.521943e+02	
3.311114e+02	473	3.250286e+02	473	
2.629806e+02	479	2.559096e+02	479	
4.799865e+02	9.599639e+01	4.730525e+02	9.461085e+01	
3.409811e+02	1.169926e+02	3.350790e+02	1.155210e+02	
3.200006e+02	1.209982e+02	3.139994e+02	1.190018e+02	
3.660998e+02	1.357140e+02	3.439002e+02	1.282860e+02	
3.149548e+02	1.621899e+02	3.070488e+02	1.606101e+02	
493	162	493	162	
2.431306e+02	176	2.380316e+02	176	
3.130927e+02	186	3.050304e+02	186	
3.679997e+02	1.939991e+02	3.450474e+02	1.887844e+02	
2.459571e+02	2.062098e+02	2.340800e+02	2.035767e+02	
3.979210e+02	2.094790e+02	3.920189e+02	2.080074e+02	
4.319210e+02	2.124790e+02	4.260189e+02	2.110074e+02	
4.720013e+02	2.199949e+02	4.559987e+02	2.160051e+02	
4.059781e+02	2.261012e+02	3.870219e+02	2.218988e+02	
5.000415e+02	2.267952e+02	4.850843e+02	2.235886e+02	
4.409664e+02	2.341160e+02	4.248711e+02	2.305183e+02	
5.249571e+02	2.332098e+02	5.130800e+02	2.305767e+02	
4.379487e+02	2.382197e+02	4.249490e+02	2.352185e+02	
5.479984e+02	2.390079e+02	5.380016e+02	2.369921e+02	
4.719648e+02	2.401919e+02	4.600352e+02	2.378081e+02	
5.689984e+02	2.440079e+02	5.590016e+02	2.419921e+02	
4.999498e+02	2.462043e+02	4.869046e+02	2.434076e+02	
5.879994e+02	2.489972e+02	5.790537e+02	2.467667e+02	
2.696636e+01	2.511658e+02	1.803516e+01	2.496712e+02	
3.599664e+02	2.551658e+02	3.510352e+02	2.536712e+02	
5.469548e+02	2.561899e+02	5.390488e+02	2.546101e+02	
6.209865e+02	2.569964e+02	6.140525e+02	2.556108e+02	
6.040006e+02	2.589975e+02	5.959994e+02	2.570025e+02	
6.359811e+02	2.609926e+02	6.300790e+02	2.595210e+02	
5.869811e+02	2.649926e+02	5.810790e+02	2.635210e+02	
4.339865e+02	2.689964e+02	4.270525e+02	2.676108e+02	
4.359811e+02	2.779926e+02	4.300790e+02	2.765210e+02	
2.789475e+02	2.923892e+02	2.720135e+02	2.910036e+02	
238	330	238	330	
5.329475e+02	3.383892e+02	5.260135e+02	3.370036e+02	
2.129811e+02	3.539926e+02	2.070790e+02	3.525210e+02	
2.661571e+02	3.604310e+02	2.580708e+02	3.588152e+02	
4.009548e+02	3.601899e+02	3.930488e+02	3.586101e+02	
4.079984e+02	3.750079e+02	3.980016e+02	3.729921e+02	
2.999995e+02	3.779990e+02	2.890359e+02	3.758082e+02	
4.729976e+02	3.869971e+02	4.620823e+02	3.845772e+02	
3.529979e+02	3.899954e+02	3.391054e+02	3.865317e+02	
4.878097e+02	4.063838e+02	4.565510e+02	3.907988e+02	
3.569014e+02	3.934714e+02	3.460531e+02	3.907666e+02	
509	396	509	396	
1.749956e+02	4.020004e+02	1.532063e+02	3.943699e+02	
2.639927e+02	4.040076e+02	2.498711e+02	4.004605e+02	
6.009976e+02	4.089971e+02	5.900823e+02	4.065772e+02	
1.410826e+02	410	1.320272e+02	410	
4.268082e+02	4.277160e+02	3.929164e+02	4.183169e+02	
4.989475e+02	4.203892e+02	4.920135e+02	4.190036e+02	
3.819648e+02	4.231919e+02	3.700352e+02	4.208081e+02	
5.508834e+02	4.304768e+02	5.130591e+02	4.207652e+02	
6.380005e+02	4.239948e+02	6.210550e+02	4.197698e+02	
4.319780e+02	4.340818e+02	3.909554e+02	4.231665e+02	
5.109811e+02	4.259926e+02	5.050790e+02	4.245210e+02	
3.779434e+02	4.302385e+02	3.648913e+02	4.286128e+02	
4.998921e+02	4.334637e+02	4.730551e+02	4.267725e+02	
6.138772e+02	4.374640e+02	6.018753e+02	4.344716e+02	
1.229664e+02	4.431658e+02	1.140352e+02	4.416712e+02	
4.411154e+02	4.466504e+02	4.238846e+02	4.413496e+02	
5.789475e+02	4.463892e+02	5.720135e+02	4.450036e+02	
1.129475e+02	4.543892e+02	1.060135e+02	4.530036e+02	
1.611247e+02	4.575284e+02	1.491228e+02	4.545360e+02	
1.579976e+02	4.589971e+02	1.470823e+02	4.565772e+02	
3.567333e+02	4.579042e+02	3.390069e+02	4.520074e+02	
4.729548e+02	4.601899e+02	4.650488e+02	4.586101e+02	
3.801528e+02	4.664848e+02	3.530835e+02	4.587228e+02	
3.800341e+02	4.688808e+02	3.520417e+02	4.608541e+02	
4.060560e+02	4.667619e+02	3.971103e+02	4.645315e+02	
1.687416e+02	4.798751e+02	1.370913e+02	4.697133e+02	
4.099052e+02	3.217555e+01	3.505111e+02	9.929934e-01	
2.470844e+02	3.874106e+01	2.410048e+02	3.699778e+01	
2.739653e+02	62	2.698422e+02	62	
3.112361e+02	116	3.067639e+02	116	
3.061028e+02	1.216985e+02	2.971010e+02	1.187040e+02	
3.139856e+02	1.590026e+02	3.080493e+02	1.576757e+02	
3.589507e+02	1.683243e+02	3.530144e+02	1.669974e+02	
3.229408e+02	1.832346e+02	2.949984e+02	1.760082e+02	
4.970884e+02	1.807763e+02	4.849116e+02	1.762237e+02	
3.569996e+02	1.889975e+02	3.470433e+02	1.867903e+02	
5.649205e+02	1.892676e+02	5.579224e+02	1.872609e+02	
3.050472e+02	2.097929e+02	2.960497e+02	2.077817e+02	
4.379567e+02	2.092097e+02	4.280004e+02	2.070025e+02	
4.409449e+02	2.122327e+02	4.239491e+02	2.082150e+02	
4.709856e+02	2.220026e+02	4.650493e+02	2.206757e+02	
3.019507e+02	2.263243e+02	2.960144e+02	2.249974e+02	
3.019507e+02	2.283243e+02	2.960144e+02	2.269974e+02	
3.020844e+02	2.477411e+02	2.960048e+02	2.459978e+02	
5.229503e+02	2.512183e+02	5.139528e+02	2.492071e+02	
5.679991e+02	2.609967e+02	5.600683e+02	2.587376e+02	
3.139507e+02	2.823243e+02	3.080144e+02	2.809974e+02	
5.998557e+01	3.070026e+02	5.404930e+01	3.056757e+02	
4.830333e+02	315	4.630083e+02	315	
3.069344e+02	3.762603e+02	2.940656e+02	3.727397e+02	
3.020775e+02	3.817312e+02	2.880743e+02	3.777423e+02	
3.849223e+02	3.832768e+02	3.740015e+02	3.800004e+02	
6.129483e+02	3.872079e+02	6.060449e+02	3.856774e+02	
5.569991e+02	3.910004e+02	5.430483e+02	3.877796e+02	
4.589986e+02	4.050021e+02	4.350014e+02	3.889979e+02	
3.029398e+02	4.122060e+02	2.948891e+02	4.104212e+02	
2.962860e+02	4.305845e+02	2.643597e+02	4.084777e+02	
4.878321e+02	4.157340e+02	4.677973e+02	4.119121e+02	
4.759973e+02	4.180028e+02	4.680705e+02	4.157299e+02	
3.789483e+02	4.202079e+02	3.720449e+02	4.186774e+02	
6.178680e+02	4.263470e+02	6.002513e+02	4.193008e+02	
1.718957e+02	4.213111e+02	1.539026e+02	4.152906e+02	
4.019976e+02	4.230041e+02	3.930559e+02	4.207581e+02	
1.579340e+02	4.471857e+02	8.017575e+01	4.194973e+02	
1.000597e+02	4.237685e+02	9.206192e+01	4.217596e+02	
3.199507e+02	4.223243e+02	3.140144e+02	4.209974e+02	
3.638948e+02	4.273112e+02	3.472015e+02	4.213670e+02	
4.129393e+02	4.312402e+02	3.889995e+02	4.250043e+02	
5.331492e+02	4.304961e+02	5.160819e+02	4.257308e+02	
1.439978e+02	4.369925e+02	1.252042e+02	4.303743e+02	
4.449953e+02	4.360079e+02	4.308975e+02	4.312908e+02	
5.509856e+02	4.330026e+02	5.450493e+02	4.316757e+02	
4.399976e+02	4.390083e+02	4.160024e+02	4.319917e+02	
4.949988e+02	4.370029e+02	4.780012e+02	4.299971e+02	
4.269653e+02	438	4.228422e+02	438	
2.319227e+02	4.402598e+02	2.249211e+02	4.382654e+02	
1.621075e+02	4.426990e+02	1.510012e+02	4.390045e+02	
1.559483e+02	4.482079e+02	1.490449e+02	4.466774e+02	
3.882034e+02	4.664550e+02	3.320381e+02	4.459014e+02	
4.799856e+02	4.530026e+02	4.740493e+02	4.516757e+02	
6.389229e+02	4.554053e+02	6.340189e+02	4.540084e+02	
2.709017e+02	4.723586e+02	2.379565e+02	4.631602e+02	
3.840027e+02	4.789903e+02	3.408911e+02	4.643140e+02	
2.680784e+02	4.747017e+02	2.312915e+02	4.639444e+02	
6.001212e+02	4.762572e+02	5.731478e+02	4.720815e+02	
5.829123e+02	4.793015e+02	5.750877e+02	4.766985e+02	
3.578119e+02	2.139346e+01	3.409976e+02	1.301016e+01	
3.278009e+02	3.741173e+01	2.981991e+02	2.258827e+01	
3.209542e+02	3.909973e+01	2.988774e+02	2.927049e+01	
3.150820e+02	4.282094e+01	2.979180e+02	3.517906e+01	
3.558839e+02	3.933573e+01	3.470036e+02	3.599787e+01	
4.649369e+02	6.112048e+01	4.170631e+02	3.587952e+01	
3.651556e+02	5.863839e+01	3.441558e+02	4.963787e+01	
3.049989e+02	5.500341e+01	2.990011e+02	5.299659e+01	
3.578828e+02	6.127160e+01	3.439573e+02	5.510066e+01	
3.151338e+02	7.467124e+01	2.980049e+02	6.799294e+01	
3.170802e+02	7.779365e+01	2.990498e+02	7.087241e+01	
4.049957e+02	7.800986e+01	3.890043e+02	7.099014e+01	
4.057962e+02	7.540558e+01	3.878017e+02	6.639460e+01	
2.469098e+02	8.430062e+01	2.400019e+02	8.200266e+01	
3.228881e+02	9.732000e+01	2.970010e+02	8.800008e+01	
3.221243e+02	9.967515e+01	3.011306e+02	9.165846e+01	
3.668852e+02	1.133259e+02	3.440022e+02	1.049971e+02	
5.228906e+02	1.713260e+02	5.101094e+02	1.666740e+02	
4.629123e+02	1.733015e+02	4.550877e+02	1.706985e+02	
5.440009e+02	1.789973e+02	5.349991e+02	1.760027e+02	
5.658896e+02	1.873281e+02	5.561104e+02	1.836719e+02	
5.220028e+02	1.899943e+02	5.119972e+02	1.850057e+02	
3.941056e+02	189	3.870345e+02	189	
5.839981e+02	1.939973e+02	5.770902e+02	1.916994e+02	
5.441076e+02	1.967071e+02	5.360052e+02	1.939960e+02	
5.828760e+02	1.963503e+02	5.770037e+02	1.940016e+02	
6.019988e+02	2.010031e+02	5.940012e+02	1.979969e+02	
5.649988e+02	2.040031e+02	5.570012e+02	2.009969e+02	
6.008185e+02	2.034039e+02	5.940029e+02	2.000057e+02	
5.839981e+02	2.099973e+02	5.770902e+02	2.076994e+02	
6.169872e+02	2.210015e+02	6.120418e+02	2.197593e+02	
4.010000e+02	2.309960e+02	3.880547e+02	2.277683e+02	
1.099636e+01	3.620021e+02	2.116117e+00	3.586643e+02	
1.621666e+02	3.677031e+02	1.533416e+02	3.624005e+02	
4.199993e+02	3.779946e+02	4.081604e+02	3.726242e+02	
4.129950e+02	3.810042e+02	4.011655e+02	3.756132e+02	
3.429973e+02	3.779926e+02	3.201593e+02	3.722984e+02	
4.141536e+02	3.977731e+02	3.818464e+02	3.762269e+02	
1.830627e+02	3.898738e+02	1.658252e+02	3.908073e+02	
4.757459e+02	4.074447e+02	4.444924e+02	3.891084e+02	
5.626961e+02	4.055793e+02	5.333039e+02	3.894207e+02	
5.639953e+02	4.000045e+02	5.451968e+02	3.905909e+02	
5.068839e+02	4.102081e+02	4.851161e+02	3.977919e+02	
5.907691e+02	4.044290e+02	5.610033e+02	3.879974e+02	
2.712013e+02	4.196115e+02	2.427987e+02	4.053885e+02	
4.971599e+02	4.116400e+02	4.901600e+02	4.086399e+02	
5.054155e+02	4.130437e+02	4.730937e+02	3.938524e+02	
1.360873e+02	4.136933e+02	1.252684e+02	4.100944e+02	
4.509947e+02	4.370093e+02	4.281438e+02	4.276374e+02	
5.972013e+02	4.326039e+02	5.872044e+02	4.275978e+02	
4.569984e+02	4.359991e+02	4.411324e+02	4.296532e+02	
4.920553e+02	4.378531e+02	4.742251e+02	4.304311e+02	
9.700005e+01	4.349999e+02	8.699995e+01	4.310001e+02	
1.620862e+02	4.467755e+02	1.490399e+02	4.418977e+02	
1.468114e+02	4.534094e+02	1.380050e+02	4.489995e+02	
1.309977e+02	4.660061e+02	1.150023e+02	4.599939e+02	
2.279964e+02	4.660021e+02	2.191161e+02	4.626643e+02	
1.301310e+02	4.746663e+02	1.071356e+02	4.656545e+02	
2.247664e+02	4.674299e+02	2.099997e+02	4.590071e+02	
2.499710e+02	4.790668e+02	2.271694e+02	4.695754e+02	
3.889989e+02	4.789968e+02	3.731710e+02	4.716161e+02	
2.300807e+02	4.787838e+02	2.077873e+02	4.705372e+02	
2.178959e+02	4.782960e+02	2.118947e+02	4.762997e+02	
4.099146e+02	2.916322e+01	3.580854e+02	1.836782e+00	
4.101051e+02	2.580301e+01	3.651166e+02	1.781407e+00	
4.738961e+02	6.019608e+01	4.151039e+02	2.880392e+01	
4.259984e+02	3.799353e+01	4.162199e+02	3.257319e+01	
4.678303e+02	6.032145e+01	4.299502e+02	4.009534e+01	
4.320024e+02	5.999571e+01	4.229976e+02	5.500429e+01	
6.291488e+02	1.497342e+02	6.040882e+02	1.358429e+02	
6.310894e+02	1.468374e+02	6.111452e+02	1.357366e+02	
1.899817e+01	3.640037e+02	7.001831e+00	3.579963e+02	
4.566095e+02	4.114815e+02	4.209905e+02	3.820149e+02	
5.430904e+02	4.038822e+02	5.252938e+02	3.896245e+02	
5.530898e+02	4.088852e+02	5.293010e+02	3.896215e+02	
5.797951e+02	4.034049e+02	5.579974e+02	3.920094e+02	
4.609947e+02	4.110062e+02	4.410053e+02	3.939938e+02	
5.550954e+02	4.068833e+02	5.429046e+02	3.971167e+02	
2.820020e+02	4.139905e+02	2.652275e+02	4.045771e+02	
3.130016e+02	4.279920e+02	2.944266e+02	4.115004e+02	
2.309988e+02	4.190024e+02	2.230012e+02	4.149976e+02	
3.157432e+02	4.402938e+02	2.906733e+02	4.181918e+02	
3.290173e+02	4.439761e+02	2.813725e+02	4.055316e+02	
9.721099e+01	4.386102e+02	8.478901e+01	4.323898e+02	
2.509987e+02	4.770029e+02	2.420013e+02	4.729971e+02	
2.812170e+02	4.766110e+02	2.740081e+02	4.730010e+02	
2.547726e+02	4.774371e+02	2.470033e+02	4.730055e+02	
7.099996e+01	4.020401e+02	2.500004e+01	4.019599e+02	
4.840000e+02	3.600332e+02	4.460000e+02	3.599668e+02	
2.489988e+02	3.989732e+02	1.960076e+02	4.011942e+02	
3.300000e+02	3.630244e+02	3.020000e+02	3.629756e+02	
5.169948e+02	387	4.839796e+02	387	
5.860203e+02	410	5.540047e+02	410	
1.830000e+02	3.510183e+02	1.620000e+02	3.509817e+02	
4.830000e+02	3.750183e+02	4.620000e+02	3.749817e+02	
2.350000e+02	3.800166e+02	2.160000e+02	3.799834e+02	
4.599999e+01	3.810166e+02	2.700001e+01	3.809834e+02	
4.469946e+02	4.139234e+02	4.030054e+02	4.170766e+02	
6.390236e+02	3.163777e+02	5.740221e+02	3.203534e+02	
113	361	113	361	
3.650000e+02	3.720061e+02	3.580000e+02	3.719939e+02	
2.340000e+02	3.820157e+02	2.160000e+02	3.819843e+02	
2.840000e+02	3.560148e+02	2.670000e+02	3.559852e+02	
1.120000e+02	3.740148e+02	9.500001e+01	3.739852e+02	
1.209829e+02	3.775257e+02	9.300870e+01	3.790897e+02	
6.280000e+02	3.800148e+02	6.110000e+02	3.799852e+02	
4.130277e+02	413	3.860092e+02	413	
5.940191e+02	4.494852e+02	5.370154e+02	4.513762e+02	
3.000000e+02	3.590140e+02	2.840000e+02	3.589860e+02	
8.999999e+01	3.640140e+02	7.400001e+01	3.639860e+02	
2.840406e+02	364	2.629456e+02	364	
2.680000e+02	3.680140e+02	2.520000e+02	3.679860e+02	
5.579941e+02	381	5.279774e+02	381	
5.810000e+02	3.820140e+02	5.650000e+02	3.819860e+02	
6.390126e+02	3.142658e+02	5.940219e+02	3.164662e+02	
1.530344e+02	365	1.229678e+02	365	
4.210000e+02	3.680131e+02	4.060000e+02	3.679869e+02	
5.899999e+01	3.740131e+02	4.400001e+01	3.739869e+02	
2.860000e+02	3.290122e+02	2.720000e+02	3.289878e+02	
1.580000e+02	3.720122e+02	1.440000e+02	3.719878e+02	
8.399999e+01	3.740122e+02	7.000001e+01	3.739878e+02	
3.770000e+02	3.780122e+02	3.630000e+02	3.779878e+02	
4.140000e+02	3.840122e+02	4.000000e+02	3.839878e+02	
1.799879e+02	386	1.639567e+02	386	
6.350000e+02	4.270122e+02	6.210000e+02	4.269878e+02	
3.020000e+02	4.450122e+02	2.880000e+02	4.449878e+02	
3.210000e+02	4.660122e+02	3.070000e+02	4.659878e+02	
6.389864e+02	2.908884e+02	5.729989e+02	2.989906e+02	
9.399999e+01	3.880113e+02	8.100001e+01	3.879887e+02	
3.230000e+02	3.190105e+02	3.110000e+02	3.189895e+02	
8.299999e+01	3.230105e+02	7.100001e+01	3.229895e+02	
6.389890e+02	3.399236e+02	6.190230e+02	3.414599e+02	
3.470000e+02	3.420105e+02	3.350000e+02	3.419895e+02	
9.705474e+01	362	8.401633e+01	362	
4.570000e+02	3.630105e+02	4.450000e+02	3.629895e+02	
4.690000e+02	3.730105e+02	4.570000e+02	3.729895e+02	
4.299999e+01	3.750105e+02	3.100001e+01	3.749895e+02	
2.420362e+02	393	2.099738e+02	393	
4.099999e+01	4.000105e+02	2.900001e+01	3.999895e+02	
4.180547e+02	419	4.050163e+02	419	
4.070547e+02	441	3.940163e+02	441	
4.940000e+02	4.520105e+02	4.820000e+02	4.519895e+02	
6.389773e+02	2.727334e+02	6.149857e+02	2.748324e+02	
6.389673e+02	2.946948e+02	5.729979e+02	3.019779e+02	
1.849896e+02	3.068975e+02	1.650000e+02	3.089985e+02	
1.299999e+01	3.660096e+02	2.000008e+00	3.659904e+02	
1.299999e+01	3.690096e+02	2.000008e+00	3.689904e+02	
5.490000e+02	3.830096e+02	5.380000e+02	3.829904e+02	
6.050000e+02	3.920096e+02	5.940000e+02	3.919904e+02	
1.760000e+02	4.060096e+02	1.650000e+02	4.059904e+02	
3.297383e+01	4.165307e+02	1.501196e+01	4.180706e+02	
3.390641e+02	231	3.280187e+02	231	
6.390482e+02	2.984184e+02	6.050013e+02	3.019968e+02	
9.597197e+01	2.986986e+02	5.200139e+01	3.030099e+02	
1.849929e+02	3.039996e+02	1.690276e+02	3.054525e+02	
2.099999e+01	3.120087e+02	1.100001e+01	3.119913e+02	
4.860000e+02	3.460087e+02	4.760000e+02	3.459913e+02	
4.599999e+01	3.490087e+02	3.600001e+01	3.489913e+02	
4.403939e+01	372	2.501309e+01	372	
3.650000e+02	3.750087e+02	3.550000e+02	3.749913e+02	
5.798130e+01	376	4.693594e+01	376	
1.800000e+02	3.790087e+02	1.700000e+02	3.789913e+02	
1.199999e+01	3.800087e+02	2.000008e+00	3.799913e+02	
5.230000e+02	3.820087e+02	5.130000e+02	3.819913e+02	
2.080000e+02	3.870087e+02	1.980000e+02	3.869913e+02	
5.359724e+02	4.025475e+02	5.200071e+02	4.040004e+02	
1.779600e+02	4.074524e+02	1.640091e+02	4.089926e+02	
5.280498e+02	408	5.130165e+02	408	
1.878784e+02	4.251755e+02	1.590054e+02	4.300072e+02	
2.590166e+02	4.511260e+02	2.439999e+02	4.529965e+02	
2.910000e+02	4.720087e+02	2.810000e+02	4.719913e+02	
1.499999e+01	2.490079e+02	6.000007e+00	2.489921e+02	
3.130000e+02	2.500079e+02	3.040000e+02	2.499921e+02	
3.000000e+02	3.170052e+02	2.940000e+02	3.169948e+02	
3.120000e+02	3.320079e+02	3.030000e+02	3.319921e+02	
4.630700e+02	340	4.530201e+02	340	
4.950326e+02	340	4.720108e+02	340	
3.270000e+02	3.420079e+02	3.180000e+02	3.419921e+02	
2.130000e+02	3.450079e+02	2.040000e+02	3.449921e+02	
4.020000e+02	3.560079e+02	3.930000e+02	3.559921e+02	
3.040000e+02	3.610079e+02	2.950000e+02	3.609921e+02	
5.210000e+02	3.610079e+02	5.120000e+02	3.609921e+02	
3.280000e+02	3.790079e+02	3.190000e+02	3.789921e+02	
6.390000e+02	3.810079e+02	6.300000e+02	3.809921e+02	
1.099999e+01	3.860079e+02	2.000007e+00	3.859921e+02	
5.469670e+02	3.855305e+02	5.330082e+02	3.869976e+02	
6.040000e+02	3.940079e+02	5.950000e+02	3.939921e+02	
3.500000e+02	4.000044e+02	3.450000e+02	3.999956e+02	
2.069683e+02	4.025304e+02	1.920173e+02	4.041018e+02	
5.690000e+02	4.280079e+02	5.600000e+02	4.279921e+02	
2.429672e+02	4.516820e+02	2.129997e+02	4.549904e+02	
3.510000e+02	4.620079e+02	3.420000e+02	4.619921e+02	
6.350000e+02	2.710070e+02	6.270000e+02	2.709930e+02	
6.240000e+02	2.720070e+02	6.160000e+02	2.719930e+02	
2.650000e+02	2.760070e+02	2.570000e+02	2.759930e+02	
8.596505e+01	3.026790e+02	6.697546e+01	3.047755e+02	
8.499999e+01	3.080070e+02	7.700001e+01	3.079930e+02	
3.210678e+02	309	3.100224e+02	309	
1.899999e+01	3.140070e+02	1.100001e+01	3.139930e+02	
2.909833e+02	3.188811e+02	2.759666e+02	3.207515e+02	
3.990000e+02	3.300070e+02	3.910000e+02	3.299930e+02	
3.510000e+02	3.450070e+02	3.430000e+02	3.449930e+02	
4.040000e+02	3.670070e+02	3.960000e+02	3.669930e+02	
5.740416e+02	369	5.560138e+02	369	
6.098715e+01	370	4.994179e+01	370	
3.280000e+02	3.760070e+02	3.200000e+02	3.759930e+02	
6.290000e+02	3.870070e+02	6.210000e+02	3.869930e+02	
6.219847e+02	4.079036e+02	6.070258e+02	4.093967e+02	
6.290000e+02	4.150070e+02	6.210000e+02	4.149930e+02	
5.830393e+02	4.343333e+02	5.650379e+02	4.363206e+02	
6.260000e+02	4.370070e+02	6.180000e+02	4.369930e+02	
4.700000e+02	4.410070e+02	4.620000e+02	4.409930e+02	
4.760000e+02	4.430070e+02	4.680000e+02	4.429930e+02	
2.710000e+02	4.490070e+02	2.630000e+02	4.489930e+02	
2.720000e+02	4.510070e+02	2.640000e+02	4.509930e+02	
5.649782e+02	461	5.559228e+02	461	
1.399999e+01	2.470061e+02	7.000005e+00	2.469939e+02	
2.899999e+01	2.600061e+02	2.200001e+01	2.599939e+02	
1.429515e+02	2.736055e+02	1.259846e+02	2.758693e+02	
3.530000e+02	2.740061e+02	3.460000e+02	2.739939e+02	
1.039762e+02	276	9.591399e+01	276	
7.999906e+01	2.829939e+02	6.700094e+01	2.850061e+02	
5.890000e+02	2.910061e+02	5.820000e+02	2.909939e+02	
8.904828e+01	2.934182e+02	2.804265e+01	3.003690e+02	
1.260000e+02	2.970061e+02	1.190000e+02	2.969939e+02	
4.799999e+01	3.020061e+02	4.100001e+01	3.019939e+02	
4.799999e+01	3.170061e+02	4.100001e+01	3.169939e+02	
8.499999e+01	3.260061e+02	7.800001e+01	3.259939e+02	
2.098949e+01	3.320007e+02	1.004116e+01	3.334615e+02	
2.130000e+02	3.560061e+02	2.060000e+02	3.559939e+02	
1.700000e+02	3.570061e+02	1.630000e+02	3.569939e+02	
2.990000e+02	3.570061e+02	2.920000e+02	3.569939e+02	
1.159746e+02	3.648487e+02	9.797136e+01	3.678291e+02	
2.999999e+01	3.700061e+02	2.300001e+01	3.699939e+02	
8.999995e+00	3.820061e+02	2.000005e+00	3.819939e+02	
4.430000e+02	3.850061e+02	4.360000e+02	3.849939e+02	
3.070073e+02	3.840893e+02	2.830233e+02	3.862720e+02	
6.899999e+01	3.880061e+02	6.200001e+01	3.879939e+02	
1.409462e+02	3.925123e+02	1.320124e+02	3.939912e+02	
5.719609e+02	4.057899e+02	5.569195e+02	4.074505e+02	
6.210000e+02	4.120061e+02	6.140000e+02	4.119939e+02	
4.360965e+02	4.116789e+02	4.140401e+02	4.142309e+02	
2.770129e+02	4.441247e+02	2.139152e+02	4.513138e+02	
6.320300e+02	450	6.070100e+02	450	
5.829254e+02	4.695044e+02	5.620031e+02	4.730056e+02	
3.580000e+02	1.300524e+01	3.520000e+02	1.299476e+01	
6.010000e+02	3.500524e+01	5.950000e+02	3.499476e+01	
6.030000e+02	7.900524e+01	5.970000e+02	7.899476e+01	
1.880419e+02	2.031923e+02	1.790011e+02	2.049989e+02	
1.869566e+02	2.646917e+02	1.650026e+02	2.680120e+02	
4.320000e+02	2.660052e+02	4.260000e+02	2.659948e+02	
1.869980e+02	2.669872e+02	1.650214e+02	2.701541e+02	
3.070000e+02	2.730052e+02	3.010000e+02	2.729948e+02	
3.150000e+02	2.740052e+02	3.090000e+02	2.739948e+02	
3.610000e+02	2.750052e+02	3.550000e+02	2.749948e+02	
4.970000e+02	2.760052e+02	4.910000e+02	2.759948e+02	
1.089641e+02	2.787242e+02	9.300043e+01	2.809962e+02	
4.000000e+02	2.840052e+02	3.940000e+02	2.839948e+02	
5.106270e+01	2.873201e+02	4.100452e+01	2.890033e+02	
4.320000e+02	2.880052e+02	4.260000e+02	2.879948e+02	
4.660000e+02	2.920052e+02	4.600000e+02	2.919948e+02	
1.160000e+02	2.960052e+02	1.100000e+02	2.959948e+02	
4.830000e+02	3.090052e+02	4.770000e+02	3.089948e+02	
1.700000e+01	3.360052e+02	1.100000e+01	3.359948e+02	
2.480000e+02	3.430052e+02	2.420000e+02	3.429948e+02	
8.400000e+01	3.490052e+02	7.800000e+01	3.489948e+02	
8.400000e+01	3.510052e+02	7.800000e+01	3.509948e+02	
5.700000e+02	3.550052e+02	5.640000e+02	3.549948e+02	
2.120000e+02	3.660052e+02	2.060000e+02	3.659948e+02	
7.597398e+01	369	6.890291e+01	369	
6.349876e+02	3.840088e+02	6.260538e+02	3.854877e+02	
3.340000e+02	3.860052e+02	3.280000e+02	3.859948e+02	
2.399740e+02	396	2.329029e+02	396	
2.049816e+02	409	1.969194e+02	409	
4.950000e+02	4.140052e+02	4.890000e+02	4.139948e+02	
1.699737e+02	4.228330e+02	1.570011e+02	4.250039e+02	
5.700000e+02	4.340052e+02	5.640000e+02	4.339948e+02	
6.340000e+02	4.370052e+02	6.280000e+02	4.369948e+02	
3.979489e+02	4.437392e+02	3.849115e+02	4.454788e+02	
4.590000e+02	4.440052e+02	4.530000e+02	4.439948e+02	
5.189833e+02	4.608681e+02	5.010316e+02	4.632634e+02	
4.290000e+02	3.004363e+00	4.240000e+02	2.995637e+00	
3.800000e+01	9.004363e+00	3.300000e+01	8.995637e+00	
5.240000e+02	7.100436e+01	5.190000e+02	7.099564e+01	
5.050904e+02	105	4.980194e+02	105	
6.029608e+02	1.348208e+02	5.581231e+02	1.445970e+02	
5.139640e+02	1.498087e+02	4.970360e+02	1.531913e+02	
4.919096e+02	1.605937e+02	4.621361e+02	1.676319e+02	
3.221114e+02	208	3.160286e+02	208	
6.999996e+00	2.320044e+02	2.000004e+00	2.319956e+02	
5.240000e+02	2.380044e+02	5.190000e+02	2.379956e+02	
1.859975e+02	2.629996e+02	1.670604e+02	2.655264e+02	
3.490000e+02	2.640044e+02	3.440000e+02	2.639956e+02	
3.120000e+02	2.660044e+02	3.070000e+02	2.659956e+02	
6.310000e+02	2.670044e+02	6.260000e+02	2.669956e+02	
1.419769e+02	2.698689e+02	1.310285e+02	2.713298e+02	
1.420000e+02	2.720044e+02	1.370000e+02	2.719956e+02	
1.339602e+02	2.726191e+02	1.250114e+02	2.740045e+02	
1.019602e+02	2.776191e+02	9.301136e+01	2.790045e+02	
3.570000e+02	2.790044e+02	3.520000e+02	2.789956e+02	
7.600000e+01	2.820044e+02	7.100000e+01	2.819956e+02	
4.020250e+02	2.871591e+02	3.890524e+02	2.893300e+02	
5.860000e+02	2.930044e+02	5.810000e+02	2.929956e+02	
8.297792e+01	2.918057e+02	2.997178e+01	2.977513e+02	
1.009460e+02	3.005555e+02	9.301365e+01	3.019970e+02	
5.470000e+02	3.020044e+02	5.420000e+02	3.019956e+02	
8.400000e+01	3.060044e+02	7.900000e+01	3.059956e+02	
4.060000e+02	3.310044e+02	4.010000e+02	3.309956e+02	
4.110000e+02	3.560044e+02	4.060000e+02	3.559956e+02	
2.940000e+02	3.620044e+02	2.890000e+02	3.619956e+02	
6.992951e+01	3.646158e+02	5.300148e+01	3.679984e+02	
6.900000e+01	3.730044e+02	6.400000e+01	3.729956e+02	
1.909806e+02	381	1.839096e+02	381	
3.259714e+02	383	3.198886e+02	383	
7.999996e+00	3.840044e+02	3.000004e+00	3.839956e+02	
8.700000e+01	3.850044e+02	8.200000e+01	3.849956e+02	
4.899306e+02	3.846415e+02	4.739296e+02	3.876360e+02	
210	388	210	388	
2.059864e+02	3.900030e+02	1.980540e+02	3.914445e+02	
1.470000e+02	3.990044e+02	1.420000e+02	3.989956e+02	
9.797116e+01	4.038568e+02	8.803692e+01	4.053769e+02	
6.389644e+02	4.058444e+02	6.279157e+02	4.075549e+02	
2.980000e+02	4.080044e+02	2.930000e+02	4.079956e+02	
4.040000e+02	4.150044e+02	3.990000e+02	4.149956e+02	
5.400000e+02	4.420044e+02	5.350000e+02	4.419956e+02	
3.220000e+02	4.440044e+02	3.170000e+02	4.439956e+02	
3.080000e+02	4.500044e+02	3.030000e+02	4.499956e+02	
5.050000e+02	4.540044e+02	5.000000e+02	4.539956e+02	
5.790000e+02	4.590044e+02	5.740000e+02	4.589956e+02	
2.810000e+02	4.610044e+02	2.760000e+02	4.609956e+02	
2.910000e+02	4.640044e+02	2.860000e+02	4.639956e+02	
6.390000e+02	4.790044e+02	6.340000e+02	4.789956e+02	
6.390816e+02	7.244827e+00	5.401191e+02	4.035721e+01	
5.639995e+02	6.200125e+01	5.379168e+02	6.972731e+01	
5.660584e+02	9.024283e+01	5.411122e+02	9.646263e+01	
5.681550e+02	8.653755e+01	5.401487e+02	9.451536e+01	
6.388746e+02	9.549263e+01	3.821254e+02	1.595074e+02	
6.390894e+02	9.836344e+01	5.170815e+02	1.283314e+02	
5.169183e+02	1.307053e+02	3.868690e+02	1.665269e+02	
6.389081e+02	1.016088e+02	5.180919e+02	1.303912e+02	
6.390142e+02	1.270669e+02	6.060294e+02	1.341382e+02	
5.109539e+02	1.298172e+02	3.821052e+02	1.624209e+02	
5.499495e+02	1.467782e+02	4.950985e+02	1.594416e+02	
4.810447e+02	1.572141e+02	4.710884e+02	1.594214e+02	
1.919177e+02	1.935772e+02	1.810024e+02	1.959971e+02	
311	204	311	204	
2.300000e+01	2.340035e+02	1.900000e+01	2.339965e+02	
1.300000e+01	2.590035e+02	9.000003e+00	2.589965e+02	
6.370000e+02	2.690035e+02	6.330000e+02	2.689965e+02	
4.900000e+01	2.860035e+02	4.500000e+01	2.859965e+02	
3.499210e+02	3.105210e+02	3.440189e+02	3.119926e+02	
3.180000e+02	3.120035e+02	3.140000e+02	3.119965e+02	
367	313	367	313	
2.449066e+02	3.296929e+02	2.350058e+02	3.330056e+02	
4.160000e+02	3.600035e+02	4.120000e+02	3.599965e+02	
1.520000e+02	3.620035e+02	1.480000e+02	3.619965e+02	
1.371571e+02	3.695690e+02	1.290708e+02	3.711848e+02	
1.138221e+02	3.834533e+02	1.038222e+02	3.864534e+02	
7.200000e+01	3.860035e+02	6.800000e+01	3.859965e+02	
2.100000e+01	3.940035e+02	1.700000e+01	3.939965e+02	
5.079210e+02	3.945210e+02	5.020189e+02	3.959926e+02	
9.813065e+01	413	9.303163e+01	413	
6.010000e+02	4.160035e+02	5.970000e+02	4.159965e+02	
4.380000e+02	4.270035e+02	4.340000e+02	4.269965e+02	
3.239475e+02	4.276108e+02	3.170135e+02	4.289964e+02	
5.069684e+02	439	5.018694e+02	439	
4.780000e+02	4.410035e+02	4.740000e+02	4.409965e+02	
1.760000e+02	4.480035e+02	1.720000e+02	4.479965e+02	
4.939548e+02	4.548101e+02	4.860488e+02	4.563899e+02	
5.329523e+02	4.578106e+02	5.239115e+02	4.596171e+02	
396	466	396	466	
5.348908e+02	4.695393e+02	4.960547e+02	4.792222e+02	
6.220000e+02	4.770035e+02	6.180000e+02	4.769965e+02	
6.389805e+02	1.694025e+01	4.179238e+02	8.876593e+01	
6.131578e+02	30	6.090347e+02	30	
6.391015e+02	1.130325e+01	3.790999e+02	9.829856e+01	
6.692051e+01	3.273244e+01	5.992242e+01	3.473911e+01	
6.141906e+02	4.451521e+01	6.081111e+02	4.625850e+01	
5.349898e+02	4.197779e+01	4.982117e+02	5.464151e+01	
161	54	161	54	
4.930353e+02	5.610928e+01	4.189647e+02	7.989072e+01	
5.640013e+02	6.500424e+01	5.449987e+02	7.099576e+01	
1.890641e+01	8.270254e+01	6.000297e+00	8.699584e+01	
5.599999e+02	8.599939e+01	5.470001e+02	8.900061e+01	
4.830243e+02	8.709259e+01	4.651307e+02	9.246093e+01	
4.166194e+02	8.895260e+01	3.940093e+02	9.799600e+01	
5.639205e+02	9.373244e+01	5.569224e+02	9.573911e+01	
4.149417e+02	1.078174e+02	3.988856e+02	1.126344e+02	
4.841217e+02	1.104600e+02	4.650667e+02	1.152463e+02	
4.749856e+02	1.109974e+02	4.690493e+02	1.123243e+02	
4.829935e+02	1.129898e+02	4.648747e+02	1.175409e+02	
6.149507e+02	1.266757e+02	6.090144e+02	1.280026e+02	
4.139988e+02	1.279944e+02	4.050012e+02	1.300056e+02	
5.969229e+02	1.305947e+02	5.920189e+02	1.319916e+02	
4.149507e+02	1.316757e+02	4.090144e+02	1.330026e+02	
5.749483e+02	1.357921e+02	5.680449e+02	1.373226e+02	
4.609856e+02	1.659974e+02	4.550493e+02	1.673243e+02	
4.409567e+02	1.707903e+02	4.310004e+02	1.729975e+02	
4.540000e+02	1.700060e+02	4.409190e+02	1.737322e+02	
1.880730e+02	1.972612e+02	1.700709e+02	2.022536e+02	
1.129177e+02	1.967180e+02	9.900115e+01	2.009993e+02	
1.451255e+02	2.094139e+02	1.298745e+02	2.135861e+02	
5.682386e+01	2.153963e+02	4.600501e+01	2.189953e+02	
1.119974e+02	2.189936e+02	9.905770e+01	2.222438e+02	
7.699875e+01	2.259944e+02	6.800125e+01	2.280056e+02	
8.213536e+01	2.274613e+02	7.200960e+01	2.300047e+02	
5.407887e+01	2.352654e+02	4.707729e+01	2.372598e+02	
3.560776e+02	2.872609e+02	3.490795e+02	2.892676e+02	
3.509811e+02	3.130084e+02	3.460771e+02	3.144053e+02	
5.250000e+02	3.380026e+02	5.220000e+02	3.379974e+02	
7.092271e+01	3.617402e+02	6.392113e+01	3.637346e+02	
5.689064e+02	3.717025e+02	5.560003e+02	3.759958e+02	
5.639991e+02	3.760033e+02	5.560683e+02	3.782624e+02	
1.078889e+02	3.807415e+02	1.018094e+02	3.824848e+02	
4.969483e+02	3.807921e+02	4.900449e+02	3.823226e+02	
1.899483e+02	3.847921e+02	1.830449e+02	3.863226e+02	
2.679507e+02	3.866757e+02	2.620144e+02	3.880026e+02	
6.389990e+02	4.089967e+02	6.320010e+02	4.110033e+02	
268	414	268	414	
417	434	417	434	
5.640927e+02	465	5.560304e+02	465	
1.412946e+02	1.024109e+00	4.601422e+01	7.101449e+01	
1.939969e+02	7.599390e+01	1.740031e+02	8.600610e+01	
1.937854e+02	7.857711e+01	1.740056e+02	8.900583e+01	
4.139058e+02	8.170376e+01	3.979997e+02	8.699500e+01	
4.819981e+02	9.000266e+01	4.750902e+02	9.230062e+01	
1.509998e+02	9.799960e+01	1.340002e+02	1.070004e+02	
1.920051e+02	1.040102e+02	1.739949e+02	1.129898e+02	
4.819872e+02	1.089985e+02	4.770418e+02	1.102407e+02	
1.180010e+02	1.150022e+02	1.029990e+02	1.219978e+02	
1.189989e+02	1.170032e+02	1.031710e+02	1.243839e+02	
1.489942e+02	1.240114e+02	1.353629e+02	1.308077e+02	
8.918381e+01	1.323737e+02	7.700470e+01	1.380013e+02	
1.159987e+02	1.389972e+02	1.030013e+02	1.450028e+02	
6.178010e+01	1.455732e+02	5.200155e+01	1.509935e+02	
5.883057e+01	1.656267e+02	4.983319e+01	1.696326e+02	
1.910012e+02	1.680067e+02	1.690947e+02	1.752940e+02	
1.911023e+02	1.703057e+02	1.700981e+02	1.772929e+02	
1.469071e+02	1.827033e+02	1.300929e+02	1.882967e+02	
1.470004e+02	1.850060e+02	1.298943e+02	1.906964e+02	
2.099872e+02	1.909985e+02	2.050418e+02	1.922407e+02	
1.131021e+02	1.943038e+02	9.809902e+01	1.992946e+02	
8.410218e+01	2.063027e+02	7.209975e+01	2.102954e+02	
5.590943e+01	2.137005e+02	4.509057e+01	2.172995e+02	
3.262032e+02	3.203960e+02	3.182056e+02	3.244009e+02	
5.738400e+02	3.726399e+02	5.668401e+02	3.756400e+02	
5.137879e+02	3.883474e+02	5.010067e+02	3.929994e+02	
1.300925e+02	3.935578e+02	8.961904e+01	4.209604e+02	
5.859914e+02	4.040025e+02	5.732125e+02	4.078364e+02	
1.400351e+02	4.210819e+02	1.241307e+02	4.282965e+02	
1.710000e+02	4.310001e+02	1.610000e+02	4.349999e+02	
1.297992e+02	1.729206e+00	4.084568e+01	6.779189e+01	
1.350367e+02	2.049946e+00	4.396327e+01	6.895005e+01	
1.958728e+02	1.580378e+01	1.788335e+02	2.674281e+01	
1.531639e+02	4.225464e+01	1.391271e+02	5.119709e+01	
1.201811e+02	6.328601e+01	1.078189e+02	7.071399e+01	
9.199951e+01	7.999930e+01	8.200049e+01	8.700070e+01	
6.399948e+01	9.799922e+01	5.500052e+01	1.040008e+02	
1.519947e+02	9.999579e+01	1.347953e+02	1.086086e+02	
8.899870e+01	1.299972e+02	7.600130e+01	1.360028e+02	
6.099666e+01	1.440055e+02	5.322739e+01	1.484371e+02	
8.699845e+01	1.520065e+02	7.721990e+01	1.574268e+02	
1.231773e+02	4.022883e+02	1.100932e+02	4.101500e+02	
317	2.530171e+02	317	2.130046e+02	
407	2.810201e+02	407	2.450062e+02	
385	2.550216e+02	385	2.210069e+02	
440	2.080216e+02	440	1.740069e+02	
380	1.580223e+02	380	1.250071e+02	
378	1.000041e+02	378	1.610123e+02	
444	2.789957e+02	444	2.409826e+02	
4.155129e+02	8.098795e+01	4.139002e+02	3.700615e+01	
526	288	526	288	
517	3.600212e+02	517	3.290051e+02	
464	2.000263e+02	464	1.740070e+02	
5.370373e+02	3.719955e+02	5.354329e+02	3.379745e+02	
5.887587e+02	3.710126e+02	5.868510e+02	3.320079e+02	
111	148	111	148	
5.034012e+02	3.799899e+02	5.017955e+02	3.400096e+02	
5.824361e+02	3.699880e+02	5.808216e+02	3.330097e+02	
541	9.103360e+01	541	7.000980e+01	
517	2.140306e+02	517	1.920078e+02	
5.470618e+02	3.589924e+02	5.454978e+02	3.310182e+02	
363	2.590333e+02	363	2.390083e+02	
386	2.769905e+02	386	2.579642e+02	
435	1.050358e+02	435	8.600953e+01	
497	3.789905e+02	497	3.599642e+02	
500	2.250424e+02	500	2.080130e+02	
575	3.439889e+02	575	3.259612e+02	
580	2.289870e+02	580	2.119576e+02	
577	1.770523e+02	577	1.589415e+02	
343	1.850339e+02	343	1.660076e+02	
4.270212e+02	1.389966e+02	4.254504e+02	8.901132e+01	
495	2.740433e+02	495	2.580121e+02	
5.145135e+02	3.589822e+02	5.128903e+02	3.290095e+02	
617	2.540433e+02	617	2.380121e+02	
6.340745e+02	6.498955e+01	6.324999e+02	4.302319e+01	
444	1.010384e+02	444	8.400906e+01	
548	2.369846e+02	548	2.229490e+02	
597	2.899906e+02	597	2.679678e+02	
613	2.930384e+02	613	2.760091e+02	
614	2.419922e+02	614	2.239644e+02	
5.410906e+02	2.189878e+02	5.394087e+02	1.989586e+02	
601	1.979867e+02	601	1.839510e+02	
610	2.400547e+02	610	2.270163e+02	
104	3.189885e+02	104	3.049529e+02	
110	2.760590e+02	110	2.640174e+02	
192	1.800471e+02	192	1.660115e+02	
367	168	367	168	
468	2.170590e+02	468	2.050174e+02	
502	2.920590e+02	502	2.800174e+02	
568	2.420590e+02	568	2.300174e+02	
607	6.698602e+01	607	5.394761e+01	
6.079985e+02	1.909999e+02	6.061173e+02	1.749855e+02	
37	3.470563e+02	37	3.350147e+02	
489	2.060641e+02	489	1.950187e+02	
530	1.050563e+02	530	9.301474e+01	
6.114526e+02	1.909733e+02	6.099092e+02	1.740140e+02	
6.224525e+02	5.097238e+01	6.209996e+02	3.500714e+01	
189	4.470394e+02	189	4.280131e+02	
3.604695e+02	7.596699e+01	3.590024e+02	6.200821e+01	
436	2.660282e+02	436	2.420074e+02	
493	3.790540e+02	493	3.670124e+02	
513	2.619876e+02	513	2.499460e+02	
5.773917e+02	5.697762e+01	5.759075e+02	4.001304e+01	
5.795761e+02	2.880365e+02	5.778542e+02	2.640149e+02	
584	1.920700e+02	584	1.820201e+02	
5.934695e+02	5.496699e+01	5.920024e+02	4.100821e+01	
6.083918e+02	1.009783e+02	6.068206e+02	8.301912e+01	
6.289974e+02	2.909901e+02	6.274762e+02	2.780408e+02	
23	3.930663e+02	23	3.830164e+02	
78	2.750582e+02	78	2.640129e+02	
1.007493e+02	4.650296e+02	9.751429e+01	4.390578e+02	
142	9.906632e+01	142	8.901644e+01	
1.643968e+02	3.369751e+02	1.628045e+02	3.210231e+02	
3.070084e+02	1.749905e+02	3.055551e+02	1.620334e+02	
316	90	316	90	
3.181955e+02	2.699769e+02	3.166032e+02	2.540249e+02	
360	8.998356e+01	360	7.993368e+01	
367	2.750772e+02	367	2.660218e+02	
4.044382e+02	2.799688e+02	4.028980e+02	2.660179e+02	
423	2.440622e+02	423	2.320206e+02	
434	1.770177e+02	434	1.910534e+02	
5.165143e+02	3.800630e+02	5.148848e+02	3.640211e+02	
5.241348e+02	3.789830e+02	5.221139e+02	3.629857e+02	
5.449952e+02	8.399018e+01	5.435069e+02	7.204092e+01	
558	1.610663e+02	558	1.510164e+02	
5.689952e+02	2.809902e+02	5.675069e+02	2.690409e+02	
586	4.599782e+02	586	4.509228e+02	
601	2.860772e+02	601	2.770218e+02	
622	7.501462e+01	622	9.204400e+01	
7.146208e+01	4.740772e+02	6.942797e+01	4.559426e+02	
141	2.290678e+02	141	2.180224e+02	
224	73	224	66	
356	1.869826e+02	356	1.779272e+02	
3.784134e+02	3.979669e+02	3.769876e+02	3.860100e+02	
415	1.041098e+02	415	9.489023e+01	
424	260	424	260	
4.840035e+02	8.599668e+01	4.815059e+02	7.107147e+01	
4.885274e+02	3.829466e+02	4.870072e+02	3.730123e+02	
490	2.880860e+02	490	2.800238e+02	
4.960124e+02	8.398996e+01	4.945866e+02	7.203307e+01	
4.985274e+02	1.259466e+02	4.970072e+02	1.160123e+02	
544	2.819762e+02	544	2.739140e+02	
5.657670e+02	2.830294e+02	5.638858e+02	2.670150e+02	
5.669928e+02	1.039877e+02	5.654726e+02	9.405342e+01	
5.835274e+02	1.539466e+02	5.820072e+02	1.440123e+02	
606	7.708601e+01	606	6.902376e+01	
1.499912e+02	6.798758e+01	1.485123e+02	5.905379e+01	
3.337176e+02	3.600421e+02	3.317249e+02	3.460410e+02	
387	2.899816e+02	387	2.819194e+02	
3.981319e+02	1.319832e+02	3.959993e+02	1.160003e+02	
4.031184e+02	2.439791e+02	4.016300e+02	2.320298e+02	
4.725758e+02	2.170335e+02	4.693513e+02	1.720490e+02	
513	1.999816e+02	513	1.919194e+02	
5.534264e+02	3.609588e+02	5.519930e+02	3.510117e+02	
5.601196e+02	3.539815e+02	5.586662e+02	3.410244e+02	
561	2.270333e+02	561	2.070083e+02	
572	1.650678e+02	572	1.540224e+02	
583	2.749740e+02	583	2.679029e+02	
606	4.497398e+01	606	3.790291e+01	
6.200070e+02	4.798829e+01	6.185736e+02	3.804116e+01	
628	2.349740e+02	628	2.279029e+02	
6.386083e+02	6.105930e+01	6.367380e+02	4.704140e+01	
3.139992e+02	4.049983e+02	3.116474e+02	3.920573e+02	
3.150045e+02	1.549886e+02	3.136191e+02	1.460398e+02	
3.144445e+02	3.949460e+02	3.130030e+02	3.870136e+02	
3.191052e+02	6.998438e+01	3.152818e+02	4.409265e+01	
322	2.701114e+02	322	2.640286e+02	
405	1.259806e+02	405	1.189096e+02	
406	2.290224e+02	406	2.400678e+02	
4.230004e+02	3.799929e+02	4.215475e+02	3.640276e+02	
5.384379e+02	4.688940e+02	5.354367e+02	4.558943e+02	
545	2.860304e+02	545	2.940927e+02	
550	2.981114e+02	550	2.920286e+02	
5.589992e+02	3.629983e+02	5.566474e+02	3.500573e+02	
604	2.511114e+02	604	2.450286e+02	
8.253092e+01	4.508276e+02	7.829667e+01	4.402412e+02	
102	1.930622e+02	102	1.810206e+02	
1.225899e+02	3.957826e+02	1.195954e+02	3.867808e+02	
1.629964e+02	3.499865e+02	1.616108e+02	3.430525e+02	
176	5.503042e+01	176	6.309268e+01	
297	3.802240e+01	297	4.906777e+01	
4.698071e+02	4.730393e+02	4.678089e+02	4.630390e+02	
4.873892e+02	4.739475e+02	4.860036e+02	4.670135e+02	
5.408070e+02	3.140408e+02	5.380015e+02	3.000005e+02	
5.590051e+02	2.789921e+02	5.573991e+02	2.590316e+02	
6.124790e+02	2.029210e+02	6.110074e+02	1.970189e+02	
1.949903e+02	4.229979e+02	1.883456e+02	4.052258e+02	
2.059231e+02	4.530336e+02	1.837047e+02	4.031303e+02	
2.020059e+02	4.509977e+02	1.929941e+02	4.280023e+02	
367	95	367	95	
367	261	367	261	
4.389241e+02	4.064445e+02	4.314597e+02	3.947277e+02	
5.387006e+02	7.775197e+01	5.340031e+02	6.600745e+01	
544	1.771578e+02	544	1.730347e+02	
5.944053e+02	4.092288e+01	5.930084e+02	3.601894e+01	
1.009909e+02	4.710045e+02	9.300909e+01	4.549955e+02	
1.880102e+02	4.239934e+02	1.803453e+02	4.058482e+02	
1.998789e+02	4.290503e+02	1.947576e+02	4.171016e+02	
4.378589e+02	4.700865e+02	4.281411e+02	4.539135e+02	
5.856373e+02	3.311775e+02	5.819993e+02	3.230065e+02	
5.870040e+02	4.409948e+02	5.842929e+02	4.328924e+02	
6.045377e+02	4.447023e+02	5.983296e+02	4.338183e+02	
3.059969e+02	4.400028e+02	2.830031e+02	4.149972e+02	
3.822029e+02	4.148458e+02	3.577971e+02	3.831542e+02	
3.839973e+02	4.100022e+02	3.600027e+02	3.809978e+02	
3.822343e+02	4.208479e+02	3.697657e+02	4.021521e+02	
4.159907e+02	4.790005e+02	4.085468e+02	4.672707e+02	
4.240010e+02	4.099992e+02	4.149990e+02	3.990008e+02	
4.464299e+02	4.717664e+02	4.380071e+02	4.569997e+02	
343	2.140036e+02	343	2.690127e+02	
171	1.299756e+02	171	1.720232e+02	
472	2.399860e+02	472	2.879964e+02	
322	2.179803e+02	322	2.630247e+02	
323	5.598140e+01	323	9.499422e+01	
167	2.269730e+02	167	2.640270e+02	
1.244746e+02	3.030086e+02	1.229108e+02	3.589957e+02	
2.231223e+02	7.400423e+01	2.135683e+02	3.780186e+02	
383	138	383	106	
1.010180e+02	1.520017e+02	9.932716e+01	1.960146e+02	
3.235060e+02	1.350115e+02	3.219351e+02	1.799952e+02	
436	141	436	113	
1.320815e+02	1.390055e+02	1.305054e+02	1.819883e+02	
306	159	306	132	
441	2.520057e+02	441	2.840213e+02	
537	277	537	250	
525	2.529808e+02	525	2.869955e+02	
454	105	454	80	
8.829725e+01	3.130114e+02	8.596935e+01	3.559949e+02	
1.338914e+02	2.969948e+02	1.309674e+02	3.589984e+02	
492	207	492	184	
5.491394e+02	2.570070e+02	5.471132e+02	2.970057e+02	
584	246	584	223	
317	149	317	128	
413	81	413	60	
587	246	587	225	
112	1.490074e+02	112	1.730282e+02	
145	5.496763e+01	145	8.104444e+01	
180	335	180	315	
185	145	185	125	
484	108	484	88	
5.011315e+02	2.470059e+02	4.990096e+02	2.920004e+02	
5.664361e+02	2.050120e+02	5.648216e+02	2.419903e+02	
5.477918e+01	2.529865e+02	5.287609e+01	2.859922e+02	
1.012874e+02	3.140141e+02	9.936615e+01	3.580176e+02	
1.061000e+02	7.600797e+01	1.045361e+02	1.079854e+02	
247	437	247	418	
362	84	362	65	
412	47	412	28	
455	137	455	118	
416	127	416	109	
7.970459e+01	9.198004e+01	7.786907e+01	1.219905e+02	
101	2.409631e+02	101	2.599894e+02	
1.125003e+02	2.199722e+02	1.106807e+02	2.600432e+02	
127	3.039701e+02	127	3.259929e+02	
1.731263e+02	2.310095e+02	1.715553e+02	2.609851e+02	
225	2.100714e+01	225	4.302985e+01	
303	246	303	229	
326	360	326	343	
4.308263e+01	7.300661e+01	2.923021e+01	2.490183e+02	
5.242518e+01	3.080236e+02	4.894060e+01	3.649960e+02	
102	358	102	342	
103	339	103	323	
176	167	176	151	
193	1.049448e+02	193	1.240497e+02	
306	246	306	230	
351	253	351	237	
3.663767e+02	2.210113e+02	3.648215e+02	2.539898e+02	
383	156	383	140	
389	156	389	140	
439	256	439	240	
525	230	525	214	
601	250	601	234	
7.466618e+01	1.619732e+02	7.291670e+01	1.869920e+02	
77	479	77	464	
106	1.590116e+02	106	1.760409e+02	
1.095488e+02	7.902672e+01	1.080091e+02	9.999406e+01	
1.120562e+02	7.500756e+01	1.104181e+02	9.903498e+01	
126	348	126	333	
136	5.698061e+01	136	9.603186e+01	
1.372717e+02	2.160181e+02	1.354299e+02	2.500271e+02	
1.675488e+02	3.220267e+02	1.660091e+02	3.429941e+02	
170	259	170	244	
303	266	303	251	
306	227	306	212	
363	190	363	175	
3.657950e+02	5.998325e+01	3.615101e+02	1.089592e+02	
379	180	379	165	
380	1.080137e+02	380	1.240449e+02	
385	400	385	385	
391	153	391	138	
399	278	399	263	
467	112	467	97	
542	3.419591e+02	542	3.589884e+02	
545	1.979780e+02	545	2.360305e+02	
602	233	602	218	
6.056266e+02	2.699668e+02	6.040088e+02	2.919982e+02	
618	237	618	222	
639	203	639	188	
2.407484e+01	3.270052e+02	2.185381e+01	3.579902e+02	
6.232403e+01	3.050254e+02	6.044815e+01	3.340337e+02	
69	322	69	308	
104	170	104	156	
1.136365e+02	3.129825e+02	1.115932e+02	3.579805e+02	
131	268	131	254	
1.359239e+02	1.379950e+02	1.326169e+02	1.809725e+02	
137	266	137	252	
174	328	174	314	
175	260	175	246	
178	131	178	117	
185	3.095222e+01	185	4.598552e+01	
192	1.299522e+02	192	1.449855e+02	
309	245	309	231	
3.218514e+02	1.229896e+02	3.174288e+02	1.779572e+02	
3.225001e+02	4.002319e+01	3.209255e+02	6.198955e+01	
343	85	343	71	
350	73	350	59	
359	187	359	173	
418	147	418	133	
461	199	461	185	
467	270	467	256	
568	59	568	45	
569	108	569	94	
591	373	591	359	
592	88	592	74	
595	186	595	172	
2.792392e+01	2.709945e+02	2.477003e+01	3.119830e+02	
39	332	39	319	
47	281	47	268	
65	9.795815e+01	65	1.139894e+02	
67	3.319540e+02	67	3.469873e+02	
6.992896e+01	2.359955e+02	6.662223e+01	2.799735e+02	
97	272	97	259	
1.291056e+02	2.150091e+02	1.258944e+02	2.509909e+02	
1.312127e+02	2.230151e+02	1.283667e+02	2.670253e+02	
137	1.499490e+02	137	1.639846e+02	
1.694757e+02	2.030228e+02	1.679359e+02	2.239901e+02	
174	49	174	36	
174	222	174	209	
177	1.349490e+02	177	1.489846e+02	
1.801240e+02	3.400705e+01	1.775885e+02	7.797944e+01	
180	262	180	249	
181	1.159490e+02	181	1.299846e+02	
183	78	183	65	
295	172	295	159	
305	53	305	40	
315	139	315	126	
318	58	318	45	
343	103	343	90	
353	235	353	222	
353	251	353	238	
392	277	392	264	
401	130	401	117	
487	289	487	276	
497	109	497	96	
508	112	508	99	
5.234531e+02	1.910206e+02	5.219169e+02	2.129896e+02	
528	295	528	282	
564	58	564	45	
565	77	565	64	
5.880831e+02	2.670104e+02	5.865469e+02	2.889794e+02	
598	237	598	224	
633	241	633	228	
634	37	634	24	
6	3.430133e+02	6	3.570490e+02	
45	268	45	256	
4.854208e+01	1.739570e+02	4.645792e+01	2.010430e+02	
60	179	60	167	
65	323	65	311	
8.509135e+01	9.200804e+01	8.299894e+01	1.149998e+02	
86	1.120133e+02	86	1.260490e+02	
1.400624e+02	6.100452e+01	1.376067e+02	9.797708e+01	
1.463049e+02	2.100109e+02	1.438957e+02	2.699959e+02	
170	3.120093e+02	170	3.280405e+02	
171	238	171	226	
1.763641e+02	1.180230e+02	1.733671e+02	1.670232e+02	
176	3.693794e+01	176	5.405519e+01	
181	164	181	152	
1.860063e+02	3.080008e+02	1.836591e+02	3.499829e+02	
1.880514e+02	1.170028e+02	1.856558e+02	1.659850e+02	
305	68	305	56	
314	1.639453e+02	314	1.769837e+02	
318	9.303404e+01	318	7.101132e+01	
330	355	330	343	
343	141	343	129	
351	105	351	93	
351	270	351	258	
353	88	353	76	
397	150	397	138	
5.630668e+02	1.500062e+02	5.615238e+02	1.839859e+02	
569	258	569	246	
581	51	581	39	
5.120882e+01	1.780217e+02	4.768192e+01	2.099679e+02	
5.382097e+01	1.079850e+02	5.054688e+01	1.439611e+02	
51	266	51	255	
55	1.820140e+02	55	1.950524e+02	
55	2.359476e+02	55	2.489860e+02	
61	3.350174e+02	61	3.470590e+02	
6.426093e+01	3.290157e+02	6.193756e+01	3.639958e+02	
71	263	71	252	
77	253	77	242	
9.652712e+01	2.289750e+02	9.464693e+01	2.720385e+02	
102	239	102	228	
109	189	109	178	
114	113	114	102	
1.415221e+02	1.339638e+02	1.398084e+02	1.619828e+02	
141	2.330140e+02	141	2.460524e+02	
148	8.195711e+01	148	9.699040e+01	
1.502721e+02	1.249757e+02	1.487732e+02	1.910269e+02	
153	8.101148e+01	153	9.504715e+01	
169	3.320096e+02	169	3.470429e+02	
1.819918e+02	2.240074e+02	1.804832e+02	2.399675e+02	
307	87	307	76	
315	6.094097e+01	315	7.298256e+01	
3.215932e+02	2.089628e+02	3.197818e+02	2.319785e+02	
343	68	343	57	
350	86	350	75	
353	74	353	63	
367	9.595711e+01	367	1.109904e+02	
3.681528e+02	2.350138e+02	3.666166e+02	2.569828e+02	
368	1.690113e+02	368	1.910340e+02	
394	276	394	265	
429	190	429	179	
462	269	462	258	
464	105	464	94	
487	205	487	194	
4.982468e+02	1.820132e+02	4.957532e+02	2.239868e+02	
5.104693e+02	3.630262e+02	5.089294e+02	3.809880e+02	
521	278	521	267	
563	79	563	68	
569	229	569	229	
585	222	585	211	
3.000000e+00	356	3.000000e+00	346	
42	2.428093e+02	42	2.709695e+02	
53	186	53	176	
61	1.160187e+02	61	1.270641e+02	
75	341	75	331	
7.941794e+01	1.690228e+02	7.790942e+01	1.869874e+02	
8.914968e+01	8.801620e+01	8.759069e+01	1.069785e+02	
99	272	99	262	
113	192	113	182	
114	7.396835e+01	114	9.904823e+01	
1.359973e+02	1.680081e+02	1.345042e+02	1.829670e+02	
135	265	135	255	
138	146	138	136	
1.464149e+02	1.349585e+02	1.435830e+02	1.799694e+02	
177	236	177	226	
182	220	182	210	
1.830906e+02	2.430126e+02	1.815821e+02	2.609772e+02	
1.845476e+02	1.500400e+02	1.830074e+02	1.639909e+02	
1.844525e+02	2.230276e+02	1.829996e+02	2.389929e+02	
186	123	186	113	
1.897400e+02	1.979903e+02	1.874691e+02	2.630198e+02	
191	53	191	43	
2.254732e+02	4.704552e+01	2.230153e+02	6.498872e+01	
2.942565e+02	2.030154e+02	2.926850e+02	2.630281e+02	
385	131	385	121	
399	109	399	99	
443	373	443	363	
458	183	458	173	
513	212	513	202	
519	168	519	158	
581	191	581	181	
590	339	590	329	
5.990512e+02	1.660063e+02	5.974873e+02	1.979837e+02	
6.150635e+02	1.730070e+02	6.134943e+02	2.039834e+02	
616	3.501474e+01	616	4.705633e+01	
629	246	629	236	
632	259	632	249	
43	2.689460e+02	43	2.809876e+02	
47	266	47	257	
5.002890e+01	3.030019e+02	4.770100e+01	3.459854e+02	
52	197	52	188	
5.609247e+01	1.120130e+02	5.460826e+01	1.289776e+02	
55	343	55	334	
62	115	62	106	
78	2.120156e+02	78	2.230609e+02	
8.259800e+01	1.639688e+02	8.020387e+01	2.000142e+02	
9.320514e+01	8.201548e+01	9.060429e+01	1.300388e+02	
99	248	99	239	
107	158	107	149	
1.100924e+02	2.260083e+02	1.059979e+02	2.709998e+02	
116	172	116	163	
1.274229e+02	2.520260e+02	1.259142e+02	2.679861e+02	
1.340748e+02	2.180053e+02	1.317825e+02	2.499857e+02	
139	266	139	257	
179	234	179	225	
179	345	179	336	
1.824245e+02	3.202035e+01	1.797985e+02	7.898953e+01	
196	4.093908e+01	196	5.198444e+01	
241	432	241	423	
242	422	242	413	
292	317	292	308	
296	62	296	53	
359	253	359	244	
362	233	362	224	
363	1.619391e+02	363	1.729844e+02	
392	241	392	232	
394	241	394	232	
417	102	417	93	
434	204	434	195	
466	255	466	246	
484	205	484	196	
5.100925e+02	3.420130e+02	5.086083e+02	3.589776e+02	
511	213	511	204	
531	117	531	108	
536	207	536	198	
538	161	538	152	
5.419974e+02	1.500099e+02	5.404762e+02	1.629592e+02	
543	210	543	201	
594	97	594	88	
1.330472e+01	2.718057e+02	9.522795e+00	2.868622e+02	
36	333	36	325	
42	3.350129e+02	42	3.460582e+02	
46	213	46	205	
4.709642e+01	3.540153e+02	4.560332e+01	3.689742e+02	
56	1.719228e+02	56	1.809782e+02	
57	1.209228e+02	57	1.299782e+02	
70	342	70	334	
7.483239e+01	2.379857e+02	7.273340e+01	2.619773e+02	
78	241	78	233	
86	1.990574e+02	86	1.860190e+02	
8.836212e+01	1.530210e+02	8.681870e+01	1.699803e+02	
1.050084e+02	2.580095e+02	1.035551e+02	2.709666e+02	
1.070964e+02	2.400153e+02	1.056033e+02	2.549742e+02	
107	344	107	336	
111	190	111	182	
116	112	116	104	
118	113	118	105	
121	82	121	74	
1.429170e+02	5.599502e+01	1.394568e+02	9.996122e+01	
163	342	163	338	
177	259	177	251	
1.791020e+02	1.540179e+02	1.775618e+02	1.679688e+02	
185	4.801285e+01	185	5.905821e+01	
185	252	185	244	
204	343	204	335	
302	154	302	146	
307	4.292280e+01	307	5.197818e+01	
307	66	307	58	
315	7.893368e+01	315	8.898356e+01	
3.176776e+02	3.859592e+02	3.158802e+02	4.019832e+02	
359	235	359	227	
3.672949e+02	1.370263e+02	3.649030e+02	1.609905e+02	
391	135	391	127	
4.052942e+02	2.410341e+02	4.033967e+02	2.600446e+02	
408	106	408	98	
423	361	423	353	
470	110	470	102	
470	254	470	246	
485	77	485	69	
510	200	510	192	
515	214	515	206	
537	220	537	212	
541	1.659337e+02	541	1.759836e+02	
556	226	556	218	
580	81	580	73	
601	183	601	175	
625	189	625	181	
1.327109e+01	2.759074e+02	5.615030e+00	3.420768e+02	
60	358	60	351	
7.722463e+01	1.680214e+02	7.387602e+01	2.009878e+02	
8.240785e+01	9.603812e+01	7.889933e+01	1.299894e+02	
89	123	89	116	
1.074134e+02	1.030331e+02	1.059876e+02	1.149900e+02	
107	187	107	180	
1.424615e+02	1.670412e+02	1.410007e+02	1.779895e+02	
1.549928e+02	5.301234e+01	1.534726e+02	6.294658e+01	
1.559993e+02	3.701051e+01	1.545385e+02	4.795884e+01	
1.653769e+02	3.100369e+02	1.638568e+02	3.199712e+02	
1.732292e+02	1.140367e+02	1.714636e+02	1.290661e+02	
1.849993e+02	2.080105e+02	1.835385e+02	2.189588e+02	
305	87	305	80	
341	3.469140e+02	341	3.549762e+02	
360	152	360	145	
3.654134e+02	2.610331e+02	3.639876e+02	2.729900e+02	
392	259	392	252	
399	260	399	253	
423	2.509140e+02	423	2.589762e+02	
425	381	425	374	
4.955274e+02	3.450534e+02	4.940072e+02	3.549877e+02	
520	264	520	257	
543	269	543	262	
551	347	551	340	
559	182	559	175	
580	332	580	325	
596	197	596	190	
626	197	626	190	
6.302968e+02	1.810553e+02	6.252457e+02	2.080458e+02	
9.212055e+00	2.880213e+02	6.787945e+00	3.099787e+02	
47	326	47	320	
72	112	72	106	
175	7.905744e+01	175	6.601903e+01	
244	421	244	415	
3.043700e+02	2.130298e+02	3.028816e+02	2.249791e+02	
349	185	349	179	
3.509912e+02	2.230124e+02	3.495123e+02	2.319462e+02	
3.850012e+02	1.680017e+02	3.802683e+02	1.840828e+02	
401	250	401	244	
438	191	438	185	
465	210	465	204	
486	2.450260e+02	486	2.520971e+02	
493	218	493	212	
518	225	518	219	
557	212	557	206	
558	225	558	219	
565	184	565	178	
571	287	571	281	
574	3.600260e+02	574	3.670971e+02	
602	52	602	46	
623	208	623	202	
635	258	635	252	
636	2.810184e+02	636	2.890806e+02	
71	131	71	126	
8.349727e+01	2.279710e+02	8.066677e+01	2.819801e+02	
84	124	84	119	
84	1.900286e+02	84	1.961114e+02	
109	110	109	105	
170	4.501935e+01	170	5.209042e+01	
2.694916e+02	3.368734e+02	2.648541e+02	3.569606e+02	
2.831742e+02	3.880386e+02	2.813508e+02	3.980723e+02	
3.130037e+02	3.770021e+02	3.106696e+02	3.909503e+02	
3.159973e+02	3.419995e+02	3.130027e+02	3.580005e+02	
3.919970e+02	1.160136e+02	3.905555e+02	1.239460e+02	
437	275	437	270	
442	124	442	124	
4.860045e+02	3.500114e+02	4.846191e+02	3.589602e+02	
4.933506e+02	6.606839e+01	4.913515e+02	7.706856e+01	
551	291	551	291	
5.513132e+02	5.206780e+01	5.494871e+02	6.309801e+01	
577	218	577	213	
5.823298e+02	1.600285e+02	5.808689e+02	1.709769e+02	
597	223	597	218	
632	289	632	284	
52	273	52	269	
6.118988e+01	1.320452e+02	5.961012e+01	1.399512e+02	
77	129	77	125	
7.923538e+01	4.180598e+02	7.244877e+01	4.461123e+02	
8.478180e+01	4.609294e+02	7.921870e+01	4.757298e+02	
108	116	108	112	
1.523081e+02	4.190961e+02	1.479923e+02	4.319947e+02	
1.536959e+02	1.069050e+02	1.504004e+02	1.168116e+02	
1.643892e+02	6.505248e+01	1.630036e+02	7.198647e+01	
2.704214e+02	3.440884e+02	2.682141e+02	3.540447e+02	
370	223	370	219	
487	1.820246e+02	487	1.920744e+02	
6.220037e+02	2.780021e+02	6.196696e+02	2.919503e+02	
639	307	639	303	
8.359221e+01	3.758094e+02	8.019407e+01	3.826250e+02	
1.504003e+02	1.071829e+02	1.445997e+02	1.188171e+02	
2.964053e+02	1.270771e+02	2.950084e+02	1.319811e+02	
308	3.860304e+02	308	3.940927e+02	
4.162988e+02	1.800925e+02	4.130034e+02	1.899990e+02	
8.160402e+01	4.547968e+02	7.759914e+01	4.627944e+02	
8.467479e+01	4.678745e+02	8.166865e+01	4.758722e+02	
8.400341e+01	3.900011e+02	8.199659e+01	3.959989e+02	
8.667479e+01	4.708745e+02	8.366865e+01	4.788722e+02	
1.026414e+02	3.878371e+02	9.700104e+01	4.009971e+02	
1.582424e+02	4.011016e+02	1.531211e+02	4.130503e+02	
2.826247e+02	3.737387e+02	2.734205e+02	3.865949e+02	
2.847405e+02	3.389300e+02	2.804615e+02	3.538528e+02	
4.230024e+02	1.790012e+02	4.189976e+02	1.869988e+02	
1.520029e+02	4.000013e+02	1.479971e+02	4.089987e+02	
2.439201e+02	3.719538e+02	2.346244e+02	3.867723e+02	
2.838467e+02	3.678832e+02	2.671533e+02	3.901168e+02	