
5.120168e+02	1.532780e+02	3.710109e+02	1.505705e+02	
4.100166e+02	171	3.469849e+02	171	
4.980114e+02	156	4.320038e+02	156	
4.519945e+02	172	4.109823e+02	172	
4.299967e+02	156	3.829861e+02	156	
3.920000e+02	1.590061e+02	3.850000e+02	1.589939e+02	
5.800214e+02	283	5.389726e+02	283	
5.239945e+02	161	4.899798e+02	161	
4.320235e+02	108	4.020068e+02	108	
5.209945e+02	1.740815e+02	4.780117e+02	1.725054e+02	
5.169942e+02	190	4.859781e+02	190	
3.420210e+02	227	2.889833e+02	227	
3.460250e+02	170	3.180072e+02	170	
3.490281e+02	173	3.230089e+02	173	
3.970198e+02	269	3.640046e+02	269	
3.450220e+02	154	3.110073e+02	154	
5.179910e+02	1.781978e+02	4.720025e+02	1.759486e+02	
4.190304e+02	183	3.950096e+02	183	
3.409992e+02	2.380090e+02	2.829861e+02	2.352732e+02	
5.039854e+02	2.554988e+02	4.690072e+02	2.539105e+02	
5.159911e+02	3.512097e+02	4.720093e+02	3.495970e+02	
4.860250e+02	136	4.560083e+02	136	
3.840000e+02	1.580175e+02	3.640000e+02	1.579825e+02	
3.179927e+02	1.730173e+02	2.670235e+02	1.703461e+02	
2.990382e+02	178	2.709669e+02	178	
3.770174e+02	182	3.340058e+02	182	
5.330336e+02	439	5.120098e+02	439	
2.040383e+02	149	1.789585e+02	149	
3.990214e+02	228	3.640071e+02	228	
2.389908e+02	150	2.189658e+02	150	
8.899286e+01	167	6.697015e+01	167	
4.499996e+02	1.360002e+02	4.120207e+02	1.327443e+02	
3.149795e+02	1.495020e+02	2.900089e+02	1.479310e+02	
5.370242e+02	117	5.060080e+02	117	
2.490215e+02	1.556967e+02	2.119733e+02	1.533659e+02	
4.299915e+02	176	4.109652e+02	176	
4.419894e+02	123	4.259581e+02	123	
3.100000e+02	1.530113e+02	2.970000e+02	1.529887e+02	
5.600000e+01	1.640044e+02	5.100000e+01	1.639956e+02	
3.319846e+02	209	3.179490e+02	209	
2.009894e+02	257	1.849581e+02	257	
6.249787e+02	3.002969e+02	5.959994e+02	2.980162e+02	
5.309873e+02	416	5.159540e+02	416	
4.739837e+02	109	4.609453e+02	109	
4.580000e+02	1.230105e+02	4.460000e+02	1.229895e+02	
3.479925e+02	3.470070e+02	3.300279e+02	3.454985e+02	
4.749901e+02	3.530745e+02	4.540201e+02	3.515714e+02	
4.170451e+02	122	3.929619e+02	122	
8.797209e+01	1.444787e+02	7.100751e+01	1.429945e+02	
3.200300e+02	248	2.950100e+02	248	
4.849999e+02	2.519985e+02	4.689855e+02	2.501173e+02	
5.719486e+02	2.646238e+01	5.529741e+02	2.423339e+01	
1.749866e+02	1.411202e+02	1.569887e+02	1.391014e+02	
1.579600e+02	1.665476e+02	1.440091e+02	1.650074e+02	
3.919881e+02	370	3.789497e+02	370	
3.969919e+02	3.879973e+02	3.820330e+02	3.865042e+02	
2.009740e+02	2.554229e+02	1.850139e+02	2.539142e+02	
2.599818e+02	4.655022e+02	2.320076e+02	4.639382e+02	
4.489769e+02	1.091955e+02	4.330249e+02	1.076032e+02	
2.869903e+02	1.241064e+02	2.640097e+02	1.218936e+02	
5.239902e+02	1.279952e+02	5.120409e+02	1.265069e+02	
5.996642e+01	1.292285e+02	3.893356e+01	1.276102e+02	
5.001501e+01	1.508738e+02	3.302902e+01	1.487580e+02	
2.499666e+02	1.674449e+02	2.370095e+02	1.659916e+02	
1.540990e+02	171	1.439010e+02	171	
6.099905e+02	2.920084e+02	5.970334e+02	2.905551e+02	
4.269782e+02	299	4.179228e+02	299	
3.189776e+02	3.464599e+02	2.980157e+02	3.448470e+02	
4.680241e+02	2.184530e+01	4.550225e+02	1.985578e+01	
4.700190e+01	7.499278e+01	2.799810e+01	7.000722e+01	
4.419895e+02	1.169993e+02	4.310412e+02	1.155385e+02	
5.039985e+02	1.440060e+02	4.919762e+02	1.421449e+02	
1.199839e+02	1.560860e+02	7.307624e+01	1.475615e+02	
5.596425e+01	1.592393e+02	3.393091e+01	1.564949e+02	
8.898327e+01	1.641319e+02	7.103159e+01	1.617366e+02	
1.100892e+02	164	9.989118e+01	164	
1.379691e+02	1.694075e+02	1.250197e+02	1.678863e+02	
2.659987e+02	1.709961e+02	2.490522e+02	1.685842e+02	
2.299762e+02	181	2.219140e+02	181	
3.470534e+02	191	3.330177e+02	191	
4.996910e+01	2.574075e+02	3.701974e+01	2.558863e+02	
2.599669e+02	2.594134e+02	2.480100e+02	2.579876e+02	
3.969691e+02	3.964075e+02	3.840197e+02	3.948863e+02	
5.559955e+02	1.130033e+02	5.459373e+02	1.113201e+02	
5.289735e+02	1.261348e+02	5.180383e+02	1.245785e+02	
5.999876e+02	1.299912e+02	5.910538e+02	1.285123e+02	
5.602260e+01	1.498498e+02	3.604784e+01	1.466862e+02	
3.649988e+02	1.520068e+02	3.179744e+02	1.483059e+02	
8.695527e+01	1.543081e+02	6.598058e+01	1.511359e+02	
5.906311e+01	1.575764e+02	3.806154e+01	1.545874e+02	
8.097346e+01	1.571348e+02	7.003829e+01	1.555785e+02	
9.206335e+01	1.626519e+02	7.002896e+01	1.588459e+02	
1.810971e+02	162	1.740260e+02	162	
4.040806e+02	174	3.960184e+02	174	
5.620622e+02	175	5.500206e+02	175	
4.890806e+02	205	4.810184e+02	205	
4.000000e+02	2.490052e+02	3.940000e+02	2.489948e+02	
5.179588e+02	2.564264e+02	5.080117e+02	2.549930e+02	
5.780971e+02	266	5.710260e+02	266	
4.197398e+01	294	3.490291e+01	294	
4.639816e+02	339	4.559194e+02	339	
5.339816e+02	420	5.259194e+02	420	
4.597135e+01	67	3.988859e+01	67	
6.289714e+02	83	6.228886e+02	83	
456	109	456	109	
4.004993e+01	1.335833e+02	2.203837e+01	1.316902e+02	
1.159527e+02	1.593132e+02	9.404727e+01	1.556868e+02	
1.170822e+02	1.615239e+02	8.205866e+01	1.556630e+02	
1.171114e+02	166	1.110286e+02	166	
2.209864e+02	1.739970e+02	2.130540e+02	1.725555e+02	
2.369712e+02	1.791432e+02	2.270369e+02	1.776231e+02	
5.989827e+02	1.871018e+02	5.840317e+02	1.855304e+02	
3.069460e+02	1.964445e+02	2.990136e+02	1.950030e+02	
5.611114e+02	240	5.550286e+02	240	
4.099864e+02	2.739970e+02	4.020540e+02	2.725555e+02	
3.420852e+01	3.950062e+01	1.723551e+01	3.243543e+01	
7.881281e+01	7.959491e+01	5.300059e+01	7.100833e+01	
2.489588e+01	8.531160e+01	9.104120e+00	7.968840e+01	
2.847323e+02	1.685260e+02	4.426771e+01	4.547403e+01	
6.295187e+01	9.616478e+01	3.896902e+01	8.910625e+01	
5.212576e+01	1.205434e+02	3.187424e+01	1.154566e+02	
1.178434e+02	1.315157e+02	2.890188e+01	1.043236e+02	
4.497366e+01	1.211670e+02	3.200109e+01	1.189961e+02	
1.558121e+02	1.385835e+02	9.518790e+01	1.184165e+02	
1.570660e+02	1.328140e+02	1.138174e+02	1.174988e+02	
5.229684e+02	131	5.178694e+02	131	
4.786422e+01	1.334916e+02	3.286203e+01	1.294999e+02	
1.388354e+02	1.396103e+02	9.788994e+01	1.284089e+02	
9.295494e+01	1.422156e+02	6.804506e+01	1.367844e+02	
1.339443e+02	1.442364e+02	1.040022e+02	1.369926e+02	
6.296350e+01	1.461912e+02	4.700025e+01	1.430014e+02	
1.329579e+02	1.511974e+02	9.808406e+01	1.435937e+02	
1.329165e+02	1.534145e+02	9.704367e+01	1.457895e+02	
3.280847e+02	1.574582e+02	3.150137e+02	1.559920e+02	
2.279475e+02	1.683892e+02	2.210135e+02	1.670036e+02	
6.309210e+02	1.774790e+02	6.250189e+02	1.760074e+02	
2.809318e+02	1.903851e+02	2.690021e+02	1.880013e+02	
4.869223e+02	2.372768e+02	4.760015e+02	2.340004e+02	
5.799981e+02	2.509968e+02	5.729342e+02	2.492356e+02	
6.118655e+02	2.645109e+02	5.812557e+02	2.559645e+02	
3.210765e+01	6.170710e+01	2.400517e+01	5.899605e+01	
2.799900e+01	7.199992e+01	2.111948e+00	6.268000e+01	
1.058055e+02	8.138741e+01	8.579414e+01	7.141013e+01	
9.289928e+01	8.224274e+01	7.923535e+01	7.638637e+01	
8.598557e+01	8.900264e+01	8.004930e+01	8.767573e+01	
6.694577e+01	1.131840e+02	2.905423e+01	1.018160e+02	
6.307106e+01	1.177517e+02	2.808060e+01	1.077183e+02	
4.796140e+01	1.161395e+02	3.303860e+01	1.118605e+02	
4.299990e+02	1.170033e+02	4.230010e+02	1.149967e+02	
9.400125e+01	1.269867e+02	6.814455e+01	1.194746e+02	
4.195673e+01	1.242097e+02	3.200043e+01	1.220025e+02	
7.894147e+01	1.272180e+02	6.688918e+01	1.244355e+02	
7.793143e+01	1.302474e+02	6.692855e+01	1.272580e+02	
1.039990e+02	1.340033e+02	9.700095e+01	1.319967e+02	
1.759223e+02	1.392768e+02	1.650015e+02	1.360004e+02	
1.169379e+02	1.422474e+02	9.694344e+01	1.372251e+02	
4.392288e+01	1.414053e+02	3.901894e+01	1.400084e+02	
1.369525e+02	1.472205e+02	1.220475e+02	1.437795e+02	
4.196526e+01	145	3.784216e+01	145	
1.699503e+02	1.482183e+02	1.609528e+02	1.462071e+02	
2.159567e+02	1.502097e+02	2.060004e+02	1.480025e+02	
3.819653e+02	154	3.778422e+02	154	
2.579027e+02	1.672911e+02	2.308972e+02	1.583076e+02	
2.618788e+02	1.663373e+02	2.450037e+02	1.599944e+02	
1.679856e+02	1.740026e+02	1.620493e+02	1.726757e+02	
2.469483e+02	1.812079e+02	2.400449e+02	1.796774e+02	
3.470705e+02	1.883918e+02	3.260526e+02	1.865900e+02	
6.069057e+02	2.682952e+02	5.861820e+02	2.614013e+02	
5.929385e+02	2.722428e+02	5.809418e+02	2.692295e+02	
2.889653e+02	387	2.848422e+02	387	
1.098673e+02	1.083547e+02	2.132717e+00	6.764525e+01	
4.814708e+01	7.265879e+01	4.314703e+01	7.065891e+01	
1.369833e+02	1.220440e+02	2.138312e+00	7.162755e+01	
6.993029e+01	7.230947e+01	6.601798e+01	7.100801e+01	
4.980317e+01	9.741059e+01	2.619683e+01	8.558941e+01	
2.038612e+02	1.443671e+02	1.190131e+02	1.119667e+02	
1.029079e+02	1.242980e+02	8.909208e+01	1.197020e+02	
2.049368e+02	1.471745e+02	1.520632e+02	1.278255e+02	
1.539981e+02	1.439973e+02	1.470902e+02	1.416994e+02	
1.779003e+02	1.472954e+02	1.658978e+02	1.433027e+02	
2.831547e+02	1.647081e+02	2.064470e+00	1.587848e+01	
5.218628e+02	1.562117e+02	5.048426e+02	1.452429e+02	
2.358896e+02	1.653281e+02	2.261104e+02	1.616719e+02	
4.595565e+02	1.737061e+02	4.468572e+02	1.652367e+02	
4.441056e+02	179	4.370345e+02	179	
4.548517e+02	2.523101e+02	4.041483e+02	2.276899e+02	
4.399988e+02	2.410024e+02	4.320012e+02	2.369976e+02	
6.027956e+02	3.094022e+02	5.927987e+02	3.043961e+02	
6.056444e+02	3.267376e+02	5.221657e+02	2.856610e+02	
6.380052e+02	3.439867e+02	6.082001e+02	3.286031e+02	
4.004978e+01	3.290466e+01	2.169651e+00	1.267855e+01	
4.919549e+01	4.261544e+01	2.008200e+00	1.898580e+01	
6.800005e+01	5.299991e+01	5.499995e+01	4.600009e+01	
8.899808e+01	6.400360e+01	7.400192e+01	5.599640e+01	
7.400238e+01	6.599571e+01	6.499762e+01	6.100429e+01	
3.900002e+01	6.499994e+01	3.399998e+01	6.300006e+01	
1.040024e+02	7.199571e+01	9.499762e+01	6.700429e+01	
6.201534e+02	2.767704e+02	6.081548e+02	2.687683e+02	
5.788247e+02	3.422802e+02	5.468928e+02	3.221716e+02	
5.548729e+02	3.351971e+02	5.408361e+02	3.262546e+02	
5.651427e+02	3.378021e+02	5.458573e+02	3.241979e+02	
6.219915e+02	3.740133e+02	5.830085e+02	3.489867e+02	
6.338533e+02	3.762396e+02	5.911467e+02	3.497604e+02	
5.969993e+02	3.630010e+02	5.850007e+02	3.549990e+02	
4.700000e+02	1.120375e+02	4.270000e+02	1.119625e+02	
5.660125e+02	137	5.060042e+02	137	
431	155	431	155	
4.579945e+02	1.588148e+02	3.930062e+02	1.604031e+02	
4.829964e+02	161	4.399848e+02	161	
5.980000e+02	1.360271e+02	5.670000e+02	1.359729e+02	
3.830000e+02	1.740262e+02	3.530000e+02	1.739738e+02	
4.260000e+02	1.110227e+02	4.000000e+02	1.109773e+02	
518	189	518	189	
2.060000e+02	2.930227e+02	1.800000e+02	2.929773e+02	
4.110000e+02	3.510209e+02	3.870000e+02	3.509791e+02	
5.160000e+02	1.810192e+02	4.940000e+02	1.809808e+02	
3.160000e+02	3.630192e+02	2.940000e+02	3.629808e+02	
5.510244e+02	22	5.240059e+02	22	
5.250000e+02	1.130183e+02	5.040000e+02	1.129817e+02	
5.159897e+02	194	4.939669e+02	194	
3.629930e+02	1.569105e+02	3.290134e+02	1.584535e+02	
2.820000e+02	1.690166e+02	2.630000e+02	1.689834e+02	
8.399999e+01	1.460157e+02	6.600001e+01	1.459843e+02	
3.120000e+02	1.860148e+02	2.950000e+02	1.859852e+02	
3.609876e+02	244	3.429599e+02	244	
5.770369e+02	257	5.580106e+02	257	
5.490000e+02	1.260140e+02	5.330000e+02	1.259860e+02	
3.619870e+02	198	3.449576e+02	198	
2.919905e+02	248	2.729642e+02	248	
2.000000e+02	1.730131e+02	1.850000e+02	1.729869e+02	
1.130339e+02	117	9.400765e+01	117	
6.010000e+02	1.340122e+02	5.870000e+02	1.339878e+02	
2.000000e+02	1.710122e+02	1.860000e+02	1.709878e+02	
5.150000e+02	1.880122e+02	5.010000e+02	1.879878e+02	
1.570000e+02	1.460113e+02	1.440000e+02	1.459887e+02	
2.204185e+01	153	6.010634e+00	153	
4.997572e+01	1.625131e+02	3.000710e+01	1.640145e+02	
4.850000e+02	1.930113e+02	4.720000e+02	1.929887e+02	
3.440000e+02	2.000113e+02	3.310000e+02	1.999887e+02	
8.799999e+01	2.200113e+02	7.500001e+01	2.199887e+02	
2.340000e+02	4.050113e+02	2.210000e+02	4.049887e+02	
5.560000e+02	1.150105e+02	5.440000e+02	1.149895e+02	
6.150000e+02	1.630105e+02	6.030000e+02	1.629895e+02	
3.810000e+02	1.880105e+02	3.690000e+02	1.879895e+02	
2.060490e+02	304	1.920133e+02	304	
6.070000e+02	3.170105e+02	5.950000e+02	3.169895e+02	
5.450000e+02	9.900960e+01	5.340000e+02	9.899040e+01	
5.490000e+02	1.200096e+02	5.380000e+02	1.199904e+02	
5.210156e+02	123	4.730052e+02	123	
4.860000e+02	1.590096e+02	4.750000e+02	1.589904e+02	
6.140000e+02	1.760096e+02	6.030000e+02	1.759904e+02	
4.840000e+02	1.890096e+02	4.730000e+02	1.889904e+02	
4.580000e+02	1.930096e+02	4.470000e+02	1.929904e+02	
2.970000e+02	3.780096e+02	2.860000e+02	3.779904e+02	
5.220000e+02	4.190096e+02	5.110000e+02	4.189904e+02	
3.760000e+02	4.230096e+02	3.650000e+02	4.229904e+02	
9.099999e+01	4.760096e+02	8.000001e+01	4.759904e+02	
5.929919e+02	2.800267e+01	5.780330e+02	2.949578e+01	
3.380000e+02	2.030087e+02	3.280000e+02	2.029913e+02	
3.590000e+02	2.120087e+02	3.490000e+02	2.119913e+02	
3.930641e+02	249	3.820187e+02	249	
5.760000e+02	2.520087e+02	5.660000e+02	2.519913e+02	
2.610563e+02	266	2.490147e+02	266	
6.060000e+02	3.020087e+02	5.960000e+02	3.019913e+02	
3.860000e+02	3.500087e+02	3.760000e+02	3.499913e+02	
1.099999e+01	1.300079e+02	2.000007e+00	1.299921e+02	
5.830000e+02	1.340079e+02	5.740000e+02	1.339921e+02	
1.405398e+01	159	2.012389e+00	159	
4.200000e+02	1.920079e+02	4.110000e+02	1.919921e+02	
3.600000e+02	2.100079e+02	3.510000e+02	2.099921e+02	
1.520000e+02	2.150079e+02	1.430000e+02	2.149921e+02	
8.797397e+01	2.225771e+02	7.201390e+01	2.240858e+02	
3.070000e+02	2.250079e+02	2.980000e+02	2.249921e+02	
5.080000e+02	2.310079e+02	4.990000e+02	2.309921e+02	
2.580000e+02	2.340079e+02	2.490000e+02	2.339921e+02	
2.580000e+02	2.360079e+02	2.490000e+02	2.359921e+02	
342	237	342	237	
5.950000e+02	2.780079e+02	5.860000e+02	2.779921e+02	
6.240000e+02	3.020079e+02	6.150000e+02	3.019921e+02	
1.909799e+02	303	1.809300e+02	303	
4.550000e+02	1.200070e+02	4.470000e+02	1.199930e+02	
6.309688e+02	1.805618e+02	6.170179e+02	1.821020e+02	
2.959871e+02	183	2.849418e+02	183	
4.570000e+02	1.890070e+02	4.490000e+02	1.889930e+02	
3.050000e+02	1.900070e+02	2.970000e+02	1.899930e+02	
4.399836e+02	193	4.299337e+02	193	
1.520000e+02	2.180070e+02	1.440000e+02	2.179930e+02	
3.270000e+02	2.350070e+02	3.190000e+02	2.349930e+02	
3.840000e+02	2.440070e+02	3.760000e+02	2.439930e+02	
3.070000e+02	3.870070e+02	2.990000e+02	3.869930e+02	
5.999999e+01	3.970070e+02	5.200001e+01	3.969930e+02	
5.397624e+01	69	4.591399e+01	69	
5.330000e+02	1.080061e+02	5.260000e+02	1.079939e+02	
4.550000e+02	1.080044e+02	4.500000e+02	1.079956e+02	
6.160000e+02	1.120061e+02	6.090000e+02	1.119939e+02	
4.470000e+02	1.140061e+02	4.400000e+02	1.139939e+02	
6.130000e+02	1.150061e+02	6.060000e+02	1.149939e+02	
4.500000e+02	1.160061e+02	4.430000e+02	1.159939e+02	
6.010000e+02	1.180061e+02	5.940000e+02	1.179939e+02	
4.250000e+02	1.230061e+02	4.180000e+02	1.229939e+02	
4.999999e+01	1.360061e+02	4.300001e+01	1.359939e+02	
5.630000e+02	1.540061e+02	5.560000e+02	1.539939e+02	
3.630000e+02	1.550061e+02	3.560000e+02	1.549939e+02	
4.460000e+02	1.640061e+02	4.390000e+02	1.639939e+02	
2.750000e+02	1.740061e+02	2.680000e+02	1.739939e+02	
5.599999e+01	1.810061e+02	4.900001e+01	1.809939e+02	
4.549877e+02	2.160072e+02	4.450534e+02	2.175274e+02	
5.779826e+02	232	5.689272e+02	232	
3.270000e+02	2.330061e+02	3.200000e+02	2.329939e+02	
6.060000e+02	2.890061e+02	5.990000e+02	2.889939e+02	
2.900000e+02	3.510061e+02	2.830000e+02	3.509939e+02	
8.100000e+01	6.700524e+01	7.500000e+01	6.699476e+01	
2.830000e+02	9.000524e+01	2.770000e+02	8.999476e+01	
4.409735e+02	1.248652e+02	4.300383e+02	1.264215e+02	
5.639876e+02	1.260088e+02	5.550538e+02	1.274877e+02	
4.390002e+02	1.310009e+02	4.289998e+02	1.329991e+02	
5.050000e+02	1.320052e+02	4.990000e+02	1.319948e+02	
6.000000e+01	1.360052e+02	5.400000e+01	1.359948e+02	
4.979735e+02	1.358652e+02	4.870383e+02	1.374215e+02	
5.049524e+02	1.377259e+02	4.919307e+02	1.395792e+02	
2.300000e+02	1.590052e+02	2.240000e+02	1.589948e+02	
4.920000e+02	1.640052e+02	4.860000e+02	1.639948e+02	
4.390000e+02	1.760052e+02	4.330000e+02	1.759948e+02	
4.590000e+02	1.760052e+02	4.530000e+02	1.759948e+02	
387	179	387	179	
3.760000e+02	1.920052e+02	3.700000e+02	1.919948e+02	
5.603690e+01	201	3.701061e+01	201	
401	248	401	248	
6.130000e+02	3.030052e+02	6.070000e+02	3.029948e+02	
3.070000e+02	3.560052e+02	3.010000e+02	3.559948e+02	
6.500000e+01	3.870052e+02	5.900000e+01	3.869948e+02	
3.810000e+02	4.110052e+02	3.750000e+02	4.109948e+02	
5.179460e+02	2.255549e+01	5.100136e+02	2.399704e+01	
2.830000e+02	8.800436e+01	2.780000e+02	8.799564e+01	
4.220000e+02	1.160044e+02	4.170000e+02	1.159956e+02	
5.500744e+02	117	5.400246e+02	117	
4.330000e+02	1.200044e+02	4.280000e+02	1.199956e+02	
288	123	288	123	
6.100000e+01	1.380044e+02	5.600000e+01	1.379956e+02	
1.260000e+02	1.550044e+02	1.210000e+02	1.549956e+02	
6.160568e+02	1.533211e+02	6.040581e+02	1.553290e+02	
5.450440e+02	157	5.280146e+02	157	
1.410000e+02	1.670044e+02	1.360000e+02	1.669956e+02	
6.140000e+02	1.790044e+02	6.090000e+02	1.789956e+02	
3.400000e+02	2.090044e+02	3.350000e+02	2.089956e+02	
6.369769e+02	2.148689e+02	6.260285e+02	2.163298e+02	
5.639806e+02	221	5.569096e+02	221	
4.180000e+02	2.290044e+02	4.130000e+02	2.289956e+02	
6.060000e+02	2.340044e+02	6.010000e+02	2.339956e+02	
4.810000e+02	2.430044e+02	4.760000e+02	2.429956e+02	
5.849450e+02	2.607698e+02	5.679995e+02	2.649948e+02	
5.869714e+02	264	5.808886e+02	264	
4.060000e+02	2.670044e+02	4.010000e+02	2.669956e+02	
1.660000e+02	2.920044e+02	1.610000e+02	2.919956e+02	
6.369460e+02	2.975555e+02	6.290136e+02	2.989970e+02	
2.960000e+02	3.870044e+02	2.910000e+02	3.869956e+02	
4.140000e+02	3.960044e+02	4.090000e+02	3.959956e+02	
2.370000e+02	4.660044e+02	2.320000e+02	4.659956e+02	
7.921019e+00	7.852104e+01	2.018941e+00	7.999259e+01	
8.796837e+01	92	8.286935e+01	92	
6.388496e+02	1.114707e+02	6.208562e+02	1.164946e+02	
4.560000e+02	1.160035e+02	4.520000e+02	1.159965e+02	
1.706282e+01	1.392390e+02	1.999778e+00	1.429947e+02	
5.779865e+02	1.420036e+02	5.710525e+02	1.433892e+02	
3.900000e+01	1.720035e+02	3.500000e+01	1.719965e+02	
3.900000e+01	1.740035e+02	3.500000e+01	1.739965e+02	
6.220000e+02	1.780035e+02	6.180000e+02	1.779965e+02	
2.950000e+02	2.210035e+02	2.910000e+02	2.209965e+02	
2.950000e+02	2.230035e+02	2.910000e+02	2.229965e+02	
4.499979e+02	2.290013e+02	4.380682e+02	2.313851e+02	
6.390000e+02	2.470035e+02	6.350000e+02	2.469965e+02	
1.789684e+02	256	1.738694e+02	256	
6.080954e+02	3.104076e+02	5.950502e+02	3.132043e+02	
6.059548e+02	3.198101e+02	5.980488e+02	3.213899e+02	
3.660000e+02	3.990035e+02	3.620000e+02	3.989965e+02	
2.540000e+02	4.670035e+02	2.500000e+02	4.669965e+02	
4.760000e+02	4.670035e+02	4.720000e+02	4.669965e+02	
3.750000e+02	4.700035e+02	3.710000e+02	4.699965e+02	
27	62	27	62	
6.349614e+02	1.148605e+02	6.200386e+02	1.191395e+02	
6.139503e+02	1.357817e+02	6.049528e+02	1.377929e+02	
5.499507e+02	1.616757e+02	5.440144e+02	1.630026e+02	
4.729507e+02	1.726757e+02	4.670144e+02	1.740026e+02	
4.809507e+02	1.796757e+02	4.750144e+02	1.810026e+02	
3.141578e+02	182	3.100347e+02	182	
4.929507e+02	1.956757e+02	4.870144e+02	1.970026e+02	
4.928887e+02	2.416747e+02	4.810025e+02	2.460009e+02	
1.669507e+02	2.596757e+02	1.610144e+02	2.610026e+02	
8.900134e+01	2.840042e+02	6.999866e+01	2.899958e+02	
8.882032e+01	2.863995e+02	7.109385e+01	2.922964e+02	
5.399483e+01	2.899960e+02	4.589235e+01	2.927071e+02	
2.289856e+02	3.849974e+02	2.230493e+02	3.863243e+02	
6.159919e+02	1.230010e+02	6.087830e+02	1.266110e+02	
3.199500e+01	1.469995e+02	2.318861e+01	1.514094e+02	
5.651453e+02	1.442343e+02	5.464495e+02	1.567029e+02	
2.221599e+02	1.783600e+02	2.151600e+02	1.813601e+02	
5.129981e+02	1.960027e+02	5.060902e+02	1.983006e+02	
4.569966e+02	2.330014e+02	4.491435e+02	2.363672e+02	
1.529075e+02	2.637012e+02	1.430010e+02	2.669966e+02	
1.509098e+02	2.666994e+02	1.440019e+02	2.689973e+02	
5.510541e+01	2.973047e+02	3.499909e+01	3.039932e+02	
2.688489e+01	3.196811e+02	1.885062e+00	3.286816e+02	
2.299602e+01	3.239881e+02	2.003981e+00	3.310119e+02	
9.299764e+01	3.539960e+02	7.100236e+01	3.670040e+02	
4.848074e+02	1.647143e+02	4.741926e+02	1.722857e+02	
2.457520e+02	2.645726e+02	2.142480e+02	2.834274e+02	
2.590012e+02	2.730016e+02	2.249988e+02	2.989984e+02	
1.799249e+02	3.048723e+02	1.270751e+02	3.361277e+02	
2.190220e+02	3.040287e+02	1.978049e+00	4.699713e+02	
1.542097e+02	3.063912e+02	1.430059e+02	3.120016e+02	
1.650033e+02	3.110056e+02	1.549967e+02	3.169944e+02	
1.349985e+02	3.169970e+02	1.250015e+02	3.220030e+02	
1.102138e+02	3.303891e+02	9.978623e+01	3.356109e+02	
8.878443e+01	3.385777e+02	7.500278e+01	3.459984e+02	
9.377757e+01	3.385787e+02	7.100072e+01	3.509970e+02	
1.240260e+02	3.380444e+02	3.023763e+01	3.943981e+02	
1.110043e+02	3.430068e+02	9.999566e+01	3.499932e+02	
6.113783e+01	3.562520e+02	3.586217e+01	3.697480e+02	
6.617265e+01	3.702880e+02	3.609011e+01	3.881497e+02	
2.704438e+01	4.040698e+02	1.955620e+00	4.199302e+02	
3.081670e+01	4.207269e+02	1.718330e+01	4.302731e+02	
3.184434e+01	4.227666e+02	1.847807e+00	4.427718e+02	
6.125228e+01	3.549976e+02	5.954186e+01	1.590025e+02	
90	2.480098e+02	90	1.730032e+02	
1.185759e+02	3.249935e+02	1.169353e+02	2.310025e+02	
2.919906e+01	4.009981e+02	2.664386e+01	1.570033e+02	
3.502282e+02	1.459925e+02	3.473055e+02	5.299001e+01	
34	3.670256e+02	34	3.390077e+02	
185	2.530024e+02	185	1.569816e+02	
633	1.949873e+02	633	1.799540e+02	
58	3.549975e+02	58	2.809907e+02	
214	222	214	211	
9.099733e+01	2.789919e+02	8.950422e+01	2.640330e+02	
8.230518e+00	1.259749e+02	6.001527e+00	1.070004e+02	
5.227225e+01	2.759590e+02	5.056788e+01	2.579286e+02	
2.254735e+02	2.600347e+02	2.236910e+02	2.260226e+02	
232	2.470131e+02	232	2.660394e+02	
346	2.130622e+02	346	2.010206e+02	
560	3.000622e+02	560	2.880206e+02	
630	6.602058e+01	630	7.806218e+01	
8.711367e+01	2.069803e+02	8.559247e+01	1.940309e+02	
213	2.450498e+02	213	2.300165e+02	
2.489993e+02	1.829895e+02	2.475385e+02	1.720412e+02	
1.524215e+02	2.059617e+02	1.508652e+02	1.950265e+02	
276	1.870971e+02	276	1.800260e+02	
3.977306e+02	3.870606e+02	3.903655e+02	3.561453e+02	
5.444451e+01	1.899460e+02	5.300296e+01	1.820136e+02	
5.444451e+01	1.989460e+02	5.300296e+01	1.910136e+02	
214	1.650904e+02	214	1.580194e+02	
4.196180e+02	4.788606e+02	3.992532e+02	3.899434e+02	
429	3.990904e+02	429	3.920194e+02	
534	7.509042e+01	534	6.801935e+01	
5.749986e+02	2.139948e+02	5.733501e+02	2.049239e+02	
3.347896e+01	2.079210e+02	3.200741e+01	2.020189e+02	
123	322	123	318	
3.881906e+02	3.479529e+02	3.692726e+02	2.709327e+02	
3.941151e+02	4.789828e+02	3.630311e+02	2.709954e+02	
4.164685e+02	3.688897e+02	4.142381e+02	3.599440e+02	
5.843176e+02	7.929416e+01	5.803178e+02	6.929406e+01	
6.173892e+02	1.709475e+02	6.160036e+02	1.640135e+02	
6.272317e+02	2.669456e+02	6.235311e+02	2.521030e+02	
6.329885e+02	2.729931e+02	6.260107e+02	2.543301e+02	
4.215977e+02	3.728151e+02	4.150067e+02	3.530020e+02	
4.388872e+02	4.100472e+02	4.257525e+02	3.791040e+02	
4.443200e+02	4.458881e+02	4.350001e+02	4.200010e+02	
5.293761e+02	2.259798e+02	5.276514e+02	2.840920e+02	
4.663526e+02	4.758588e+02	4.556474e+02	4.501412e+02	
4.698276e+02	4.790693e+02	4.658278e+02	4.690692e+02	
6.268288e+02	2.740723e+02	6.231712e+02	2.649277e+02	
4.389894e+02	3.070027e+02	4.265118e+02	2.913723e+02	
4.420009e+02	3.069993e+02	4.289991e+02	2.910007e+02	
4.528496e+02	3.341140e+02	4.271504e+02	2.998860e+02	
5.821417e+02	4.788846e+02	5.348583e+02	4.211154e+02	
5.579155e+02	4.340686e+02	5.375847e+02	4.103482e+02	
5.850400e+02	4.789659e+02	5.374668e+02	4.204271e+02	
5.628505e+02	4.791131e+02	5.341495e+02	4.408869e+02	
5.939084e+02	4.690849e+02	5.790916e+02	4.529151e+02	
6.260013e+02	2.829991e+02	6.159987e+02	2.680009e+02	
93	338	93	164	
113	317	113	175	
138	314	138	178	
155	1.729945e+02	155	3.049983e+02	
111	276	111	176	
101	280	101	182	
103	279	103	181	
203	253	203	155	
115	277	115	184	
57	1.780019e+02	57	2.800068e+02	
127	271	127	183	
182	262	182	179	
132	1.909914e+02	132	2.699977e+02	
118	230	118	168	
236	1.870026e+02	236	2.570097e+02	
172	1.689892e+02	172	2.339969e+02	
153	262	153	207	
91	338	91	288	
170	222	170	173	
111	327	111	279	
169	297	169	249	
124	2.740088e+02	124	1.890029e+02	
127	320	127	275	
132	316	132	272	
159	302	159	258	
247	2.059865e+02	247	2.569963e+02	
136	268	136	225	
4.682707e+02	2.430060e+02	4.659736e+02	3.369992e+02	
219	247	219	207	
261	255	261	215	
101	319	101	282	
171	293	171	257	
103	318	103	283	
115	313	115	279	
202	292	202	258	
160	1.810064e+02	160	2.160206e+02	
265	1.990069e+02	265	2.330216e+02	
33	287	33	255	
184	290	184	258	
2.062044e+02	1.850063e+02	2.045812e+02	2.469931e+02	
124	2.770067e+02	124	3.100218e+02	
2.604064e+02	1.709785e+02	2.587826e+02	2.329895e+02	
346	474	346	444	
363	2.059785e+02	363	2.389937e+02	
461	2.539870e+02	461	3.230160e+02	
168	247	168	218	
241	2.029756e+02	241	2.329922e+02	
276	221	276	192	
361	2.070071e+02	361	2.380232e+02	
4.652512e+02	2.690069e+02	4.626117e+02	3.319834e+02	
6.385074e+02	1.160192e+02	6.352144e+02	1.980079e+02	
422	1.909777e+02	422	2.219938e+02	
4.582411e+02	2.540068e+02	4.557275e+02	3.339924e+02	
618	1.200062e+02	618	1.510223e+02	
33	191	33	165	
64	145	64	119	
69	194	69	168	
4.269990e+02	2.480004e+02	4.252275e+02	2.870114e+02	
344	468	344	443	
5.838857e+02	1.379949e+02	5.818424e+02	1.829929e+02	
5.860514e+02	1.380025e+02	5.838510e+02	1.829931e+02	
69	288	69	264	
4.225876e+02	2.459794e+02	4.208687e+02	2.869921e+02	
5.332988e+02	2.280114e+02	5.309941e+02	2.829995e+02	
5.344930e+02	3.169740e+02	5.305801e+02	3.969783e+02	
142	1.719732e+02	142	1.979924e+02	
2.390215e+02	1.870047e+02	2.374785e+02	2.209844e+02	
262	214	262	191	
3.592021e+02	9.200881e+01	3.569391e+02	1.399971e+02	
424	2.479771e+02	424	2.769943e+02	
5.246690e+02	3.080328e+02	5.191675e+02	4.130077e+02	
5.281522e+02	3.670085e+02	5.263915e+02	4.090192e+02	
2.700372e+02	1.980055e+02	2.684820e+02	2.309840e+02	
344	238	344	216	
4.273838e+02	1.850085e+02	4.258130e+02	2.299922e+02	
29	130	29	109	
135	214	135	193	
141	2.819669e+02	141	3.039897e+02	
214	1.840065e+02	214	2.100257e+02	
271	234	271	213	
295	211	295	190	
346	2.149711e+02	346	2.389919e+02	
403	227	403	206	
4.091444e+02	1.890078e+02	4.075787e+02	2.279892e+02	
4.204030e+02	2.460098e+02	4.188286e+02	2.869918e+02	
463	206	463	185	
5.292963e+02	3.120126e+02	5.269391e+02	3.619970e+02	
5.341490e+02	3.640068e+02	5.318510e+02	4.109932e+02	
5.414762e+02	1.810139e+02	5.398878e+02	2.159921e+02	
5.674579e+02	1.450128e+02	5.658870e+02	1.809925e+02	
159	164	159	144	
278	212	278	192	
347	436	347	416	
5.392257e+02	2.300097e+02	5.368214e+02	2.809922e+02	
5.856121e+02	3.620341e+02	5.812170e+02	4.360117e+02	
4.000000e+00	114	4.000000e+00	95	
275	2.229664e+02	275	2.439902e+02	
5.232482e+02	3.710127e+02	5.213408e+02	4.130170e+02	
136	289	136	271	
238	243	238	225	
259	2.380118e+02	259	2.570381e+02	
505	430	505	412	
5.664618e+02	3.390244e+02	5.610399e+02	4.360017e+02	
97	277	97	260	
225	225	225	225	
425	2.299181e+02	425	1.848737e+02	
460	202	460	185	
470	198	470	181	
525	1.890106e+02	525	2.080369e+02	
5.381086e+02	3.520077e+02	5.344240e+02	4.140272e+02	
5.414098e+02	3.599646e+02	5.396806e+02	3.980436e+02	
5.696226e+02	3.499779e+02	5.657644e+02	4.189860e+02	
6.039228e+02	1.129964e+02	5.995911e+02	1.929791e+02	
27	106	27	90	
134	267	134	251	
134	303	134	287	
171	254	171	238	
233	1.850078e+02	233	2.170234e+02	
347	370	347	354	
405	217	405	201	
5.821036e+02	3.550067e+02	5.760896e+02	4.480058e+02	
277	240	277	225	
345	435	345	420	
348	404	348	389	
453	356	453	341	
537	231	537	216	
538	206	538	191	
5.444837e+02	3.670203e+02	5.429336e+02	3.909911e+02	
5.711580e+02	3.770088e+02	5.687235e+02	4.179853e+02	
6.230521e+02	3.750039e+02	6.175999e+02	4.529736e+02	
95	1.329604e+02	95	1.499898e+02	
144	207	144	193	
157	163	157	149	
238	2.479567e+02	238	2.639879e+02	
2.655001e+02	2.340238e+02	2.639969e+02	2.549938e+02	
402	249	402	235	
459	450	459	436	
69	248	69	235	
170	237	170	224	
179	292	179	279	
452	4.499490e+02	452	4.639846e+02	
511	4.199540e+02	511	4.349873e+02	
517	394	517	381	
535	271	535	258	
34	386	34	374	
219	267	219	255	
223	199	223	187	
4.073974e+02	2.370166e+02	4.058055e+02	2.609847e+02	
429	207	429	195	
453	278	453	266	
462	243	462	231	
572	367	572	355	
634	173	634	161	
6.361912e+02	1.170234e+02	6.345993e+02	1.430516e+02	
66	140	66	129	
99	195	99	184	
103	332	103	321	
232	235	232	224	
2.486592e+02	1.849657e+02	2.469074e+02	2.049890e+02	
273	223	273	212	
516	411	516	400	
5.232228e+02	2.330111e+02	5.160804e+02	3.740040e+02	
529	402	529	391	
619	117	619	106	
31	130	31	120	
7.438328e+01	1.900189e+02	7.284698e+01	2.099848e+02	
243	217	243	207	
281	213	281	203	
4.064093e+02	2.810215e+02	4.048503e+02	2.999838e+02	
420	318	420	308	
465	2.550187e+02	465	2.660641e+02	
70	349	70	340	
123	1.769391e+02	123	1.879844e+02	
239	178	239	169	
242	196	242	187	
245	217	245	208	
2.835636e+02	1.830109e+02	2.819613e+02	2.369964e+02	
349	370	349	361	
400	277	400	268	
406	227	406	218	
459	3.239241e+02	459	3.360896e+02	
4.673918e+02	1.850217e+02	4.658206e+02	2.029809e+02	
530	412	530	403	
536	172	536	163	
573	1.680124e+02	573	1.800540e+02	
602	189	602	180	
6.175238e+02	4.570408e+02	6.160026e+02	4.699901e+02	
6.255238e+02	1.390408e+02	6.240026e+02	1.519901e+02	
2.000000e+00	127	2.000000e+00	119	
4	169	4.000000e+00	161	
69	368	69	360	
279	229	279	221	
280	238	280	230	
349	358	349	350	
404	244	404	236	
421	231	421	223	
424	318	424	310	
452	365	452	357	
530	1.899228e+02	530	1.989782e+02	
536	245	536	237	
6.269960e+02	6.600173e+01	6.252819e+02	7.804589e+01	
153	275	153	268	
485	187	485	180	
520	188	520	181	
531	1.810238e+02	531	1.890860e+02	
586	4.039272e+02	586	4.129826e+02	
4	90	4	84	
7	9.502602e+01	7	1.020971e+02	
130	199	130	193	
242	260	242	254	
3.609912e+02	8.201242e+01	3.595123e+02	9.094621e+01	
391	200	391	194	
4.524877e+02	2.970538e+02	4.510088e+02	3.059876e+02	
518	374	518	368	
523	186	523	180	
5.791348e+02	6.602654e+01	5.775785e+02	7.696171e+01	
623	180	623	174	
626	132	626	126	
98	227	98	227	
141	146	141	141	
180	1.770050e+02	180	2.270150e+02	
360	300	360	295	
584	195	584	190	
54	174	54	170	
1.423892e+02	2.740525e+02	1.410036e+02	2.809865e+02	
2.289964e+02	2.180135e+02	2.276108e+02	2.249475e+02	
2.943899e+02	4.710488e+02	2.928101e+02	4.789548e+02	
3.050012e+02	4.210006e+02	2.987935e+02	4.499569e+02	
3.089990e+02	4.020005e+02	3.068082e+02	4.129641e+02	
3.156236e+02	3.709075e+02	3.139936e+02	3.789910e+02	
3.200039e+02	3.490011e+02	3.178330e+02	3.619737e+02	
4.006236e+02	1.790750e+01	3.989936e+02	2.599103e+01	
5.319964e+02	6.801353e+01	5.306108e+02	7.494752e+01	
7	106	7	103	
3.133243e+02	3.820493e+02	3.119974e+02	3.879856e+02	
4.162173e+02	2.069831e+00	3.687827e+02	1.489302e+02	
5.359953e+02	1.822077e+02	5.297912e+02	2.121661e+02	
6.287411e+02	3.279156e+02	6.269978e+02	3.339952e+02	
2.493298e+02	4.661282e+02	2.443383e+02	4.791315e+02	
2.552424e+02	4.511016e+02	2.501211e+02	4.630503e+02	
2.721569e+02	4.080619e+02	2.571840e+02	4.460727e+02	
2.930902e+02	3.490355e+02	2.419098e+02	4.789645e+02	
2.803325e+02	3.871212e+02	2.750049e+02	4.009999e+02	
4.430263e+02	2.011916e+00	3.849737e+02	1.299881e+02	
4.069972e+02	1.900274e+01	4.005749e+02	3.078212e+01	
4.096400e+02	1.840099e+00	4.066399e+02	8.840025e+00	
1.508423e+02	4.638848e+02	1.396738e+02	4.787598e+02	
1.549992e+02	4.619994e+02	1.420008e+02	4.790006e+02	
2.203508e+02	4.322020e+02	1.930854e+02	4.790486e+02	
2.084374e+02	4.492502e+02	1.990100e+02	4.650022e+02	
2.169941e+02	4.339966e+02	2.100059e+02	4.460034e+02	
2.308525e+02	4.089401e+02	2.224950e+02	4.292170e+02	
2.471984e+02	3.811122e+02	2.342289e+02	4.041294e+02	
2.784268e+02	3.272199e+02	2.730065e+02	3.369984e+02	
5.206110e+02	2.067830e+02	5.170010e+02	2.139919e+02	