3.280257568359375000e+02 1.254263305664062500e+02 3.000258789062500000e+02 1.290822143554687500e+02
3.122567443847656250e+02 9.623224639892578125e+01 3.324804382324218750e+02 1.061260757446289062e+02
2.524378204345703125e+02 7.500028991699218750e+01 2.515250244140625000e+02 9.750297546386718750e+01
3.324804382324218750e+02 1.061260757446289062e+02 3.600497741699218750e+02 1.201926498413085938e+02
2.500000915527343750e+02 1.209546966552734375e+02 2.515250244140625000e+02 9.750297546386718750e+01
3.270900878906250000e+02 3.270718078613281250e+02 3.501126098632812500e+02 3.290831604003906250e+02
2.974454345703125000e+02 6.479833984375000000e+01 3.137218627929687500e+02 7.767835235595703125e+01
3.201881713867187500e+02 3.581192321777343750e+02 3.387471008300781250e+02 3.585070190429687500e+02
2.974454345703125000e+02 6.479833984375000000e+01 2.811537780761718750e+02 5.250235748291015625e+01
2.212101593017578125e+02 1.407104949951171875e+02 2.437572631835937500e+02 1.387505645751953125e+02
5.022871093750000000e+02 3.535159606933593750e+02 5.200000000000000000e+02 3.512169799804687500e+02
3.000038757324218750e+02 2.714194335937500000e+02 2.987520751953125000e+02 3.098336181640625000e+02
3.270900878906250000e+02 3.270718078613281250e+02 3.360370483398437500e+02 3.403074340820312500e+02
3.868205566406250000e+02 3.102966308593750000e+02 3.737606506347656250e+02 3.301517028808593750e+02
3.270900878906250000e+02 3.270718078613281250e+02 3.363246459960937500e+02 3.075235900878906250e+02
5.610989379882812500e+02 3.900099487304687500e+02 5.650004882812500000e+02 3.701771545410156250e+02
5.336105957031250000e+02 3.490270996093750000e+02 5.200000000000000000e+02 3.512169799804687500e+02
3.868205566406250000e+02 3.102966308593750000e+02 3.721359863281250000e+02 3.082797851562500000e+02
3.601811523437500000e+02 1.023456115722656250e+02 4.022015991210937500e+02 9.750006103515625000e+01
3.601811523437500000e+02 1.023456115722656250e+02 3.600497741699218750e+02 1.201926498413085938e+02
3.122567443847656250e+02 9.623224639892578125e+01 3.137218627929687500e+02 7.767835235595703125e+01
6.311624145507812500e+02 3.900008239746093750e+02 6.087641601562500000e+02 3.918141174316406250e+02
2.802224731445312500e+02 3.413595581054687500e+02 2.950004577636718750e+02 3.413198852539062500e+02
3.600497741699218750e+02 1.201926498413085938e+02 3.750007324218750000e+02 1.340522613525390625e+02
3.324804382324218750e+02 1.061260757446289062e+02 2.737399597167968750e+02 1.171700515747070312e+02
4.214071350097656250e+02 3.740605163574218750e+02 4.223203735351562500e+02 3.637500305175781250e+02
1.566311798095703125e+02 2.877693481445312500e+02 1.585159454345703125e+02 2.550023803710937500e+02
6.311624145507812500e+02 3.900008239746093750e+02 6.260254516601562500e+02 3.685949096679687500e+02
3.100964965820312500e+02 3.416935119628906250e+02 2.950004577636718750e+02 3.413198852539062500e+02
2.357929077148437500e+02 3.535024108886718750e+02 2.660150756835937500e+02 3.543606262207031250e+02
5.022871093750000000e+02 3.535159606933593750e+02 4.812222290039062500e+02 3.562514953613281250e+02
3.100964965820312500e+02 3.416935119628906250e+02 3.360370483398437500e+02 3.403074340820312500e+02
4.012285766601562500e+02 3.321885986328125000e+02 3.737606506347656250e+02 3.301517028808593750e+02
5.887682495117187500e+02 3.403133239746093750e+02 5.616723022460937500e+02 3.412500000000000000e+02
3.000038757324218750e+02 2.714194335937500000e+02 3.009332885742187500e+02 2.490332794189453125e+02
2.428768920898437500e+02 1.753046569824218750e+02 2.250000915527343750e+02 1.770811004638671875e+02
3.111806488037109375e+01 2.896677551269531250e+02 3.267979812622070312e+01 2.625004882812500000e+02
1.212317733764648438e+02 3.588801269531250000e+02 1.187359313964843750e+02 3.787507629394531250e+02
2.674053344726562500e+02 3.103113708496093750e+02 2.815567626953125000e+02 3.103153076171875000e+02
1.825352630615234375e+02 3.328037109375000000e+02 1.561878662109375000e+02 3.328110046386718750e+02
2.772743835449218750e+02 1.979218673706054688e+01 2.777461242675781250e+02 5.182698369026184082e-03
2.212101593017578125e+02 1.407104949951171875e+02 1.834948883056640625e+02 1.500003509521484375e+02
4.656337738037109375e+01 3.628057250976562500e+02 8.001840209960937500e+01 3.628029479980468750e+02
3.601811523437500000e+02 1.023456115722656250e+02 3.137218627929687500e+02 7.767835235595703125e+01
7.030737304687500000e+01 2.887617492675781250e+02 5.374269866943359375e+01 2.887534179687500000e+02
3.000258789062500000e+02 1.290822143554687500e+02 2.813528442382812500e+02 1.330424957275390625e+02
1.615398864746093750e+02 1.613260345458984375e+02 1.602469177246093750e+02 1.912525024414062500e+02
2.428768920898437500e+02 1.753046569824218750e+02 2.437572631835937500e+02 1.387505645751953125e+02
1.965798645019531250e+02 3.801347351074218750e+02 1.700160064697265625e+02 3.795915222167968750e+02
2.818708496093750000e+02 1.698067626953125000e+02 2.817274780273437500e+02 1.527811737060546875e+02
2.526237640380859375e+02 4.040659179687500000e+02 2.900092163085937500e+02 4.025604248046875000e+02
3.000258789062500000e+02 1.290822143554687500e+02 2.735966186523437500e+02 1.340625152587890625e+02
5.937441406250000000e+02 3.920017089843750000e+02 6.087641601562500000e+02 3.918141174316406250e+02
3.868205566406250000e+02 3.102966308593750000e+02 4.037353210449218750e+02 3.102857055664062500e+02
4.511900024414062500e+02 3.638897399902343750e+02 4.223203735351562500e+02 3.637500305175781250e+02
3.601811523437500000e+02 1.023456115722656250e+02 3.262339477539062500e+02 8.339818572998046875e+01
1.565195617675781250e+02 3.102290954589843750e+02 1.566311798095703125e+02 2.877693481445312500e+02
3.721359863281250000e+02 3.082797851562500000e+02 3.363246459960937500e+02 3.075235900878906250e+02
2.815567626953125000e+02 3.103153076171875000e+02 2.987520751953125000e+02 3.098336181640625000e+02
1.174259872436523438e+02 1.635459594726562500e+02 9.684357452392578125e+01 1.661127166748046875e+02
2.819157714843750000e+02 2.721033630371093750e+02 3.000038757324218750e+02 2.714194335937500000e+02
3.270900878906250000e+02 3.270718078613281250e+02 3.011170043945312500e+02 3.273835754394531250e+02
7.724536895751953125e+01 1.690636291503906250e+02 5.318224334716796875e+01 1.725000305175781250e+02
2.029865417480468750e+02 3.338523254394531250e+02 1.825352630615234375e+02 3.328037109375000000e+02
3.363246459960937500e+02 3.075235900878906250e+02 3.637821655273437500e+02 3.086129760742187500e+02
1.621699218750000000e+02 9.174607086181640625e+01 2.524378204345703125e+02 7.500028991699218750e+01
4.787374267578125000e+02 3.864883422851562500e+02 4.800003662109375000e+02 3.768151245117187500e+02
3.750007324218750000e+02 1.340522613525390625e+02 4.001306762695312500e+02 1.565490570068359375e+02
3.501126098632812500e+02 3.290831604003906250e+02 3.737606506347656250e+02 3.301517028808593750e+02
4.787374267578125000e+02 3.864883422851562500e+02 4.821877746582031250e+02 3.665340270996093750e+02
1.264567489624023438e+02 3.360930786132812500e+02 1.561878662109375000e+02 3.328110046386718750e+02
1.622055816650390625e+02 5.153675842285156250e+01 1.650004577636718750e+02 6.282029724121093750e+01
2.500000915527343750e+02 1.209546966552734375e+02 2.000254974365234375e+02 1.279842834472656250e+02
3.009332885742187500e+02 2.490332794189453125e+02 2.987521057128906250e+02 2.187059478759765625e+02
2.802224731445312500e+02 3.413595581054687500e+02 2.467863464355468750e+02 3.431999816894531250e+02
1.212317733764648438e+02 3.588801269531250000e+02 8.001840209960937500e+01 3.628029479980468750e+02
5.887682495117187500e+02 3.403133239746093750e+02 5.887650756835937500e+02 3.300104370117187500e+02
2.524378204345703125e+02 7.500028991699218750e+01 2.563449401855468750e+02 3.753112792968750000e+01
2.818708496093750000e+02 1.698067626953125000e+02 2.619241638183593750e+02 1.725006256103515625e+02
2.811537780761718750e+02 5.250235748291015625e+01 2.563449401855468750e+02 3.753112792968750000e+01
1.700160064697265625e+02 3.795915222167968750e+02 1.370872192382812500e+02 3.777822875976562500e+02
1.457184553146362305e-03 1.019551467895507812e+02 1.650004577636718750e+02 6.282029724121093750e+01
5.650004882812500000e+02 3.701771545410156250e+02 5.850036010742187500e+02 3.571440734863281250e+02
2.974454345703125000e+02 6.479833984375000000e+01 4.011050720214843750e+02 4.404264831542968750e+01
7.030737304687500000e+01 2.887617492675781250e+02 7.245481872558593750e+01 2.603856506347656250e+02
5.513909301757812500e+02 2.821582031250000000e+02 5.522744140625000000e+02 3.055431518554687500e+02
3.678801879882812500e+02 3.880972900390625000e+02 3.379461669921875000e+02 3.871216430664062500e+02
1.187359313964843750e+02 3.787507629394531250e+02 1.370872192382812500e+02 3.777822875976562500e+02
6.228299560546875000e+02 3.402880249023437500e+02 6.372577514648437500e+02 3.412509765625000000e+02
4.666744689941406250e+02 3.647898254394531250e+02 4.821877746582031250e+02 3.665340270996093750e+02
5.513909301757812500e+02 2.821582031250000000e+02 5.510851440429687500e+02 2.592765502929687500e+02
2.802224731445312500e+02 3.413595581054687500e+02 3.100964965820312500e+02 3.416935119628906250e+02
3.280257568359375000e+02 1.254263305664062500e+02 3.600497741699218750e+02 1.201926498413085938e+02
3.789577484130859375e+01 1.746492919921875000e+02 1.651536750793457031e+01 1.773080139160156250e+02
5.631017684936523438e+01 2.268774261474609375e+02 7.373123931884765625e+01 2.250365447998046875e+02
5.417338867187500000e+02 3.403112792968750000e+02 5.616723022460937500e+02 3.412500000000000000e+02
1.602469177246093750e+02 1.912525024414062500e+02 1.587567291259765625e+02 2.212998046875000000e+02
4.810456848144531250e+02 4.031913757324218750e+02 4.787374267578125000e+02 3.864883422851562500e+02
4.656337738037109375e+01 3.628057250976562500e+02 4.873333358764648438e+01 3.880415039062500000e+02
3.868205566406250000e+02 3.102966308593750000e+02 4.123321533203125000e+02 3.112540893554687500e+02
7.724536895751953125e+01 1.690636291503906250e+02 9.684357452392578125e+01 1.661127166748046875e+02
3.000258789062500000e+02 1.290822143554687500e+02 3.037329711914062500e+02 1.490536041259765625e+02
2.469792327880859375e+02 4.246702575683593750e+02 2.261934509277343750e+02 4.228105468750000000e+02
1.637385559082031250e+02 7.588911437988281250e+01 1.650004577636718750e+02 6.282029724121093750e+01
3.000038757324218750e+02 2.714194335937500000e+02 2.682448120117187500e+02 2.723009948730468750e+02
2.674053344726562500e+02 3.103113708496093750e+02 2.537264251708984375e+02 3.097730102539062500e+02
9.500093078613281250e+01 2.877200317382812500e+02 1.119950714111328125e+02 2.878063964843750000e+02
1.726242370605468750e+02 1.329371795654296875e+02 2.000254974365234375e+02 1.279842834472656250e+02
3.501126098632812500e+02 3.290831604003906250e+02 3.637821655273437500e+02 3.086129760742187500e+02
3.868205566406250000e+02 3.102966308593750000e+02 3.637821655273437500e+02 3.086129760742187500e+02
5.610989379882812500e+02 3.900099487304687500e+02 4.787374267578125000e+02 3.864883422851562500e+02
3.615396423339843750e+02 3.600012512207031250e+02 3.387471008300781250e+02 3.585070190429687500e+02
3.037329711914062500e+02 1.490536041259765625e+02 3.020307312011718750e+02 1.687500915527343750e+02
2.682448120117187500e+02 2.723009948730468750e+02 2.521523895263671875e+02 2.727552185058593750e+02
3.237533874511718750e+02 1.658526916503906250e+02 3.237477111816406250e+02 1.486501770019531250e+02
1.587634124755859375e+02 2.388825378417968750e+02 1.585159454345703125e+02 2.550023803710937500e+02
5.200000000000000000e+02 3.512169799804687500e+02 5.187518920898437500e+02 3.675177612304687500e+02
2.526237640380859375e+02 4.040659179687500000e+02 2.706429748535156250e+02 4.039828186035156250e+02
4.214071350097656250e+02 3.740605163574218750e+02 4.222900390625000000e+02 3.996778869628906250e+02
3.262339477539062500e+02 8.339818572998046875e+01 3.137218627929687500e+02 7.767835235595703125e+01
7.030737304687500000e+01 2.887617492675781250e+02 7.001104736328125000e+01 3.306365356445312500e+02
7.724536895751953125e+01 1.690636291503906250e+02 3.789577484130859375e+01 1.746492919921875000e+02
3.237533874511718750e+02 1.658526916503906250e+02 3.020307312011718750e+02 1.687500915527343750e+02
5.637459716796875000e+02 4.369135131835937500e+02 5.315933837890625000e+02 4.361488037109375000e+02
2.706429748535156250e+02 4.039828186035156250e+02 2.900092163085937500e+02 4.025604248046875000e+02
3.267979812622070312e+01 2.625004882812500000e+02 3.374821472167968750e+01 2.298026885986328125e+02
7.694091796875000000e+01 3.883428955078125000e+02 8.001840209960937500e+01 3.628029479980468750e+02
2.802224731445312500e+02 3.413595581054687500e+02 2.651088867187500000e+02 3.419496765136718750e+02
4.873333358764648438e+01 3.880415039062500000e+02 4.620245361328125000e+01 3.701481018066406250e+02
3.789577484130859375e+01 1.746492919921875000e+02 5.318224334716796875e+01 1.725000305175781250e+02
2.819157714843750000e+02 2.721033630371093750e+02 2.521523895263671875e+02 2.727552185058593750e+02
5.537427978515625000e+02 1.875081024169921875e+02 5.537745361328125000e+02 2.051635742187500000e+02
2.550402832031250000e+02 3.844882812500000000e+02 2.417028808593750000e+02 3.825000305175781250e+02
5.537427978515625000e+02 1.875081024169921875e+02 6.387666015625000000e+02 1.845952453613281250e+02
3.280257568359375000e+02 1.254263305664062500e+02 3.237477111816406250e+02 1.486501770019531250e+02
4.666744689941406250e+02 3.647898254394531250e+02 4.223203735351562500e+02 3.637500305175781250e+02
6.260254516601562500e+02 3.685949096679687500e+02 6.228299560546875000e+02 3.402880249023437500e+02
5.887682495117187500e+02 3.403133239746093750e+02 5.720281372070312500e+02 3.412500915527343750e+02
2.819157714843750000e+02 2.721033630371093750e+02 2.682448120117187500e+02 2.723009948730468750e+02
3.601811523437500000e+02 1.023456115722656250e+02 3.820866088867187500e+02 9.862260437011718750e+01
5.887682495117187500e+02 3.403133239746093750e+02 5.850036010742187500e+02 3.571440734863281250e+02
3.000038757324218750e+02 2.714194335937500000e+02 3.011851196289062500e+02 2.588768615722656250e+02
1.174259872436523438e+02 1.635459594726562500e+02 1.162522506713867188e+02 1.958661956787109375e+02
2.537264251708984375e+02 3.097730102539062500e+02 2.815567626953125000e+02 3.103153076171875000e+02
3.600497741699218750e+02 1.201926498413085938e+02 4.001306762695312500e+02 1.565490570068359375e+02
1.602469177246093750e+02 1.912525024414062500e+02 1.600000762939453125e+02 2.126104431152343750e+02
3.280257568359375000e+02 1.254263305664062500e+02 3.237533874511718750e+02 1.658526916503906250e+02
2.467863464355468750e+02 3.431999816894531250e+02 2.651088867187500000e+02 3.419496765136718750e+02
3.111806488037109375e+01 2.896677551269531250e+02 3.115085220336914062e+01 3.290693969726562500e+02
2.818708496093750000e+02 1.698067626953125000e+02 3.020307312011718750e+02 1.687500915527343750e+02
1.561878662109375000e+02 3.328110046386718750e+02 1.401903686523437500e+02 3.344464416503906250e+02
9.802629089355468750e+01 2.234063110351562500e+02 1.137342224121093750e+02 2.220910491943359375e+02
3.374821472167968750e+01 2.298026885986328125e+02 3.599723434448242188e+01 2.062625885009765625e+02
4.500018005371093750e+02 3.384176025390625000e+02 4.737506713867187500e+02 3.375722656250000000e+02
3.233892822265625000e+02 4.107191162109375000e+02 3.034421386718750000e+02 4.087590026855468750e+02
1.587634124755859375e+02 2.388825378417968750e+02 1.587567291259765625e+02 2.212998046875000000e+02
1.174259872436523438e+02 1.635459594726562500e+02 1.435580291748046875e+02 1.592623291015625000e+02
3.824894714355468750e+02 3.608483276367187500e+02 3.615396423339843750e+02 3.600012512207031250e+02
5.336105957031250000e+02 3.490270996093750000e+02 5.335476074218750000e+02 3.665525817871093750e+02
2.173026123046875000e+02 3.656780090332031250e+02 2.417028808593750000e+02 3.825000305175781250e+02
2.515250244140625000e+02 9.750297546386718750e+01 2.072559814453125000e+02 1.058198471069335938e+02
3.050035400390625000e+02 3.562811889648437500e+02 2.811192626953125000e+02 3.547732543945312500e+02
1.622055816650390625e+02 5.153675842285156250e+01 1.862206420898437500e+02 4.503533172607421875e+01
2.619241638183593750e+02 1.725006256103515625e+02 2.629718322753906250e+02 1.545136260986328125e+02
6.228299560546875000e+02 3.402880249023437500e+02 5.887682495117187500e+02 3.403133239746093750e+02
4.656337738037109375e+01 3.628057250976562500e+02 3.102027893066406250e+01 3.610425109863281250e+02
3.122567443847656250e+02 9.623224639892578125e+01 3.112004394531250000e+02 8.637599182128906250e+01
1.542806625366210938e+01 3.288797607421875000e+02 1.848589324951171875e+01 3.103227233886718750e+02
2.521523895263671875e+02 2.727552185058593750e+02 2.537264251708984375e+02 3.097730102539062500e+02
3.267979812622070312e+01 2.625004882812500000e+02 3.182024383544921875e+01 2.794242553710937500e+02
7.569659423828125000e+01 4.030138549804687500e+02 9.342509460449218750e+01 4.057659912109375000e+02
5.637459716796875000e+02 4.369135131835937500e+02 5.787401733398437500e+02 4.324196166992187500e+02
5.610989379882812500e+02 3.900099487304687500e+02 5.371461791992187500e+02 3.900029907226562500e+02
7.245481872558593750e+01 2.603856506347656250e+02 7.373123931884765625e+01 2.250365447998046875e+02
4.873333358764648438e+01 3.880415039062500000e+02 3.082839584350585938e+01 3.983024597167968750e+02
1.565195617675781250e+02 3.102290954589843750e+02 1.561878662109375000e+02 3.328110046386718750e+02
3.201881713867187500e+02 3.581192321777343750e+02 3.050008544921875000e+02 3.655140380859375000e+02
3.820866088867187500e+02 9.862260437011718750e+01 4.022015991210937500e+02 9.750006103515625000e+01
7.569659423828125000e+01 4.030138549804687500e+02 4.587992858886718750e+01 4.012742004394531250e+02
2.772743835449218750e+02 1.979218673706054688e+01 2.929189453125000000e+02 1.589683914184570312e+01
4.666744689941406250e+02 3.647898254394531250e+02 4.511900024414062500e+02 3.638897399902343750e+02
1.074522733688354492e-03 4.650005798339843750e+02 6.674575042724609375e+01 4.790924377441406250e+02
2.467863464355468750e+02 3.431999816894531250e+02 2.350065460205078125e+02 3.439602966308593750e+02
6.087641601562500000e+02 3.918141174316406250e+02 6.210833129882812500e+02 3.909702758789062500e+02
4.500018005371093750e+02 3.384176025390625000e+02 4.215314025878906250e+02 3.392734069824218750e+02
3.111806488037109375e+01 2.896677551269531250e+02 3.182024383544921875e+01 2.794242553710937500e+02
4.656337738037109375e+01 3.628057250976562500e+02 4.620245361328125000e+01 3.701481018066406250e+02
6.231685791015625000e+02 3.175438232421875000e+02 6.234381103515625000e+02 3.300026550292968750e+02
2.524378204345703125e+02 7.500028991699218750e+01 2.534922637939453125e+02 5.736871337890625000e+01
5.522744140625000000e+02 3.055431518554687500e+02 5.522318115234375000e+02 3.178020019531250000e+02
4.800003662109375000e+02 3.768151245117187500e+02 4.821877746582031250e+02 3.665340270996093750e+02
2.777461242675781250e+02 5.182698369026184082e-03 2.768504943847656250e+02 1.142200469970703125e+01
4.620245361328125000e+01 3.701481018066406250e+02 4.851564788818359375e+01 3.806773986816406250e+02
2.772743835449218750e+02 1.979218673706054688e+01 3.622480468750000000e+02 6.051801145076751709e-02
2.428768920898437500e+02 1.753046569824218750e+02 2.427419738769531250e+02 1.576544036865234375e+02
1.848589324951171875e+01 3.103227233886718750e+02 3.604436397552490234e+00 3.112528991699218750e+02
2.680160522460937500e+02 2.494577636718750000e+02 2.824067993164062500e+02 2.486604003906250000e+02
4.511900024414062500e+02 3.638897399902343750e+02 4.821877746582031250e+02 3.665340270996093750e+02
1.651536750793457031e+01 1.773080139160156250e+02 5.318224334716796875e+01 1.725000305175781250e+02
3.270900878906250000e+02 3.270718078613281250e+02 3.336796875000000000e+02 3.168214111328125000e+02
5.522318115234375000e+02 3.178020019531250000e+02 5.801992187500000000e+02 3.173930053710937500e+02
6.311624145507812500e+02 3.900008239746093750e+02 6.210833129882812500e+02 3.909702758789062500e+02
6.114838256835937500e+02 2.289600982666015625e+02 6.387470092773437500e+02 2.287844390869140625e+02
2.173026123046875000e+02 3.656780090332031250e+02 2.010362243652343750e+02 3.584268798828125000e+02
1.074522733688354492e-03 4.650005798339843750e+02 7.728135681152343750e+01 4.790800476074218750e+02
4.011050720214843750e+02 4.404264831542968750e+01 4.115807495117187500e+02 5.269237518310546875e+01
3.000258789062500000e+02 1.290822143554687500e+02 3.020307312011718750e+02 1.687500915527343750e+02
2.817274780273437500e+02 1.527811737060546875e+02 2.813528442382812500e+02 1.330424957275390625e+02
1.621699218750000000e+02 9.174607086181640625e+01 1.650004577636718750e+02 6.282029724121093750e+01
1.965798645019531250e+02 3.801347351074218750e+02 2.417028808593750000e+02 3.825000305175781250e+02
1.782682991027832031e+01 2.299826202392578125e+02 3.374821472167968750e+01 2.298026885986328125e+02
2.437572631835937500e+02 1.387505645751953125e+02 2.612489318847656250e+02 1.340752258300781250e+02
6.260254516601562500e+02 3.685949096679687500e+02 6.237420654296875000e+02 3.575476074218750000e+02
3.721359863281250000e+02 3.082797851562500000e+02 3.637821655273437500e+02 3.086129760742187500e+02
2.674053344726562500e+02 3.103113708496093750e+02 2.987520751953125000e+02 3.098336181640625000e+02
6.228299560546875000e+02 3.402880249023437500e+02 6.237420654296875000e+02 3.575476074218750000e+02
6.231685791015625000e+02 3.175438232421875000e+02 6.205701293945312500e+02 2.685604858398437500e+02
4.656337738037109375e+01 3.628057250976562500e+02 4.851564788818359375e+01 3.806773986816406250e+02
4.011050720214843750e+02 4.404264831542968750e+01 4.016452026367187500e+02 9.876646041870117188e+00
5.537427978515625000e+02 1.875081024169921875e+02 5.962321777343750000e+02 1.865080566406250000e+02
1.174259872436523438e+02 1.635459594726562500e+02 1.159404144287109375e+02 1.877866363525390625e+02
3.789577484130859375e+01 1.746492919921875000e+02 2.097540140151977539e+00 1.789874267578125000e+02
6.027039794921875000e+02 2.812659912109375000e+02 6.205701293945312500e+02 2.685604858398437500e+02
5.616723022460937500e+02 3.412500000000000000e+02 5.720281372070312500e+02 3.412500915527343750e+02
7.373123931884765625e+01 2.250365447998046875e+02 7.500051879882812500e+01 2.081878509521484375e+02
2.437572631835937500e+02 1.387505645751953125e+02 2.427419738769531250e+02 1.576544036865234375e+02
4.222900390625000000e+02 3.996778869628906250e+02 4.223203735351562500e+02 3.637500305175781250e+02
2.467863464355468750e+02 3.431999816894531250e+02 2.230462951660156250e+02 3.433087768554687500e+02
3.011851196289062500e+02 2.588768615722656250e+02 2.987521057128906250e+02 2.187059478759765625e+02
1.119950714111328125e+02 2.878063964843750000e+02 1.110725097656250000e+02 3.101994628906250000e+02
4.134298400878906250e+02 8.828391075134277344e+00 4.129395141601562500e+02 2.305671572685241699e-02
3.009332885742187500e+02 2.490332794189453125e+02 2.824067993164062500e+02 2.486604003906250000e+02
7.694091796875000000e+01 3.883428955078125000e+02 7.872605895996093750e+01 3.738253173828125000e+02
1.637385559082031250e+02 7.588911437988281250e+01 1.622055816650390625e+02 5.153675842285156250e+01
6.114838256835937500e+02 2.289600982666015625e+02 5.801846313476562500e+02 2.308107604980468750e+02
4.214071350097656250e+02 3.740605163574218750e+02 4.214878540039062500e+02 3.889473876953125000e+02
3.082839584350585938e+01 3.983024597167968750e+02 7.569659423828125000e+01 4.030138549804687500e+02
2.250000915527343750e+02 1.770811004638671875e+02 2.263410339355468750e+02 1.599172821044921875e+02
2.010362243652343750e+02 3.584268798828125000e+02 2.417028808593750000e+02 3.825000305175781250e+02
2.772743835449218750e+02 1.979218673706054688e+01 2.768504943847656250e+02 1.142200469970703125e+01
3.009332885742187500e+02 2.490332794189453125e+02 2.680160522460937500e+02 2.494577636718750000e+02
4.134298400878906250e+02 8.828391075134277344e+00 4.664945068359375000e+02 7.235577392578125000e+01
2.680160522460937500e+02 2.494577636718750000e+02 2.484625244140625000e+02 2.521238098144531250e+02
4.821877746582031250e+02 3.665340270996093750e+02 5.021565246582031250e+02 3.665439758300781250e+02
4.650021362304687500e+02 4.284437561035156250e+02 4.650013732910156250e+02 4.153009948730468750e+02
5.537427978515625000e+02 1.875081024169921875e+02 5.387312011718750000e+02 1.698654632568359375e+02
4.511900024414062500e+02 3.638897399902343750e+02 4.330513000488281250e+02 3.637502441406250000e+02
3.137218627929687500e+02 7.767835235595703125e+01 3.112004394531250000e+02 8.637599182128906250e+01
1.637385559082031250e+02 7.588911437988281250e+01 1.302391290664672852e-02 1.109052886962890625e+02
6.205701293945312500e+02 2.685604858398437500e+02 6.234381103515625000e+02 3.300026550292968750e+02
5.537427978515625000e+02 1.875081024169921875e+02 5.569005737304687500e+02 2.162346191406250000e+02
3.789577484130859375e+01 1.746492919921875000e+02 3.599723434448242188e+01 2.062625885009765625e+02
6.231685791015625000e+02 3.175438232421875000e+02 6.224745483398437500e+02 3.052647094726562500e+02
3.721359863281250000e+02 3.082797851562500000e+02 4.037353210449218750e+02 3.102857055664062500e+02
9.684357452392578125e+01 1.661127166748046875e+02 5.318224334716796875e+01 1.725000305175781250e+02
4.787374267578125000e+02 3.864883422851562500e+02 5.371461791992187500e+02 3.900029907226562500e+02
1.656253433227539062e+01 3.609277038574218750e+02 6.944686174392700195e-03 3.627399597167968750e+02
6.087641601562500000e+02 3.918141174316406250e+02 6.100985717773437500e+02 3.694772949218750000e+02
5.187518920898437500e+02 3.675177612304687500e+02 5.021565246582031250e+02 3.665439758300781250e+02
4.810456848144531250e+02 4.031913757324218750e+02 5.372535400390625000e+02 4.067633666992187500e+02
1.587634124755859375e+02 2.388825378417968750e+02 1.600000762939453125e+02 2.126104431152343750e+02
1.542806625366210938e+01 3.288797607421875000e+02 3.115085220336914062e+01 3.290693969726562500e+02
4.737506713867187500e+02 3.375722656250000000e+02 4.866346740722656250e+02 3.375017700195312500e+02
5.510851440429687500e+02 2.592765502929687500e+02 5.850025024414062500e+02 2.570199890136718750e+02
6.387666015625000000e+02 1.845952453613281250e+02 5.962321777343750000e+02 1.865080566406250000e+02
6.387470092773437500e+02 2.287844390869140625e+02 5.801846313476562500e+02 2.308107604980468750e+02
4.873333358764648438e+01 3.880415039062500000e+02 7.694091796875000000e+01 3.883428955078125000e+02
2.563449401855468750e+02 3.753112792968750000e+01 1.650004577636718750e+02 6.282029724121093750e+01
4.812222290039062500e+02 3.562514953613281250e+02 4.821877746582031250e+02 3.665340270996093750e+02
4.033361816406250000e+02 1.174989318847656250e+02 4.287504882812500000e+02 1.359442749023437500e+02
2.612489318847656250e+02 1.340752258300781250e+02 2.735966186523437500e+02 1.340625152587890625e+02
5.185604095458984375e-04 1.350030059814453125e+02 1.420990600585937500e+02 1.059787673950195312e+02
3.011170043945312500e+02 3.273835754394531250e+02 2.987520751953125000e+02 3.098336181640625000e+02
5.335476074218750000e+02 3.665525817871093750e+02 5.187518920898437500e+02 3.675177612304687500e+02
1.651536750793457031e+01 1.773080139160156250e+02 2.097540140151977539e+00 1.789874267578125000e+02
3.009332885742187500e+02 2.490332794189453125e+02 3.011851196289062500e+02 2.588768615722656250e+02
2.660150756835937500e+02 3.543606262207031250e+02 2.811192626953125000e+02 3.547732543945312500e+02
1.621699218750000000e+02 9.174607086181640625e+01 1.637385559082031250e+02 7.588911437988281250e+01
5.650004882812500000e+02 3.701771545410156250e+02 5.335476074218750000e+02 3.665525817871093750e+02
7.694091796875000000e+01 3.883428955078125000e+02 7.569659423828125000e+01 4.030138549804687500e+02
5.374269866943359375e+01 2.887534179687500000e+02 5.376126098632812500e+01 3.300010375976562500e+02
3.601811523437500000e+02 1.023456115722656250e+02 3.427294311523437500e+02 9.252822113037109375e+01
4.810456848144531250e+02 4.031913757324218750e+02 4.222900390625000000e+02 3.996778869628906250e+02
3.465216369628906250e+02 4.790677185058593750e+02 3.708433837890625000e+02 4.725006713867187500e+02
7.724536895751953125e+01 1.690636291503906250e+02 7.500051879882812500e+01 2.081878509521484375e+02
4.223203735351562500e+02 3.637500305175781250e+02 4.330513000488281250e+02 3.637502441406250000e+02
2.811192626953125000e+02 3.547732543945312500e+02 2.862959289550781250e+02 3.675129089355468750e+02
4.157658691406250000e+02 1.251220321655273438e+02 4.287504882812500000e+02 1.359442749023437500e+02
1.174259872436523438e+02 1.635459594726562500e+02 1.163800354003906250e+02 2.036327667236328125e+02
3.456324338912963867e-03 3.979046020507812500e+02 1.512051582336425781e+01 3.996697387695312500e+02
4.022015991210937500e+02 9.750006103515625000e+01 4.033361816406250000e+02 1.174989318847656250e+02
1.622055816650390625e+02 5.153675842285156250e+01 1.676143493652343750e+02 3.609480667114257812e+01
5.850025024414062500e+02 2.570199890136718750e+02 6.118372192382812500e+02 2.558361053466796875e+02
6.205701293945312500e+02 2.685604858398437500e+02 6.319284667968750000e+02 2.840889587402343750e+02
3.363246459960937500e+02 3.075235900878906250e+02 3.336796875000000000e+02 3.168214111328125000e+02
3.604436397552490234e+00 3.112528991699218750e+02 6.157216072082519531e+00 2.928789672851562500e+02
4.950654602050781250e+02 2.962675476074218750e+02 4.836119995117187500e+02 2.941394653320312500e+02
4.700555725097656250e+02 2.915657043457031250e+02 4.836119995117187500e+02 2.941394653320312500e+02
2.824067993164062500e+02 2.486604003906250000e+02 2.484625244140625000e+02 2.521238098144531250e+02
6.228299560546875000e+02 3.402880249023437500e+02 6.231685791015625000e+02 3.175438232421875000e+02
5.318224334716796875e+01 1.725000305175781250e+02 2.097540140151977539e+00 1.789874267578125000e+02
2.037390136718750000e+02 3.150437927246093750e+02 2.366937866210937500e+02 3.159804077148437500e+02
4.214071350097656250e+02 3.740605163574218750e+02 4.800003662109375000e+02 3.768151245117187500e+02
2.029865417480468750e+02 3.338523254394531250e+02 2.037390136718750000e+02 3.150437927246093750e+02
4.001306762695312500e+02 1.565490570068359375e+02 4.033361816406250000e+02 1.174989318847656250e+02
6.228299560546875000e+02 3.402880249023437500e+02 6.234381103515625000e+02 3.300026550292968750e+02
4.873333358764648438e+01 3.880415039062500000e+02 4.851564788818359375e+01 3.806773986816406250e+02
3.262339477539062500e+02 8.339818572998046875e+01 3.427294311523437500e+02 9.252822113037109375e+01
4.950654602050781250e+02 2.962675476074218750e+02 4.700555725097656250e+02 2.915657043457031250e+02
2.537264251708984375e+02 3.097730102539062500e+02 2.987520751953125000e+02 3.098336181640625000e+02
4.950654602050781250e+02 2.962675476074218750e+02 5.050875854492187500e+02 2.981799316406250000e+02
3.721359863281250000e+02 3.082797851562500000e+02 3.750007324218750000e+02 1.340522613525390625e+02
3.379461669921875000e+02 3.871216430664062500e+02 3.575107421875000000e+02 3.875018615722656250e+02
2.974454345703125000e+02 6.479833984375000000e+01 2.563449401855468750e+02 3.753112792968750000e+01
1.264567489624023438e+02 3.360930786132812500e+02 1.401903686523437500e+02 3.344464416503906250e+02
8.001840209960937500e+01 3.628029479980468750e+02 7.872605895996093750e+01 3.738253173828125000e+02
2.623281717300415039e+00 3.361852722167968750e+02 2.673280239105224609e+00 3.473194274902343750e+02
3.721359863281250000e+02 3.082797851562500000e+02 3.501126098632812500e+02 3.290831604003906250e+02
1.656253433227539062e+01 3.609277038574218750e+02 1.016467809677124023e-02 3.534513244628906250e+02
3.111806488037109375e+01 2.896677551269531250e+02 1.663022804260253906e+01 2.909245300292968750e+02
6.387666015625000000e+02 1.845952453613281250e+02 6.173535766601562500e+02 1.851536254882812500e+02
1.965798645019531250e+02 3.801347351074218750e+02 2.107557067871093750e+02 3.806673583984375000e+02
6.205701293945312500e+02 2.685604858398437500e+02 6.224745483398437500e+02 3.052647094726562500e+02
2.813528442382812500e+02 1.330424957275390625e+02 2.437572631835937500e+02 1.387505645751953125e+02
1.566311798095703125e+02 2.877693481445312500e+02 1.400167541503906250e+02 2.866898193359375000e+02
1.848589324951171875e+01 3.103227233886718750e+02 1.663022804260253906e+01 2.909245300292968750e+02
5.050875854492187500e+02 2.981799316406250000e+02 5.211341552734375000e+02 3.009000244140625000e+02
2.097540140151977539e+00 1.789874267578125000e+02 1.097325980663299561e-01 2.086759338378906250e+02
6.231685791015625000e+02 3.175438232421875000e+02 6.380791625976562500e+02 3.171743469238281250e+02
2.437572631835937500e+02 1.387505645751953125e+02 2.735966186523437500e+02 1.340625152587890625e+02
2.350065460205078125e+02 3.439602966308593750e+02 2.230462951660156250e+02 3.433087768554687500e+02
2.813528442382812500e+02 1.330424957275390625e+02 2.612489318847656250e+02 1.340752258300781250e+02
2.772743835449218750e+02 1.979218673706054688e+01 1.622055816650390625e+02 5.153675842285156250e+01
5.417338867187500000e+02 3.403112792968750000e+02 5.720281372070312500e+02 3.412500915527343750e+02
4.222900390625000000e+02 3.996778869628906250e+02 4.214878540039062500e+02 3.889473876953125000e+02
1.600000762939453125e+02 2.126104431152343750e+02 1.587567291259765625e+02 2.212998046875000000e+02
2.212101593017578125e+02 1.407104949951171875e+02 2.250000915527343750e+02 1.770811004638671875e+02
4.821877746582031250e+02 3.665340270996093750e+02 5.187518920898437500e+02 3.675177612304687500e+02
4.950654602050781250e+02 2.962675476074218750e+02 5.211341552734375000e+02 3.009000244140625000e+02
7.001104736328125000e+01 3.306365356445312500e+02 5.376126098632812500e+01 3.300010375976562500e+02
2.682448120117187500e+02 2.723009948730468750e+02 2.674053344726562500e+02 3.103113708496093750e+02
4.500018005371093750e+02 3.384176025390625000e+02 4.526628112792968750e+02 3.514494018554687500e+02
5.050875854492187500e+02 2.981799316406250000e+02 4.836119995117187500e+02 2.941394653320312500e+02
3.360370483398437500e+02 3.403074340820312500e+02 3.387471008300781250e+02 3.585070190429687500e+02
6.260254516601562500e+02 3.685949096679687500e+02 6.100985717773437500e+02 3.694772949218750000e+02
2.802224731445312500e+02 3.413595581054687500e+02 2.811192626953125000e+02 3.547732543945312500e+02
5.522744140625000000e+02 3.055431518554687500e+02 5.776142578125000000e+02 3.057750854492187500e+02
2.563449401855468750e+02 3.753112792968750000e+01 2.534922637939453125e+02 5.736871337890625000e+01
2.929189453125000000e+02 1.589683914184570312e+01 3.622480468750000000e+02 6.051801145076751709e-02
2.802224731445312500e+02 3.413595581054687500e+02 2.815567626953125000e+02 3.103153076171875000e+02
4.123321533203125000e+02 3.112540893554687500e+02 4.037353210449218750e+02 3.102857055664062500e+02
2.813528442382812500e+02 1.330424957275390625e+02 2.735966186523437500e+02 1.340625152587890625e+02
4.500018005371093750e+02 3.384176025390625000e+02 4.866346740722656250e+02 3.375017700195312500e+02
4.012285766601562500e+02 3.321885986328125000e+02 4.215314025878906250e+02 3.392734069824218750e+02
2.526237640380859375e+02 4.040659179687500000e+02 2.550402832031250000e+02 3.844882812500000000e+02
2.819157714843750000e+02 2.721033630371093750e+02 2.815567626953125000e+02 3.103153076171875000e+02
4.115807495117187500e+02 5.269237518310546875e+01 4.134298400878906250e+02 8.828391075134277344e+00
6.205701293945312500e+02 2.685604858398437500e+02 6.387505493164062500e+02 2.602370910644531250e+02
4.866346740722656250e+02 3.375017700195312500e+02 4.968886108398437500e+02 3.365425720214843750e+02
4.016452026367187500e+02 9.876646041870117188e+00 2.563449401855468750e+02 3.753112792968750000e+01
9.342509460449218750e+01 4.057659912109375000e+02 4.587992858886718750e+01 4.012742004394531250e+02
5.522744140625000000e+02 3.055431518554687500e+02 5.510851440429687500e+02 2.592765502929687500e+02
6.384986572265625000e+02 4.248466796875000000e+02 6.357163696289062500e+02 4.321859741210937500e+02
2.651088867187500000e+02 3.419496765136718750e+02 2.350065460205078125e+02 3.439602966308593750e+02
1.782682991027832031e+01 2.299826202392578125e+02 1.869915199279785156e+01 2.630642089843750000e+02
3.678801879882812500e+02 3.880972900390625000e+02 3.575107421875000000e+02 3.875018615722656250e+02
2.772743835449218750e+02 1.979218673706054688e+01 1.862206420898437500e+02 4.503533172607421875e+01
3.267979812622070312e+01 2.625004882812500000e+02 1.869915199279785156e+01 2.630642089843750000e+02
3.137218627929687500e+02 7.767835235595703125e+01 3.427294311523437500e+02 9.252822113037109375e+01
6.224745483398437500e+02 3.052647094726562500e+02 6.234381103515625000e+02 3.300026550292968750e+02
2.515250244140625000e+02 9.750297546386718750e+01 2.563449401855468750e+02 3.753112792968750000e+01
3.115085220336914062e+01 3.290693969726562500e+02 5.376126098632812500e+01 3.300010375976562500e+02
3.082839584350585938e+01 3.983024597167968750e+02 4.587992858886718750e+01 4.012742004394531250e+02
9.684357452392578125e+01 1.661127166748046875e+02 1.435580291748046875e+02 1.592623291015625000e+02
4.737506713867187500e+02 3.375722656250000000e+02 4.968886108398437500e+02 3.365425720214843750e+02
4.134298400878906250e+02 8.828391075134277344e+00 4.020688476562500000e+02 2.989768981933593750e-03
3.600497741699218750e+02 1.201926498413085938e+02 4.033361816406250000e+02 1.174989318847656250e+02
2.212101593017578125e+02 1.407104949951171875e+02 2.612489318847656250e+02 1.340752258300781250e+02
2.623281717300415039e+00 3.361852722167968750e+02 3.604436397552490234e+00 3.112528991699218750e+02
2.500000915527343750e+02 1.209546966552734375e+02 2.437572631835937500e+02 1.387505645751953125e+02
5.537427978515625000e+02 1.875081024169921875e+02 6.173535766601562500e+02 1.851536254882812500e+02
3.115085220336914062e+01 3.290693969726562500e+02 3.182024383544921875e+01 2.794242553710937500e+02
6.372577514648437500e+02 3.412509765625000000e+02 5.887682495117187500e+02 3.403133239746093750e+02
3.122567443847656250e+02 9.623224639892578125e+01 3.600497741699218750e+02 1.201926498413085938e+02
4.664945068359375000e+02 7.235577392578125000e+01 4.129395141601562500e+02 2.305671572685241699e-02
3.182024383544921875e+01 2.794242553710937500e+02 3.374821472167968750e+01 2.298026885986328125e+02
2.212101593017578125e+02 1.407104949951171875e+02 2.735966186523437500e+02 1.340625152587890625e+02
4.223203735351562500e+02 3.637500305175781250e+02 4.215314025878906250e+02 3.392734069824218750e+02
5.962321777343750000e+02 1.865080566406250000e+02 6.173535766601562500e+02 1.851536254882812500e+02
