
4.260029e+02	3.108967e+02	3.170041e+02	3.078521e+02	
2.720177e+02	3.064014e+02	1.370047e+02	3.028660e+02	
6.390150e+02	329	5.890050e+02	329	
5.360235e+02	378	5.060068e+02	378	
1.990271e+02	373	1.720086e+02	373	
1.310368e+02	302	1.019679e+02	302	
4.980214e+02	314	4.630071e+02	314	
5.769853e+02	3.863818e+02	4.969881e+02	3.833086e+02	
5.830259e+02	372	5.560074e+02	372	
6.259920e+02	3.891731e+02	5.820102e+02	3.875604e+02	
2.540317e+02	321	2.310099e+02	321	
1.930331e+02	348	1.710103e+02	348	
9.999994e+00	4.610070e+02	2.000006e+00	4.609930e+02	
4.310312e+02	242	4.070104e+02	242	
2.710313e+02	300	2.490086e+02	300	
1.299957e+02	3.780667e+02	9.899599e+01	3.760621e+02	
1.839957e+02	2.979783e+02	1.590224e+02	2.964509e+02	
1.980491e+02	376	1.749623e+02	376	
1.829920e+02	3.160662e+02	1.560183e+02	3.145110e+02	
5.520489e+02	3.533287e+02	5.080290e+02	3.506363e+02	
3.990372e+02	2.694381e+02	3.169628e+02	2.645619e+02	
2.139944e+02	2.990063e+02	1.900210e+02	2.974980e+02	
2.429945e+02	2.999959e+02	2.200234e+02	2.984702e+02	
2.629933e+02	2.610973e+02	2.020112e+02	2.568331e+02	
4.359864e+02	2.721921e+02	4.069849e+02	2.702150e+02	
3.680449e+02	272	3.520137e+02	272	
3.460376e+02	283	3.280099e+02	283	
3.930409e+02	304	3.760116e+02	304	
2.580093e+02	2.538644e+02	2.000204e+02	2.497077e+02	
3.469723e+02	2.715207e+02	3.280073e+02	2.699949e+02	
3.489837e+02	236	3.359453e+02	236	
3.300547e+02	252	3.170163e+02	252	
4.139674e+02	2.755431e+02	3.970081e+02	2.739997e+02	
6.339837e+02	292	6.209453e+02	292	
3.409837e+02	293	3.279453e+02	293	
6.598367e+01	343	5.294526e+01	343	
2.229847e+02	3.681945e+02	1.990166e+02	3.666026e+02	
1.289445e+02	3.825689e+02	9.502515e+01	3.787642e+02	
6.389712e+02	4.502262e+02	3.710128e+02	4.158999e+02	
3.499885e+02	257	3.359529e+02	257	
3.679885e+02	258	3.539529e+02	258	
3.996748e+01	2.935168e+02	2.400741e+01	2.920082e+02	
3.709675e+02	3.785168e+02	3.550074e+02	3.770082e+02	
3.109724e+02	4.284525e+02	2.950071e+02	4.269996e+02	
3.670706e+02	217	3.539177e+02	217	
3.299600e+02	2.245476e+02	3.160091e+02	2.230074e+02	
3.290823e+02	231	3.159294e+02	231	
3.300608e+02	234	3.159187e+02	234	
3.299600e+02	2.425476e+02	3.160091e+02	2.410074e+02	
3.490503e+02	246	3.360119e+02	246	
2.010641e+02	286	1.900187e+02	286	
6.359813e+02	320	6.249359e+02	320	
6.159729e+02	4.452051e+02	4.250358e+02	4.197286e+02	
3.290765e+02	203	3.159235e+02	203	
3.480406e+02	2.057294e+02	3.350001e+02	2.040126e+02	
3.290765e+02	210	3.159235e+02	210	
3.660540e+02	214	3.540124e+02	214	
3.640700e+02	224	3.540201e+02	224	
4.020765e+02	250	3.889235e+02	250	
4.020700e+02	260	3.920201e+02	260	
3.919870e+02	2.740925e+02	3.750224e+02	2.726083e+02	
1.519918e+02	2.969976e+02	1.380330e+02	2.955305e+02	
3.699776e+02	3.043917e+02	3.530130e+02	3.029075e+02	
3.149678e+02	3.235851e+02	2.960083e+02	3.219930e+02	
2.759870e+02	3.480925e+02	2.590224e+02	3.466083e+02	
3.439763e+02	3.546757e+02	3.130055e+02	3.529984e+02	
3.300130e+02	3.588735e+02	3.110546e+02	3.565121e+02	
2.739519e+02	3.792928e+02	2.569193e+02	3.775927e+02	
3.419844e+02	395	3.309391e+02	395	
4.060480e+02	4.085916e+02	3.800286e+02	4.057649e+02	
3.649591e+02	1.584931e+02	3.530098e+02	1.570048e+02	
3.290207e+02	1.628569e+02	3.150196e+02	1.608642e+02	
3.659963e+02	1.879960e+02	3.529442e+02	1.863703e+02	
3.479905e+02	2.160084e+02	3.350334e+02	2.145551e+02	
3.489688e+02	2.264382e+02	3.350179e+02	2.248980e+02	
3.659983e+02	2.349960e+02	3.539541e+02	2.332819e+02	
3.299688e+02	2.454382e+02	3.160179e+02	2.438980e+02	
1.319666e+02	2.524594e+02	1.029834e+02	2.502293e+02	
3.920724e+02	2.864403e+02	3.750340e+02	2.847997e+02	
3.091623e+01	2.955885e+02	1.978508e+00	2.911605e+02	
1.309666e+02	3.643055e+02	1.079478e+02	3.625343e+02	
2.779797e+02	3.821397e+02	2.559512e+02	3.793569e+02	
1.579666e+02	3.934449e+02	1.450095e+02	3.919916e+02	
4.620113e+02	4.148905e+02	4.330217e+02	4.117924e+02	
4.869666e+02	4.234449e+02	4.740095e+02	4.219916e+02	
2.909775e+02	4.251384e+02	2.470225e+02	4.178616e+02	
6.389513e+02	4.403997e+02	4.970340e+02	4.227230e+02	
6.389787e+02	4.462121e+02	6.170213e+02	4.437879e+02	
2.079588e+02	1.946151e+01	1.970105e+02	1.800069e+01	
5.407445e+01	133	4.402457e+01	133	
3.609895e+02	1.449993e+02	3.500412e+02	1.435385e+02	
3.649991e+02	1.490061e+02	3.520009e+02	1.469939e+02	
3.470616e+02	1.656087e+02	3.340242e+02	1.638691e+02	
3.290005e+02	1.729947e+02	3.150210e+02	1.708556e+02	
3.299773e+02	1.831133e+02	3.159317e+02	1.814633e+02	
3.470238e+02	1.928551e+02	3.350015e+02	1.909940e+02	
3.290616e+02	2.006087e+02	3.160242e+02	1.988691e+02	
3.810538e+02	2.016968e+02	3.700021e+02	2.000057e+02	
3.659758e+02	2.051309e+02	3.529384e+02	2.033913e+02	
3.809588e+02	2.114615e+02	3.700105e+02	2.100007e+02	
3.479803e+02	2.131137e+02	3.350309e+02	2.115925e+02	
3.839691e+02	2.194075e+02	3.710197e+02	2.178863e+02	
3.819588e+02	2.214615e+02	3.710105e+02	2.200007e+02	
3.479803e+02	2.231137e+02	3.350309e+02	2.215925e+02	
3.669803e+02	2.281137e+02	3.540309e+02	2.265925e+02	
3.839691e+02	2.294075e+02	3.710197e+02	2.278863e+02	
3.469669e+02	2.334134e+02	3.350100e+02	2.319876e+02	
3.669691e+02	2.384075e+02	3.540197e+02	2.368863e+02	
3.850616e+02	2.396087e+02	3.720242e+02	2.378691e+02	
1.459895e+02	2.419993e+02	1.350412e+02	2.405385e+02	
3.309838e+02	2.561019e+02	3.170251e+02	2.546348e+02	
6.149909e+02	281	5.979616e+02	281	
4.140455e+02	2.876514e+02	3.980311e+02	2.857702e+02	
4.829900e+02	3.520124e+02	4.710331e+02	3.505866e+02	
4.840860e+02	359	4.760238e+02	359	
4.839826e+02	371	4.749272e+02	371	
1.540860e+02	381	1.460238e+02	381	
4.859749e+02	3.823652e+02	4.720162e+02	3.808981e+02	
3.379801e+02	3.921315e+02	3.239622e+02	3.902611e+02	
4.099903e+02	4.150668e+02	3.760566e+02	4.105391e+02	
4.699520e+02	4.233495e+02	4.259557e+02	4.173228e+02	
1.130971e+02	10	1.060260e+02	10	
3.259720e+02	1.441346e+02	3.139278e+02	1.424204e+02	
3.460428e+02	1.527267e+02	3.330243e+02	1.508507e+02	
3.460722e+02	1.625796e+02	3.340280e+02	1.608654e+02	
3.769462e+02	1.624877e+02	3.680124e+02	1.610088e+02	
3.989989e+02	1.640039e+02	3.860263e+02	1.618330e+02	
3.649702e+02	1.683700e+02	3.530209e+02	1.668816e+02	
3.279737e+02	1.701670e+02	3.150011e+02	1.679961e+02	
3.470428e+02	1.727267e+02	3.340243e+02	1.708507e+02	
3.991049e+02	1.734419e+02	3.870608e+02	1.717278e+02	
3.639735e+02	1.751348e+02	3.530383e+02	1.735785e+02	
3.470268e+02	1.758412e+02	3.350282e+02	1.738333e+02	
3.289575e+02	1.802403e+02	3.149238e+02	1.784923e+02	
3.470428e+02	1.827267e+02	3.340243e+02	1.808507e+02	
3.649720e+02	1.851346e+02	3.529278e+02	1.834204e+02	
3.279791e+02	1.901184e+02	3.160298e+02	1.886300e+02	
3.649720e+02	1.951346e+02	3.529278e+02	1.934204e+02	
4.000271e+02	2.017729e+02	3.160290e+02	1.917568e+02	
3.479761e+02	2.031549e+02	3.340239e+02	2.008451e+02	
3.979641e+02	2.041918e+02	3.870005e+02	2.020010e+02	
3.840428e+02	2.097267e+02	3.710243e+02	2.078507e+02	
3.979588e+02	2.134264e+02	3.880117e+02	2.119930e+02	
3.299586e+02	2.142620e+02	3.159407e+02	2.123917e+02	
3.809883e+02	2.160070e+02	3.710412e+02	2.145736e+02	
3.289815e+02	2.211196e+02	3.160244e+02	2.196662e+02	
4.009702e+02	2.213700e+02	3.890209e+02	2.198816e+02	
3.819617e+02	2.414215e+02	3.710265e+02	2.398652e+02	
3.659791e+02	2.451184e+02	3.540298e+02	2.436300e+02	
1.459988e+02	2.469952e+02	1.009457e+02	2.424983e+02	
3.669815e+02	2.481196e+02	3.540244e+02	2.466662e+02	
3.829702e+02	2.513700e+02	3.710209e+02	2.498816e+02	
6.069462e+02	2.834877e+02	5.980124e+02	2.820088e+02	
3.679809e+02	2.851019e+02	3.530384e+02	2.834522e+02	
1.094621e+01	3.304877e+02	2.012421e+00	3.290088e+02	
6.009876e+02	3.489912e+02	5.920538e+02	3.475123e+02	
4.849815e+02	3.741196e+02	4.720244e+02	3.726662e+02	
3.639702e+02	3.833700e+02	3.520209e+02	3.818816e+02	
1.920622e+02	387	1.800206e+02	387	
3.100806e+02	387	3.020184e+02	387	
2.399735e+02	3.981348e+02	2.290383e+02	3.965785e+02	
1.569990e+02	4.000045e+02	1.370243e+02	3.968408e+02	
4.869815e+02	4.211196e+02	4.740244e+02	4.196662e+02	
2.639989e+02	4.260039e+02	2.510263e+02	4.238330e+02	
3.979895e+02	8.704035e+01	3.081570e+02	6.630089e+01	
3.940005e+02	1.099977e+02	3.849995e+02	1.080023e+02	
3.969699e+02	1.171758e+02	3.850005e+02	1.150006e+02	
3.439322e+02	1.183132e+02	3.329020e+02	1.164871e+02	
4.594598e+01	1.284445e+02	3.801365e+01	1.270030e+02	
3.619712e+02	1.311432e+02	3.520369e+02	1.296231e+02	
3.469974e+02	1.359967e+02	3.329240e+02	1.333629e+02	
3.980360e+02	1.358111e+02	3.509986e+02	1.270083e+02	
3.290019e+02	1.429883e+02	3.140391e+02	1.398079e+02	
3.790001e+02	1.439995e+02	3.679999e+02	1.420005e+02	
3.979699e+02	1.451758e+02	3.860005e+02	1.430006e+02	
3.469498e+02	1.462043e+02	3.339046e+02	1.434076e+02	
3.279699e+02	1.501758e+02	3.160005e+02	1.480006e+02	
3.819989e+02	1.520004e+02	3.689537e+02	1.492038e+02	
3.789322e+02	1.533132e+02	3.679020e+02	1.514871e+02	
3.980998e+02	1.545208e+02	3.859002e+02	1.524792e+02	
3.469705e+02	1.561759e+02	3.340295e+02	1.538241e+02	
3.640503e+02	1.557044e+02	3.520279e+02	1.538433e+02	
3.829546e+02	1.613088e+02	3.689789e+02	1.591453e+02	
3.640980e+02	1.655129e+02	3.530678e+02	1.636868e+02	
3.829983e+02	1.709992e+02	3.700573e+02	1.686474e+02	
3.649670e+02	1.781297e+02	3.529084e+02	1.765208e+02	
3.830916e+02	1.804792e+02	3.710330e+02	1.788703e+02	
3.479983e+02	1.859992e+02	3.350573e+02	1.836474e+02	
3.969712e+02	1.941432e+02	3.870369e+02	1.926231e+02	
3.659427e+02	2.083526e+02	3.530017e+02	2.060008e+02	
4.010904e+02	211	3.940194e+02	211	
5.969886e+02	2.580045e+02	5.880398e+02	2.566191e+02	
2.810723e+02	2.594806e+02	2.660225e+02	2.578988e+02	
1.531114e+02	279	1.470286e+02	279	
6.260211e+02	2.898547e+02	6.120454e+02	2.876912e+02	
6.270904e+02	296	6.200194e+02	296	
588	328	588	328	
3.040467e+02	337	2.880155e+02	337	
3.561114e+02	346	3.500286e+02	346	
3.140904e+02	366	3.070194e+02	366	
1.509712e+02	3.891432e+02	1.410369e+02	3.876231e+02	
3.849322e+02	4.143132e+02	3.739020e+02	4.124871e+02	
2.880814e+02	4.176148e+02	2.690413e+02	4.138102e+02	
5.799714e+02	438	5.738886e+02	438	
5.880927e+02	466	5.800304e+02	466	
9.299530e+01	1.500451e+01	7.419679e+01	5.590916e+00	
1.831306e+02	19	1.780316e+02	19	
1.149981e+02	3.299683e+01	1.079342e+02	3.123561e+01	
3.451332e+02	9.345800e+01	3.268668e+02	8.954200e+01	
3.269318e+02	9.338510e+01	3.150021e+02	9.100131e+01	
3.809737e+02	9.516699e+01	3.680011e+02	9.299613e+01	
3.260604e+02	9.576169e+01	3.140585e+02	9.276928e+01	
3.459737e+02	9.716699e+01	3.330011e+02	9.499613e+01	
3.651483e+02	9.849122e+01	3.541454e+02	9.550180e+01	
3.439318e+02	9.938510e+01	3.320021e+02	9.700131e+01	
3.969415e+02	9.923072e+01	3.849396e+02	9.623831e+01	
3.629995e+02	1.009990e+02	3.520359e+02	9.880825e+01	
3.939994e+02	1.009972e+02	3.850537e+02	9.876675e+01	
3.279547e+02	1.032074e+02	3.139983e+02	1.000109e+02	
3.619995e+02	1.029990e+02	3.510359e+02	1.008082e+02	
3.810000e+02	1.049960e+02	3.680547e+02	1.017683e+02	
3.259648e+02	1.051919e+02	3.140352e+02	1.028081e+02	
3.469580e+02	1.072060e+02	3.320008e+02	1.039995e+02	
3.769461e+02	1.061715e+02	3.678752e+02	1.045230e+02	
3.969571e+02	1.082098e+02	3.850800e+02	1.055767e+02	
3.439999e+02	1.090006e+02	3.310001e+02	1.059994e+02	
3.640954e+02	1.105924e+02	3.510502e+02	1.077957e+02	
3.279547e+02	1.132074e+02	3.139983e+02	1.100109e+02	
3.609272e+02	1.123842e+02	3.499636e+02	1.101934e+02	
3.259979e+02	1.149987e+02	3.140682e+02	1.126149e+02	
3.809453e+02	1.142317e+02	3.680000e+02	1.110040e+02	
3.789976e+02	1.159971e+02	3.680823e+02	1.135772e+02	
3.460954e+02	1.165924e+02	3.330502e+02	1.137957e+02	
3.639965e+02	1.199979e+02	3.509134e+02	1.173837e+02	
3.280017e+02	1.229891e+02	3.140453e+02	1.197926e+02	
3.589512e+02	1.213899e+02	3.510452e+02	1.198101e+02	
3.809737e+02	1.231670e+02	3.680011e+02	1.209961e+02	
3.269965e+02	1.249979e+02	3.139134e+02	1.223837e+02	
3.459989e+02	1.260039e+02	3.330263e+02	1.238330e+02	
3.789200e+02	1.254233e+02	3.670429e+02	1.227902e+02	
3.970604e+02	1.267617e+02	3.850585e+02	1.237693e+02	
3.439641e+02	1.281918e+02	3.330005e+02	1.260010e+02	
3.949664e+02	1.281658e+02	3.860352e+02	1.266712e+02	
3.290003e+02	1.329987e+02	3.139997e+02	1.300013e+02	
3.269979e+02	1.349987e+02	3.150682e+02	1.326149e+02	
3.779272e+02	1.343842e+02	3.669636e+02	1.321934e+02	
3.449979e+02	1.379987e+02	3.330682e+02	1.356149e+02	
3.649989e+02	1.390039e+02	3.520263e+02	1.368330e+02	
3.950885e+02	1.376171e+02	3.860477e+02	1.358106e+02	
3.619995e+02	1.409990e+02	3.510359e+02	1.388082e+02	
3.819737e+02	1.421670e+02	3.690011e+02	1.399961e+02	
3.949463e+02	1.472333e+02	3.860006e+02	1.450028e+02	
3.289741e+02	1.531671e+02	3.150259e+02	1.508329e+02	
3.279989e+02	1.600039e+02	3.150263e+02	1.578330e+02	
3.999548e+02	1.831899e+02	3.920488e+02	1.816101e+02	
2.180560e+02	1.997619e+02	2.091103e+02	1.975315e+02	
9.695479e+01	2.401899e+02	8.904882e+01	2.386101e+02	
1.779512e+02	2.483899e+02	1.700452e+02	2.468101e+02	
3.490744e+02	254	3.390246e+02	254	
6.330428e+02	2.787158e+02	6.130208e+02	2.758663e+02	
3.229475e+02	2.853892e+02	3.160135e+02	2.840036e+02	
5.869210e+02	2.894790e+02	5.810189e+02	2.880074e+02	
5.899321e+02	3.402284e+02	5.788690e+02	3.374700e+02	
8.198106e+01	3.439926e+02	7.607898e+01	3.425210e+02	
5.788100e+02	3.626189e+02	5.541900e+02	3.543811e+02	
5.030927e+02	361	4.950304e+02	361	
6.020826e+02	370	5.930272e+02	370	
5.799664e+02	3.761658e+02	5.710352e+02	3.746712e+02	
3.399865e+02	3.889964e+02	3.330525e+02	3.876108e+02	
130	396	130	396	
2.260393e+02	3.968071e+02	2.160390e+02	3.948089e+02	
4.229664e+02	4.131658e+02	4.140352e+02	4.116712e+02	
4.219512e+02	4.163899e+02	4.140452e+02	4.148101e+02	
2.719865e+02	4.309964e+02	2.650525e+02	4.296108e+02	
1.589507e+02	2.632427e+01	1.530144e+02	2.499736e+01	
1.121275e+02	3.666933e+01	1.041246e+02	3.367716e+01	
1.219483e+02	4.520787e+01	1.150449e+02	4.367741e+01	
3.769996e+02	9.699753e+01	3.670433e+02	9.479027e+01	
5.759990e+02	1.320033e+02	5.690010e+02	1.299967e+02	
9.598557e+01	2.500026e+02	9.004930e+01	2.486757e+02	
2.869856e+02	2.670026e+02	2.810493e+02	2.656757e+02	
5.849229e+02	2.744053e+02	5.800189e+02	2.730084e+02	
4.249507e+02	2.883243e+02	4.190144e+02	2.869974e+02	
4.669856e+02	2.960026e+02	4.610493e+02	2.946757e+02	
2.862143e+02	3.614856e+02	2.762142e+02	3.574859e+02	
351	367	351	367	
1.709864e+02	3.790011e+02	1.554633e+02	3.701110e+02	
1.559377e+02	3.752451e+02	1.399998e+02	3.710043e+02	
2.849507e+02	4.123243e+02	2.790144e+02	4.109974e+02	
5.139507e+02	4.583243e+02	5.080144e+02	4.569974e+02	
36	469	36	469	
1.008761e+02	2.543377e+01	8.882377e+01	2.265127e+01	
6.189589e+01	4.529599e+01	5.589467e+01	4.329965e+01	
5.818588e+02	7.035261e+01	5.561412e+02	5.964739e+01	
5.960028e+02	1.059943e+02	5.859972e+02	1.010057e+02	
6.210335e+02	2.568060e+02	6.091038e+02	2.544222e+02	
6.329377e+02	2.854283e+02	6.159238e+02	2.835500e+02	
3.229987e+02	3.890029e+02	3.140013e+02	3.849971e+02	
3.428074e+02	3.692857e+02	3.321926e+02	3.617143e+02	
3.071804e+02	3.747114e+02	2.990939e+02	3.698525e+02	
2.070119e+02	402	1.510030e+02	402	
1.819946e+02	357	1.469804e+02	357	
1.840000e+02	3.200236e+02	1.570000e+02	3.199764e+02	
5.440242e+02	362	5.150070e+02	362	
5.609936e+02	3.638557e+02	5.140088e+02	3.654144e+02	
5.920000e+02	3.850122e+02	5.780000e+02	3.849878e+02	
3.100245e+02	357	2.820067e+02	357	
2.530000e+02	3.170201e+02	2.300000e+02	3.169799e+02	
2.820000e+02	3.530201e+02	2.590000e+02	3.529799e+02	
5.559928e+02	3.299105e+02	5.210146e+02	3.314988e+02	
7.299998e+01	3.460192e+02	5.100002e+01	3.459808e+02	
6.390167e+02	367	5.940056e+02	367	
4.099998e+01	3.710192e+02	1.900002e+01	3.709808e+02	
2.070000e+02	3.810183e+02	1.860000e+02	3.809817e+02	
4.999221e+01	4.608556e+02	1.101082e+01	4.624213e+02	
3.369914e+02	3.768473e+02	3.009957e+02	3.789228e+02	
6.390000e+02	3.640166e+02	6.200000e+02	3.639834e+02	
5.820000e+02	3.700166e+02	5.630000e+02	3.699834e+02	
3.639927e+02	4.009232e+02	3.140504e+02	4.047660e+02	
3.470000e+02	3.030157e+02	3.290000e+02	3.029843e+02	
5.560000e+02	3.360157e+02	5.380000e+02	3.359843e+02	
3.540381e+02	360	3.350118e+02	360	
4.350000e+02	2.760148e+02	4.180000e+02	2.759852e+02	
2.370000e+02	2.850148e+02	2.200000e+02	2.849852e+02	
4.869908e+02	319	4.669658e+02	319	
6.090000e+02	3.190148e+02	5.920000e+02	3.189852e+02	
507	352	507	352	
1.640000e+02	3.600148e+02	1.470000e+02	3.599852e+02	
1.730333e+02	243	1.530083e+02	243	
2.360000e+02	2.950140e+02	2.200000e+02	2.949860e+02	
4.140000e+02	3.050140e+02	3.980000e+02	3.049860e+02	
4.630350e+02	3.195474e+02	3.749769e+02	3.246248e+02	
5.870441e+02	329	5.599701e+02	329	
4.019927e+02	350	3.809689e+02	350	
3.129905e+02	359	2.939642e+02	359	
2.450000e+02	3.710140e+02	2.290000e+02	3.709860e+02	
9.202043e+01	3.815231e+02	1.981110e+00	3.845100e+02	
1.740000e+02	2.800131e+02	1.590000e+02	2.799869e+02	
2.130000e+02	2.840131e+02	1.980000e+02	2.839869e+02	
3.810300e+02	319	3.560100e+02	319	
5.220000e+02	3.740131e+02	5.070000e+02	3.739869e+02	
8.299999e+01	3.780131e+02	6.800001e+01	3.779869e+02	
5.740000e+02	2.890122e+02	5.600000e+02	2.889878e+02	
3.660000e+02	2.920122e+02	3.520000e+02	2.919878e+02	
6.360000e+02	3.060122e+02	6.220000e+02	3.059878e+02	
5.150000e+02	3.150122e+02	5.010000e+02	3.149878e+02	
5.760000e+02	3.190122e+02	5.620000e+02	3.189878e+02	
2.189879e+02	354	2.029567e+02	354	
1.010208e+02	364	6.500694e+01	364	
3.440160e+02	383	2.969735e+02	383	
1.590000e+02	3.950122e+02	1.450000e+02	3.949878e+02	
3.510366e+02	397	3.330088e+02	397	
4.670321e+02	2.415402e+02	4.320083e+02	2.430693e+02	
3.880000e+02	3.000113e+02	3.750000e+02	2.999887e+02	
6.020000e+02	3.090113e+02	5.890000e+02	3.089887e+02	
4.359927e+02	3.149949e+02	4.170277e+02	3.165207e+02	
5.739846e+02	335	5.599490e+02	335	
3.300000e+02	3.480113e+02	3.170000e+02	3.479887e+02	
3.470000e+02	3.480113e+02	3.340000e+02	3.479887e+02	
2.180000e+02	3.520113e+02	2.050000e+02	3.519887e+02	
1.809894e+02	361	1.649581e+02	361	
4.840000e+02	3.640113e+02	4.710000e+02	3.639887e+02	
3.599735e+02	3.986222e+02	3.159955e+02	4.019290e+02	
3.499809e+02	4.266729e+02	3.120120e+02	4.291948e+02	
3.480000e+02	2.430105e+02	3.360000e+02	2.429895e+02	
5.750000e+02	3.040105e+02	5.630000e+02	3.039895e+02	
2.890000e+02	3.070105e+02	2.770000e+02	3.069895e+02	
5.730000e+02	3.170105e+02	5.610000e+02	3.169895e+02	
1.218660e+02	3.169926e+02	8.996295e+01	3.217036e+02	
6.390245e+02	3.239610e+02	5.199755e+02	3.260390e+02	
2.699999e+01	3.430105e+02	1.500001e+01	3.429895e+02	
6.179831e+02	3.535030e+02	5.880076e+02	3.550740e+02	
3.940000e+02	3.670105e+02	3.820000e+02	3.669895e+02	
8.099999e+01	3.800105e+02	6.900001e+01	3.799895e+02	
6.390000e+02	3.900105e+02	6.270000e+02	3.899895e+02	
2.400000e+02	3.930105e+02	2.280000e+02	3.929895e+02	
7.599999e+01	1.400960e+01	6.500001e+01	1.399040e+01	
3.990000e+02	2.420096e+02	3.880000e+02	2.419904e+02	
1.900000e+02	2.450096e+02	1.790000e+02	2.449904e+02	
5.719885e+02	252	5.579529e+02	252	
4.190000e+02	2.540096e+02	4.080000e+02	2.539904e+02	
3.910000e+02	2.660096e+02	3.800000e+02	2.659904e+02	
5.720524e+02	267	5.590140e+02	267	
5.720000e+02	2.720096e+02	5.610000e+02	2.719904e+02	
5.740524e+02	287	5.610140e+02	287	
3.710000e+02	2.890096e+02	3.600000e+02	2.889904e+02	
1.840000e+02	2.930096e+02	1.730000e+02	2.929904e+02	
5.720000e+02	3.020096e+02	5.610000e+02	3.019904e+02	
5.750000e+02	3.090096e+02	5.640000e+02	3.089904e+02	
1.490000e+02	3.190096e+02	1.380000e+02	3.189904e+02	
5.030000e+02	3.500096e+02	4.920000e+02	3.499904e+02	
2.799999e+01	3.530096e+02	1.700001e+01	3.529904e+02	
4.840000e+02	3.620096e+02	4.730000e+02	3.619904e+02	
6.300000e+02	3.620096e+02	6.190000e+02	3.619904e+02	
2.170000e+02	3.700096e+02	2.060000e+02	3.699904e+02	
4.099999e+01	3.730096e+02	3.000001e+01	3.729904e+02	
5.350000e+02	3.740096e+02	5.240000e+02	3.739904e+02	
3.490185e+02	3.794232e+02	3.040015e+02	3.809952e+02	
3.530000e+02	3.840096e+02	3.420000e+02	3.839904e+02	
3.890184e+02	4.233767e+02	3.490007e+02	4.249840e+02	
6.199999e+01	4.600096e+02	5.100001e+01	4.599904e+02	
3.250000e+02	1.460087e+02	3.150000e+02	1.459913e+02	
5.900000e+02	2.090087e+02	5.800000e+02	2.089913e+02	
1.570000e+02	2.460087e+02	1.470000e+02	2.459913e+02	
3.990000e+02	2.520087e+02	3.890000e+02	2.519913e+02	
1.510503e+02	257	1.380119e+02	257	
3.990000e+02	2.620087e+02	3.890000e+02	2.619913e+02	
5.730000e+02	2.740087e+02	5.630000e+02	2.739913e+02	
1.830000e+02	2.830087e+02	1.730000e+02	2.829913e+02	
5.550000e+02	2.830087e+02	5.450000e+02	2.829913e+02	
5.739724e+02	2.935475e+02	5.580071e+02	2.950004e+02	
4.130000e+02	2.950087e+02	4.030000e+02	2.949913e+02	
6.020000e+02	3.020087e+02	5.920000e+02	3.019913e+02	
6.210000e+02	3.190087e+02	6.110000e+02	3.189913e+02	
5.939853e+02	346	5.819437e+02	346	
6.350000e+02	3.480087e+02	6.250000e+02	3.479913e+02	
2.750000e+02	3.500087e+02	2.650000e+02	3.499913e+02	
6.380828e+02	353	6.259172e+02	353	
3.299999e+01	3.550087e+02	2.300001e+01	3.549913e+02	
1.890000e+02	3.550087e+02	1.790000e+02	3.549913e+02	
6.389600e+02	3.544524e+02	6.250091e+02	3.559926e+02	
2.450416e+02	368	2.270138e+02	368	
5.905033e+01	373	4.601193e+01	373	
3.710000e+02	3.730087e+02	3.610000e+02	3.729913e+02	
2.030000e+02	3.980087e+02	1.930000e+02	3.979913e+02	
5.410641e+02	476	5.300187e+02	476	
5.700700e+02	230	5.600201e+02	230	
3.990000e+02	2.400079e+02	3.900000e+02	2.399921e+02	
1.510574e+02	254	1.380190e+02	254	
5.719670e+02	2.565305e+02	5.580082e+02	2.579976e+02	
5.970000e+02	2.740079e+02	5.880000e+02	2.739921e+02	
5.729901e+02	2.810026e+02	5.600408e+02	2.825238e+02	
5.090000e+02	2.950079e+02	5.000000e+02	2.949921e+02	
5.090000e+02	3.020079e+02	5.000000e+02	3.019921e+02	
4.700000e+02	3.060079e+02	4.610000e+02	3.059921e+02	
6.220000e+02	3.100079e+02	6.130000e+02	3.099921e+02	
6.010000e+02	3.110079e+02	5.920000e+02	3.109921e+02	
4.589901e+02	3.150026e+02	4.460408e+02	3.165238e+02	
3.960000e+02	3.200079e+02	3.870000e+02	3.199921e+02	
5.530534e+02	341	5.390177e+02	341	
3.100000e+02	3.450079e+02	3.010000e+02	3.449921e+02	
2.390000e+02	3.460079e+02	2.300000e+02	3.459921e+02	
4.030544e+02	353	3.819594e+02	353	
7.607002e+01	357	6.602015e+01	357	
5.770000e+02	3.640079e+02	5.680000e+02	3.639921e+02	
8.899999e+01	3.720079e+02	8.000001e+01	3.719921e+02	
3.550000e+02	3.790044e+02	3.500000e+02	3.789956e+02	
5.840000e+02	3.820079e+02	5.750000e+02	3.819921e+02	
5.930000e+02	4.400035e+02	5.890000e+02	4.399965e+02	
3.098715e+01	116	1.994179e+01	116	
5.679963e+02	2.130040e+02	5.549442e+02	2.146297e+02	
5.690216e+02	2.221430e+02	5.559999e+02	2.239963e+02	
5.669871e+02	228	5.559418e+02	228	
3.970000e+02	2.300070e+02	3.890000e+02	2.299930e+02	
3.960000e+02	2.320070e+02	3.880000e+02	2.319930e+02	
4.650000e+02	2.370070e+02	4.570000e+02	2.369930e+02	
1.989688e+02	2.485618e+02	1.850179e+02	2.501020e+02	
2.949902e+02	2.610048e+02	2.830409e+02	2.624931e+02	
4.000000e+02	2.670070e+02	3.920000e+02	2.669930e+02	
5.970000e+02	2.670070e+02	5.890000e+02	2.669930e+02	
5.080000e+02	2.860070e+02	5.000000e+02	2.859930e+02	
5.080000e+02	2.930070e+02	5.000000e+02	2.929930e+02	
6.080000e+02	2.950070e+02	6.000000e+02	2.949930e+02	
5.090000e+02	3.090070e+02	5.010000e+02	3.089930e+02	
5.559591e+02	3.095069e+02	5.440098e+02	3.109952e+02	
5.080000e+02	3.190070e+02	5.000000e+02	3.189930e+02	
3.660000e+02	3.230070e+02	3.580000e+02	3.229930e+02	
5.680000e+02	3.410070e+02	5.600000e+02	3.409930e+02	
4.810582e+02	346	4.700129e+02	346	
5.000000e+02	3.460070e+02	4.920000e+02	3.459930e+02	
2.050000e+02	3.480070e+02	1.970000e+02	3.479930e+02	
2.490000e+02	3.480070e+02	2.410000e+02	3.479930e+02	
6.240000e+02	3.490070e+02	6.160000e+02	3.489930e+02	
1.690000e+02	3.530070e+02	1.610000e+02	3.529930e+02	
5.369715e+02	3.538195e+02	5.189352e+02	3.554609e+02	
1.150000e+02	3.560070e+02	1.070000e+02	3.559930e+02	
2.419871e+02	357	2.309418e+02	357	
6.090652e+02	3.634252e+02	5.830218e+02	3.671317e+02	
5.150000e+02	3.800070e+02	5.070000e+02	3.799930e+02	
1.310000e+02	3.850070e+02	1.230000e+02	3.849930e+02	
3.079871e+02	385	2.969418e+02	385	
3.210000e+02	4.060070e+02	3.130000e+02	4.059930e+02	
2.429742e+02	4.156033e+02	2.280153e+02	4.170964e+02	
5.250000e+02	4.630070e+02	5.170000e+02	4.629930e+02	
5.299999e+01	2.006109e+00	4.600001e+01	1.993891e+00	
1.780000e+02	1.700611e+01	1.710000e+02	1.699389e+01	
1.349669e+02	4.458659e+01	1.230100e+02	4.601237e+01	
9.999999e+01	5.200611e+01	9.300001e+01	5.199389e+01	
5.109826e+02	90	5.019272e+02	90	
349	145	349	145	
5.649588e+02	1.935385e+02	5.540105e+02	1.949993e+02	
6.390000e+02	2.160061e+02	6.320000e+02	2.159939e+02	
3.850000e+02	2.590061e+02	3.780000e+02	2.589939e+02	
6.160000e+02	2.620061e+02	6.090000e+02	2.619939e+02	
3.580000e+02	2.640061e+02	3.510000e+02	2.639939e+02	
5.340000e+02	2.690061e+02	5.270000e+02	2.689939e+02	
1.200000e+02	2.750061e+02	1.130000e+02	2.749939e+02	
3.390000e+02	2.770061e+02	3.320000e+02	2.769939e+02	
1.450000e+02	2.800061e+02	1.380000e+02	2.799939e+02	
5.880000e+02	2.940061e+02	5.810000e+02	2.939939e+02	
2.579466e+02	2.944726e+02	2.480123e+02	2.959928e+02	
4.950000e+02	3.010061e+02	4.880000e+02	3.009939e+02	
4.950000e+02	3.030061e+02	4.880000e+02	3.029939e+02	
3.770000e+02	3.120061e+02	3.700000e+02	3.119939e+02	
3.750000e+02	3.210061e+02	3.680000e+02	3.209939e+02	
4.970000e+02	3.240061e+02	4.900000e+02	3.239939e+02	
2.798766e+01	3.320072e+02	1.805342e+01	3.335274e+02	
1.270000e+02	3.350061e+02	1.200000e+02	3.349939e+02	
4.699999e+01	3.420061e+02	4.000001e+01	3.419939e+02	
4.329826e+02	345	4.239272e+02	345	
2.160000e+02	3.490061e+02	2.090000e+02	3.489939e+02	
5.540000e+02	3.500061e+02	5.470000e+02	3.499939e+02	
6.350000e+02	3.500061e+02	6.280000e+02	3.499939e+02	
2.409466e+02	3.534726e+02	2.310123e+02	3.549928e+02	
5.240000e+02	3.600061e+02	5.170000e+02	3.599939e+02	
3.659466e+02	3.604726e+02	3.560123e+02	3.619928e+02	
4.099999e+01	3.630061e+02	3.400001e+01	3.629939e+02	
5.099489e+02	3.625841e+02	4.920188e+02	3.651359e+02	
3.190000e+02	3.690061e+02	3.120000e+02	3.689939e+02	
6.270000e+02	3.830061e+02	6.200000e+02	3.829939e+02	
5.240000e+02	4.610061e+02	5.170000e+02	4.609939e+02	
5.460000e+02	4.720061e+02	5.390000e+02	4.719939e+02	
1.929876e+02	2.000876e+01	1.840538e+02	2.148774e+01	
5.910000e+02	7.400524e+01	5.850000e+02	7.399476e+01	
5.099740e+02	94	5.029029e+02	94	
5.599462e+02	1.375123e+02	5.510124e+02	1.389912e+02	
5.609588e+02	1.585736e+02	5.510117e+02	1.600070e+02	
5.629588e+02	1.865736e+02	5.530117e+02	1.880070e+02	
6.150000e+02	2.530052e+02	6.090000e+02	2.529948e+02	
4.920000e+02	2.540052e+02	4.860000e+02	2.539948e+02	
3.610000e+02	2.550052e+02	3.550000e+02	2.549948e+02	
5.349883e+02	2.539930e+02	5.250412e+02	2.554264e+02	
2.890000e+02	2.560052e+02	2.830000e+02	2.559948e+02	
6.160000e+02	2.690052e+02	6.100000e+02	2.689948e+02	
5.339740e+02	271	5.269029e+02	271	
4.930000e+02	2.740052e+02	4.870000e+02	2.739948e+02	
4.939740e+02	276	4.869029e+02	276	
1.960000e+02	2.810052e+02	1.900000e+02	2.809948e+02	
1.530000e+02	2.850052e+02	1.470000e+02	2.849948e+02	
4.040000e+02	2.900052e+02	3.980000e+02	2.899948e+02	
4.949740e+02	294	4.879029e+02	294	
3.230000e+02	3.020052e+02	3.170000e+02	3.019948e+02	
2.810000e+02	3.030052e+02	2.750000e+02	3.029948e+02	
5.970000e+02	3.050052e+02	5.910000e+02	3.049948e+02	
5.749815e+02	3.108804e+02	5.620244e+02	3.123338e+02	
6.090000e+02	3.120052e+02	6.030000e+02	3.119948e+02	
6.180000e+02	3.120052e+02	6.120000e+02	3.119948e+02	
4.520000e+02	3.140052e+02	4.460000e+02	3.139948e+02	
3.830000e+02	3.210052e+02	3.770000e+02	3.209948e+02	
2.039740e+02	329	1.969029e+02	329	
5.019735e+02	3.368652e+02	4.910383e+02	3.384215e+02	
5.660000e+02	3.440052e+02	5.600000e+02	3.439948e+02	
5.489740e+02	345	5.419029e+02	345	
4.303743e+01	349	2.301245e+01	349	
1.870000e+02	3.500052e+02	1.810000e+02	3.499948e+02	
4.200000e+02	3.500052e+02	4.140000e+02	3.499948e+02	
6.029702e+02	3.516300e+02	5.910209e+02	3.531184e+02	
2.170971e+02	357	2.100260e+02	357	
3.100574e+02	362	2.970190e+02	362	
1.970220e+02	371	1.630073e+02	371	
471	374	471	374	
2.860000e+02	3.780052e+02	2.800000e+02	3.779948e+02	
5.619462e+02	3.775123e+02	5.530124e+02	3.789912e+02	
2.398758e+01	3.790088e+02	1.505379e+01	3.804877e+02	
2.160609e+02	3.843277e+02	2.050307e+02	3.861538e+02	
6.120000e+02	3.860052e+02	6.060000e+02	3.859948e+02	
193	386	193	386	
2.400000e+02	3.910052e+02	2.340000e+02	3.909948e+02	
1.350000e+02	3.980052e+02	1.290000e+02	3.979948e+02	
3.190000e+02	3.990052e+02	3.130000e+02	3.989948e+02	
3.559740e+02	410	3.489029e+02	410	
6.030000e+02	4.410052e+02	5.970000e+02	4.409948e+02	
5.340000e+02	4.540052e+02	5.280000e+02	4.539948e+02	
1.310000e+02	4.100436e+01	1.260000e+02	4.099564e+01	
5.461114e+02	162	5.400286e+02	162	
5.470904e+02	169	5.400194e+02	169	
3.960000e+02	1.750044e+02	3.910000e+02	1.749956e+02	
3.800000e+02	1.820044e+02	3.750000e+02	1.819956e+02	
3.940000e+02	1.910044e+02	3.890000e+02	1.909956e+02	
6.130000e+02	2.270044e+02	6.080000e+02	2.269956e+02	
4.911114e+02	230	4.850286e+02	230	
1.790000e+02	2.410044e+02	1.740000e+02	2.409956e+02	
4.920904e+02	241	4.850194e+02	241	
3.850000e+02	2.490044e+02	3.800000e+02	2.489956e+02	
1.310000e+02	2.790044e+02	1.260000e+02	2.789956e+02	
4.940904e+02	281	4.870194e+02	281	
5.860000e+02	2.810044e+02	5.810000e+02	2.809956e+02	
5.359460e+02	2.845555e+02	5.280136e+02	2.859970e+02	
5.080000e+02	2.880044e+02	5.030000e+02	2.879956e+02	
2.700000e+02	2.890044e+02	2.650000e+02	2.889956e+02	
4.941114e+02	290	4.880286e+02	290	
1.310000e+02	2.960044e+02	1.260000e+02	2.959956e+02	
5.699886e+02	2.959955e+02	5.610398e+02	2.973809e+02	
5.369602e+02	2.986191e+02	5.280114e+02	3.000045e+02	
4.940000e+02	3.080044e+02	4.890000e+02	3.079956e+02	
5.880000e+02	3.110044e+02	5.830000e+02	3.109956e+02	
6.360000e+02	3.130044e+02	6.310000e+02	3.129956e+02	
4.100000e+02	3.170044e+02	4.050000e+02	3.169956e+02	
1.300000e+02	3.180044e+02	1.250000e+02	3.179956e+02	
4.100000e+02	3.190044e+02	4.050000e+02	3.189956e+02	
5.890000e+02	3.190044e+02	5.840000e+02	3.189956e+02	
9.898864e+01	3.369955e+02	9.003985e+01	3.383809e+02	
4.830000e+02	3.380044e+02	4.780000e+02	3.379956e+02	
7.400000e+01	3.410044e+02	6.900000e+01	3.409956e+02	
3.070000e+02	3.410044e+02	3.020000e+02	3.409956e+02	
5.800000e+02	3.430044e+02	5.750000e+02	3.429956e+02	
1.580000e+02	3.480044e+02	1.530000e+02	3.479956e+02	
6.300000e+01	3.510044e+02	5.800000e+01	3.509956e+02	
3.070000e+02	3.530044e+02	3.020000e+02	3.529956e+02	
5.670000e+02	3.630044e+02	5.620000e+02	3.629956e+02	
8.100000e+01	3.660044e+02	7.600000e+01	3.659956e+02	
8.900000e+01	3.760044e+02	8.400000e+01	3.759956e+02	
2.040000e+02	3.780044e+02	1.990000e+02	3.779956e+02	
6.390000e+02	3.840044e+02	6.340000e+02	3.839956e+02	
3.290000e+02	3.850044e+02	3.240000e+02	3.849956e+02	
3.530000e+02	3.870044e+02	3.480000e+02	3.869956e+02	
2.121114e+02	394	2.060286e+02	394	
3.741114e+02	420	3.680286e+02	420	
4.920000e+02	4.250044e+02	4.870000e+02	4.249956e+02	
2.899631e+02	4.276231e+02	2.800288e+02	4.291432e+02	
5.870000e+02	4.390044e+02	5.820000e+02	4.389956e+02	
4.410000e+02	4.410044e+02	4.360000e+02	4.409956e+02	
6.100000e+02	4.420044e+02	6.050000e+02	4.419956e+02	
1.292924e+01	1.815221e+00	4.842885e+00	3.431034e+00	
2.480000e+02	6.003491e+00	2.440000e+02	5.996509e+00	
5.519811e+02	6.700741e+01	5.460790e+02	6.847896e+01	
5.399475e+02	8.161085e+01	5.330135e+02	8.299639e+01	
7.500002e+01	1.360040e+02	6.205466e+01	1.392317e+02	
5.298897e+02	1.845315e+02	5.209440e+02	1.867619e+02	
5.308983e+02	1.865294e+02	5.210032e+02	1.889965e+02	
5.299548e+02	1.918101e+02	5.220488e+02	1.933899e+02	
5.309512e+02	2.006101e+02	5.230452e+02	2.021899e+02	
5.619811e+02	2.080074e+02	5.560790e+02	2.094790e+02	
5.329463e+02	2.277667e+02	5.240006e+02	2.299972e+02	
5.639865e+02	2.370036e+02	5.570525e+02	2.383892e+02	
5.339523e+02	2.398106e+02	5.249115e+02	2.416171e+02	
4.909684e+02	243	4.858694e+02	243	
4.919811e+02	2.490074e+02	4.860790e+02	2.504790e+02	
5.339910e+02	2.489936e+02	5.259075e+02	2.506236e+02	
2.759865e+02	2.540036e+02	2.690525e+02	2.553892e+02	
1.310000e+02	2.570035e+02	1.270000e+02	2.569965e+02	
3.760000e+02	2.580035e+02	3.720000e+02	2.579965e+02	
3.210000e+02	2.610035e+02	3.170000e+02	2.609965e+02	
4.929865e+02	2.600036e+02	4.860525e+02	2.613892e+02	
4.920000e+02	2.630035e+02	4.880000e+02	2.629965e+02	
1.940000e+02	2.830035e+02	1.900000e+02	2.829965e+02	
2.240000e+02	2.880035e+02	2.200000e+02	2.879965e+02	
4.230000e+02	2.910035e+02	4.190000e+02	2.909965e+02	
1.640000e+02	2.930035e+02	1.600000e+02	2.929965e+02	
6.180000e+02	3.170035e+02	6.140000e+02	3.169965e+02	
3.940000e+02	3.180035e+02	3.900000e+02	3.179965e+02	
4.830000e+02	3.240035e+02	4.790000e+02	3.239965e+02	
4.319512e+02	3.326101e+02	4.240452e+02	3.341899e+02	
3.660000e+02	3.460035e+02	3.620000e+02	3.459965e+02	
3.180000e+02	3.500035e+02	3.140000e+02	3.499965e+02	
5.740082e+02	3.492000e+02	5.611102e+02	3.517773e+02	
2.579865e+02	3.540036e+02	2.510525e+02	3.553892e+02	
2.930000e+02	3.610035e+02	2.890000e+02	3.609965e+02	
5.596636e+01	3.638342e+02	4.703516e+01	3.653288e+02	
5.089811e+02	3.650074e+02	5.030790e+02	3.664790e+02	
5.650000e+02	3.670035e+02	5.610000e+02	3.669965e+02	
8.900000e+01	3.740035e+02	8.500000e+01	3.739965e+02	
5.507063e+01	377	4.191768e+01	377	
2.029210e+02	3.905210e+02	1.970189e+02	3.919926e+02	
2.230000e+02	3.920035e+02	2.190000e+02	3.919965e+02	
1.289475e+02	3.946108e+02	1.220135e+02	3.959964e+02	
1.490000e+02	4.010035e+02	1.450000e+02	4.009965e+02	
2.451306e+02	421	2.400316e+02	421	
2.700000e+02	4.250035e+02	2.660000e+02	4.249965e+02	
4.549684e+02	447	4.498694e+02	447	
5.509684e+02	455	5.458694e+02	455	
5.730000e+02	4.610035e+02	5.690000e+02	4.609965e+02	
5.399856e+02	7.599736e+01	5.340493e+02	7.732427e+01	
5.398889e+02	8.774150e+01	5.338094e+02	8.948479e+01	
4.858889e+02	1.327415e+02	4.798094e+02	1.344848e+02	
5.270597e+02	1.442315e+02	5.190619e+02	1.462404e+02	
5.259856e+02	1.539974e+02	5.200493e+02	1.553243e+02	
5.279398e+02	1.577940e+02	5.198891e+02	1.595788e+02	
5.459507e+02	1.656757e+02	5.400144e+02	1.670026e+02	
4.859653e+02	172	4.818422e+02	172	
4.869229e+02	1.775947e+02	4.820189e+02	1.789916e+02	
4.889507e+02	1.966757e+02	4.830144e+02	1.980026e+02	
4.769503e+02	1.977817e+02	4.679528e+02	1.997929e+02	
5.289483e+02	1.987921e+02	5.220449e+02	2.003226e+02	
5.169653e+02	203	5.128422e+02	203	
4.901109e+02	2.074212e+02	4.820602e+02	2.092060e+02	
4.899507e+02	2.096757e+02	4.840144e+02	2.110026e+02	
5.319317e+02	2.137376e+02	5.240009e+02	2.159967e+02	
4.899507e+02	2.226757e+02	4.840144e+02	2.240026e+02	
2.859053e+02	2.307070e+02	2.609984e+02	2.389924e+02	
4.909507e+02	2.336757e+02	4.850144e+02	2.350026e+02	
4.909856e+02	2.359974e+02	4.850493e+02	2.373243e+02	
2.559424e+02	2.368157e+02	2.221426e+02	2.474728e+02	
2.848944e+02	2.406889e+02	2.699991e+02	2.459929e+02	
3.080844e+02	2.442589e+02	3.020048e+02	2.460022e+02	
4.919507e+02	2.556757e+02	4.860144e+02	2.570026e+02	
6.792234e+01	3.047232e+02	5.700148e+01	3.079996e+02	
3.153592e+01	3.081276e+02	2.376664e+01	3.125591e+02	
1.188891e+01	3.187415e+02	5.809353e+00	3.204848e+02	
5.079483e+02	3.227921e+02	5.010449e+02	3.243226e+02	
3.499507e+02	3.656757e+02	3.440144e+02	3.670026e+02	
2.749483e+02	3.897921e+02	2.680449e+02	3.913226e+02	
3.492288e+01	4.675947e+02	3.001894e+01	4.689916e+02	
5.548735e+02	5.865688e+01	5.330043e+02	6.700790e+01	
5.128722e+02	7.766865e+01	5.048745e+02	8.067479e+01	
6.189930e+02	6.899105e+01	5.972152e+02	8.042465e+01	
5.529326e+02	7.379209e+01	5.148039e+02	8.537649e+01	
5.251315e+02	8.433829e+01	5.121282e+02	8.932977e+01	
5.239308e+02	8.782782e+01	5.139307e+02	9.182758e+01	
4.988959e+02	9.370401e+01	4.928947e+02	9.570035e+01	
4.821053e+02	1.292997e+02	4.761041e+02	1.312960e+02	
5.259948e+02	1.329960e+02	5.178924e+02	1.357071e+02	
4.728878e+02	1.427637e+02	4.051122e+02	1.752363e+02	
5.271076e+02	1.462929e+02	5.190052e+02	1.490040e+02	
4.729798e+02	1.449592e+02	4.052042e+02	1.774318e+02	
5.289123e+02	1.726985e+02	5.210877e+02	1.753015e+02	
2.751599e+02	1.773600e+02	2.681600e+02	1.803601e+02	
3.069971e+02	1.820057e+02	3.001815e+02	1.854039e+02	
3.071599e+02	1.923600e+02	3.001600e+02	1.953601e+02	
3.079971e+02	2.020057e+02	3.011815e+02	2.054039e+02	
2.749977e+02	2.150011e+02	2.608554e+02	2.206576e+02	
3.070562e+02	2.131538e+02	2.609438e+02	2.298462e+02	
3.069098e+02	2.236994e+02	3.000019e+02	2.259973e+02	
3.079457e+02	2.338162e+02	2.909731e+02	2.389082e+02	
2.469123e+02	2.416985e+02	2.390877e+02	2.443015e+02	
3.079123e+02	2.546985e+02	3.000877e+02	2.573015e+02	
2.739316e+02	3.588893e+02	2.638118e+02	3.646850e+02	
6.362076e+02	6.039148e+01	6.230056e+02	6.700256e+01	
3.067625e+02	6.767209e+01	2.598921e+02	1.018506e+02	
6.199966e+02	7.099329e+01	5.980034e+02	8.200671e+01	
3.049061e+02	9.285254e+01	2.968196e+02	9.771140e+01	
5.269984e+02	1.180065e+02	5.172199e+02	1.234268e+02	
3.059919e+02	1.320010e+02	2.987830e+02	1.356110e+02	
2.960000e+02	1.769999e+02	2.890000e+02	1.800001e+02	
2.960000e+02	1.869999e+02	2.890000e+02	1.900001e+02	
2.960000e+02	1.969999e+02	2.890000e+02	2.000001e+02	
2.860000e+02	2.009999e+02	2.790000e+02	2.040001e+02	
2.960000e+02	2.069999e+02	2.890000e+02	2.100001e+02	
7.890600e+01	2.548462e+02	5.582606e+01	2.687140e+02	
373	4.030170e+02	373	3.539762e+02	
289	2.990210e+02	289	2.640067e+02	
3.095043e+02	1.249904e+02	3.079020e+02	7.100491e+01	
4.061899e+02	2.689932e+02	3.995904e+02	8.901417e+01	
4.683330e+02	4.199887e+02	4.649966e+02	3.290004e+02	
4.720754e+02	4.229944e+02	4.705011e+02	3.820124e+02	
414	4.060250e+02	414	3.780072e+02	
4.884606e+02	4.239886e+02	4.868862e+02	3.830067e+02	
4.934222e+02	4.239897e+02	4.918478e+02	3.830077e+02	
226	3.910331e+02	226	3.690103e+02	
4.720187e+02	3.129987e+02	4.665421e+02	2.010210e+02	
4.763643e+02	3.060340e+02	4.736845e+02	2.470186e+02	
4.783529e+02	1.969865e+02	4.758215e+02	1.390073e+02	
4.236163e+02	4.160232e+02	4.216036e+02	3.800239e+02	
4.592002e+02	3.109897e+02	4.575857e+02	2.740114e+02	
446	3.100319e+02	446	2.890081e+02	
4.832462e+02	2.969794e+02	4.815824e+02	2.629613e+02	
5.354447e+02	2.019851e+02	5.338737e+02	1.720095e+02	
373	3.419863e+02	373	3.259551e+02	
4.914117e+02	2.129767e+02	4.884766e+02	1.569732e+02	
5.134837e+02	3.119797e+02	5.119336e+02	2.880089e+02	
5.420135e+02	3.069932e+02	5.404772e+02	2.850241e+02	
5.554749e+02	1.350453e+02	5.508061e+02	7.701767e+01	
5.579233e+02	1.300046e+02	5.535894e+02	6.802708e+01	
6.396783e+02	3.149389e+02	6.219658e+02	1.240037e+02	
132	3.190478e+02	132	3.040145e+02	
4.511874e+02	3.099865e+02	4.495850e+02	2.830156e+02	
6.395001e+02	2.559762e+02	6.379969e+02	2.350062e+02	
229	3.519846e+02	229	3.379490e+02	
4.811566e+02	2.539909e+02	4.795421e+02	2.170127e+02	
503	1.490460e+02	503	1.340127e+02	
5.070895e+02	2.019904e+02	5.053585e+02	1.789686e+02	
5.141945e+02	1.419856e+02	5.126235e+02	1.170150e+02	
5.581284e+02	3.199881e+02	5.566026e+02	2.970170e+02	
6.125420e+02	1.660434e+02	6.108472e+02	1.440178e+02	
106	3.479826e+02	106	3.359410e+02	
4.545168e+02	3.129675e+02	4.530082e+02	2.970074e+02	
501	1.509860e+02	501	1.379476e+02	
517	1.960471e+02	517	1.820115e+02	
5.314025e+02	1.409810e+02	5.298628e+02	1.200137e+02	
544	1.270524e+02	544	1.140140e+02	
6.383752e+02	2.729740e+02	6.359379e+02	2.420053e+02	
316	2.680165e+02	316	2.830498e+02	
489	3.360641e+02	489	3.250187e+02	
4.991284e+02	1.199881e+02	4.976026e+02	9.701701e+01	
509	2.440641e+02	509	2.330187e+02	
577	1.340563e+02	577	1.220147e+02	
6.102088e+02	1.349780e+02	6.070095e+02	1.059993e+02	
5.991705e+02	1.489861e+02	5.957443e+02	1.090204e+02	
603	1.949844e+02	603	1.839391e+02	
2.071813e+02	3.479803e+02	2.056379e+02	3.310210e+02	
405	3.699782e+02	405	3.609228e+02	
477	3.359836e+02	477	3.259337e+02	
5.280351e+02	3.229977e+02	5.166602e+02	1.370203e+02	
2.445841e+02	4.160825e+02	2.402124e+02	3.951567e+02	
417	2.850860e+02	417	2.770238e+02	
5.388695e+02	2.440165e+02	5.367369e+02	2.280336e+02	
6.111137e+02	1.189803e+02	6.095925e+02	1.060309e+02	
134	3.950806e+02	134	3.870184e+02	
157	282	157	282	
4.931184e+02	1.089791e+02	4.916300e+02	9.702985e+01	
1.614706e+02	3.718983e+02	1.590035e+02	3.620032e+02	
2.601919e+02	4.059648e+02	2.578081e+02	3.940352e+02	
2.902954e+02	3.749003e+02	2.863027e+02	3.628978e+02	
299	1.409653e+02	299	1.368422e+02	
334	2.411578e+02	334	2.370347e+02	
352	1.819653e+02	352	1.778422e+02	
3.602269e+02	3.709209e+02	3.584657e+02	3.638570e+02	
8.965704e+01	3.621393e+02	8.300865e+01	3.449988e+02	
5.680008e+02	7.299948e+01	5.619992e+02	6.400052e+01	
259	252	259	103	
136	363	136	281	
308	126	308	126	
1.004868e+02	2.500098e+02	9.888454e+01	3.009944e+02	
276	345	276	315	
226	363	226	337	
8.549906e+01	2.509784e+02	8.200239e+01	3.419992e+02	
223	361	223	337	
224	393	224	370	
4.277218e+01	2.779884e+02	3.988632e+01	3.369941e+02	
100	360	100	339	
278	332	278	311	
137	280	137	260	
1.345482e+02	3.370234e+02	1.329980e+02	3.609942e+02	
146	3.209701e+02	146	3.429929e+02	
524	306	524	289	
94	359	94	343	
150	3.200086e+02	150	3.490258e+02	
370	342	370	326	
50	322	50	307	
111	2.760099e+02	111	2.940376e+02	
324	301	324	286	
109	335	109	321	
8.065243e+01	2.409859e+02	7.684894e+01	3.399937e+02	
101	3.040154e+02	101	3.180510e+02	
115	3.199540e+02	115	3.349873e+02	
134	333	134	320	
316	300	316	287	
491	379	491	366	
125	2.800133e+02	125	2.940490e+02	
372	303	372	291	
483	128	483	116	
484	337	484	325	
1.452728e+01	3.139596e+02	1.277780e+01	3.389783e+02	
1.701687e+01	3.130038e+02	1.442517e+01	3.420432e+02	
50	268	50	257	
52	268	52	257	
110	242	110	231	
290	320	290	309	
63	318	63	308	
71	3.050187e+02	71	3.160641e+02	
109	348	109	338	
280	345	280	335	
327	281	327	271	
359	342	359	332	
510	256	510	246	
3.246137e+01	3.120484e+02	2.899606e+01	3.419982e+02	
3.499834e+01	3.080008e+02	3.159220e+01	3.409614e+02	
127	362	127	353	
189	297	189	288	
195	3.359460e+02	195	3.479876e+02	
349	2.890124e+02	349	3.010540e+02	
351	282	351	273	
371	371	371	362	
374	283	374	274	
396	284	396	275	
521	251	521	242	
532	197	532	188	
5.265016e+00	1.019353e+02	1.067757e+00	1.519192e+02	
61	318	61	310	
1.349240e+02	2.649959e+02	1.324081e+02	2.949570e+02	
163	398	163	390	
206	349	206	349	
351	302	351	294	
369	283	369	275	
433	286	433	278	
443	258	443	250	
545	105	545	97	
639	286	639	278	
7.601237e+01	3.030100e+02	7.458659e+01	3.149669e+02	
131	373	131	366	
1.339993e+02	3.750105e+02	1.325385e+02	3.859588e+02	
184	291	184	284	
248	294	248	287	
327	301	327	294	
486	372	486	365	
1.215016e+02	2.760271e+02	1.199095e+02	2.949866e+02	
1.583700e+02	2.830298e+02	1.568816e+02	2.949791e+02	
2.209912e+02	4.012421e+00	2.195123e+02	1.294621e+01	
393	299	393	293	
500	92	500	86	
269	114	269	109	
278	1.300286e+02	278	1.361114e+02	
2.896933e+02	3.979127e+02	2.860944e+02	4.087316e+02	
288	1.150286e+02	288	1.211114e+02	
288	187	288	182	
309	2.258886e+02	309	2.319714e+02	
375	409	375	404	
5.443506e+02	6.506839e+01	5.423515e+02	7.606856e+01	
8.900387e+01	3.330011e+02	8.683301e+01	3.459737e+02	
269	122	269	118	
269	140	269	136	
269	1.540316e+02	269	1.591306e+02	
288	110	288	106	
2.884790e+02	1.240790e+02	2.870074e+02	1.299811e+02	
289	351	289	347	
353	243	353	239	
359	392	359	392	
378	297	378	293	
2.434848e+02	3.868094e+02	2.417415e+02	3.928889e+02	
2.693243e+02	1.910493e+02	2.679974e+02	1.969856e+02	
2.792585e+02	1.961111e+02	2.775152e+02	2.021906e+02	
2.884053e+02	1.340771e+02	2.870084e+02	1.389811e+02	
2.992624e+02	2.380683e+02	2.970033e+02	2.459991e+02	
3.004053e+02	2.280771e+02	2.990084e+02	2.329811e+02	
1.500001e+02	3.610000e+02	1.469999e+02	3.680000e+02	
2.790013e+02	1.220074e+02	2.772926e+02	1.271143e+02	
2.792407e+02	1.770418e+02	2.779985e+02	1.819872e+02	
2.793411e+02	2.061470e+02	2.773412e+02	2.111471e+02	
2.890013e+02	2.020074e+02	2.872926e+02	2.071143e+02	
2.992960e+02	1.671041e+02	2.972997e+02	1.731053e+02	