41.5235 203.893 36.7955 224.954
286.895 383 286.895 365
19.3932 137.096 14.5609 156.893
286.894 406.976 294.672 372.15
431.606 190.889 418.958 2.00343
30.2777 384.82 25.2315 405.058
37.1302 401.002 37.0901 383
21.792 132.011 20.7125 111.015
282.461 406.948 280.197 386.978
443.448 1.03477 451.445 127.909
5.87972 230.985 16.7536 144.843
383.91 85.0059 390.216 232.027
418.602 208.903 408.906 54.019
281.898 1.13004 285.214 74.0306
381.212 0.990041 388.059 156.995
464.163 131.979 455.974 13.0017
491.307 363.983 490.025 340.999
345.256 420.004 345.095 392.999
444.428 173.805 433.763 39.014
376.578 258.015 367.947 11.9634
400.087 119.99 398.11 102.987
364.699 416.047 355.865 359.176
429.526 467.022 426.204 393.991
287.558 233.992 285.199 77.997
355.002 190.991 355 21.9872
85.1102 403.083 83.6069 387.037
433.187 470.039 429.85 401.007
343.001 179.997 343 93.0023
574.174 372.375 637.987 367.809
90.6696 401.137 93.3491 388.072
73.8394 84.2218 42.9781 80.1665
280.34 234.006 277.872 1.00166
34.3429 30.3832 28.9861 61.148
474.602 110.956 467.466 13.9657
77.0146 20.9123 42.1503 15.0988
405.654 2.0801 411.095 88.9869
396.213 48.9887 393.671 1.01746
342.999 54.9894 343 134.008
637.912 403.573 367.05 388.926
48.0511 19.7246 144.003 36.9879
73.947 68.3348 45.0381 63.7594
340 50.9689 340 0.999531
437.726 290.962 422.638 0.966766
451.048 287.997 434.731 1.95831
410.215 291.036 397.093 1.99576
76.956 5.26657 54.0842 1.49007
430.762 1.08856 435.184 56.9829
353.802 18.0127 354.071 1.00112
72.0268 8.85347 49.0621 4.66015
76.8804 36.7148 47.046 31.7248
44.9254 68.5073 110.999 76.9945
64.9658 87.3059 44.9921 85.0704
477.023 292.999 458.436 0.972229
273.934 238.001 271.617 1.00374
283.926 285.001 280.516 1.0058
350.946 289.03 342.781 1.97775
21.139 387.012 22.1986 375.018
46.1013 47.3908 133.978 62.0992
488.728 128.852 477.962 8.08517
261.998 1.99952 262 244.99
366.17 287.994 356.788 0.974274
75.0361 56.7809 46.9738 52.1594
334.94 284.001 328.245 0.994202
424.024 290.999 409.944 2.00275
395.899 289.962 383.845 1.00647
64.2202 402.935 62.8387 376.955
529.28 1.08465 539.036 88.995
133.953 50.2872 47.9573 36.2618
464.162 290.99 446.677 1.95908
513.849 292.937 492.246 0.981781
255.599 96.9999 255.574 181
381.473 290.02 370.414 0.984161
1.94619 259.994 4.30248 238.032
267.761 240.002 265.659 1.00301
511.149 0.914714 518.106 93.987
254.806 77.9999 254.834 1.99995
277.307 291.007 274.227 0.997589
489.475 291.968 470.049 1.99677
249.998 0.99984 250 212
587.515 1.47062 610.049 289.995
539.842 0.653958 556.001 291.164
542.151 2.18844 570.028 293.996
490.638 0.916903 496.204 100.992
508.057 102.995 499.709 0.941978
576.814 66.0347 569.871 13.0204
504.115 1.92198 524.999 291
536.205 3.57034 548.1 78.9743
517.654 2.37974 526.079 54.9792
548.161 6.29666 557.079 61.982
239.999 66.0038 240 150.996
525.243 0.818923 548.038 290.996
514.744 1.86403 537.001 292.999
241.604 7.03936 238.759 61.9784
501.479 288.966 481.158 0.988831
253.13 295.999 251.852 1.00064
270.694 290.002 268.448 1.00427
581.585 304.038 553.819 0.925018
528.682 87.9202 525.419 60.068
245.001 121 245 16.0003
245 1.00694 245 80.0002
258.732 292.996 257.234 1.99878
239.999 58.1034 240.001 250.994
236.282 11.0116 235.296 35.0122
264.586 291.996 262.666 1.00217
247.997 1.00063 248 299.001
246.774 127.08 243.774 190.955
591.153 294.891 563.303 0.971344
559.764 12.1596 567.077 71.9919
233 37 233 92
223.542 56.291 229.076 125.989
223.999 78.0007 224 193
447.034 157.998 445.96 141.066
25.7874 147.984 27.8886 120.067
235 134.035 235 186
526.822 399.209 480.012 404.121
233.183 13.9819 231.901 1.00982
574.023 0.809015 601.035 294.997
231.856 17.0505 230.442 41.0261
219.999 32.0695 220 164.998
287.012 1.01659 294.241 366.995
238.17 183.993 236.98 157.001
212.999 1.00443 213 79.9928
229 36 229 15
238.355 53.9753 236.126 21.9912
207.999 124.001 208 204.996
371.145 234.056 369.564 210.029
245.237 195.007 244.429 224.012
234.999 200 235 302
33.1294 51.013 29.9061 82.9905
215.999 37.0126 216 139
231 105.003 231 49.0001
304.339 188.021 303.454 159.986
227.999 165 228 292.997
240 163.01 240 217
276.002 381.938 173.003 378.895
302.631 286.006 297.889 0.00183105
221.999 91.021 222 173.994
319.269 289.016 312.954 1.00104
231.244 139.009 230.272 166.01
227.759 144.038 224.759 201.982
398.702 200.368 393.872 183.32
487 338.966 428.998 339.067
477.926 376.006 477.065 366.081
208.844 48.0085 207.757 28.0132
588.992 101.042 555.115 94.4116
212.004 142 211.019 102
394.069 152.999 393.822 133.989
231.17 224 231.17 170
600.99 337.82 576.015 339.256
17.9638 376.731 7.87749 378.092
273.014 390.514 184.024 392.889
400.002 422.11 364.009 422.638
12.7845 462.768 5.14706 436.956
221 1 221 44.9987
217 6 217 50.9994
226.736 27.0191 229.087 64.991
398.159 135.114 405.087 246.996
219.224 244.97 213.905 160.011
256 187.009 256 244
257.152 246.013 259.237 377.996
234.814 121.996 235.861 71.0177
199.896 155.994 201.224 132.012
213.002 240 215.184 208.013
413.005 377.802 386.007 377.982
621.189 127.966 618.488 113.093
512.074 147.989 509.468 130.077
588.006 187.113 585.604 166.045
210.999 179.003 211 266.004
243.254 286.99 241.922 254.003
238.268 286.989 236.962 256.002
240.244 267.007 239.3 298.009
628.876 328.378 615.949 324.158
272.998 390.018 248.933 387.692
367.957 57.2116 346.043 52.7884
339.902 88.4239 317.197 83.1509
219.779 95.0982 216.778 146.973
203.614 181.006 203.86 156.008
511.897 155.037 518.191 242.986
251.19 248.965 250.25 216.993
218.985 235.884 222.204 178.007
262.001 294.998 262 215.993
187.986 392.098 164.036 388.743
618.149 106.995 617.716 94.9742
570.468 92.9583 575.077 150.993
215.392 170.944 218.223 122.008
442.467 176.988 445.242 237.985
600.623 217.043 598.693 200.035
275.265 252.041 274.046 290.001
251.3 261.01 250.218 294.007
290.007 289.028 209.234 309.91
487.001 338 485.696 316.018
141.993 374.789 114.025 375.743
638.092 461.735 566.095 470.756
206.161 65.0003 206.234 24.0004
200.898 97.904 204.11 61.007
371.05 130.658 350.056 127.614
545.114 147.288 505.999 141.003
214.001 170.971 214 100
539.988 222.162 522.016 220.792
212.939 272.996 215.256 236.016
393.168 285.988 390.705 252.021
230.843 236.005 233.229 289.99
267.668 279.973 266.531 294.043
20.9228 290.206 0.940639 288.928
381.864 377.003 380.12 299.997
210.515 35.0452 209.114 19.9894
194.195 38.1191 197.19 79.9703
199 75 199 60
210.328 67.0328 206.804 120.987
197 89.1801 197 131.992
478.366 173.032 476.624 139.019
227.884 209.098 224.776 266.983
305 384.083 296 384.083
565.059 402.303 538.992 400.099
579.579 9.02337 584.118 62.0679
215.087 20.0008 214.691 63.0064
300.834 33.0465 299.756 6.04962
207 52.0146 207 94
203.163 104.106 206.222 156.982
562.96 122 562.885 132.999
464.737 138.012 466.013 166.999
577.54 182.021 572.855 123.01
220.073 153.102 217.774 198.992
197 213 197 191
202 187.016 202.001 308.994
289.497 247.098 286.765 288.918
230 288 230 262
222.207 292 222.185 242
281.313 249.008 280.107 295.003
27.1673 296.125 16.4905 310.368
219.177 11.0068 218.522 28.0201
197.069 165.007 193.804 214.994
455.13 198.997 454.674 177.985
531.972 222.207 538.138 278.979
585.086 250.9 535.923 246.781
421.082 290.942 416.883 212.006
268.59 278.974 267.076 243.997
433 292.012 410.99 291.721
539.995 408.871 519.031 409.749
206.12 0.0091517 202.692 44.9001
459.052 75.7524 441.005 71.9739
319 188 319 162
469.066 208.997 470.465 240.024
206.049 268.004 209.21 206.959
432.95 250.042 411 248.993
534.167 292.988 533.37 281.973
638.984 333.739 617.003 335.045
517.996 373.794 503.002 374.081
518.98 409.386 441.926 405.452
519.436 463.083 463.503 433.955
200.263 24.0175 199.883 8.00278
135.03 79.0007 136.186 33.0047
329.001 161 327.684 124.011
198 156 198 139
214.253 158.012 213.186 180.009
500.676 243.029 498.782 222.02
458.627 243.014 459.968 279.001
448.144 291.934 445.83 252.01
519.612 248.016 520.98 281.001
584.132 249.913 586.61 282.03
219 293 219 264
17.9705 282.275 3.03505 280.673
175.856 308.522 124.035 324.118
228.992 383.729 190.997 384.894
448.898 404.221 431.837 396.354
12.1737 477.993 11.2934 454.989
193 58 193 43
211.437 76.032 209.677 100.05
481.639 222.953 484.761 265.018
206.106 299.049 207.305 272.014
173.103 317.408 123.255 330.008
415.888 360.005 413.022 294.999
638 364 617 364
385.255 378.019 384.663 355.009
341 380.945 308.995 381.116
606.039 405.641 585.065 403.394
509.392 456.076 462.621 429.671
636.711 30.9135 633.068 0.991743
351.044 50.688 316.033 45.7666
81.9875 110.083 67.0265 107.825
623.356 157.062 620.935 132.006
193.898 146.006 192.756 126.014
210.074 162.001 209.805 179.013
430.711 204.006 431.322 236.013
203.045 205.004 201.772 217.978
204.126 267.011 207.239 211.055
321 270 321 251
556.013 283.351 540.999 283.045
576.49 286.035 573.821 246.944
597.402 287.057 594.901 261.009
254.975 379 255.05 300.999
591.012 375.247 545.006 375.682
527.913 389.016 524.988 372.822
173.995 376.818 129.033 378.138
554.793 470.831 519.959 462.163
553.991 472.931 507.105 478.833
180.331 38.0292 182.443 14.039
624.741 122.913 621.701 96.918
593.457 130.932 584.944 73.0108
596.637 184.016 595.495 158.022
304.235 227.99 303.052 201.042
189.507 247.016 190.186 225.006
215 294 215 268
461.008 280.146 440 279.954
470.402 435.704 433.619 404.448
463.781 433.257 432.466 406.628
179.872 86.0252 180.712 57.0206
312 146.998 312 86
535.925 177.006 531.648 127.03
203.277 139.013 202.267 160.013
187.78 191.992 188.497 171.982
503.109 180.989 500.558 156.045
345.87 212.003 347.207 268.995
565.975 283.002 563.942 260.005
197 300 197 252
217.14 275.001 216.99 305
79.4602 310.162 60.2974 317.751
344.1 356.997 342.696 302.008
257.167 388.163 232.167 383.164
316.482 36.026 315.176 10.0414
185.574 54.0391 187.279 29.019
525.353 173.885 520.758 121.944
471.949 271.001 471.674 246.004
531.799 278.007 530.754 249.009
363.675 288.947 362.651 275.949
224 299.888 224 240.008
35.9141 25.9955 37.2284 1.01201
201.226 40.0152 200.15 56.0101
180.109 107.037 179.402 128.014
82.9296 117.483 66.9767 115.16
197.096 113.909 133.98 189.984
434.823 187.007 435.414 203.022
346.906 275.514 336.876 273.676
244.998 299.005 245.178 265.001
522.938 295.673 503.014 293.847
288.803 308.003 289.181 337.011
569.248 327.984 567.534 301.965
401.946 352.695 384.95 355.721
327.412 106.017 325.825 49.9766
127.739 313.993 133.605 103.017
503.009 120.081 508.081 173.987
613.006 186.999 609.637 154.037
185.186 177.985 184.916 192.998
191.971 218.001 191.429 196.014
521.222 206.065 519.549 186.038
475.465 239.024 474.432 216.026
577.064 231.07 578.412 249.044
351.999 205.01 352 271
194.243 228.986 195.432 250.032
497.092 274.995 495.583 244.971
606.947 284.005 605.34 265.97
346.912 362.003 344.948 302.002
466.768 414.527 431.92 399.181
318.3 112.041 316.669 84.0193
189.867 129 189.867 143
490.336 170.973 488.658 149.947
488.982 184.171 459.984 181.157
510.971 210.254 487.051 207.547
360.468 211.018 362.232 257.993
505.997 255.043 451.01 250.87
397.09 273.995 395.822 249.009
338.999 274.077 306.002 273.805
532.221 398.136 527.877 373.196
191.175 79.0133 188.594 112.969
556.237 114.982 554.814 96.0139
532.284 209.982 530.893 188.007
316.273 268.985 315.086 246.995
187.533 252.984 186.766 274.992
465.092 275.995 463.729 253.016
421.066 360.997 418.27 294.03
17.0039 326.609 1.99544 326.46
592 352 581 352
621.245 392.977 619.127 369.988
302 106 302 81
513.107 119.199 519.058 172.992
487.053 146.614 458.051 142.63
107.975 221.362 69.0243 218.651
425.272 271.982 423.867 251.009
411.664 277.067 410.312 250.034
496.039 379.77 447.012 382.226
185.622 24.9657 183.628 46.9663
199.667 51.0318 177.01 87.6254
200.057 58.7344 135.958 150.971
185.943 126.995 183.896 149.083
194.165 190.367 133.246 242.289
562.187 237.981 560.997 226
488.459 243.035 486.904 219.006
567.781 245.02 566.045 225.996
177.721 236.59 131.376 268.081
359.984 245.241 339.009 243.856
592.01 259.816 567.973 258.496
605.999 303 611.196 365.984
589.958 431.444 530.979 429.72
167.263 26.9771 168.071 1.00219
238.259 23.9867 237.181 2.99069
551.46 178.042 549.818 157.014
450.207 237.991 449.248 215.989
522.754 221.029 526.226 281.046
193.255 268.99 191.832 231.006
347.724 289.024 348.089 278.003
94.9941 322.986 71.825 332.577
129.994 349.977 84.0022 349.672
522.229 391.017 521.897 376.002
184.415 96.9365 180.828 129.981
192.947 112.956 133.355 185.292
184.315 104.99 135.224 170.169
495.364 171.048 493.685 149.024
540.206 168.984 539.18 155.986
233.456 186.971 230.766 144.015
230.147 204.171 233.201 254.994
58.2056 205.007 57.178 236.006
186.969 284.933 173.13 291.284
504.897 326.998 505.229 311.983
201.311 356.019 200.246 373.078
499.01 399.147 464.045 401.635
187.022 1.0125 133.939 94.9655
238.081 84.9982 237.771 70.9829
185.001 98.0005 134.92 164.94
524.69 109.031 522.98 92.002
74.9746 114.204 49.1262 110.986
233.046 154.997 227.776 70.947
181.752 150.683 130.767 206.788
1.15916 228.905 26.7221 1.96869
602.901 156.004 603.459 169.982
337.182 270.992 336.026 245.043
166.793 261.988 167.114 282.998
19.335 372.943 20.1666 333.982
527.264 142.981 525.983 125.001
178.244 179.252 134.022 222.023
182.856 155.794 133.723 208.743
512.312 243.976 510.111 215.913
187.614 227.052 183.446 275.953
554.861 281.01 552.46 245.968
502.553 269.052 501.024 255.997
307.999 375 306.608 300.989
481.994 375.84 447.01 377.256
189.221 3.559 137.02 97.0095
183.986 52.6338 135.683 127.796
583.939 150.005 582.5 132.958
229.436 166.015 228.842 143.004
220.938 206.004 218.878 169.95
214 203 214 187
63.0069 204.933 42.0227 202.779
424.241 240.067 422.738 223.023
570.999 372.074 553.987 371.805
520.179 387.983 518.923 375.007
369.04 403.057 370.052 419.997
225 13 225 1
226.15 48.9872 222.048 0.910564
136.077 115.445 197.495 13.2973
114.907 74.5163 89.9966 70.0191
177.757 84.5222 132.39 150.269
184.979 56.9866 136.03 133.019
238 217 238 206
175.152 264.283 130.991 287.983
118.707 315.029 119.485 295.979
85.9772 318.85 65.9833 321.89
141 352 141 332
153 372 153 331
429.005 383.6 400.007 383.839
199.246 4.1471 136.703 108.823
120.016 171.834 83.9699 168.307
192.017 172.064 132.742 228.73
181.927 207.91 129.736 249.914
180.902 227.248 131.16 263.221
169.3 260.516 131.663 282.42
197.814 294.011 198.621 308.022
618.894 393.01 616.801 371.019
69.1309 404.94 45.0412 408.296
138.881 59.9401 168.45 1.22648
127.92 45.3875 105.069 40.6674
59.5368 64.0359 61.0105 42.0007
291.178 2.03376 298.241 368.996
103.886 236.001 103.828 222.996
112 234 112 224
15.3558 373.013 17.0513 327.039
248.127 361.005 247.94 325
132.013 354.397 106.009 355.261
567.334 476.555 637.995 469.942
299.562 287.991 294.949 1.00082
135.104 16.4845 115.114 12.4384
133.073 65.4702 110.094 62.3181
548.081 186.989 545.003 164
618.319 193.97 619.27 203.974
638.014 343.173 615.917 344.998
138.887 43.946 159.513 0.767242
125.869 29.6989 100.025 24.8639
0.547575 192.969 13.6168 0.973907
115.047 138.603 87.9518 135.409
470.102 144.994 471.301 165.983
212.419 198.967 210.428 173.966
206 208 206 193
199 198 199 214
60.9964 263.166 33.9874 262.583
509.274 274.979 507.96 258.003
194.156 280.008 195.29 257.014
180.708 280.348 128.455 303.785
160.121 296.31 129.162 308.415
572.032 301.233 552.002 304.018
268.295 359.009 267.544 301.98
228 377 228 358
343.993 421.824 327.021 422.509
638.054 467.465 613.045 470.384
134.611 62.3064 165.499 0.74844
593.662 151.039 591.837 135.019
416.975 268.002 415.779 254.019
367.133 361.996 365.139 301.028
139.472 27.7838 147.495 8.20273
131.054 96.6208 95.0734 91.4854
130.032 112.781 109.038 109.736
128.993 161.047 84.0055 155.953
593.349 186.071 591.164 165.982
126.15 246.005 127.208 211.006
65.8297 238.906 68.5505 204.964
27.9633 253.998 37.0367 107.002
131.948 248.95 72.0711 245.693
62.9721 260.782 35.0076 259.786
59.9977 297.959 30.9979 297.89
297.017 297.082 267.25 303.215
410.012 299.604 384.007 298.785
246.547 337.952 244.369 312.968
398.064 381.664 376.971 383.705
400.005 385.298 380.006 385.163
431.011 388.805 404.04 387.294
499.01 391.397 461.003 390.791
139.358 36.1744 155.628 2.81866
317 72 317 54
125.951 128.334 82.0192 121.869
66.0108 166.892 47.0001 164.999
64.0837 230.998 63.7573 217.981
92.9647 237.145 68.9875 236.406
63.0067 258.895 46.013 257.798
58.9806 290.587 31.977 289.697
60.0126 293.292 27.9872 292.722
316.967 351.001 315.791 300.005
319.252 342.995 318.414 300.992
279.465 362.006 278.811 304.002
158.221 350.018 157.757 329.982
427.032 380.239 400.109 383.822
189 220 189 207
457.206 235.996 456.931 221.001
611.757 293.997 611.704 279.997
365.99 299.705 309.002 298.868
484.013 301.484 426.998 300.093
250 347 250 334
342.988 353.983 319.992 353.712
534.035 393.13 608.95 397.114
121.028 143.796 100.019 140.864
35.0325 195.002 36.8228 163.99
556.674 182.026 555.023 160.998
169.252 260.016 170.275 244.018
58.9768 253.334 43.9799 252.288
380.95 298.743 350.921 304.595
363.474 330.014 362.795 304.005
51.9949 327.154 31.0184 326.451
636.956 340.528 614.961 342.587
183.082 375 182.833 329.995
423.013 407.64 398.003 408.128
158.06 414.785 107.353 400.728
335 191 335 177
123.889 239 123.889 222
71.0331 240.446 44.01 238.833
637.892 277.824 616.54 290.884
146 343 146 332
334.226 375.946 329.892 357.787
637.992 372.719 605.99 373.663
512.963 387.338 450.983 385.622
157.785 417.735 117.978 406.075
246.996 441.913 191.966 444.154
286.93 453.247 247.96 442.142
305.013 459.397 275.006 458.744
277.166 346.997 276.627 318.988
351.185 342.001 351.281 325.002
569.809 390.097 552 387
635.996 410.217 613.986 409.853
115.713 419.658 86.9523 407.109
579.916 453.837 531.998 449.018
637.979 447.817 584.996 453.969
125.023 251.651 78.03 248.546
193.136 303.018 192.763 285.005
180 346 180 331
284.202 342.993 283.524 321.983
166.778 372.998 167.078 345.001
420.957 402.6 382.012 399.828
198.979 414.094 153.049 403.783
513.99 413.789 484.01 415.215
533.992 420.113 496.046 417.369
481 423 463 423
216.027 463.426 158.008 467.121
124.02 245.705 100.988 244.173
134.971 260.569 71.983 257.331
66.2808 311.01 68.4914 250.018
227.987 410.671 196.996 411.895
417 430 391 430
169.982 446.276 150.001 444.98
381.673 479.203 322.007 462.973
427.526 327.025 425.917 295.953
148.026 417.638 112.044 419.096
114.717 312.988 115.768 288.99
314.029 427.758 269.076 422.365
462 436 435 436
100.003 461.08 46.0161 463.378
