
4.469982e+02	396	3.649921e+02	396	
4.490132e+02	384	3.950040e+02	384	
5.260195e+02	331	4.699838e+02	331	
4.499485e+01	398	2.982943e+00	398	
5.679955e+02	407	5.299823e+02	407	
3.901739e+01	406	2.003878e+00	406	
3.409930e+02	346	3.119758e+02	346	
2.480250e+02	194	2.180083e+02	194	
333	332	333	332	
4.489977e+02	3.390520e+02	3.510094e+02	3.347737e+02	
3.310289e+02	1.965256e+02	2.940257e+02	1.945863e+02	
6.249897e+02	374	6.029669e+02	374	
3.760282e+02	332	3.520074e+02	332	
3.419892e+02	353	3.209654e+02	353	
2.399056e+01	395	1.967845e+00	395	
428	380	428	380	
4.489592e+02	4.055935e+02	2.520360e+02	3.914779e+02	
1.740060e+02	478	4.900200e+01	478	
5.450306e+02	338	5.230078e+02	338	
4.119835e+02	3.985211e+02	3.430009e+02	3.959917e+02	
1.160181e+02	4.766162e+02	3.200292e+01	4.729481e+02	
2.310258e+02	118	2.020086e+02	118	
3.709905e+02	329	3.519642e+02	329	
6.359828e+02	3.414603e+02	6.090091e+02	3.399050e+02	
1.469790e+02	3.425020e+02	1.230056e+02	3.409937e+02	
4.460329e+02	3.363635e+02	3.809671e+02	3.336365e+02	
4.796400e+01	4.775274e+02	1.996041e+00	4.740711e+02	
2.790396e+02	97	2.620102e+02	97	
3.709924e+02	326	3.519661e+02	326	
4.499855e+02	331	4.349522e+02	331	
2.780514e+02	3.873778e+02	2.500266e+02	3.857619e+02	
4.479954e+02	4.020693e+02	4.090212e+02	3.996172e+02	
5.909300e+02	4.167555e+02	5.540327e+02	4.126820e+02	
8.699040e+01	3.200895e+02	6.396860e+01	3.183585e+02	
5.449846e+02	332	5.309490e+02	332	
6.202277e+01	4.687892e+02	2.501106e+01	4.648991e+02	
4.703121e+01	379	2.301039e+01	379	
2.509375e+02	3.916460e+02	1.960234e+02	3.857773e+02	
5.129847e+02	4.051945e+02	4.890166e+02	4.036026e+02	
6.260215e+02	4.206726e+02	5.539827e+02	4.162665e+02	
5.750217e+02	4.388007e+02	5.570005e+02	4.370019e+02	
2.719867e+02	451	2.579510e+02	451	
8.599086e+01	3.270950e+02	5.901715e+01	3.255397e+02	
3.349989e+02	3.500109e+02	3.130098e+02	3.478936e+02	
5.639826e+02	368	5.519410e+02	368	
2.699828e+02	3.893834e+02	2.480138e+02	3.878472e+02	
5.130051e+02	4.118868e+02	4.690161e+02	4.096584e+02	
2.310429e+02	436	2.160096e+02	436	
2.229756e+02	4.402738e+02	1.999912e+02	4.381012e+02	
6.270503e+02	300	6.140119e+02	300	
4.749853e+02	301	4.629437e+02	301	
6.060934e+02	4.164077e+02	5.791200e+02	4.122320e+02	
2.050000e+02	2.090079e+02	1.960000e+02	2.089921e+02	
4.269722e+02	2.912972e+02	4.049832e+02	2.891799e+02	
4.759876e+02	294	4.639460e+02	294	
5.220902e+02	294	5.109098e+02	294	
5.420700e+02	307	5.320201e+02	307	
1.919901e+02	4.509974e+02	1.790408e+02	4.494762e+02	
2.630663e+02	194	2.530164e+02	194	
5.839782e+02	238	5.749228e+02	238	
3.879742e+02	2.603967e+02	3.730153e+02	2.589036e+02	
5.459666e+02	2.654449e+02	5.330095e+02	2.639916e+02	
3.829666e+02	2.824449e+02	3.700095e+02	2.809916e+02	
3.959874e+02	2.861083e+02	3.699990e+02	2.830093e+02	
3.929998e+02	2.879964e+02	3.750279e+02	2.857579e+02	
4.259887e+02	2.891162e+02	4.030201e+02	2.867831e+02	
4.759688e+02	2.894382e+02	4.620179e+02	2.878980e+02	
4.529997e+02	2.919936e+02	4.320321e+02	2.896787e+02	
3.899742e+02	2.933967e+02	3.750153e+02	2.919036e+02	
4.529847e+02	2.940964e+02	4.380258e+02	2.926033e+02	
3.900334e+02	2.957515e+02	3.750167e+02	2.938811e+02	
5.019733e+02	2.972115e+02	4.849594e+02	2.953331e+02	
4.489905e+02	2.990084e+02	4.360334e+02	2.975551e+02	
5.229666e+02	2.994449e+02	5.100095e+02	2.979916e+02	
5.429666e+02	3.014449e+02	5.300095e+02	2.999916e+02	
4.990582e+02	303	4.880129e+02	303	
6.239905e+02	3.040084e+02	6.110334e+02	3.025551e+02	
3.889751e+02	3.093968e+02	3.730231e+02	3.078045e+02	
4.689789e+02	3.311152e+02	4.529370e+02	3.294857e+02	
2.605744e+01	371	1.301903e+01	371	
1.769801e+02	3.882066e+02	1.530288e+02	3.856892e+02	
1.499051e+01	4.130084e+02	2.033366e+00	4.115551e+02	
5.529543e+02	4.153949e+02	5.340171e+02	4.128681e+02	
6.310440e+02	433	6.140146e+02	433	
6.390644e+02	4.504807e+02	5.500557e+02	4.395518e+02	
6.389643e+02	4.483076e+02	5.770222e+02	4.408118e+02	
1.949751e+02	4.533968e+02	1.790231e+02	4.518045e+02	
6.249074e+02	4.796194e+02	5.070926e+02	4.613806e+02	
1.380076e+02	4.707212e+02	6.500202e+01	4.689369e+02	
2.429804e+02	1.911287e+02	2.080413e+02	1.857198e+02	
4.269428e+02	2.434371e+02	4.030033e+02	2.399874e+02	
4.500374e+02	2.867290e+02	4.350341e+02	2.847538e+02	
5.009803e+02	2.921137e+02	4.880309e+02	2.905925e+02	
6.130860e+02	293	6.050238e+02	293	
4.209751e+02	2.962061e+02	4.060242e+02	2.946347e+02	
5.430728e+02	303	5.340174e+02	303	
5.439826e+02	321	5.349272e+02	321	
1.194658e+01	3.595274e+02	2.012342e+00	3.580072e+02	
4.894369e+01	3.733334e+02	2.494632e+01	3.693176e+02	
1.769894e+02	3.861025e+02	1.540291e+02	3.836893e+02	
5.099908e+02	3.900621e+02	4.860228e+02	3.884702e+02	
5.110394e+02	397	4.920131e+02	397	
5.000728e+02	409	4.910174e+02	409	
6.059826e+02	409	5.969272e+02	409	
6.360860e+02	413	6.280238e+02	413	
5.094658e+01	4.225274e+02	4.101234e+01	4.210072e+02	
1.737787e+02	4.330384e+02	1.209944e+02	4.210461e+02	
2.720534e+02	462	2.580177e+02	462	
1.899858e+01	4.640058e+02	1.972650e+00	4.611567e+02	
3.095913e+01	4.723633e+02	2.027930e+00	4.687597e+02	
2.789883e+02	1.000070e+02	2.690412e+02	9.857362e+01	
5.919876e+02	1.609912e+02	5.830538e+02	1.595123e+02	
3.720177e+02	2.138835e+02	3.410941e+02	2.084309e+02	
3.709892e+02	2.240548e+02	3.439473e+02	2.192866e+02	
5.739740e+02	236	5.669029e+02	236	
3.919991e+02	2.400006e+02	3.750322e+02	2.377367e+02	
3.959203e+02	2.385137e+02	3.750294e+02	2.348301e+02	
3.909969e+02	2.460056e+02	3.749414e+02	2.433188e+02	
4.769876e+02	2.499912e+02	4.680538e+02	2.485123e+02	
4.779795e+02	2.521499e+02	4.630015e+02	2.499915e+02	
4.980002e+02	2.629991e+02	4.879998e+02	2.610009e+02	
6.189702e+02	2.623700e+02	6.070209e+02	2.608816e+02	
4.209666e+02	2.652591e+02	4.049692e+02	2.632381e+02	
5.209883e+02	2.660070e+02	5.110412e+02	2.645736e+02	
3.879740e+02	279	3.809029e+02	279	
5.429735e+02	2.971348e+02	5.320383e+02	2.955785e+02	
4.198154e+01	3.451196e+02	2.902440e+01	3.436662e+02	
4.510006e+02	3.819945e+02	4.290185e+02	3.788659e+02	
4.497015e+01	3.843700e+02	3.302089e+01	3.828816e+02	
1.094621e+01	3.874877e+02	2.012421e+00	3.860088e+02	
3.409735e+02	3.901348e+02	3.300383e+02	3.885785e+02	
2.969666e+02	3.912591e+02	2.809692e+02	3.892381e+02	
9.197398e+01	402	8.490291e+01	402	
4.599740e+02	405	4.529029e+02	405	
5.969883e+02	4.120070e+02	5.870412e+02	4.105736e+02	
8.097398e+01	412	7.390291e+01	412	
8.295884e+01	4.214264e+02	7.301171e+01	4.199930e+02	
6.089417e+02	4.793862e+02	5.070583e+02	4.636138e+02	
8.198065e+01	36	7.490958e+01	36	
1.139951e+02	9.899962e+01	1.019006e+02	9.640678e+01	
6.381114e+02	139	6.320286e+02	139	
6.000574e+02	182	5.870190e+02	182	
3.720830e+02	2.095911e+02	3.429934e+02	2.040419e+02	
3.709754e+02	2.161154e+02	3.459154e+02	2.114256e+02	
3.719710e+02	2.221667e+02	3.429992e+02	2.170061e+02	
4.729676e+02	2.191754e+02	4.619674e+02	2.171763e+02	
4.319714e+02	225	4.258886e+02	225	
3.609668e+02	2.281693e+02	3.449353e+02	2.253425e+02	
4.019714e+02	227	3.958886e+02	227	
4.321114e+02	227	4.260286e+02	227	
5.409886e+02	2.310045e+02	5.320398e+02	2.296191e+02	
4.259527e+02	2.413132e+02	4.040473e+02	2.376868e+02	
3.859769e+02	2.471311e+02	3.750285e+02	2.456702e+02	
4.489567e+02	2.473092e+02	4.340021e+02	2.449941e+02	
4.210408e+02	2.508070e+02	4.070005e+02	2.480015e+02	
4.169631e+02	2.523769e+02	4.070288e+02	2.508568e+02	
5.009979e+02	2.560059e+02	4.860433e+02	2.536908e+02	
4.749721e+02	2.591567e+02	4.629497e+02	2.572956e+02	
5.259567e+02	2.603092e+02	5.110021e+02	2.579941e+02	
6.392007e+02	2.643974e+02	6.262946e+02	2.601041e+02	
5.439546e+02	2.633088e+02	5.299789e+02	2.611453e+02	
6.380399e+02	2.688055e+02	6.089998e+02	2.630027e+02	
6.180140e+02	2.749107e+02	5.940751e+02	2.705603e+02	
4.806856e+01	2.826485e+02	3.706839e+01	2.806494e+02	
2.439806e+02	285	2.369096e+02	285	
2.639723e+02	3.355207e+02	2.450073e+02	3.339949e+02	
5.559714e+02	339	5.498886e+02	339	
1.640686e+02	3.426485e+02	1.530684e+02	3.406494e+02	
4.999893e+01	3.709980e+02	2.807172e+01	3.666165e+02	
8.980648e+00	376	1.909580e+00	376	
1.769346e+02	3.842600e+02	1.600654e+02	3.797400e+02	
3.559806e+02	388	3.489096e+02	388	
2.459864e+02	4.429970e+02	2.380540e+02	4.415555e+02	
1.829602e+02	4.473809e+02	1.740114e+02	4.459955e+02	
2.469864e+02	4.479970e+02	2.390540e+02	4.465555e+02	
2.399218e+02	4.534069e+02	2.170782e+02	4.485931e+02	
3.069054e+02	4.645572e+02	2.860679e+02	4.605823e+02	
4.472043e+02	3.380956e+00	4.400995e+02	1.792849e+00	
1.378897e+02	1.546847e+01	1.289440e+02	1.323806e+01	
4.956813e+02	2.647335e+01	4.690027e+02	8.000251e+00	
1.419402e+02	4.318358e+01	1.108748e+02	3.338869e+01	
1.399108e+02	8.034593e+01	8.715022e+01	6.640598e+01	
1.398374e+02	8.664087e+01	8.710119e+01	7.260886e+01	
1.380651e+02	1.037630e+02	1.200034e+02	9.899089e+01	
1.399426e+02	1.062283e+02	1.199395e+02	1.012410e+02	
3.988147e+02	1.476859e+02	3.720432e+02	1.398574e+02	
4.210708e+02	1.617484e+02	4.070002e+02	1.580044e+02	
4.479983e+02	1.690067e+02	4.360017e+02	1.659933e+02	
4.749487e+02	1.712197e+02	4.619490e+02	1.682185e+02	
3.369512e+02	1.823899e+02	3.290452e+02	1.808101e+02	
3.929210e+02	1.914125e+02	3.760419e+02	1.877939e+02	
3.930856e+02	1.936157e+02	3.759599e+02	1.901936e+02	
3.909997e+02	1.989986e+02	3.750365e+02	1.958088e+02	
4.239149e+02	1.984198e+02	4.030441e+02	1.937928e+02	
4.489463e+02	1.992319e+02	4.350537e+02	1.957681e+02	
3.859475e+02	2.003892e+02	3.790135e+02	1.990036e+02	
4.498926e+02	2.044665e+02	4.320012e+02	2.000057e+02	
4.210639e+02	2.057612e+02	4.069361e+02	2.022388e+02	
4.759615e+02	2.101908e+02	4.609610e+02	2.071934e+02	
5.619469e+02	2.102334e+02	5.510986e+02	2.075286e+02	
4.989999e+02	2.110006e+02	4.860001e+02	2.079994e+02	
4.479648e+02	2.111919e+02	4.360352e+02	2.088081e+02	
4.749648e+02	2.121919e+02	4.630352e+02	2.098081e+02	
4.939548e+02	2.121899e+02	4.860488e+02	2.106101e+02	
3.879737e+02	2.131670e+02	3.750011e+02	2.109961e+02	
4.489517e+02	2.142204e+02	4.350009e+02	2.109996e+02	
5.029104e+02	2.164188e+02	4.839542e+02	2.122163e+02	
4.739995e+02	2.169990e+02	4.630359e+02	2.148082e+02	
5.229992e+02	2.210005e+02	5.080420e+02	2.177940e+02	
4.979995e+02	2.219990e+02	4.870359e+02	2.198082e+02	
4.479587e+02	2.252040e+02	4.260786e+02	2.205931e+02	
4.969610e+02	2.241911e+02	4.869607e+02	2.221929e+02	
5.419448e+02	2.252028e+02	5.288664e+02	2.225657e+02	
4.589811e+02	2.269926e+02	4.530790e+02	2.255210e+02	
5.200393e+02	2.268071e+02	5.100390e+02	2.248089e+02	
5.409177e+02	2.274228e+02	5.300024e+02	2.250029e+02	
3.978845e+02	2.365290e+02	3.778431e+02	2.327422e+02	
4.841306e+02	235	4.790316e+02	235	
4.589811e+02	2.379926e+02	4.530790e+02	2.365210e+02	
3.889210e+02	2.504790e+02	3.830189e+02	2.490074e+02	
5.429995e+02	2.589990e+02	5.320359e+02	2.568082e+02	
6.390927e+02	2.667040e+02	6.261941e+02	2.623882e+02	
5.409548e+02	2.691899e+02	5.330488e+02	2.676101e+02	
5.230980e+02	2.795129e+02	5.120678e+02	2.776868e+02	
5.979512e+02	2.863899e+02	5.900452e+02	2.848101e+02	
2.021225e+02	343	1.960398e+02	343	
3.791306e+02	379	3.740316e+02	379	
1.209910e+02	3.970064e+02	1.129075e+02	3.953764e+02	
4.849684e+02	404	4.798694e+02	404	
5.899811e+02	4.079926e+02	5.840790e+02	4.065210e+02	
1.110751e+02	4.186794e+02	9.402485e+01	4.148994e+02	
1.589210e+02	4.324790e+02	1.530189e+02	4.310074e+02	
1.459512e+02	4.333899e+02	1.380452e+02	4.318101e+02	
2.529445e+02	4.602210e+02	2.089956e+02	4.490186e+02	
2.407694e+02	4.629135e+02	1.960439e+02	4.508456e+02	
1.638104e+02	8.598189e+00	1.509043e+02	4.304898e+00	
3.907130e+02	2.665665e+01	3.767983e+02	2.046142e+01	
1.068897e+02	3.140570e+01	9.196689e+01	2.712666e+01	
1.428390e+02	4.955210e+01	9.100146e+01	3.400008e+01	
3.918806e+02	6.833315e+01	3.771194e+02	6.266685e+01	
5.369925e+02	8.299688e+01	5.252480e+02	7.829940e+01	
5.362305e+02	8.641362e+01	5.281280e+02	8.370256e+01	
9.493167e+01	9.326239e+01	8.700095e+01	9.100327e+01	
9.494414e+01	9.524188e+01	8.600237e+01	9.299586e+01	
3.970998e+02	1.027121e+02	3.770052e+02	9.598849e+01	
4.950723e+02	1.058288e+02	4.859277e+02	1.021712e+02	
4.199069e+02	1.082976e+02	4.051764e+02	1.033974e+02	
4.211063e+02	1.186976e+02	4.070003e+02	1.140052e+02	
5.379938e+02	1.219932e+02	5.282147e+02	1.183370e+02	
4.517992e+02	1.216269e+02	4.321041e+02	1.146912e+02	
4.719994e+02	1.240016e+02	4.610006e+02	1.199984e+02	
5.361111e+02	1.237083e+02	5.288889e+02	1.212917e+02	
4.481022e+02	1.276973e+02	4.360997e+02	1.237046e+02	
4.229972e+02	1.329940e+02	4.061831e+02	1.274007e+02	
4.480012e+02	1.299963e+02	4.359988e+02	1.260037e+02	
4.790700e+02	130	4.690201e+02	130	
3.919417e+02	1.401826e+02	3.758856e+02	1.353656e+02	
4.479552e+02	1.401377e+02	4.348806e+02	1.363887e+02	
3.928972e+02	1.483920e+02	3.770357e+02	1.438737e+02	
4.189985e+02	1.479996e+02	4.080777e+02	1.447232e+02	
4.729983e+02	1.480067e+02	4.610017e+02	1.449933e+02	
3.919983e+02	1.540012e+02	3.759172e+02	1.492683e+02	
4.229463e+02	1.542319e+02	4.090537e+02	1.507681e+02	
5.399953e+02	1.540060e+02	5.288955e+02	1.502921e+02	
3.918972e+02	1.563920e+02	3.760357e+02	1.518737e+02	
4.219507e+02	1.563243e+02	4.160144e+02	1.549974e+02	
4.520856e+02	1.607258e+02	4.330011e+02	1.550002e+02	
4.508722e+02	1.624618e+02	4.320540e+02	1.568161e+02	
3.929457e+02	1.682304e+02	3.750543e+02	1.637696e+02	
4.679317e+02	1.652624e+02	4.600009e+02	1.630033e+02	
4.749974e+02	1.690064e+02	4.620577e+02	1.657562e+02	
4.229976e+02	1.760041e+02	4.140559e+02	1.737581e+02	
4.989983e+02	1.760067e+02	4.870017e+02	1.729933e+02	
4.699209e+02	1.772269e+02	4.628570e+02	1.754657e+02	
4.969476e+02	1.822336e+02	4.870524e+02	1.797664e+02	
5.209423e+02	1.822438e+02	5.080026e+02	1.789936e+02	
215	182	215	182	
5.409974e+02	1.880064e+02	5.280577e+02	1.847562e+02	
4.709476e+02	1.882336e+02	4.610524e+02	1.857664e+02	
5.190893e+02	1.887268e+02	5.100026e+02	1.860007e+02	
5.399983e+02	1.900067e+02	5.280017e+02	1.869933e+02	
4.169177e+02	1.914228e+02	4.060024e+02	1.890029e+02	
5.399996e+02	1.939975e+02	5.300433e+02	1.917903e+02	
4.109507e+02	1.933243e+02	4.050144e+02	1.919974e+02	
4.251109e+02	1.965788e+02	4.170602e+02	1.947940e+02	
4.219507e+02	2.003243e+02	4.160144e+02	1.989974e+02	
4.459483e+02	2.012079e+02	4.390449e+02	1.996774e+02	
5.800000e+02	2.149940e+02	5.669190e+02	2.112678e+02	
4.029856e+02	2.200026e+02	3.970493e+02	2.186757e+02	
4.019856e+02	2.220026e+02	3.960493e+02	2.206757e+02	
2.189856e+02	2.310026e+02	2.130493e+02	2.296757e+02	
4.589811e+02	2.309916e+02	4.540771e+02	2.295947e+02	
4.319856e+02	2.330026e+02	4.260493e+02	2.316757e+02	
4.589856e+02	2.330026e+02	4.530493e+02	2.316757e+02	
4.839811e+02	2.379916e+02	4.790771e+02	2.365947e+02	
4.579811e+02	2.399916e+02	4.530771e+02	2.385947e+02	
5.071578e+02	246	5.030347e+02	246	
4.741068e+02	296	4.629265e+02	296	
5.798106e+01	2.979916e+02	5.307712e+01	2.965947e+02	
4.139483e+02	2.982079e+02	4.070449e+02	2.966774e+02	
2.190927e+02	328	2.110304e+02	328	
5.509653e+02	334	5.468422e+02	334	
5.799811e+02	3.709916e+02	5.750771e+02	3.695947e+02	
6.389811e+02	3.859916e+02	6.340771e+02	3.845947e+02	
6.099483e+02	4.142079e+02	6.030449e+02	4.126774e+02	
6.389904e+02	4.230047e+02	6.288646e+02	4.204613e+02	
7.192064e+01	4.402290e+02	2.079365e+00	4.157710e+02	
7.992946e+01	4.332701e+02	7.200269e+01	4.309972e+02	
1.490051e+02	4.609843e+02	7.288421e+01	4.343271e+02	
1.150734e+02	4.447511e+02	1.050031e+02	4.419962e+02	
1.889976e+02	4.460041e+02	1.800559e+02	4.437581e+02	
3.179811e+02	4.669916e+02	3.130771e+02	4.655947e+02	
3.340881e+02	4.777673e+02	3.050362e+02	4.669053e+02	
4.469993e+02	7.994599e+00	4.351604e+02	2.624241e+00	
1.818669e+02	1.134264e+01	1.688723e+02	6.328460e+00	
3.937982e+02	1.148522e+01	3.769001e+02	4.242687e+00	
1.788887e+02	1.332531e+01	1.670025e+02	8.999058e+00	
4.798041e+02	2.041029e+01	4.581959e+02	9.589706e+00	
5.329957e+02	1.400163e+01	5.231566e+02	9.620946e+00	
3.959147e+02	1.719169e+01	3.779199e+02	9.179909e+00	
3.929469e+02	1.812036e+01	3.768949e+02	1.124046e+01	
4.480010e+02	2.099779e+01	4.329990e+02	1.400221e+01	
4.208156e+02	2.439814e+01	4.071844e+02	1.760186e+01	
3.919999e+02	2.300017e+01	3.780001e+02	1.699983e+01	
5.016547e+02	2.749649e+01	4.883453e+02	1.750351e+01	
4.249999e+02	3.000026e+01	4.040001e+02	2.099974e+01	
4.211563e+02	3.563857e+01	4.071564e+02	2.963823e+01	
4.498851e+02	4.127263e+01	4.351149e+02	3.472737e+01	
4.722177e+02	4.656144e+01	4.587823e+02	4.043856e+01	
4.470009e+02	4.699792e+01	4.349991e+02	4.200208e+01	
5.369993e+02	4.899460e+01	5.251604e+02	4.362424e+01	
4.439985e+02	4.899357e+01	4.351844e+02	4.459903e+01	
4.750040e+02	5.299205e+01	4.609960e+02	4.600795e+01	
3.929310e+02	5.817217e+01	3.779309e+02	5.217254e+01	
4.710028e+02	5.799432e+01	4.609972e+02	5.300568e+01	
3.928734e+02	6.033529e+01	3.768780e+02	5.432302e+01	
4.699961e+02	5.999831e+01	4.608516e+02	5.634076e+01	
3.920691e+02	6.582746e+01	3.770690e+02	5.982783e+01	
4.958156e+02	6.239814e+01	4.821844e+02	5.560186e+01	
4.238676e+02	7.034679e+01	4.080016e+02	6.400086e+01	
4.738129e+02	7.139677e+01	4.609994e+02	6.500819e+01	
5.178156e+02	7.239814e+01	5.041844e+02	6.560186e+01	
4.210711e+02	7.682825e+01	4.069289e+02	7.117175e+01	
3.919686e+02	7.908231e+01	3.759111e+02	7.323787e+01	
4.489133e+02	8.021023e+01	4.319402e+02	7.314504e+01	
5.161484e+02	7.765924e+01	5.070039e+02	7.400169e+01	
5.378434e+02	8.137905e+01	5.280043e+02	7.699837e+01	
4.730006e+02	8.599181e+01	4.601871e+02	7.960323e+01	
4.470844e+02	8.678697e+01	4.349156e+02	8.221303e+01	
4.218734e+02	9.033529e+01	4.058780e+02	8.432302e+01	
4.739973e+02	9.000709e+01	4.610027e+02	8.499291e+01	
3.931268e+02	9.667879e+01	3.780043e+02	9.099462e+01	
4.720530e+02	9.688001e+01	4.609470e+02	9.211999e+01	
4.959955e+02	9.900640e+01	4.821261e+02	9.365466e+01	
3.938851e+02	1.043235e+02	3.768914e+02	9.830567e+01	
4.179990e+02	1.049966e+02	4.080925e+02	1.017012e+02	
5.889989e+02	1.030034e+02	5.830011e+02	1.009966e+02	
3.920015e+02	1.089954e+02	3.769985e+02	1.040046e+02	
4.249071e+02	1.122967e+02	4.080929e+02	1.067033e+02	
5.188699e+02	1.083478e+02	5.080023e+02	1.040011e+02	
3.911025e+02	1.117092e+02	3.770047e+02	1.069921e+02	
5.379308e+02	1.121722e+02	5.279307e+02	1.081724e+02	
5.170000e+02	1.139999e+02	5.070000e+02	1.100001e+02	
5.388839e+02	1.163357e+02	5.300036e+02	1.129979e+02	
5.388718e+02	1.183298e+02	5.258685e+02	1.133383e+02	
4.209079e+02	1.212980e+02	4.070921e+02	1.167020e+02	
3.929094e+02	1.232995e+02	3.820906e+02	1.197005e+02	
4.498959e+02	1.232960e+02	4.438947e+02	1.212997e+02	
4.738887e+02	1.293253e+02	4.620025e+02	1.249991e+02	
4.949308e+02	1.321722e+02	4.849307e+02	1.281724e+02	
4.731022e+02	1.356973e+02	4.610997e+02	1.317046e+02	
4.979064e+02	1.372975e+02	4.850003e+02	1.330042e+02	
4.719990e+02	1.379966e+02	4.620925e+02	1.347012e+02	
4.968837e+02	1.393228e+02	4.828877e+02	1.343115e+02	
5.209010e+02	1.452946e+02	5.058979e+02	1.403038e+02	
4.960693e+02	1.438276e+02	4.860692e+02	1.398278e+02	
5.179990e+02	1.509966e+02	5.080925e+02	1.477012e+02	
5.409079e+02	1.522980e+02	5.270921e+02	1.477020e+02	
5.909963e+02	1.539984e+02	5.851240e+02	1.516497e+02	
5.389990e+02	1.579966e+02	5.290925e+02	1.547012e+02	
4.739094e+02	1.762995e+02	4.630906e+02	1.727005e+02	
4.309872e+02	2.350015e+02	4.260418e+02	2.337593e+02	
1.388211e+02	4.694193e+02	7.302377e+01	4.409463e+02	
3.409872e+02	4.790015e+02	3.360418e+02	4.777593e+02	
5.142126e+02	7.609494e+00	5.050067e+02	2.999532e+00	
4.449984e+02	1.099353e+01	4.352199e+02	5.573193e+00	
5.209709e+02	2.205404e+01	4.930291e+02	6.945955e+00	
5.129933e+02	1.000047e+01	5.037874e+02	5.390506e+00	
4.717821e+02	1.442512e+01	4.600027e+02	8.002796e+00	
5.347358e+02	1.345928e+01	5.260047e+02	8.003431e+00	
5.329967e+02	1.799446e+01	5.252274e+02	1.356294e+01	
4.709976e+02	2.000538e+01	4.600024e+02	1.499462e+01	
5.329988e+02	2.100244e+01	5.250012e+02	1.699756e+01	
4.699984e+02	2.299353e+01	4.602199e+02	1.757319e+01	
4.699976e+02	3.100538e+01	4.590024e+02	2.599462e+01	
4.929987e+02	3.100295e+01	4.840013e+02	2.699705e+01	
5.180000e+02	3.799991e+01	5.050000e+02	3.100009e+01	
5.149987e+02	4.200295e+01	5.060013e+02	3.799705e+01	
5.387821e+02	4.842512e+01	5.270027e+02	4.200280e+01	
5.347726e+02	5.243706e+01	5.270033e+02	4.800554e+01	
4.939987e+02	6.800295e+01	4.850013e+02	6.399705e+01	
4.738612e+02	9.234425e+01	4.588611e+02	8.634462e+01	
5.849985e+02	2.690030e+02	5.750015e+02	2.639970e+02	
5.199996e+01	4.270001e+02	4.500004e+01	4.239999e+02	
1.651773e+02	4.717117e+02	1.520932e+02	4.638500e+02	
4.480000e+02	3.910550e+02	3.850000e+02	3.909450e+02	
3.040123e+02	332	2.450038e+02	332	
6.390000e+02	3.340367e+02	5.970000e+02	3.339633e+02	
5.210183e+02	338	4.820055e+02	338	
5.660000e+02	3.970314e+02	5.300000e+02	3.969686e+02	
3.840000e+02	3.850297e+02	3.500000e+02	3.849703e+02	
2.480000e+02	1.960271e+02	2.170000e+02	1.959729e+02	
1.780000e+02	3.340236e+02	1.510000e+02	3.339764e+02	
5.080000e+02	3.720236e+02	4.810000e+02	3.719764e+02	
5.080000e+02	3.740236e+02	4.810000e+02	3.739764e+02	
5.650000e+02	3.900236e+02	5.380000e+02	3.899764e+02	
3.319920e+02	331	3.049735e+02	331	
1.790000e+02	3.320209e+02	1.550000e+02	3.319791e+02	
6.390000e+02	4.300209e+02	6.150000e+02	4.299791e+02	
4.299915e+02	342	4.049715e+02	342	
6.300000e+02	3.970201e+02	6.070000e+02	3.969799e+02	
3.440101e+02	334	2.700034e+02	334	
6.280000e+02	3.990192e+02	6.060000e+02	3.989808e+02	
5.130000e+02	4.020192e+02	4.910000e+02	4.019808e+02	
3.770000e+02	3.400183e+02	3.560000e+02	3.399817e+02	
5.640000e+02	3.730175e+02	5.440000e+02	3.729825e+02	
6.090220e+02	434	5.750073e+02	434	
2.902395e+01	457	2.005437e+00	457	
4.269792e+02	3.784534e+02	4.000055e+02	3.800087e+02	
2.900000e+02	2.880157e+02	2.720000e+02	2.879843e+02	
2.130000e+02	3.820157e+02	1.950000e+02	3.819843e+02	
5.700000e+02	3.320148e+02	5.530000e+02	3.319852e+02	
2.120000e+02	3.340148e+02	1.950000e+02	3.339852e+02	
3.750000e+02	3.380148e+02	3.580000e+02	3.379852e+02	
2.970000e+02	3.450148e+02	2.800000e+02	3.449852e+02	
3.910000e+02	3.470148e+02	3.740000e+02	3.469852e+02	
3.420000e+02	3.370140e+02	3.260000e+02	3.369860e+02	
2.960000e+02	3.470140e+02	2.800000e+02	3.469860e+02	
3.900000e+02	3.580140e+02	3.740000e+02	3.579860e+02	
3.900000e+02	3.640140e+02	3.740000e+02	3.639860e+02	
6.240448e+02	2.385347e+02	5.860389e+02	2.414591e+02	
1.190000e+02	3.210131e+02	1.040000e+02	3.209869e+02	
4.770449e+02	337	4.610137e+02	337	
3.980000e+02	3.410131e+02	3.830000e+02	3.409869e+02	
4.210000e+02	3.480131e+02	4.060000e+02	3.479869e+02	
5.640000e+02	3.870131e+02	5.490000e+02	3.869869e+02	
6.260000e+02	3.900131e+02	6.110000e+02	3.899869e+02	
6.230000e+02	4.070131e+02	6.080000e+02	4.069869e+02	
1.740000e+02	2.950122e+02	1.600000e+02	2.949878e+02	
1.730000e+02	3.110122e+02	1.590000e+02	3.109878e+02	
4.310000e+02	3.400122e+02	4.170000e+02	3.399878e+02	
2.680000e+02	3.450122e+02	2.540000e+02	3.449878e+02	
4.970000e+02	3.760122e+02	4.830000e+02	3.759878e+02	
2.299383e+01	4.469969e+02	2.023836e+00	4.485001e+02	
1.990000e+02	2.260113e+02	1.860000e+02	2.259887e+02	
3.420000e+02	2.910113e+02	3.290000e+02	2.909887e+02	
2.950510e+02	327	2.810154e+02	327	
3.880000e+02	3.280113e+02	3.750000e+02	3.279887e+02	
4.050000e+02	3.390113e+02	3.920000e+02	3.389887e+02	
3.610000e+02	3.940113e+02	3.480000e+02	3.939887e+02	
5.420000e+02	4.020113e+02	5.290000e+02	4.019887e+02	
2.740000e+02	4.200113e+02	2.610000e+02	4.199887e+02	
3.710490e+02	263	3.570133e+02	263	
4.200000e+02	3.110105e+02	4.080000e+02	3.109895e+02	
2.670000e+02	3.270105e+02	2.550000e+02	3.269895e+02	
3.080000e+02	3.370105e+02	2.960000e+02	3.369895e+02	
4.180000e+02	3.500105e+02	4.060000e+02	3.499895e+02	
3.729837e+02	382	3.599453e+02	382	
3.890000e+02	3.820105e+02	3.770000e+02	3.819895e+02	
5.470000e+02	3.920105e+02	5.350000e+02	3.919895e+02	
3.290000e+02	3.940105e+02	3.170000e+02	3.939895e+02	
4.719907e+02	420	4.559595e+02	420	
6.099912e+02	4.358860e+02	5.790148e+02	4.374552e+02	
6.201222e+02	1.677583e+02	5.871475e+02	1.729220e+02	
1.010000e+02	2.610096e+02	9.000001e+01	2.609904e+02	
3.410000e+02	2.620096e+02	3.300000e+02	2.619904e+02	
2.950000e+02	2.930096e+02	2.840000e+02	2.929904e+02	
3.259926e+02	3.060082e+02	3.100325e+02	3.075168e+02	
5.200000e+02	3.190096e+02	5.090000e+02	3.189904e+02	
63	327	63	327	
1.200326e+02	327	9.701083e+01	327	
3.360000e+02	3.280096e+02	3.250000e+02	3.279904e+02	
2.060000e+02	3.320096e+02	1.950000e+02	3.319904e+02	
4.460000e+02	3.490096e+02	4.350000e+02	3.489904e+02	
6.140000e+02	3.760096e+02	6.030000e+02	3.759904e+02	
5.940000e+02	3.970096e+02	5.830000e+02	3.969904e+02	
4.300000e+02	3.980096e+02	4.190000e+02	3.979904e+02	
4.750000e+02	4.060096e+02	4.640000e+02	4.059904e+02	
5.099999e+01	4.080096e+02	4.000001e+01	4.079904e+02	
4.379783e+02	4.225688e+02	4.180151e+02	4.241400e+02	
6.390000e+02	4.260096e+02	6.280000e+02	4.259904e+02	
2.490000e+02	4.450096e+02	2.380000e+02	4.449904e+02	
2.070000e+02	4.480096e+02	1.960000e+02	4.479904e+02	
1.950000e+02	4.790096e+02	1.840000e+02	4.789904e+02	
2.940000e+02	1.070087e+02	2.840000e+02	1.069913e+02	
3.330000e+02	1.990087e+02	3.230000e+02	1.989913e+02	
6.219573e+02	2.465601e+02	5.899931e+02	2.499196e+02	
6.050503e+02	260	5.920119e+02	260	
3.690000e+02	2.610087e+02	3.590000e+02	2.609913e+02	
3.249902e+02	2.818932e+02	2.570179e+02	2.881988e+02	
2.679813e+02	295	2.569359e+02	295	
3.400416e+02	297	3.220138e+02	297	
6.199999e+01	3.040087e+02	5.200001e+01	3.039913e+02	
2.210000e+02	3.120087e+02	2.110000e+02	3.119913e+02	
4.460000e+02	3.130087e+02	4.360000e+02	3.129913e+02	
2.000000e+02	3.140087e+02	1.900000e+02	3.139913e+02	
4.620000e+02	3.200087e+02	4.520000e+02	3.199913e+02	
3.440000e+02	3.310087e+02	3.340000e+02	3.309913e+02	
3.240000e+02	3.390087e+02	3.140000e+02	3.389913e+02	
5.990563e+02	340	5.870147e+02	340	
4.440000e+02	3.430087e+02	4.340000e+02	3.429913e+02	
1.450000e+02	3.800087e+02	1.350000e+02	3.799913e+02	
3.980000e+02	3.880087e+02	3.880000e+02	3.879913e+02	
6.209349e+02	2.144542e+02	5.930352e+02	2.182760e+02	
3.340000e+02	2.210079e+02	3.250000e+02	2.209921e+02	
5.770000e+02	2.240079e+02	5.680000e+02	2.239921e+02	
6.229590e+02	2.405807e+02	5.910007e+02	2.439961e+02	
6.369764e+02	2.467688e+02	6.140335e+02	2.493423e+02	
2.969996e+02	2.609993e+02	2.829816e+02	2.628697e+02	
2.950000e+02	2.830079e+02	2.860000e+02	2.829921e+02	
2.440000e+02	2.880079e+02	2.350000e+02	2.879921e+02	
2.440000e+02	2.900079e+02	2.350000e+02	2.899921e+02	
2.219799e+02	292	2.119300e+02	292	
2.430000e+02	2.970079e+02	2.340000e+02	2.969921e+02	
5.220000e+02	3.010079e+02	5.130000e+02	3.009921e+02	
3.070000e+02	3.280079e+02	2.980000e+02	3.279921e+02	
3.850000e+02	3.300079e+02	3.760000e+02	3.299921e+02	
1.330000e+02	3.340079e+02	1.240000e+02	3.339921e+02	
3.400000e+02	3.390079e+02	3.310000e+02	3.389921e+02	
4.980000e+02	3.500079e+02	4.890000e+02	3.499921e+02	
1.450000e+02	3.730079e+02	1.360000e+02	3.729921e+02	
2.210000e+02	3.800079e+02	2.120000e+02	3.799921e+02	
3.400000e+02	3.830079e+02	3.310000e+02	3.829921e+02	
5.020000e+02	3.920079e+02	4.930000e+02	3.919921e+02	
6.230000e+02	4.150079e+02	6.140000e+02	4.149921e+02	
5.040498e+02	418	4.890165e+02	418	
2.710000e+02	4.240079e+02	2.620000e+02	4.239921e+02	
1.360000e+02	4.330079e+02	1.270000e+02	4.329921e+02	
2.170000e+02	1.210070e+02	2.090000e+02	1.209930e+02	
6.210703e+02	1.754532e+02	5.880955e+02	1.806170e+02	
6.209992e+02	1.830169e+02	5.861186e+02	1.887914e+02	
3.100663e+02	193	3.000164e+02	193	
6.209702e+02	1.908143e+02	5.889377e+02	1.956016e+02	
6.238942e+02	2.003382e+02	5.919501e+02	2.056838e+02	
6.039847e+02	2.119036e+02	5.890258e+02	2.133967e+02	
3.360534e+02	231	3.220177e+02	231	
6.220520e+02	2.304080e+02	5.910085e+02	2.340548e+02	
6.349550e+02	2.306235e+02	5.900450e+02	2.363765e+02	
6.040300e+02	257	5.790100e+02	257	
3.070000e+02	2.640070e+02	2.990000e+02	2.639930e+02	
9.999999e+01	2.760070e+02	9.200001e+01	2.759930e+02	
2.920000e+02	2.800070e+02	2.840000e+02	2.799930e+02	
3.249902e+02	2.840048e+02	3.130409e+02	2.854931e+02	
2.669871e+02	290	2.559418e+02	290	
3.259821e+02	2.898980e+02	3.120312e+02	2.914382e+02	
2.210772e+02	299	2.120218e+02	299	
4.220000e+02	3.300070e+02	4.140000e+02	3.299930e+02	
4.320000e+02	3.320070e+02	4.240000e+02	3.319930e+02	
1.320000e+02	3.370070e+02	1.240000e+02	3.369930e+02	
3.070000e+02	3.390070e+02	2.990000e+02	3.389930e+02	
3.699999e+01	3.740070e+02	2.900001e+01	3.739930e+02	
1.040000e+02	3.820070e+02	9.600001e+01	3.819930e+02	
3.859691e+02	3.887353e+02	3.490450e+02	3.918359e+02	
4.480574e+02	389	4.350190e+02	389	
5.570000e+02	3.990070e+02	5.490000e+02	3.989930e+02	
4.719751e+02	4.216032e+02	4.560231e+02	4.231955e+02	
4.359711e+02	4.247053e+02	4.149804e+02	4.268005e+02	
5.939666e+02	4.255551e+02	5.810095e+02	4.270084e+02	
5.619751e+02	4.286032e+02	5.460231e+02	4.301955e+02	
6.370000e+02	4.320044e+02	6.320000e+02	4.319956e+02	
1.350000e+02	4.350070e+02	1.270000e+02	4.349930e+02	
5.560000e+02	4.380070e+02	5.480000e+02	4.379930e+02	
1.450268e+02	476	1.170089e+02	476	
6.201141e+02	1.595937e+02	5.881332e+02	1.656944e+02	
6.390728e+02	181	6.300174e+02	181	
1.920000e+02	1.890061e+02	1.850000e+02	1.889939e+02	
6.199964e+02	1.989831e+02	5.890589e+02	2.034412e+02	
2.849826e+02	212	2.759272e+02	212	
6.229629e+02	2.167156e+02	5.910199e+02	2.211480e+02	
6.230309e+02	2.222524e+02	5.900443e+02	2.263611e+02	
6.180167e+02	2.251279e+02	5.950365e+02	2.282758e+02	
6.079895e+02	2.500007e+02	5.970412e+02	2.514615e+02	
4.430000e+02	2.530061e+02	4.360000e+02	2.529939e+02	
5.760000e+02	2.540061e+02	5.690000e+02	2.539939e+02	
2.450000e+02	2.580061e+02	2.380000e+02	2.579939e+02	
5.820000e+02	2.600061e+02	5.750000e+02	2.599939e+02	
3.399466e+02	2.634726e+02	3.300123e+02	2.649928e+02	
1.830000e+02	2.800061e+02	1.760000e+02	2.799939e+02	
2.650000e+02	2.830061e+02	2.580000e+02	2.829939e+02	
4.760000e+02	2.920061e+02	4.690000e+02	2.919939e+02	
3.199762e+02	293	3.119140e+02	293	
4.940000e+02	2.940061e+02	4.870000e+02	2.939939e+02	
4.906218e+01	305	3.702058e+01	305	
5.190000e+02	3.050061e+02	5.120000e+02	3.049939e+02	
3.450000e+02	3.280061e+02	3.380000e+02	3.279939e+02	
2.530000e+02	3.290061e+02	2.460000e+02	3.289939e+02	
4.040000e+02	3.310061e+02	3.970000e+02	3.309939e+02	
4.440000e+02	3.330061e+02	4.370000e+02	3.329939e+02	
1.430000e+02	3.340061e+02	1.360000e+02	3.339939e+02	
2.130000e+02	3.370061e+02	2.060000e+02	3.369939e+02	
8.499999e+01	3.460061e+02	7.800001e+01	3.459939e+02	
3.570000e+02	3.470061e+02	3.500000e+02	3.469939e+02	
3.900000e+02	3.510061e+02	3.830000e+02	3.509939e+02	
3.900000e+02	3.600061e+02	3.830000e+02	3.599939e+02	
2.750000e+02	3.680061e+02	2.680000e+02	3.679939e+02	
3.900000e+02	3.730061e+02	3.830000e+02	3.729939e+02	
4.460000e+02	3.980061e+02	4.390000e+02	3.979939e+02	
4.610000e+02	4.020061e+02	4.540000e+02	4.019939e+02	
5.029838e+02	4.198981e+02	4.890251e+02	4.213652e+02	
3.969602e+02	4.266348e+02	3.770145e+02	4.291192e+02	
3.940270e+02	4.292332e+02	3.760400e+02	4.313462e+02	
5.619600e+02	4.306538e+02	5.439730e+02	4.327668e+02	
4.310000e+02	4.470061e+02	4.240000e+02	4.469939e+02	
2.810000e+02	4.630061e+02	2.740000e+02	4.629939e+02	
1.760000e+02	4.760061e+02	1.690000e+02	4.759939e+02	
6.140455e+02	7.720876e+01	5.842480e+02	8.502598e+01	
6.390419e+02	1.341923e+02	6.300011e+02	1.359989e+02	
6.199270e+02	1.516177e+02	5.880005e+02	1.579972e+02	
5.659740e+02	164	5.589029e+02	164	
5.829365e+02	1.646507e+02	5.549974e+02	1.699804e+02	
6.300000e+02	1.760052e+02	6.240000e+02	1.759948e+02	
6.310000e+02	1.840052e+02	6.250000e+02	1.839948e+02	
6.390000e+02	1.900052e+02	6.330000e+02	1.899948e+02	
3.329740e+02	193	3.259029e+02	193	
2.949455e+02	1.926582e+02	2.740545e+02	1.963418e+02	
2.929311e+02	1.956059e+02	1.950089e+02	2.130485e+02	
6.059818e+02	2.088640e+02	5.900182e+02	2.111360e+02	
3.279753e+02	2.328486e+02	3.060698e+02	2.364750e+02	
6.390170e+02	2.501589e+02	6.059575e+02	2.536336e+02	
2.439883e+02	2.549930e+02	2.340412e+02	2.564264e+02	
3.269818e+02	2.568640e+02	3.110182e+02	2.591360e+02	
4.010000e+02	2.600052e+02	3.950000e+02	2.599948e+02	
2.689718e+02	2.648333e+02	2.569732e+02	2.668412e+02	
3.300000e+01	2.820052e+02	2.700000e+01	2.819948e+02	
4.320000e+02	2.830052e+02	4.260000e+02	2.829948e+02	
4.200000e+02	2.860052e+02	4.140000e+02	2.859948e+02	
4.490000e+02	2.890052e+02	4.430000e+02	2.889948e+02	
2.220000e+02	2.900052e+02	2.160000e+02	2.899948e+02	
1.640000e+02	3.280052e+02	1.580000e+02	3.279948e+02	
2.140000e+02	3.320052e+02	2.080000e+02	3.319948e+02	
1.400000e+02	3.370052e+02	1.340000e+02	3.369948e+02	
4.450000e+02	3.410052e+02	4.390000e+02	3.409948e+02	
9.981619e+00	343	1.919361e+00	343	
3.800000e+02	3.510052e+02	3.740000e+02	3.509948e+02	
3.800000e+02	3.600052e+02	3.740000e+02	3.599948e+02	
3.800000e+02	3.620052e+02	3.740000e+02	3.619948e+02	
3.900000e+02	3.620052e+02	3.840000e+02	3.619948e+02	
1.100000e+01	3.650052e+02	5.000005e+00	3.649948e+02	
3.800000e+02	3.670052e+02	3.740000e+02	3.669948e+02	
3.900000e+02	3.670052e+02	3.840000e+02	3.669948e+02	
3.900000e+02	3.690052e+02	3.840000e+02	3.689948e+02	
8.400000e+01	3.700052e+02	7.800000e+01	3.699948e+02	
3.800000e+02	3.710052e+02	3.740000e+02	3.709948e+02	
3.900000e+02	3.710052e+02	3.840000e+02	3.709948e+02	
2.500000e+01	3.740052e+02	1.900000e+01	3.739948e+02	
5.500000e+02	3.750052e+02	5.440000e+02	3.749948e+02	
1.770000e+02	3.770052e+02	1.710000e+02	3.769948e+02	
3.900000e+02	3.780052e+02	3.840000e+02	3.779948e+02	
3.900000e+02	3.800052e+02	3.840000e+02	3.799948e+02	
3.390000e+02	3.810052e+02	3.330000e+02	3.809948e+02	
9.200000e+01	3.850052e+02	8.600000e+01	3.849948e+02	
3.930971e+02	386	3.860260e+02	386	
2.470000e+02	3.890052e+02	2.410000e+02	3.889948e+02	
5.930000e+02	3.920052e+02	5.870000e+02	3.919948e+02	
3.370000e+02	3.950052e+02	3.310000e+02	3.949948e+02	
6.170000e+02	4.020052e+02	6.110000e+02	4.019948e+02	
5.929791e+02	4.278816e+02	5.810298e+02	4.293700e+02	
3.430000e+02	4.330052e+02	3.370000e+02	4.329948e+02	
5.269858e+02	4.328808e+02	5.080273e+02	4.352422e+02	
4.839987e+02	4.390039e+02	4.670522e+02	4.414158e+02	
4.809700e+02	4.417405e+02	4.630020e+02	4.440104e+02	
1.240000e+02	4.450052e+02	1.180000e+02	4.449948e+02	
4.309462e+02	4.485123e+02	4.220124e+02	4.499912e+02	
1.530000e+02	4.750052e+02	1.470000e+02	4.749948e+02	
6.129935e+02	4.701132e+01	5.823637e+02	5.720048e+01	
6.138482e+02	5.445366e+01	5.822217e+02	6.382187e+01	
6.159367e+02	9.476567e+01	5.899284e+02	1.017346e+02	
6.169278e+02	1.057209e+02	5.859460e+02	1.137910e+02	
6.180667e+02	1.213041e+02	5.861241e+02	1.285613e+02	
6.198873e+02	1.284909e+02	5.878825e+02	1.354691e+02	
6.170580e+02	1.373579e+02	5.861832e+02	1.430802e+02	
6.280000e+02	1.450044e+02	6.230000e+02	1.449956e+02	
6.220201e+02	1.460875e+02	5.919799e+02	1.529125e+02	
6.199275e+02	1.546171e+02	5.930008e+02	1.599976e+02	
6.390000e+02	1.580044e+02	6.340000e+02	1.579956e+02	
6.289369e+02	1.596981e+02	5.940631e+02	1.673019e+02	
1.920000e+02	1.660044e+02	1.870000e+02	1.659956e+02	
6.170000e+02	1.710044e+02	6.120000e+02	1.709956e+02	
6.390000e+02	1.740044e+02	6.340000e+02	1.739956e+02	
6.169540e+02	1.786832e+02	6.010460e+02	1.813168e+02	
6.209786e+02	1.858459e+02	5.990020e+02	1.890128e+02	
6.220230e+02	1.931478e+02	5.900514e+02	1.983261e+02	
2.960180e+02	1.970989e+02	2.359820e+02	2.079011e+02	
1.190000e+02	2.030044e+02	1.140000e+02	2.029956e+02	
2.199769e+02	2.048689e+02	2.090285e+02	2.063298e+02	
2.658474e+02	2.082941e+02	2.510047e+02	2.119948e+02	
2.948677e+02	2.193835e+02	2.339528e+02	2.327765e+02	
3.320000e+02	2.240044e+02	3.270000e+02	2.239956e+02	
3.190723e+02	2.303508e+02	3.090386e+02	2.321742e+02	
2.999154e+02	2.336191e+02	2.808753e+02	2.374237e+02	
3.260760e+02	2.353629e+02	3.120026e+02	2.379967e+02	
6.999996e+00	2.390044e+02	2.000004e+00	2.389956e+02	
2.959599e+02	2.387055e+02	2.800209e+02	2.411445e+02	
2.719680e+02	2.388217e+02	2.549999e+02	2.419972e+02	
3.269995e+02	2.410015e+02	3.129592e+02	2.438070e+02	
4.840000e+02	2.420044e+02	4.790000e+02	2.419956e+02	
2.260377e+02	2.411950e+02	1.950745e+02	2.473820e+02	
2.469419e+02	2.436710e+02	2.349432e+02	2.456789e+02	
2.719987e+02	2.429941e+02	2.530271e+02	2.461689e+02	
2.689712e+02	2.458568e+02	2.590369e+02	2.473769e+02	
2.960916e+02	2.465208e+02	2.840330e+02	2.481297e+02	
1.749465e+02	2.427752e+02	1.408995e+02	2.505730e+02	
2.219631e+02	2.486231e+02	2.120288e+02	2.501432e+02	
2.459721e+02	2.478433e+02	2.339497e+02	2.497044e+02	
4.510826e+02	250	4.420272e+02	250	
2.249599e+02	2.517055e+02	2.090209e+02	2.541445e+02	
2.699644e+02	2.508444e+02	2.589157e+02	2.525549e+02	
6.340000e+02	2.540044e+02	6.290000e+02	2.539956e+02	
4.490000e+02	2.550044e+02	4.440000e+02	2.549956e+02	
2.219460e+02	2.585555e+02	2.140136e+02	2.599970e+02	
1.529460e+02	2.645555e+02	1.450136e+02	2.659970e+02	
1.390904e+02	268	1.320194e+02	268	
5.589714e+02	270	5.528886e+02	270	
3.269609e+02	2.754760e+02	3.130211e+02	2.771135e+02	
3.210000e+02	2.800044e+02	3.160000e+02	2.799956e+02	
5.900000e+01	2.830044e+02	5.400000e+01	2.829956e+02	
3.080000e+02	2.860044e+02	3.030000e+02	2.859956e+02	
6.009996e+02	2.950025e+02	5.910433e+02	2.972097e+02	
4.998864e+01	2.969955e+02	4.103985e+01	2.983809e+02	
1.340000e+02	3.280044e+02	1.290000e+02	3.279956e+02	
1.790000e+02	3.280044e+02	1.740000e+02	3.279956e+02	
3.230000e+02	3.290044e+02	3.180000e+02	3.289956e+02	
1.010000e+02	3.460044e+02	9.600000e+01	3.459956e+02	
3.800000e+02	3.490044e+02	3.750000e+02	3.489956e+02	
3.890000e+02	3.490044e+02	3.840000e+02	3.489956e+02	
3.790000e+02	3.560044e+02	3.740000e+02	3.559956e+02	
3.790000e+02	3.690044e+02	3.740000e+02	3.689956e+02	
3.790000e+02	3.730044e+02	3.740000e+02	3.729956e+02	
1.010000e+02	3.760044e+02	9.600000e+01	3.759956e+02	
1.930000e+02	3.770044e+02	1.880000e+02	3.769956e+02	
3.790000e+02	3.770044e+02	3.740000e+02	3.769956e+02	
6.390000e+02	3.790044e+02	6.340000e+02	3.789956e+02	
3.550000e+02	3.820044e+02	3.500000e+02	3.819956e+02	
4.504157e+01	395	2.701381e+01	395	
8.109042e+01	405	7.401935e+01	405	
6.359864e+02	4.080030e+02	6.280540e+02	4.094445e+02	
5.620904e+02	411	5.550194e+02	411	
2.700000e+02	4.170044e+02	2.650000e+02	4.169956e+02	
9.200000e+01	4.210044e+02	8.700000e+01	4.209956e+02	
3.429714e+02	435	3.368886e+02	435	
5.150000e+02	4.370044e+02	5.100000e+02	4.369956e+02	
2.300000e+02	4.460044e+02	2.250000e+02	4.459956e+02	
1.600000e+02	4.760044e+02	1.550000e+02	4.759956e+02	
6.307904e+02	1.391476e+00	6.157961e+02	6.408503e+00	
6.218895e+02	7.675162e+00	6.070035e+02	1.300511e+01	
6.128143e+02	2.540559e+01	5.812722e+02	3.589825e+01	
6.121965e+02	3.258453e+01	5.822078e+02	4.261858e+01	
6.138386e+02	6.144819e+01	5.829200e+02	7.072419e+01	
6.167756e+02	6.819045e+01	5.839285e+02	7.773342e+01	
6.170003e+02	7.900103e+01	5.899997e+02	8.699897e+01	
6.161141e+02	8.743649e+01	6.010063e+02	9.100782e+01	
6.159321e+02	8.374969e+01	5.881335e+02	9.151119e+01	
6.167769e+02	9.103190e+01	5.841171e+02	9.947828e+01	
6.159900e+02	9.898612e+01	5.852357e+02	1.069970e+02	
6.380885e+02	1.033829e+02	6.290477e+02	1.051894e+02	
6.179733e+02	1.089022e+02	5.920267e+02	1.160978e+02	
6.179463e+02	1.167681e+02	6.040537e+02	1.202319e+02	
6.369548e+02	1.188101e+02	6.290488e+02	1.203899e+02	
6.271187e+02	1.214489e+02	5.908813e+02	1.305511e+02	
6.209449e+02	1.307738e+02	5.919982e+02	1.379910e+02	
6.199449e+02	1.387725e+02	5.931079e+02	1.454637e+02	
6.190159e+02	1.441144e+02	5.872300e+02	1.511612e+02	
5.779548e+02	1.468101e+02	5.700488e+02	1.483899e+02	
5.800885e+02	1.553829e+02	5.710477e+02	1.571894e+02	
5.748858e+02	1.683807e+02	5.570429e+02	1.722059e+02	
6.010475e+02	175	5.859148e+02	175	
6.390000e+02	1.930035e+02	6.350000e+02	1.929965e+02	
3.189994e+02	2.140028e+02	3.100537e+02	2.162333e+02	
2.870393e+02	2.151929e+02	2.770390e+02	2.171911e+02	
3.190885e+02	2.163829e+02	3.100477e+02	2.181894e+02	
2.659992e+02	2.199995e+02	2.510420e+02	2.232060e+02	
2.920715e+02	2.223226e+02	2.339748e+02	2.348836e+02	
3.199911e+02	2.219568e+02	2.350480e+02	2.392387e+02	
2.879988e+02	2.169973e+02	2.350727e+02	2.273810e+02	
3.190453e+02	2.242238e+02	2.350331e+02	2.411636e+02	
2.179475e+02	2.266108e+02	2.110135e+02	2.279964e+02	
4.010000e+02	2.290035e+02	3.970000e+02	2.289965e+02	
2.260201e+02	2.310875e+02	1.959799e+02	2.379125e+02	
2.249569e+02	2.347935e+02	1.960006e+02	2.410012e+02	
2.249939e+02	2.369721e+02	1.950463e+02	2.432284e+02	
2.250780e+02	2.433868e+02	1.950770e+02	2.493816e+02	
1.820265e+02	2.461192e+02	1.280205e+02	2.580921e+02	
1.819518e+02	2.497650e+02	1.280074e+02	2.610346e+02	
2.049664e+02	2.518342e+02	1.960352e+02	2.533288e+02	
1.819926e+02	2.519654e+02	1.280482e+02	2.632350e+02	
2.688897e+02	2.535315e+02	2.599440e+02	2.557619e+02	
2.019475e+02	2.556108e+02	1.950135e+02	2.569964e+02	
2.019210e+02	2.575210e+02	1.960189e+02	2.589926e+02	
1.690393e+02	2.581929e+02	1.590390e+02	2.601911e+02	
1.530925e+02	2.613764e+02	1.450090e+02	2.630064e+02	
1.689664e+02	2.618342e+02	1.600352e+02	2.633288e+02	
3.070000e+02	2.620035e+02	3.030000e+02	2.619965e+02	
1.389865e+02	2.640036e+02	1.320525e+02	2.653892e+02	
1.529475e+02	2.666108e+02	1.460135e+02	2.679964e+02	
3.610000e+02	2.770035e+02	3.570000e+02	2.769965e+02	
1.669865e+02	2.790036e+02	1.600525e+02	2.803892e+02	
1.660000e+02	2.830035e+02	1.620000e+02	2.829965e+02	
3.892102e+01	2.855210e+02	3.301894e+01	2.869926e+02	
2.451225e+02	293	2.390398e+02	293	
5.750000e+02	3.030035e+02	5.710000e+02	3.029965e+02	
2.760000e+02	3.260035e+02	2.720000e+02	3.259965e+02	
1.990000e+02	3.280035e+02	1.950000e+02	3.279965e+02	
2.770488e+02	3.284921e+02	2.540430e+02	3.304239e+02	
1.600000e+02	3.370035e+02	1.560000e+02	3.369965e+02	
1.990000e+02	3.380035e+02	1.950000e+02	3.379965e+02	
1.400000e+01	3.680035e+02	1.000000e+01	3.679965e+02	
6.180000e+02	3.780035e+02	6.140000e+02	3.779965e+02	
9.200000e+01	3.800035e+02	8.800000e+01	3.799965e+02	
3.190000e+02	3.830035e+02	3.150000e+02	3.829965e+02	
1.020000e+02	3.840035e+02	9.800000e+01	3.839965e+02	
2.320000e+02	3.850035e+02	2.280000e+02	3.849965e+02	
4.210000e+02	3.890035e+02	4.170000e+02	3.889965e+02	
5.880000e+02	3.990035e+02	5.840000e+02	3.989965e+02	
5.120000e+02	4.100035e+02	5.080000e+02	4.099965e+02	
8.900000e+01	4.190035e+02	8.500000e+01	4.189965e+02	
2.681306e+02	433	2.630316e+02	433	
6.299229e+02	2.159468e+01	6.250189e+02	2.299161e+01	
6.118611e+02	1.760965e+01	5.809120e+02	2.875201e+01	
6.130024e+02	4.000999e+01	5.870872e+02	4.828058e+01	
6.389983e+02	4.899332e+01	6.270017e+02	5.200668e+01	
6.139251e+02	5.776709e+01	5.888911e+02	6.566026e+01	
6.150331e+02	6.512666e+01	6.001103e+02	6.940570e+01	
5.329229e+02	7.359468e+01	5.280189e+02	7.499161e+01	
6.151148e+02	7.236540e+01	5.899731e+02	7.990827e+01	
6.339990e+02	7.299666e+01	6.270010e+02	7.500334e+01	
4.920844e+02	9.125894e+01	4.860048e+02	9.300222e+01	
5.980789e+02	9.226539e+01	5.910773e+02	9.425984e+01	
2.606141e+02	9.718714e+01	2.478118e+02	1.035981e+02	
6.189583e+02	1.008541e+02	5.909659e+02	1.088808e+02	
6.170350e+02	1.141981e+02	5.862201e+02	1.210860e+02	
5.850501e+02	1.331770e+02	5.679499e+02	1.378230e+02	
6.379507e+02	1.416757e+02	6.320144e+02	1.430026e+02	
5.799567e+02	1.437903e+02	5.700004e+02	1.459975e+02	
3.449062e+02	1.427036e+02	3.271797e+02	1.486005e+02	
3.449177e+02	1.507180e+02	3.310011e+02	1.549993e+02	
3.139962e+02	1.530053e+02	3.001804e+02	1.576012e+02	
3.460331e+02	1.531267e+02	3.311103e+02	1.574057e+02	
2.879985e+02	1.640004e+02	2.770777e+02	1.672768e+02	
3.139075e+02	1.627012e+02	3.040010e+02	1.659966e+02	
3.459977e+02	1.649960e+02	3.340668e+02	1.682599e+02	
3.119856e+02	1.749974e+02	3.060493e+02	1.763243e+02	
2.889385e+02	1.817572e+02	2.769418e+02	1.847705e+02	
2.619483e+02	1.897921e+02	2.550449e+02	1.913226e+02	
5.979507e+02	1.896757e+02	5.920144e+02	1.910026e+02	
2.009856e+02	1.969974e+02	1.950493e+02	1.983243e+02	
6.391578e+02	198	6.350347e+02	198	
2.209567e+02	2.017903e+02	2.110004e+02	2.039975e+02	
3.139653e+02	204	3.098422e+02	204	
3.309811e+02	2.070084e+02	3.260771e+02	2.084053e+02	
3.199567e+02	2.097903e+02	3.100004e+02	2.119975e+02	
2.409476e+02	2.147664e+02	2.310524e+02	2.172336e+02	
2.610009e+02	2.160027e+02	2.519991e+02	2.189973e+02	
2.179483e+02	2.207921e+02	2.110449e+02	2.223226e+02	
2.179483e+02	2.227921e+02	2.110449e+02	2.243226e+02	
1.829856e+02	2.259974e+02	1.770493e+02	2.273243e+02	
1.679507e+02	2.296757e+02	1.620144e+02	2.310026e+02	
1.669507e+02	2.336757e+02	1.610144e+02	2.350026e+02	
1.689991e+02	2.350033e+02	1.610683e+02	2.372624e+02	
1.839483e+02	2.357921e+02	1.770449e+02	2.373226e+02	
1.789483e+02	2.447921e+02	1.720449e+02	2.463226e+02	
1.659483e+02	2.477921e+02	1.590449e+02	2.493226e+02	
1.390714e+02	2.492580e+02	1.280686e+02	2.522474e+02	
1.829507e+02	2.646757e+02	1.770144e+02	2.660026e+02	
2.029856e+02	2.739974e+02	1.970493e+02	2.753243e+02	
42	283	42	283	
2.199507e+02	2.866757e+02	2.140144e+02	2.880026e+02	
1.499856e+02	2.999974e+02	1.440493e+02	3.013243e+02	
6.298106e+01	3.190084e+02	5.807712e+01	3.204053e+02	
220	336	220	336	
4.109543e+01	3.394076e+02	2.805017e+01	3.422043e+02	
3.799856e+02	3.529974e+02	3.740493e+02	3.543243e+02	
5.219856e+02	4.229974e+02	5.160493e+02	4.243243e+02	
5.919098e+02	1.699378e+00	5.850019e+02	3.997338e+00	
6.079075e+02	1.701153e+00	5.980010e+02	4.996626e+00	
2.901880e+02	2.295309e+00	2.544006e+02	2.562479e+01	
6.119310e+02	7.827827e+00	5.969309e+02	1.382746e+01	
6.029756e+02	2.493186e+01	5.860244e+02	3.106814e+01	
2.118451e+02	2.476870e+01	2.028462e+02	3.077026e+01	
6.119827e+02	2.895353e+01	5.869053e+02	3.773552e+01	
6.129837e+02	3.595317e+01	5.870163e+02	4.504683e+01	
3.612032e+02	4.339598e+01	3.532056e+02	4.740086e+01	
6.029010e+02	4.670537e+01	5.878979e+02	5.169622e+01	
1.759940e+02	4.499737e+01	1.632462e+02	5.244663e+01	
2.472056e+02	2.932274e+01	1.893773e+02	6.659053e+01	
2.682013e+02	5.239613e+01	2.582044e+02	5.740223e+01	
5.970009e+02	5.600275e+01	5.879991e+02	5.899725e+01	
3.500039e+02	5.201224e+01	3.291882e+02	6.239054e+01	
3.472078e+02	5.644310e+01	3.321452e+02	6.330749e+01	
3.460006e+02	6.200819e+01	3.331871e+02	6.839677e+01	
2.682126e+02	6.539051e+01	2.590067e+02	7.000047e+01	
3.459953e+02	6.499875e+01	3.338162e+02	7.062629e+01	
2.689967e+02	7.300554e+01	2.612274e+02	7.743706e+01	
3.470015e+02	7.500916e+01	3.321877e+02	8.239505e+01	
3.171802e+02	7.836710e+01	3.070065e+02	8.300351e+01	
2.679972e+02	9.000160e+01	2.542156e+02	9.742226e+01	
2.908139e+02	9.060130e+01	2.800004e+02	9.599273e+01	
3.179993e+02	8.800540e+01	3.061604e+02	9.337576e+01	
3.470000e+02	9.500012e+01	3.370000e+02	9.899988e+01	
3.450761e+02	9.819077e+01	3.279239e+02	1.048092e+02	
2.659961e+02	1.000017e+02	2.568516e+02	1.036592e+02	
3.460001e+02	1.000002e+02	3.309999e+02	1.059998e+02	
3.449010e+02	1.057565e+02	3.320990e+02	1.112435e+02	
3.460400e+02	1.080882e+02	3.329600e+02	1.139118e+02	
3.159973e+02	1.099929e+02	3.030027e+02	1.150071e+02	
3.160503e+02	1.171211e+02	3.041016e+02	1.222424e+02	
2.889987e+02	1.210030e+02	2.761399e+02	1.263556e+02	
2.920001e+02	1.220002e+02	2.769999e+02	1.279998e+02	
6.389098e+02	1.236994e+02	6.320019e+02	1.259973e+02	
2.890000e+02	1.280001e+02	2.790000e+02	1.319999e+02	
2.888600e+02	1.306562e+02	2.788599e+02	1.346559e+02	
3.158887e+02	1.306747e+02	3.040025e+02	1.350009e+02	
2.629964e+02	1.319979e+02	2.541161e+02	1.353357e+02	
2.648600e+02	1.376562e+02	2.548599e+02	1.416559e+02	
2.058306e+02	1.386267e+02	1.968332e+02	1.426326e+02	
2.450503e+02	1.391211e+02	2.331016e+02	1.442424e+02	
3.469037e+02	1.397055e+02	3.252660e+02	1.469034e+02	
5.809098e+02	1.396994e+02	5.740019e+02	1.419973e+02	
2.650723e+02	1.401712e+02	2.559277e+02	1.438288e+02	
2.900503e+02	1.401211e+02	2.781016e+02	1.452424e+02	
3.450015e+02	1.450046e+02	3.299985e+02	1.499954e+02	
2.419988e+02	1.469969e+02	2.340012e+02	1.500031e+02	
2.239994e+02	1.479984e+02	2.130006e+02	1.520016e+02	
2.648699e+02	1.496522e+02	2.540023e+02	1.539989e+02	
3.169123e+02	1.496985e+02	3.090877e+02	1.523015e+02	
2.219988e+02	1.509969e+02	2.140012e+02	1.540031e+02	
3.141045e+02	1.602921e+02	3.030047e+02	1.640060e+02	
2.891022e+02	1.613027e+02	2.770997e+02	1.652954e+02	
2.659997e+02	1.690042e+02	2.530936e+02	1.732975e+02	
2.869990e+02	1.690034e+02	2.770925e+02	1.722988e+02	
1.719098e+02	1.716994e+02	1.650019e+02	1.739973e+02	
2.881069e+02	1.712913e+02	2.778931e+02	1.747087e+02	
2.429094e+02	1.767005e+02	2.320906e+02	1.802995e+02	
2.628990e+02	1.767040e+02	2.538972e+02	1.796985e+02	
2.409123e+02	1.836985e+02	2.330877e+02	1.863015e+02	
1.559981e+02	2.080027e+02	1.490902e+02	2.103006e+02	
1.669872e+02	2.389985e+02	1.620418e+02	2.402407e+02	
3.228959e+02	2.447040e+02	3.168947e+02	2.467003e+02	
2.681503e+02	2.223851e+00	1.938497e+02	5.177615e+01	
2.919993e+02	4.998960e+00	2.800007e+02	1.300104e+01	
2.928899e+02	6.820133e+00	2.731101e+02	1.917987e+01	
3.190900e+02	7.154475e+00	3.071693e+02	1.428882e+01	
2.269942e+02	8.995502e+00	2.102361e+02	1.843822e+01	
2.919172e+02	1.185638e+01	2.830828e+02	1.714362e+01	
3.460045e+02	1.200807e+01	3.299955e+02	2.099193e+01	
1.275139e+02	1.348612e+01	1.094861e+02	3.151388e+01	
3.470031e+02	1.400548e+01	3.329969e+02	2.199452e+01	
3.470001e+02	1.900783e+01	3.342393e+02	2.643483e+01	
2.679947e+02	2.000238e+01	2.582926e+02	2.647293e+01	
3.479944e+02	2.199744e+01	3.347924e+02	2.860852e+01	
2.909316e+02	2.388930e+01	2.808118e+02	2.968496e+01	
3.170034e+02	2.800591e+01	3.049966e+02	3.499409e+01	
3.479976e+02	3.199512e+01	3.320024e+02	4.000488e+01	
2.459995e+02	3.399922e+01	2.370005e+02	4.000078e+01	
3.167801e+02	3.557319e+01	3.070016e+02	4.099353e+01	
2.469061e+02	3.985254e+01	2.388196e+02	4.471140e+01	
1.727190e+02	4.064054e+01	1.548976e+02	5.486718e+01	
2.942060e+02	4.139151e+01	2.790054e+02	4.900342e+01	
2.929420e+02	4.389596e+01	2.820580e+02	5.010404e+01	
2.269995e+02	4.599922e+01	2.180005e+02	5.200078e+01	
2.279061e+02	4.785254e+01	2.198196e+02	5.271140e+01	
3.179994e+02	4.700793e+01	3.072479e+02	5.344258e+01	
2.909985e+02	4.999695e+01	2.810015e+02	5.500305e+01	
2.471882e+02	5.031504e+01	2.370684e+02	5.611070e+01	
2.272170e+02	5.238904e+01	2.200081e+02	5.599899e+01	
2.920033e+02	5.200557e+01	2.819967e+02	5.799443e+01	
3.439987e+02	5.299705e+01	3.350013e+02	5.700295e+01	
2.170018e+02	5.500410e+01	2.009982e+02	6.199590e+01	
1.878452e+02	5.576830e+01	1.758466e+02	6.377038e+01	
2.659985e+02	5.699695e+01	2.560015e+02	6.200305e+01	
2.919988e+02	6.099756e+01	2.840012e+02	6.500244e+01	
2.669988e+02	6.299756e+01	2.590012e+02	6.700244e+01	
2.092170e+02	6.338904e+01	2.020081e+02	6.699899e+01	
1.729950e+02	6.600249e+01	1.623145e+02	7.348101e+01	
1.929172e+02	6.785638e+01	1.840828e+02	7.314362e+01	
2.479994e+02	6.700793e+01	2.372479e+02	7.344258e+01	
3.169972e+02	6.800160e+01	3.032156e+02	7.542226e+01	
1.768659e+02	7.479398e+01	1.568379e+02	8.775071e+01	
3.169976e+02	7.599462e+01	3.060024e+02	8.100538e+01	
1.768881e+02	7.782096e+01	1.511119e+02	9.417904e+01	
2.279994e+02	7.800793e+01	2.172479e+02	8.444258e+01	
2.930010e+02	8.000221e+01	2.779990e+02	8.699779e+01	
6.909093e+01	8.112025e+01	5.629091e+01	9.137499e+01	
2.919987e+02	8.299718e+01	2.790013e+02	8.900282e+01	
2.469941e+02	8.499840e+01	2.357903e+02	9.060880e+01	
2.249919e+02	8.600101e+01	2.177830e+02	8.961096e+01	
1.628452e+02	8.876830e+01	1.508466e+02	9.677038e+01	
2.899984e+02	8.800647e+01	2.802199e+02	9.342681e+01	
2.062170e+02	9.038904e+01	1.990081e+02	9.399899e+01	
2.431712e+02	1.082687e+02	2.321140e+02	1.151780e+02	
2.660005e+02	1.110010e+02	2.549995e+02	1.169990e+02	
1.747726e+02	1.395629e+02	1.670033e+02	1.439945e+02	
2.421778e+02	1.795466e+02	2.321779e+02	1.825467e+02	
5.525340e+02	3.309929e+02	5.508585e+02	2.510042e+02	
232	2.600212e+02	232	2.260065e+02	
454	3.720202e+02	454	3.380055e+02	
5.479435e+02	1.690019e+02	5.437269e+02	5.400963e+01	
233	3.280268e+02	233	3.020076e+02	
460	3.720399e+02	460	3.459631e+02	
509	3.709904e+02	509	3.469696e+02	
5.421444e+02	3.799920e+02	5.405386e+02	3.400118e+02	
228	3.199941e+02	228	2.929756e+02	
5.431784e+02	4.599030e+01	5.415639e+02	9.012016e+00	
584	3.720381e+02	584	3.530118e+02	
568	1.619889e+02	568	1.439612e+02	
434	2.389855e+02	434	2.239522e+02	
506	1.360300e+02	506	1.110100e+02	
374	2.259846e+02	374	2.119490e+02	
376	3.249873e+02	376	3.099540e+02	
450	3.698465e+01	450	2.294898e+01	
451	1.159846e+02	451	1.019490e+02	
498	9.598465e+01	498	8.194898e+01	
627	3.630356e+02	627	3.450078e+02	
636	3.440119e+02	636	3.650357e+02	
39	2.800547e+02	39	2.670163e+02	
5.551163e+01	4.230471e+02	5.290550e+01	3.920116e+02	
255	3.649837e+02	255	3.519453e+02	
460	1.189867e+02	460	1.049510e+02	
475	8.498367e+01	475	7.194526e+01	
497	5.798367e+01	497	4.494526e+01	
529	1.799837e+02	529	1.669453e+02	
157	2.090440e+02	157	1.920146e+02	
375	1.309826e+02	375	1.189410e+02	
392	5.098256e+01	392	3.894097e+01	
395	1.839860e+02	395	1.709476e+02	
4.804593e+02	3.860256e+02	4.787355e+02	3.390146e+02	
499	1.319826e+02	499	1.199410e+02	
500	1.709860e+02	500	1.579476e+02	
602	3.659826e+02	602	3.539410e+02	
6.260060e+02	3.729986e+02	6.236463e+02	3.460277e+02	
630	2.909860e+02	630	2.779476e+02	
269	8.806406e+01	269	7.701870e+01	
404	312	404	312	
5.276430e+02	1.069700e+02	5.259970e+02	8.400720e+01	
540	1.129881e+02	540	9.994967e+01	
5.819926e+02	3.729909e+02	5.804524e+02	3.590400e+02	
5.861028e+02	2.498904e+01	5.840063e+02	5.999444e+00	
1.134695e+02	4.229670e+02	1.120024e+02	4.090082e+02	
119	4.310609e+02	119	4.200156e+02	
2.218697e+02	3.780184e+02	2.199993e+02	3.640004e+02	
227	2.920700e+02	227	2.820201e+02	
242	3.779876e+02	242	3.659460e+02	
423	3.089844e+02	423	2.979391e+02	
434	1.950268e+02	434	1.670089e+02	
4.769658e+02	1.238744e+02	4.726911e+02	9.805330e+01	
4.770007e+02	3.789996e+02	4.751303e+02	3.649816e+02	
484	1.670534e+02	484	1.530177e+02	
487	2.729844e+02	487	2.619391e+02	
510	2.889799e+02	510	2.789300e+02	
5.283917e+02	1.419776e+02	5.269075e+02	1.250130e+02	
531	2.529799e+02	531	2.429300e+02	
1.939960e+02	9.899630e+01	1.923703e+02	8.594421e+01	
227	252	227	244	
269	2.960083e+02	269	3.260250e+02	
3.821020e+02	3.249821e+02	3.805618e+02	3.110312e+02	
383	4.498715e+01	383	3.394179e+01	
393	2.119836e+02	393	2.019337e+02	
4.354931e+02	3.109591e+02	4.340048e+02	2.990098e+02	
450	1.389836e+02	450	1.289337e+02	
486	204	486	196	
488	5.206632e+01	488	4.201644e+01	
490	8.897818e+01	490	7.992280e+01	
504	6.106218e+01	504	4.902058e+01	
519	1.020663e+02	519	9.201644e+01	
519	1.749836e+02	519	1.649337e+02	
538	7.605821e+01	538	6.501285e+01	
550	2.310582e+02	550	2.200129e+02	
555	374	555	374	
5.781813e+02	2.029803e+02	5.766379e+02	1.860210e+02	
6.331813e+02	2.939803e+02	6.316379e+02	2.770210e+02	
8.299953e+01	4.010001e+02	8.100047e+01	3.899999e+02	
1.192298e+02	4.139689e+02	1.173486e+02	3.979545e+02	
1.762061e+02	1.419751e+02	1.746347e+02	1.270242e+02	
1.825274e+02	4.259466e+02	1.810072e+02	4.160123e+02	
3.834075e+02	2.289691e+02	3.818863e+02	2.160197e+02	
3.855274e+02	2.109466e+02	3.840072e+02	2.010123e+02	
423	6.405744e+01	423	5.101903e+01	
448	5.797624e+01	448	4.991399e+01	
4.679928e+02	1.199877e+02	4.664726e+02	1.100534e+02	
4.874134e+02	2.859669e+02	4.859876e+02	2.740100e+02	
4.950923e+02	1.659854e+02	4.934341e+02	1.470315e+02	
5.014615e+02	2.089588e+02	5.000007e+02	1.980105e+02	
5.224134e+02	1.769669e+02	5.209876e+02	1.650100e+02	
5.702633e+02	4.089678e+02	5.679994e+02	3.920009e+02	
5.699124e+01	3.979876e+02	5.551226e+01	3.890538e+02	
161	1.399740e+02	161	1.329029e+02	
198	5	198	5	
227	109	227	109	
247	8.902457e+01	247	9.907445e+01	
3.860070e+02	2.719883e+02	3.845736e+02	2.620412e+02	
4.154877e+02	2.169462e+02	4.140088e+02	2.080124e+02	
4.230070e+02	8.798829e+01	4.215736e+02	7.804116e+01	
460	2.010534e+02	460	1.870177e+02	
482	5.105744e+01	482	3.801903e+01	
5.014264e+02	3.149588e+02	4.999930e+02	3.050117e+02	
516	1.349816e+02	516	1.269194e+02	
5.306573e+02	2.159341e+02	5.270189e+02	1.840004e+02	
531	1.770806e+02	531	1.690184e+02	
581	4.090574e+02	581	3.960190e+02	
6.259912e+02	4.159876e+02	6.245123e+02	4.070538e+02	
29	1.400678e+02	29	1.290224e+02	
1.871918e+02	2.790892e+02	1.833583e+02	2.369667e+02	
393	1.210744e+02	393	1.110246e+02	
4.209970e+02	1.729864e+02	4.195555e+02	1.650540e+02	
4.231311e+02	2.179769e+02	4.216702e+02	2.070285e+02	
4.349970e+02	1.329864e+02	4.335555e+02	1.250540e+02	
4.763809e+02	2.279602e+02	4.749955e+02	2.190114e+02	
4.954445e+02	3.159460e+02	4.940030e+02	3.080136e+02	
506	3.860744e+02	506	3.760246e+02	
5.164445e+02	2.369460e+02	5.150030e+02	2.290136e+02	
5.211311e+02	1.389769e+02	5.196702e+02	1.280285e+02	
5.203769e+02	2.129631e+02	5.188568e+02	2.030288e+02	
522	2.150622e+02	522	2.030206e+02	
5.293809e+02	1.649602e+02	5.279955e+02	1.560114e+02	
5.320045e+02	7.198864e+01	5.306191e+02	6.303985e+01	
5.384445e+02	2.909460e+02	5.370030e+02	2.830136e+02	
1.843899e+02	4.139512e+02	1.828101e+02	4.060452e+02	
4.169926e+02	1.798106e+01	4.155210e+02	1.207898e+01	
420	5.203042e+01	420	6.009268e+01	
450	364	450	360	
4.618066e+02	3.840364e+02	4.596158e+02	3.730728e+02	
4.619964e+02	1.409865e+02	4.606108e+02	1.340525e+02	
468	1.429684e+02	468	1.378694e+02	
4.733899e+02	1.219512e+02	4.718101e+02	1.140452e+02	
4.934790e+02	1.919210e+02	4.920074e+02	1.860189e+02	
5.169926e+02	4.169811e+02	5.155210e+02	4.110790e+02	
5.211899e+02	2.499548e+02	5.196101e+02	2.420488e+02	
5.232333e+02	4.189463e+02	5.210028e+02	4.100006e+02	
5.309986e+02	3.819952e+02	5.282929e+02	3.671063e+02	
6.077234e+02	3.880779e+02	6.044470e+02	3.771570e+02	
6.319954e+02	3.779979e+02	6.285317e+02	3.641054e+02	
2.474053e+02	2.692288e+01	2.460084e+02	2.201894e+01	
2.552774e+02	3.508401e+02	2.535776e+02	3.457303e+02	
5.147411e+02	1.590844e+02	5.129978e+02	1.530048e+02	
1.220007e+02	2.979935e+02	1.183627e+02	2.898225e+02	
3.764706e+02	2.068983e+02	3.740035e+02	1.970032e+02	
8.087193e+01	3.846805e+02	7.417701e+01	3.679420e+02	
228	381	228	335	
359	384	359	348	
1.832845e+02	3.210128e+02	1.815804e+02	3.820217e+02	
296	326	296	293	
392	381	392	348	
194	151	194	121	
412	189	412	161	
523	366	523	340	
227	2.529719e+02	227	2.789911e+02	
508	212	508	187	
442	379	442	355	
285	320	285	297	
328	275	328	252	
419	231	419	209	
483	6.701034e+01	483	8.903306e+01	
9.727274e+01	2.830116e+02	9.491553e+01	3.329960e+02	
104	373	104	353	
176	4.200108e+02	176	4.410346e+02	
189	2.460054e+02	189	2.730239e+02	
297	219	297	199	
511	210	511	190	
1.265559e+02	2.580361e+02	1.216625e+02	3.380427e+02	
170	227	170	208	
177	104	177	85	
189	2.929638e+02	189	3.129887e+02	
361	131	361	112	
474	3.390098e+02	474	3.600336e+02	
517	359	517	340	
155	2.130102e+02	155	2.330352e+02	
270	2.600784e+01	270	4.803056e+01	
301	2.000089e+02	301	2.210327e+02	
86	2.639609e+02	86	2.860516e+02	
1.183192e+02	1.020230e+02	1.024616e+02	3.179617e+02	
204	363	204	346	
207	380	207	363	
327	325	327	308	
372	326	372	309	
373	278	373	261	
434	284	434	267	
434	329	434	312	
525	65	525	48	
1.001992e+02	9.801617e+01	8.696416e+01	2.589970e+02	
1.154739e+02	1.009600e+02	1.040150e+02	2.570006e+02	
135	360	135	344	
1.500808e+02	9.800539e+01	1.401176e+02	2.480078e+02	
259	316	259	300	
308	325	308	309	
374	181	374	165	
394	232	394	216	
394	279	394	263	
394	327	394	311	
395	54	395	38	
424	329	424	313	
451	200	451	184	
461	243	461	227	
535	3.489708e+02	535	3.709935e+02	
564	291	564	275	
567	291	567	275	
7.457927e+01	2.189680e+02	7.077913e+01	2.719827e+02	
9.732882e+01	8.902540e+01	8.190587e+01	2.849926e+02	
237	2.630116e+02	237	2.800409e+02	
244	3.110116e+02	244	3.280409e+02	
255	283	255	268	
297	2.629551e+02	297	2.789863e+02	
302	111	302	96	
312	324	312	309	
316	190	316	175	
329	142	329	127	
330	99	330	84	
331	56	331	41	
3.449860e+02	3.579989e+02	3.429289e+02	3.819940e+02	
348	3.659624e+02	348	3.839901e+02	
360	179	360	164	
391	231	391	216	
395	96	395	81	
395	140	395	125	
405	144	405	129	
405	233	405	218	
424	107	424	92	
424	149	424	134	
424	237	424	222	
424	282	424	267	
448	380	448	365	
449	328	449	313	
452	286	452	271	
459	79	459	64	
505	98	505	83	
513	3.719551e+02	513	3.879863e+02	
531	284	531	269	
5.001946e+01	1.030020e+02	3.925641e+01	2.190242e+02	
56	85	56	71	
79	1.559567e+02	79	1.719879e+02	
9.314601e+01	2.860100e+02	8.671478e+01	3.779809e+02	
9.441495e+01	3.510156e+02	9.281258e+01	3.779865e+02	
1.530035e+02	6.000055e+01	1.507825e+02	9.098550e+01	
1.716253e+02	3.439752e+02	1.697238e+02	3.759812e+02	
193	342	193	328	
222	327	222	313	
234	286	234	272	
238	361	238	347	
270	2.659522e+02	270	2.809855e+02	
278	83	278	69	
301	151	301	137	
303	70	303	56	
307	3.759522e+02	307	3.909855e+02	
317	146	317	132	
346	324	346	310	
375	89	375	75	
405	100	405	86	
412	18	412	4	
421	236	421	222	
421	328	421	314	
424	192	424	178	
433	69	433	55	
448	241	448	227	
450	76	450	62	
451	157	451	143	
452	242	452	228	
460	160	460	146	
465	240	465	226	
477	205	477	191	
477	247	477	233	
484	128	484	114	
486	2.320121e+02	486	2.480433e+02	
487	370	487	356	
496	246	496	232	
499	370	499	356	
514	358	514	344	
581	254	581	240	
5.224150e+01	2.870191e+02	4.822780e+01	3.380180e+02	
6.987309e+01	8.198857e+01	5.612691e+01	2.360114e+02	
6.945309e+01	2.890206e+02	6.791686e+01	3.109896e+02	
7.299255e+01	3.299999e+02	7.119462e+01	3.490201e+02	
81	302	81	289	
9.025267e+01	2.880190e+02	8.841715e+01	3.180295e+02	
137	358	137	345	
142	357	142	344	
1.462451e+02	4.901479e+01	1.428838e+02	1.009927e+02	
153	307	153	294	
284	278	284	265	
294	37	294	24	
309	2.599616e+02	309	2.769909e+02	
310	305	310	292	
318	8.895404e+01	318	1.039873e+02	
330	169	330	156	
351	2.749540e+02	351	2.899873e+02	
375	276	375	263	
392	308	392	295	
405	57	405	44	
405	278	405	265	
421	148	421	135	
423	24	423	11	
436	238	436	225	
458	40	458	27	
472	241	472	228	
474	48	474	35	
476	164	476	151	
478	288	478	275	
493	245	493	232	
501	250	501	237	
502	291	502	278	
509	252	509	239	
516	3.920078e+02	516	4.100356e+02	
523	255	523	242	
524	294	524	281	
542	185	542	172	
543	221	543	208	
572	3.669415e+02	572	3.850523e+02	
3.707891e+01	1.740075e+02	3.273359e+01	2.199761e+02	
3.850149e+01	2.270279e+02	3.699296e+01	2.449925e+02	
4.218986e+01	1.200188e+02	3.701128e+01	1.710010e+02	
5.626046e+01	2.390228e+02	5.301563e+01	2.740010e+02	
1.022297e+02	2.780182e+02	1.002291e+02	3.040181e+02	
156	328	156	316	
1.816743e+02	2.829914e+02	1.785210e+02	4.120149e+02	
186	162	186	150	
193	443	193	431	
209	326	209	314	
212	199	212	187	
234	105	234	93	
236	5.701633e+01	236	7.005474e+01	
245	2.689510e+02	245	2.829867e+02	
252	168	252	156	
255	94	255	82	
258	281	258	269	
267	1.119453e+02	267	1.249837e+02	
275	160	275	148	
278	361	278	349	
304	1.695104e+01	304	3.098671e+01	
304	149	304	137	
315	273	315	261	
320	209	320	197	
346	1.669453e+02	346	1.799837e+02	
347	135	347	123	
348	89	348	77	
348	2.579557e+02	348	2.729890e+02	
375	43	375	31	
379	90	379	78	
384	326	384	314	
388	93	388	81	
392	94	392	82	
393	167	393	155	
434	1.390133e+02	434	1.530490e+02	
435	266	435	254	
440	111	440	99	
441	267	441	255	
442	112	442	100	
442	241	442	229	
443	268	443	256	
443	2.710163e+02	443	2.840547e+02	
444	239	444	227	
448	155	448	143	
448	197	448	185	
449	182	449	170	
449	284	449	272	
462	270	462	258	
469	286	469	274	
478	329	478	317	
487	316	487	304	
491	289	491	277	
493	276	493	264	
501	366	501	354	
510	278	510	266	
516	292	516	280	
518	68	518	56	
538	44	538	32	
544	258	544	246	
545	296	545	284	
618	97	618	85	
2.894271e+01	8.599507e+01	1.635319e+01	2.099366e+02	
46	276	46	265	
56	340	56	329	
7.800546e+01	1.770075e+02	7.652125e+01	1.939721e+02	
80	317	80	306	
86	3.419410e+02	86	3.539826e+02	
92	4.030096e+02	92	4.180429e+02	
99	364	99	353	
1.369918e+02	3.110074e+02	1.354832e+02	3.269675e+02	
1.391372e+02	2.740137e+02	1.375975e+02	2.949810e+02	
1.534025e+02	2.720190e+02	1.518628e+02	2.929863e+02	
159	172	159	161	
166	327	166	316	
199	91	199	80	
201	3.149410e+02	201	3.269826e+02	
211	1.709410e+02	211	1.829826e+02	
211	285	211	274	
215	113	215	102	
236	358	236	347	
238	311	238	300	
243	1.589476e+02	243	1.719860e+02	
255	167	255	156	
261	358	261	347	
279	3.095285e+01	279	4.498852e+01	
303	191	303	180	
305	9.594097e+01	305	1.079826e+02	
311	2.439529e+02	311	2.579885e+02	
313	276	313	265	
318	323	318	312	
319	47	319	36	
333	95	333	84	
376	180	376	169	
378	179	378	168	
383	89	383	78	
384	134	384	123	
386	92	386	81	
387	228	387	217	
389	226	389	215	
390	3.110096e+02	390	3.260429e+02	
406	1.590096e+02	406	1.740429e+02	
412	3.130115e+02	412	3.270471e+02	
415	144	415	133	
421	103	421	92	
434	94	434	83	
447	113	447	102	
468	240	468	229	
473	162	473	151	
485	364	485	353	
491	129	491	118	
491	274	491	263	
492	166	492	155	
493	289	493	278	
499	275	499	264	
513	136	513	125	
536	218	536	207	
541	147	541	136	
623	50	623	39	
624	66	624	55	
38	134	38	124	
4.700402e+01	7.200111e+01	4.422406e+01	9.602759e+01	
53	194	53	184	
102	363	102	353	
1.284179e+02	1.802284e+01	1.269094e+02	3.598737e+01	
150	175	150	165	
152	3.119497e+02	152	3.249881e+02	
1.624958e+02	1.900330e+02	1.610027e+02	2.049919e+02	
1.634093e+02	9.302148e+01	1.618503e+02	1.119838e+02	
164	169	164	159	
166	138	166	128	
176	2.501474e+01	176	3.705633e+01	
179	1.499497e+02	179	1.629881e+02	
181	131	181	121	
183	99	183	89	
196	154	196	144	
217	79	217	69	
232	1.269497e+02	232	1.399881e+02	
257	461	257	451	
286	275	286	265	
289	193	289	183	
292	307	292	297	
292	320	292	310	
293	75	293	65	
293	274	293	264	
306	5.593594e+01	306	6.698130e+01	
308	146	308	136	
312	305	312	295	
319	61	319	51	
320	21	320	11	
323	319	323	309	
332	79	332	69	
337	138	337	128	
338	180	338	170	
349	46	349	36	
377	89	377	79	
377	274	377	264	
381	89	381	79	
382	272	382	262	
391	1.700119e+02	391	1.830503e+02	
395	12	395	2	
4.054958e+02	3.130330e+02	4.040027e+02	3.279919e+02	
406	1.750119e+02	406	1.880503e+02	
407	57	407	47	
410	323	410	313	
415	231	415	221	
416	323	416	313	
421	2.680147e+02	421	2.800563e+02	
434	9.801870e+01	434	1.090641e+02	
444	180	444	170	
448	98	448	88	
449	2.559437e+02	449	2.679853e+02	
450	223	450	213	
460	103	460	93	
466	81	466	71	
466	271	466	261	
471	44	471	34	
475	2.599359e+02	475	2.709813e+02	
484	112	484	102	
489	128	489	118	
499	290	499	280	
529	217	529	217	
533	214	533	204	
537	253	537	243	
568	363	568	353	
580	190	580	180	
639	262	639	252	
43	1.050124e+02	43	1.170540e+02	
51	140	51	131	
58	135	58	126	
8.410177e+01	4.030173e+02	8.253036e+01	4.179683e+02	
98	7.792998e+01	98	8.797985e+01	
137	1.793908e+01	137	2.898444e+01	
148	205	148	196	
151	359	151	350	
1.524229e+02	1.360260e+02	1.509142e+02	1.519861e+02	
154	1.070156e+02	154	1.180609e+02	
155	360	155	351	
168	108	168	99	
173	1.549300e+02	173	1.649799e+02	
193	4.050156e+02	193	4.160609e+02	
194	279	194	270	
213	148	213	139	
227	2.199300e+02	227	2.299799e+02	
2.539976e+02	1.170082e+02	2.525305e+02	1.309670e+02	
261	321	261	312	
265	320	265	311	
266	39	266	30	
267	276	267	267	
278	157	278	148	
281	6.892998e+01	281	7.897985e+01	
2.816019e+02	2.939605e+02	2.784097e+02	3.259419e+02	
290	2.640201e+02	290	2.740700e+02	
314	320	314	311	
316	323	316	314	
328	180	328	171	
334	51	334	42	
335	12	335	3	
379	306	379	297	
380	210	380	201	
388	136	388	127	
388	307	388	298	
390	135	390	126	
402	209	402	200	
406	215	406	206	
406	309	406	300	
410	309	410	300	
416	189	416	180	
419	310	419	301	
4.215238e+02	1.780408e+02	4.200026e+02	1.909901e+02	
434	359	434	350	
440	95	440	86	
442	96	442	87	
442	180	442	171	
442	328	442	319	
443	312	443	303	
446	151	446	142	
461	2.870467e+02	461	2.710155e+02	
465	105	465	96	
466	283	466	274	
467	105	467	96	
469	271	469	262	
475	287	475	278	
488	164	488	155	
489	114	489	105	
491	115	491	106	
496	116	496	107	
497	168	497	159	
498	154	498	145	
503	109	503	100	
507	1.629391e+02	507	1.739844e+02	
530	38	530	29	
531	107	531	98	
533	108	533	99	
534	143	534	134	
535	179	535	170	
537	180	537	171	
585	234	585	225	
585	383	585	374	
595	386	595	377	
621	297	621	288	
625	345	625	345	
4	3.470218e+02	4.000000e+00	3.560772e+02	
4.699523e+01	3.500098e+02	4.550687e+01	3.619591e+02	
57	328	57	320	
62	96	62	88	
87	336	87	328	
1.034931e+02	3.330409e+02	1.020048e+02	3.449902e+02	
1.201020e+02	8.401788e+01	1.185618e+02	9.796878e+01	
123	355	123	347	
141	327	141	319	
143	294	143	286	
177	1.829418e+02	177	1.939871e+02	
178	213	178	205	
202	7.892280e+01	202	8.797818e+01	
205	1.740190e+02	205	1.870574e+02	
224	1.319228e+02	224	1.409782e+02	
2.399952e+02	2.710098e+02	2.385069e+02	2.829591e+02	
241	321	241	313	
242	279	242	271	
244	354	244	346	
2.556022e+02	2.969578e+02	2.527065e+02	3.259684e+02	
263	278	263	270	
274	195	274	187	
2.771020e+02	1.080179e+02	2.755618e+02	1.219688e+02	
277	142	277	134	
2.831183e+02	2.500133e+02	2.797674e+02	2.789748e+02	
286	211	286	203	
3.000084e+02	1.790095e+02	2.985551e+02	1.919666e+02	
334	122	334	114	
341	178	341	170	
3.459952e+02	3.350098e+02	3.445069e+02	3.469591e+02	
357	371	357	363	
377	44	377	36	
385	46	385	38	
390	307	390	299	
391	166	391	158	
410	217	410	209	
420	21	420	13	
449	3.590622e+02	449	3.470206e+02	
467	199	467	191	
483	14	483	6	
485	49	485	41	
489	203	489	195	
497	316	497	308	
519	278	519	270	
534	280	534	272	
537	96	537	88	
538	206	538	198	
541	2.709337e+02	541	2.809836e+02	
556	3.750218e+02	556	3.840772e+02	
567	246	567	238	
27	191	27	184	
51	212	51	205	
6.290334e+01	5.498891e+01	5.998592e+01	8.099830e+01	
7.318170e+01	4.601526e+01	7.081830e+01	7.198474e+01	
8.186949e+01	1.329835e+02	7.973692e+01	1.489664e+02	
1.311315e+02	3.430199e+02	1.292611e+02	3.570378e+02	
142	1.059140e+02	142	1.139762e+02	
143	312	143	305	
145	280	145	273	
1.471319e+02	2.240167e+02	1.447366e+02	2.419684e+02	
148	3.288912e+02	148	3.390892e+02	
1.609993e+02	2.210105e+02	1.595385e+02	2.319588e+02	
163	217	163	210	
165	350	165	343	
172	327	172	320	
174	292	174	292	
186	244	186	237	
199	108	199	101	
214	166	214	159	
216	271	216	264	
2.311019e+02	1.630162e+02	2.296348e+02	1.769749e+02	
2.359928e+02	1.280123e+02	2.344726e+02	1.379466e+02	
2.574615e+02	4.504116e+01	2.560007e+02	5.598949e+01	
2.659928e+02	1.510123e+02	2.644726e+02	1.609466e+02	
2.665274e+02	4.105342e+01	2.650072e+02	5.098766e+01	
285	193	285	186	
3.019993e+02	1.650105e+02	3.005385e+02	1.759588e+02	
301	380	301	373	
310	3.469272e+02	310	3.559826e+02	
3.314615e+02	1.120412e+02	3.300007e+02	1.229895e+02	
341	322	341	315	
343	89	343	82	
347	163	347	156	
347	2.829140e+02	347	2.909762e+02	
384	119	384	112	
388	179	388	172	
390	120	390	113	
405	6.927222e+00	405	1.598261e+01	
409	98	409	91	
411	127	411	120	
414	17	414	10	
415	85	415	78	
431	123	431	116	
460	62	460	55	
4.864615e+02	1.840412e+02	4.850007e+02	1.949895e+02	
488	152	488	145	
489	192	489	185	
500	210	500	210	
509	122	509	115	
512	277	512	270	
512	396	512	389	
516	277	516	270	
532	203	532	196	
533	95	533	88	
537	168	537	161	
537	279	537	272	
550	2.359140e+02	550	2.439762e+02	
570	282	570	275	
583	249	583	242	
52	118	52	118	
6.999324e+01	5.000034e+01	6.768346e+01	6.395258e+01	
8.500605e+01	2.910008e+02	8.282020e+01	3.159852e+02	
131	324	131	318	
145	323	145	317	
1.560070e+02	7.901171e+01	1.545736e+02	8.895884e+01	
156	103	156	97	
160	141	160	141	
1.720070e+02	1.860117e+02	1.705736e+02	1.959588e+02	
173	3.029029e+02	173	3.099740e+02	
1.763700e+02	2.160298e+02	1.748816e+02	2.279791e+02	
177	312	177	306	
1.829962e+02	1.900043e+01	1.807242e+02	3.496409e+01	
193	256	193	256	
1.992627e+02	6.036339e+00	1.972613e+02	2.103615e+01	
223	1.670206e+02	223	1.790622e+02	
2.269912e+02	9.901242e+01	2.255123e+02	1.079462e+02	
2.449912e+02	1.240124e+02	2.435123e+02	1.329462e+02	
255	114	255	108	
263	161	263	155	
265	2.999194e+02	265	3.079816e+02	
2.761348e+02	1.730265e+02	2.745785e+02	1.839617e+02	
283	40	283	34	
3.030070e+02	1.240117e+02	3.015736e+02	1.339588e+02	
305	51	305	45	
309	104	309	98	
3.321184e+02	2.020895e+00	3.306300e+02	1.397015e+01	
3.339990e+02	1.260005e+02	3.318082e+02	1.369641e+02	
342	8	342	2	
380	268	380	262	
387	211	387	205	
389	47	389	41	
390	258	390	252	
391	212	391	206	
418	186	418	180	
420	130	420	124	
432	1.991936e+01	432	2.798162e+01	
4.934215e+02	1.960383e+02	4.918652e+02	2.069735e+02	
494	17	494	11	
509	235	509	229	
511	63	511	57	
514	174	514	168	
516	249	516	243	
524	34	524	28	
5.271184e+02	3.930209e+02	5.256300e+02	4.049702e+02	
5.324264e+02	2.850412e+02	5.309930e+02	2.949883e+02	
534	166	534	160	
7.638085e+01	1.980398e+02	7.499551e+01	2.069886e+02	
94	285	94	280	
1.123304e+02	4.240497e+02	1.099963e+02	4.379979e+02	
1.281432e+02	3.170288e+02	1.266231e+02	3.269631e+02	
1.303298e+02	2.850285e+02	1.288689e+02	2.959769e+02	
161	350	161	345	
1.922097e+02	1.604327e+01	1.900025e+02	2.599957e+01	
1.939970e+02	1.780136e+02	1.925555e+02	1.859460e+02	
2.130045e+02	2.610114e+02	2.116191e+02	2.699602e+02	
217	309	217	304	
2.594792e+02	7.990835e+01	2.578703e+02	9.196701e+01	
258	125	258	120	
2.612934e+02	4.350475e+02	2.593039e+02	4.480491e+02	
279	193	279	188	
283	181	283	176	
2.901758e+02	2.020301e+02	2.880006e+02	2.139995e+02	
310	63	310	58	
321	320	321	315	
321	386	321	381	
3.330045e+02	2.801136e+01	3.316191e+02	3.696015e+01	
417	58	417	53	
417	172	417	167	
419	45	419	40	
420	263	420	258	
519	214	519	214	
539	177	539	172	
2.632880e+01	3.340352e+02	2.483423e+01	3.429664e+02	
32	7.803163e+01	32	8.313065e+01	
5.554350e+01	3.689107e+02	5.162582e+01	3.911290e+02	
58	1.638694e+02	58	1.689684e+02	
7.300936e+01	4.060025e+02	6.799064e+01	4.249975e+02	
1.247580e+02	3.999390e+02	1.204895e+02	4.158694e+02	
1.524790e+02	1.550790e+02	1.510074e+02	1.609811e+02	
183	415	183	415	
1.875153e+02	1.913347e+01	1.842513e+02	3.106438e+01	
2.069992e+02	1.399995e+02	1.970008e+02	1.560005e+02	
2.153892e+02	2.052476e+00	2.140036e+02	8.986468e+00	
2.153899e+02	1.250488e+02	2.138101e+02	1.329548e+02	
2.359964e+02	8.101353e+01	2.346108e+02	8.794752e+01	
2.363899e+02	3.010488e+02	2.348101e+02	3.089548e+02	
260	51	260	47	
2.763899e+02	3.750488e+02	2.748101e+02	3.829548e+02	
3.043892e+02	8.505248e+01	3.030036e+02	9.198647e+01	
320	391	320	387	
322	304	322	300	
350	333	350	333	
4.524214e+02	3.690884e+02	4.502141e+02	3.790447e+02	
542	318	542	314	
614	321	614	317	
5.011914e+01	2.650150e+02	4.812613e+01	2.810159e+02	
56	1.118422e+02	56	1.159653e+02	
6.660811e+01	3.281244e+02	6.122037e+01	3.530437e+02	
70	157	70	157	
1.114848e+02	3.548094e+02	1.097415e+02	3.608889e+02	
1.500026e+02	1.101443e+01	1.486757e+02	1.695070e+01	
1.855562e+02	2.100410e+02	1.839917e+02	2.239892e+02	
186	328	186	328	
2.029966e+02	8.000978e+00	1.997012e+02	1.790753e+01	
2.173226e+02	9.104488e+01	2.157921e+02	9.794834e+01	
512	122	512	122	
1.613398e+02	3.312381e+01	1.519912e+02	5.799553e+01	
3.630071e+02	2.470027e+02	3.579929e+02	2.599973e+02	
7.296031e+01	3.596389e+01	5.203969e+01	5.903611e+01	
6.999623e+01	4.500377e+01	5.448816e+01	6.051184e+01	