5.5746 49.0378 3.66926 77.9782
6.04999 80.4504 64.002 74.0184
64.1241 77.0057 -0.0100288 84.9187
0.0357351 196.42 37.0799 198.703
27.1528 197.475 57.2252 206.226
57.6707 207.028 56.783 227.991
57.0406 229.295 0.00259876 231.083
13.9509 237.684 34.9113 234.429
35.9925 234.999 36.008 260
35.5917 315.981 39.5201 231.024
35.9872 316.514 54.9756 316.985
0.000132501 268.91 28.0001 268.952
28.6661 298.995 29.6156 237.009
9.5002 301.052 10.225 280.008
-0.000645161 317.192 48.9988 317.357
20.0206 317.788 64.983 322.175
20.9788 322.907 137.009 325.622
32.0109 322.898 2.03139 319.705
126.975 325.317 165.966 328.423
156.991 335.182 187.018 336.634
155.142 337.536 119.968 346.879
119.851 349.456 638.938 381.019
386.075 363.198 639.053 373.718
0 341 15.9764 342.292
-0.0336876 411.344 408.864 451.384
398.947 449.67 638.951 468.625
-0.0192814 209.441 53.9855 207.578
54.2897 208.01 53.6152 227.987
4.162 191.914 46.1231 198.175
60.2655 205.049 58.8679 240.995
9.98605 308.795 26.9984 309.094
26 301 3 301
12.3714 300.979 14.494 237.983
13.0307 271.427 26.9907 272.174
11.3766 49.0365 9.72418 66.0703
6.99269 312.855 31.9994 313.068
11.4434 236.989 10.8069 267.996
-0.130009 424.254 434.858 469.369
424.99 467.107 555.878 479.304
16.8771 147.509 59.0029 144.036
61.0625 146.828 20.9888 149.851
27.9375 305.938 12.9892 306.817
25.5968 100.021 24.0935 141.968
18.9063 141.995 21.2325 98.9585
-0.00192261 331.964 92.9422 326.932
35.0289 33.1858 72.0669 27.4309
71.9178 24.4406 32.0436 30.2967
31.5639 31.9666 28.3495 73.9502
22.9417 93.4917 70.0105 88.0919
16.0083 164.115 62.9797 160.719
5.00594 206.149 40.9887 204.716
24.9779 299.999 26.3071 273.015
3.03055 228.112 51.9936 226.767
33.4887 69.1113 36.1135 34.0085
31.0577 95.4789 60.9844 91.8708
32.0289 19.18 71.9635 12.7724
31.8863 16.2826 71.0132 10.0833
32.4206 292.996 32.8309 236.999
36.8695 383.276 607.058 415.985
596.961 416.575 638.969 419.454
39.0085 265.176 53.9733 264.45
54.8785 265.023 53.5482 316.014
40.249 98.9835 39.6774 124.993
41.9745 96.7743 60.9586 94.6332
41.1187 103.157 61.0119 101.116
57.0936 259 57.1287 241.998
46.8003 33.0006 46.926 74.9972
62.0731 66.8537 84.9056 64.8981
84.9286 68.0835 64.9718 69.6386
54.9919 306.206 82.9992 305.919
86.5312 236.019 83.6086 319.021
82.9639 228.51 229.999 224.95
231.213 231.008 228.268 306.972
230.017 308.556 266.004 309.902
267.786 310.011 268.103 257.001
256.183 306.986 257.076 254.001
252.996 252.163 230.996 252.272
71.0791 29.0158 70.6985 54.9956
73.9968 301.967 81.603 68.9544
124.025 154.592 154.969 156.5
72.022 303.616 58.0042 304.117
76.0299 346.238 129.027 348.322
78.0366 348.598 157.92 355.875
71.9828 364.218 219.927 375.923
82.2634 149.007 80.796 200.994
83.9195 145.824 232.047 135.682
233.907 132.655 83.0064 143.092
81.9522 140.321 231.982 129.75
233.485 130.034 234.636 80.0146
232.943 76.944 136.951 82.0878
136.941 82.7199 92.0237 92.1134
91.8707 92.0544 100.942 113.604
102.086 121.067 233.04 110.498
83.0243 203.709 230.987 198.626
87.9709 207.111 230.015 202.456
95.1756 25.93 103.153 45.9389
105.859 53.2494 173.9 40.4693
173.17 41.0098 172.921 20.0009
180.99 40.7967 236.999 41.098
237.798 41.0114 238.31 5.00441
237.937 3.86632 148.935 8.8252
148.839 9.3943 94.9352 23.7569
84.7275 224.974 86.0743 211.007
72.0287 361.638 219.971 373.368
90.055 124.703 231.969 113.602
92.5046 28.9789 90.8466 67.9935
91.5722 39.9791 93.5298 -0.0230088
92.1501 84.5516 122.109 76.4004
94.263 82.0144 95.9035 51.9947
132.062 60.0625 131.183 75.0108
83.0125 160.201 150.001 156.017
97.2321 14.0166 98.2321 0.016582
98.6851 63.9834 97.7376 81.9862
101.05 13.9797 101.35 -0.013922
116.098 35.8494 172.042 29.3623
125.118 242 125.118 258
126 241.001 188 240.999
188.372 240.993 188.686 256.987
187 259 127 259
125.951 78.5367 187.009 72.0805
156.186 70.0116 155.914 51.0012
160.164 49.0019 159.931 68.9992
112.046 100.626 175.992 95.8943
176.895 96 176.895 114
138.35 74.048 141.65 49.952
145.981 4.86138 178.917 0.387768
156.955 46.5862 183.96 43.6373
165.984 49.0451 165.116 67.9595
163.086 207.001 162.814 226.012
177.627 287.05 182.057 319.857
161.003 327.96 250.026 333.587
267.976 334.777 288.946 332.504
290.976 334.882 403.029 337.933
431.008 344.167 459.986 342.725
461.01 340.17 440.001 339.921
438.178 340.006 437.672 195.001
437.975 194.31 506.992 191.793
506.991 189.562 470.986 190.33
462.48 190.997 462.04 119
504.004 116.062 438.012 120.185
507.921 136.931 505.088 98.9934
505.944 138.007 485.01 139.177
468.063 121.214 505.96 119.235
505.072 97.9013 473.013 95.8012
472.288 96.0306 471.296 72.9873
476.079 91.4163 504.048 89.8579
505.946 107.003 503.13 53.9931
502.901 52.717 436.983 57.7851
436.003 54.0314 502.964 48.5622
503.239 58.9933 502.597 35.9833
501.904 34.7718 433.01 40.1352
431.922 37.0055 501.045 31.5787
500.999 28.8524 467 29.0333
456.304 25.992 455.621 -0.0163097
466.334 46.0266 469.095 114.996
437.26 120.013 436.243 61.0131
436.944 100.392 479.045 96.4853
462.92 47.0264 466.463 191.989
177.276 84.9553 180.986 107.84
204.003 341.952 153.996 339.068
184.936 27.4608 236.919 21.3185
190.052 151.038 233.941 148.829
170.948 95.3195 233.045 90.5975
209.209 45.0105 208.154 66.0077
235.045 57.4613 212.006 56.7902
194.025 44.0225 260.008 45.6921
260.041 48.3455 235.04 51.3371
230.063 231.669 216.964 229.193
230.9 311 230.9 330
233.273 208.005 234.358 152.007
235.211 213.936 236.423 198.953
261.564 71.9435 262.433 95.9843
236.609 255.002 236.743 287.001
267.3 299.079 270.925 331.009
236.876 72.938 338.01 61.0842
310.001 76.0149 263.042 77.9979
294.082 76.9976 293.96 123
259.125 130.238 311.019 127.339
312.064 130.019 258.027 133.43
311.508 122.052 307.825 87.0184
309.966 108.158 261.004 110.111
274.228 109.983 273.897 124.998
278.985 106.795 307.978 104.694
272.673 99.0514 273.825 83.9866
251.387 289.004 251.613 267.996
256.902 53.0488 405.963 37.6451
407.018 41.1757 257.925 56.2561
256.906 196.727 305.632 179.932
305.971 180.221 350.982 178.52
351.144 178.315 402.193 189.088
405.939 194.391 259.998 199.96
260.012 200 259.588 223.993
260.039 225.526 406.995 221.784
405.645 195.998 406.176 336.999
282.163 200.991 281.924 222.999
380.414 194.963 379.81 220.996
264.67 245.797 259.246 227.925
276.949 71.6492 262.956 73.6981
281.518 10.9579 283.558 36.0359
271.077 248 270.838 318.003
272.898 81.1495 289.026 79.2126
291.063 79.0384 290.244 123.005
274.963 90.5067 306.931 88.0852
274.742 193.906 325.734 181.871
326.066 182.12 376.085 185.865
376.043 186.862 402.939 195.196
280.96 339.126 254.957 338.205
285.039 144.354 271.099 145.897
286.008 221.224 310.013 220.375
299.993 220.717 373.996 218.846
285.255 282.994 284.882 325.999
293.961 245.001 294.51 261.017
295.001 260.252 368.999 260.378
368.99 254.839 296.004 255.485
294.99 241.329 367.989 240.239
368.98 240.997 369.023 255
302.559 12.9525 300.394 33.0424
298.788 4.98542 313.962 1.81681
315.847 2.00679 315.729 34.0027
312.102 67.88 292.023 70.2008
290.04 357.954 322.991 359.223
330.099 63.0199 403.988 55.8793
402.005 68.0956 344.005 71.0912
384.081 69.9977 383.961 117
392.208 116.995 391.249 78.0185
342.026 103.593 402.042 100.956
381.039 70.0002 380.799 117.004
341.013 125.212 404.016 121.255
341.164 95.003 340.64 124.012
340.863 107.086 376.952 101.679
345.029 0.000133514 344.832 41.9945
342.036 65.3826 401.975 59.7311
344.032 76.5871 379.978 74.6015
345.998 30.9844 363.977 28.8081
382.011 25.1542 345.985 27.7934
380.191 7.97709 383.932 39.1283
369.393 9.01489 369.784 24.9808
379.991 71.8582 344.006 74.0927
339.016 128.258 405.012 124.188
361.114 91.9967 360.742 78.9788
372.342 100.991 371.868 83.0035
308.995 367.1 639.02 384.633
385.005 216.257 400 215.993
379.986 342.256 412.944 344.034
405.83 21.0098 406.079 0.000937462
404.978 54.6514 418.984 53.751
408.849 196.992 409.071 220.999
408.958 29.5682 433.916 27.1364
430.997 30.935 409.059 32.1055
407.017 322.334 432.001 322.974
433.143 263.001 432.633 339.998
433.045 252 431.688 75.0024
434.981 177.002 438.124 207.987
438.984 191.457 460.994 190.805
437 0 437 24
438.014 97.1956 463.03 95.4167
437.009 123.15 460.984 121.73
438.066 19.0015 454.992 17.8835
438.997 196.97 462 197.03
439.016 220.526 461.994 219.807
438.991 223.163 460.999 222.924
441.001 249.086 460.012 248.814
439.991 246.163 461.999 245.924
462.043 234 461.991 290
457.147 65.0234 456.434 100.009
460.9 22.1354 501.055 17.4724
501.064 16.9949 499.715 0.022625
500.117 13.0395 461.047 17.4206
472.317 361.99 470.729 313.009
471.902 345.466 502.967 343.479
465.256 184 465.293 284
468.222 209.001 467.78 351.006
471.449 239.987 470.155 195.995
453 246.024 506.001 245.062
507.16 323.003 506.629 192.997
542.632 321.996 543.034 281
471 292 471 311
472.97 220.427 502.993 218.865
504.024 221.742 473.991 222.725
474.002 272.15 506.01 271.668
474.003 196.234 502.999 195.899
472.995 247.936 506.005 248.123
472.994 273.985 506.005 274.192
480.96 141.357 510.04 144.643
511.228 144.866 513.419 164.954
553.005 198.186 574.004 198.304
613.998 215.784 545.995 216.496
612.494 214.042 611.156 197.987
611.002 197.69 583.002 197.552
472.991 340.294 506.021 341.354
486.604 456.167 499.082 411.023
489.989 454.724 501.915 410.977
510.271 32.9477 512.866 96.0055
519.758 99.4014 512.023 114.012
513.103 114.019 512.387 155.007
490.983 18.8071 537.063 14.7083
509.59 61.0102 510.16 83.996
511.999 26.9913 638.999 15.9931
524.117 41.0007 523.948 70.9997
519.298 121.979 518.293 107.908
523.01 315.801 536.027 316.487
528.149 136.919 527.09 121.923
523 145 523 167
526.107 145.007 525.965 169
531.003 96.0521 638.992 88.8839
524.262 100.009 523.371 125.013
527.005 360.815 549.016 361.446
531 66 531 51
532.468 83.1467 535.574 52.0573
526.967 143.32 638.995 137.903
539.375 199.988 541.575 271.013
540.985 244.216 614.995 242.771
615.958 195.001 620.039 346.999
615.118 326.016 615.382 340.993
614.998 341.17 583.991 340.829
582.318 340.014 581.761 272.994
611.996 271.812 543.021 273.125
613.832 271.945 615.638 331.981
544.371 86.067 548.517 63.0932
544.994 220.841 574.99 219.74
552.008 256.115 573 255.966
547.749 280.986 548.218 341.006
548.964 341.794 574.957 342.958
575.921 341.998 575.809 276.999
575.001 276.007 548 275.993
554.208 53.8427 557.34 38.0674
549 306.934 575.007 307.14
559.991 268.368 597.998 267.837
558.032 396.432 639.004 400.936
559.005 398.913 639.02 403.656
573.876 51.968 580.049 28.0126
585.022 434.659 615.027 436.57
570.005 220.14 609.989 218.702
611.602 208.005 612.039 241.999
587.002 229.158 607.999 228.933
588 222 606 222
587.988 224.786 606.984 223.715
602.019 227.242 588.003 226.892
591.044 438.471 612.974 440.313
606.994 256.141 593.016 255.592
593.017 51.3502 602.388 24.1334
597.981 193.758 611.997 194.108
598.04 350.667 617.994 353.051
605 280 605 340
606.27 69.1014 611.49 55.1836
609.312 279.006 608.688 309.994
612.049 69.0215 618.635 53.8416
613.069 73.0305 621.806 53.3581
614.855 216.993 615.068 241.999
608.52 61.8007 624.883 22.3663
618.645 72.3521 630.043 51.4773
621 325 639 325
622.242 72.1185 631.484 53.2369
622.658 44.2988 633.74 19.8819
618.255 60.6581 635.62 22.8254
622.558 77.3716 638.844 52.8963
625 181 639 181
