450 46 450 61
212.126 230 211.751 330.003
277 229 277 285
110.982 144.373 152.981 146.401
159.02 146.671 181.995 148.08
215.448 290.923 219.776 316.039
230.769 311.024 234.345 344.964
129.972 120.458 182.024 123.601
285.001 228.757 368.998 228.943
256 229 275 229
503.991 214.698 538.99 213.659
252.845 229.002 253.335 277.007
480 215 497 215
91.9948 225.495 205.003 226.686
213 228 244 228
403.035 178 402.885 208.999
254.07 273.988 256.238 286.96
395.01 179.07 429.907 174.316
129 86 129 119
332.112 83.002 331.552 113.992
114.595 371.433 139.484 397.539
158 105 158 146
155.284 107.992 154.883 144.999
196.105 335.354 210.066 331.225
68.7757 72.9957 67.4844 140.99
132 123.999 185.967 126.663
60.5103 244.039 62.5846 270.033
184.273 91.0046 183.342 146.006
354.287 42.0029 352.713 196.997
257.002 287.097 275.013 286.797
63.5512 269.843 71.8072 298.77
138.647 397.716 148.735 420.677
60.5512 362.325 45.5549 387.737
403.987 204.398 457.995 206.165
52 6 52 21
44.0092 363.044 59.945 359.735
126.162 86.9964 125.923 143
458.072 60.0001 457.962 173
244.302 235.091 248.063 263.992
86 362 86 391
90 364 90 392
93.1245 362.706 113.316 371.253
149.1 421.913 151.628 453.95
68.9831 142.716 95.9916 143.354
83.4928 368.34 54.8112 409.87
19.997 379.001 31.2647 410.265
288.968 31.9675 319.91 1.90718
429.778 222.035 432.41 238.936
53.0062 338.997 59.0273 351.987
150.664 456.138 146.117 478.024
71.0354 72.5283 115.013 75.8312
451 215 451 230
139.167 60.0468 132.692 83.1935
58.1663 201.102 107.917 154.91
115.358 123.812 109.76 142.93
213.277 75.0058 211.755 147.995
99.2329 76.0052 97.7263 142.994
119.542 52.0695 116.718 74.0921
63.9923 0.999404 62.6763 17.9749
215.06 73.2439 331.04 82.5051
481.993 210.781 534.005 209.179
466.436 74.0038 464.759 267.007
68.2617 302.152 74.0119 329.998
86.2573 338.027 84.8087 351.98
163.017 9.57778 176.994 10.156
466.739 39.989 465.729 63.9886
254 233 275 233
387.688 232.008 388.72 271.007
75.4702 334.905 80.1174 357.976
96.8363 74.997 95.6211 141.993
57.1814 260.262 69.232 297.926
146.563 390.767 159.777 422.678
129.248 371.776 145.39 389.648
520.997 347.015 546.952 351.293
312.819 39.7915 344.954 11.9473
366.08 231.001 365.746 283.005
248 229 248 252
114.764 40.0582 117.728 52.067
69.1391 460.199 84.5847 449.406
96.3496 462.136 90.1615 478.063
458 176 458 205
547 213 566 213
56.6805 221.027 58.0274 236.998
106.387 358.348 129.538 372.094
405.993 210.283 457.998 209.803
49.4349 430.646 63.8309 448.323
568.318 222.026 567.024 238.002
70.0264 96.6076 182.987 104.195
434.023 282.904 450.077 286.672
546.985 208.534 570.993 207.783
65.9192 206.991 61.9747 241.997
219 233 246 233
47 5 47 67
1.27608 223.292 33.6523 192.633
150 209 150 233
303.124 1.00375 302.732 14.0221
540.817 217.155 534.182 252.035
255 231 275 231
90 207 90 234
138 94 156 94
70 207 70 234
39.896 356.421 56.887 353.371
264 235 264 285
291.917 307.001 292.17 329.01
44.7934 426.391 62.7629 420.3
314.081 42.0961 337.941 21.9305
42.8624 24.0014 43.2856 67.007
153.529 28.8554 143.417 61.8212
69.9948 94.0714 142.975 99.3473
83.0038 192.789 193.004 194.769
298.871 2.88147 288.812 13.8272
409.211 360.11 555.795 394.866
478.727 168.009 480.275 212.991
168 210 168 235
101.765 458.202 96.5023 478.133
286.72 80.0041 287.722 149.004
36.423 366.836 44.5286 387.796
83.9853 205.779 353.003 210.845
138.081 75.1771 196.013 80.8634
46.8681 161.014 49.157 181.983
405.003 200.911 455.99 202.353
394 239 394 280
410 261 452 261
286.997 330.013 301.837 333.663
431.992 302.081 479.031 306.687
43.5256 0.983589 44.2128 22.9934
57.8797 178.82 93.146 155.218
424.018 305.68 449.994 307.108
511.013 68.0371 614.82 31.4877
481.016 273.339 511.996 271.91
71.0184 120.664 95.0012 121.978
368.684 64.9942 365.979 213
309 300 309 337
285 80 285 151
415.035 115.109 456.006 102.017
249.99 330.392 283.993 331.265
313.07 295.447 379.027 303.785
265.964 241 266.082 285
71.0038 196.829 307.997 202.139
1.36919 234.49 36.8386 207.786
150 235 166 235
98.6615 439.885 101.62 456.892
496.875 217.994 494.524 267.978
33 338 52 338
263 78 263 151
350 285 362 285
161.864 447.127 157.462 477.068
419 213 438 213
408.902 110.685 437.902 101.683
564.989 360.29 592.998 359.875
82.0026 427.997 91.9974 438.003
259.059 235.996 260.303 252.978
537.256 249.857 547.562 268.245
311.103 82.0009 310.445 154.004
560.743 217.209 555.674 235.19
562.127 246.661 572.508 260.372
348.012 297.8 378.025 299.586
131.033 85.5557 181.975 89.3377
131.13 108.245 163.044 113.745
70.0019 117.973 95.0215 119.687
472.05 152.254 602.092 126.462
117.197 24.0183 115.805 38.9818
235.904 76.0005 236.321 149.998
575.022 208.413 598.011 207.21
30.6252 303.578 48.3279 329.778
56.9329 424.298 74.9594 422.575
208.398 89.0076 207.069 159.02
297 308 297 331
332 115 332 135
385 242 385 258
109.002 150.96 338.977 162.468
61 217 61 234
456.688 19.0203 458.181 41.9883
87.5282 426.598 98.7923 441.397
112.009 296.227 148.989 294.726
383.017 300.677 431.986 303.263
260.985 78 260.939 151
311.964 300.999 310.698 336.989
453.646 213.992 452.811 251.996
638.516 288.012 636.155 390.004
250.982 327.462 270.993 326.79
27.1536 305.985 32.1442 356.986
407.217 317.272 429.065 323.783
379.998 168.987 456.05 154.259
262.029 29.712 287.971 32.288
308.159 82.0011 307.931 114
346.882 231.998 345.406 311.008
66.8083 435.219 79.6253 446.428
475.027 165.17 598.925 145.527
457 255 457 301
367.812 325.547 447.973 353.079
363.962 303.998 361.724 348.986
71.4876 189.787 66.4962 201.791
524.479 228.074 520.794 251.968
333 301 333 344
404.7 307.002 405.09 360.999
171 233 218 233
509.635 221.978 510.119 235.996
90.9065 299 91.0411 349
458.12 217.005 456.773 251.991
408.931 107.784 431.819 100.437
310.006 232.888 324.967 233.654
414.005 113.015 454.962 98.8891
360.237 236.007 358.599 291.988
315.732 305.712 359.871 322.341
495.023 326.776 508.977 328.224
432.027 308 431.826 329.998
449.658 288.006 450.906 365.002
155.873 446.136 150.902 478.14
547.529 269.12 550.582 281.107
556.474 336.023 555.883 347.994
159.529 423.953 161.482 445.957
493.044 164.307 526.925 159.472
86.9008 352.58 117.85 357.876
190.08 92.0003 189.846 151.003
239 77 239 99
625.229 39.0009 624.898 122
630.276 90.9893 632.217 140.992
39.7624 128.982 40.1121 143.997
406.082 325.711 449.048 337.829
22.8032 392.994 23.1216 438.999
529.508 287.062 527.419 304.052
513.078 323.788 534.71 331.785
32.0251 332.318 47.0105 331.133
150.532 413.908 155.87 444.85
219.068 4.56136 287.959 15.2667
492.986 287.526 517.994 288.212
432 285 432 301
483.068 92.2043 514.882 81.645
487.99 337.032 512.088 344.725
83.7218 365.039 80.606 421.978
486.826 240.025 489.231 256.967
598.225 209.008 595.198 296.972
498.41 240.071 495.67 255.943
24.3987 83.9812 22.6443 139.989
402.259 338.016 400.862 359.991
255.856 235.012 257.301 252.976
513.116 310.2 572.034 318.769
491.126 235.002 490.805 259.011
531.091 307.525 566.931 314.363
213.993 112.113 330.97 119.483
601 196 601 266
24.7797 141.012 26.2877 168.984
511 218 536 218
336 301 336 343
560.982 346.211 573.975 347.302
2.01001 449.23 19.0213 448.488
63.7852 399.961 60.5643 417.922
46.49 97.0257 43.1842 160.01
171.003 212.836 389.992 216.497
299.253 297.122 330.001 305.996
161.972 12.1702 252.991 27.0546
228.704 272.867 222.282 287.127
36.231 417.151 25.1618 434.106
375.849 120.001 376.304 168.016
24.7353 450.954 21.2435 470.867
544.79 199.001 544.914 226
21.1738 58.0149 19.7159 74.9756
445 179 445 200
303.391 309.985 304.26 331.99
40.5165 437.133 44.6204 452.104
69.0206 179.03 102.171 156.249
467.276 12.0118 466.332 34.0142
110.022 153.59 190.002 157.962
25.5657 100.722 38.9679 128.016
478.322 363.145 554.114 391.697
39.1862 165.917 45.3705 179.835
423.47 186.967 422.478 203.029
45 69 45 92
199.993 159.887 219.984 158.724
38.4901 208.984 39.2247 231.993
161.054 14.6702 250.955 29.2791
222.016 159.602 340.983 164.422
491.485 60.0881 488.78 74.9599
193 152 193 187
213.99 109.162 328.967 116.512
132 137.974 177.998 137.72
87.4183 301.93 84.6614 324.959
377.18 74.9949 376.911 117.999
366 328 366 350
461 13 461 42
294.278 33.0051 293.914 52.9984
211.058 68.3119 335.014 78.8342
289 231 323 231
64.0317 428.308 76.9974 426.975
514.163 232.022 510.446 258.923
32.3902 442.532 46.9107 431.878
407.005 247 405.67 299.992
65.7016 19.0299 67.1004 32.9899
58 204 58 220
582.034 288.745 600.962 291.284
501.222 236.032 496.766 266.966
401.762 304.982 400.713 318.978
35.3686 448.586 51.7969 463.228
22.9224 149.998 21.6749 188.99
426 178 426 196
410.1 350.74 449.081 365.79
349.136 230 348.944 284
481.023 305.646 527.024 308.635
138.547 390.729 149.074 411.963
90.6933 176.929 87.9101 188.979
65.9746 68.2916 111.974 72.2935
341.152 77.0027 339.658 160.994
481.345 277.028 479.816 295.985
2.04241 87.9766 9.16713 100.908
564.159 154.004 562.345 225.009
308 120 308 153
20.2032 92.0021 19.5741 154.006
24.1637 122.902 38.041 145.975
381.432 58.0066 379.792 165.997
415.106 173.694 456.071 167.469
75 331 89 331
347.017 18.8676 390.951 24.3906
374.068 180.43 389.984 177.898
379.007 262 380.28 281.982
542 159 595 159
311.348 237.009 309.907 293.998
206.355 240.006 205.052 320.001
486.427 299.012 485.068 346.002
456 347 456 365
423.961 2.24319 469.916 9.52886
512.806 74.4722 574.864 51.6311
213.01 148.798 329.975 154.505
153.018 41.8386 201.976 47.2218
420.047 4.66538 479.977 13.164
371.896 69.9986 370.522 172.007
539.597 158.034 536.616 211.035
238.996 193.138 349.984 196.512
479.606 217.993 478.742 263.995
367.227 318.285 394.062 326.805
531.996 346.97 546.03 345.24
214.991 131.159 335.957 137.786
289.343 243.008 288.045 299.001
1.19075 330.334 14.7367 363.109
308.958 18.2888 329.945 21.3735
297.012 32.9149 312.975 35.1796
55.2705 50.9973 54.8612 159.999
459.309 308.012 458.19 338.007
631 7 631 76
536 136 536 152
29.1109 215.995 30.3186 243.986
233.088 16.5283 285.927 26.3929
599 363 599 394
67.0945 1.10226 107.958 5.40184
74 5 74 39
122.795 303.004 123.55 338.01
295.03 292.702 308.99 294.1
599.904 394.337 618.8 399.705
255.983 52.195 293.96 55.4603
601.993 124.958 621.904 121.456
517 165 534 165
319.315 85.0868 322.98 114.003
428.733 188.022 429.741 200.022
481.067 12.5546 602.878 30.813
409 275 409 299
372.206 171.96 370.229 211.012
490 98 490 146
357.258 236.991 356.889 267.999
152.053 44.4837 196.986 49.1362
216.004 128.914 330.006 134.882
575.954 380.157 595.979 386.073
572.034 50.0969 611.99 35.9705
256.032 49.6697 292.978 53.2271
462.25 309.01 461.007 339
70.7384 300.043 73.8892 319.018
490.958 354.125 596.007 388.98
524.175 78.5388 621.937 46.8056
20 225 20 248
220.741 251.119 228.431 267.801
346.083 314.755 396.978 332.064
72 3 72 40
237.84 117.007 239.294 148.987
536.56 162.988 535.596 198.016
493.148 92.0065 491.699 124.987
294.035 294.743 311.971 297.208
127.202 304.01 125.996 328
50.5245 235.601 34.5644 254.635
29.1075 262.491 15.7804 285.875
140.006 338.098 164.973 336.563
123.187 374.821 137.385 389.631
22.3314 1.00886 21.1549 45.0041
582 132 582 146
113 202 143 202
392 235 392 259
113.027 303.495 149.028 301.513
601.2 319.929 599.594 337.964
462.011 60.9998 462.292 77.9952
343.258 76.0025 342.427 163.004
193.999 203.025 270.983 205.516
492 166 505 166
75.0041 189.727 179.996 191.292
412.018 329.938 449.99 341.036
19.8729 373.745 33.8771 366.754
34 212 34 241
480.702 43.3011 533.008 21.0177
601 146 601 167
481.391 302.015 479.79 344.992
375.054 77.0009 373.632 165.994
338 68 338 97
343.161 410.778 415.064 462.912
483.081 89.2407 507.058 81.1717
545 178 545 196
93 212 142 212
481 270 495 270
552.515 318.111 546.956 343.991
140.38 304.368 129.056 316.055
406.235 28.5074 417.196 23.4218
93.9937 38.0509 112.95 40.4021
326.045 38.4782 349.047 40.4454
539.995 201 539.776 216.997
518.543 248.946 516.645 264.958
215.029 89.5816 297.979 95.3043
543 88 543 136
318.996 314.011 360.111 330.726
314.098 337.461 328.971 340.16
342.941 344.254 397.971 357.123
276.251 17.3767 292.959 24.101
66.0155 151.694 91.9996 153.008
583.023 313.319 601.994 311.923
314.227 44.5487 350.182 62.6389
381.782 55.6132 442.281 21.4983
260.018 46.8397 290.954 50.3992
472.98 159.864 498.024 156.165
489.165 362.516 569.951 390.145
319.014 9.90933 339.966 13.2131
484.1 84.2002 499.714 76.426
320.023 203.278 336.989 201.871
320.048 7.69459 341.978 11.1409
302.999 25.0081 320.966 28.1914
481.984 167.47 503.992 168.23
393 180 393 201
561.205 154.006 559.507 215.986
460.708 232.98 461.134 247.996
337 108 337 156
551.761 284.004 552.08 303.999
251.933 297.994 249.6 323.964
337.895 325.269 360.025 333.935
93.0606 345.483 126.043 341.344
482.089 40.202 532.941 17.8652
462.733 31.0224 463.741 43.0218
540.224 88.9954 541.173 134.996
473.035 169 472.982 289
455.906 368.339 472.976 373.088
63 70 63 141
467 271 467 291
461.97 359.091 492.019 368.943
581.688 394.88 638.054 414.848
528 85.9999 610.027 60.0853
419.093 94.2755 431.075 90.2213
406.018 183.396 454.011 181.25
72.0001 201.051 102 201.022
289 301 289 318
67.0836 398.016 62.994 418.999
500.726 102.008 502.454 158.017
127.002 322.002 142.998 305.998
103.004 301.996 121.995 321.005
368.005 333.987 398.969 346.08
465.24 308.004 464.915 326.999
81.9053 353.369 107.045 359.823
123.989 365.784 144.999 366.09
303.887 82.9955 302.722 111.989
160.027 228.441 203.023 230.536
136 315 136 335
409.976 336.068 447.873 349.361
260.036 31.7029 299.074 36.3825
441 109 441 154
62.0178 148.647 95.0346 150.316
116 305 116 334
412.054 344.846 449.977 358.065
494.286 40.0215 493.236 54.0177
442.998 171.988 455.989 169.929
92.008 227.697 142.999 229.043
483 242 483 257
481.989 309.083 504.977 312.173
580.978 333.927 594.893 329.651
333.067 29.6033 352.031 32.8201
461.129 218.004 460.691 232.022
312.013 13.9119 335.953 17.3313
34.9691 153.999 33.67 191.989
340.003 22.9796 381.97 29.2008
507.737 240.013 509.203 269.99
33.731 340.025 34.9506 353.005
414.104 462.858 434.261 477.645
405.104 34.1644 438.895 12.8333
193 102 193 135
582.015 380.167 597.975 378.721
481.085 37.1839 516.864 20.7042
301 310 301 330
392.149 23.2237 418.72 5.57804
305.187 310.567 329.045 320.896
556.017 73.0504 622.999 50.996
481 95 481 147
539.67 264.011 540.986 303
149 321 149 334
465.98 364.055 516.916 382.234
519.946 333.983 516.595 344.875
379 204 379 226
23 236 23 259
376.226 243.009 374.752 281.991
618.064 166.002 616.724 214.992
375 297 375 314
498.451 312.286 491.013 324.008
345.939 320.164 399.868 340.352
61 72 61 88
505.039 154.194 531.968 148.838
379.814 244.01 380.458 256.029
572 70.0006 593.078 63.2449
546.939 83.8059 613.035 63.1131
542 167 573 167
406 181 433 181
584.011 346.885 598.972 348.295
213.01 194.732 255.991 196.263
496.079 54.1884 536.188 37.4494
475.171 196.997 474.897 285
441 64 441 96
242.02 93.7104 260.002 94.9745
60 102 60 143
423.006 335.979 443.978 342.076
622.226 126.014 621.464 138.029
327.025 1.70758 340.017 2.80283
635.225 108.992 634.944 137.999
574 213 574 225
480.871 66.6893 521.023 50.0554
335 90 335 156
541 161 541 183
150.991 202.318 184.992 203.269
105.486 314.979 104.641 336.026
373 282 373 316
474.775 309.993 473.71 344.991
256.991 17.117 271.975 18.3098
636 71 636 97
638 273 638 287
278.422 82.0466 275.224 111.025
535.094 267.022 531.676 281.926
526.192 350.217 557.996 358.016
375.824 35.7356 388.975 26.9626
316 49 316 72
334.003 213.145 357.014 212.656
533.675 291.907 530.205 304.059
622.24 142.855 630.135 155.919
77.0415 32.8056 88.9271 35.3415
476 168 476 180
370.26 233.022 368.794 249.982
160.011 262.198 185.99 260.812
613 362 613 382
339.44 411.393 431.112 477.846
506.018 151.097 528.964 146.809
551 349 551 371
111 53 111 65
316.776 89.0121 318.015 111.999
104.555 306.365 97.3992 317.262
153.994 348.092 171.979 349.305
58 67 58 136
101.997 232.116 146.996 233.18
41.5602 407.878 38.5113 418.864
311.221 41.0021 310.921 71.9992
146.019 80.7232 170.041 82.412
517.049 365.847 586.951 388.152
261.053 4.71202 280.934 8.35737
421.996 72.0332 446.947 75.396
409 195 421 195
170.02 288.797 183.98 290.203
423.976 70.1871 448.955 73.3577
103 44 103 61
524 88 524 136
470.607 319.024 469.806 338.992
24.4948 53.0448 22.2352 78.0213
610.759 178.972 607.725 204.968
99 8 99 31
302 167 302 192
41.1536 206.991 42.3255 226.981
294.76 387.488 326.064 402.869
481 45 481 58
6.40882 44.9812 7.23641 62.9891
409.044 102.117 420.886 97.6945
496.072 1.53624 523.04 5.74615
84 37 84 65
636 187 636 229
42.6514 227.914 39.6958 239.925
371.882 269.982 368.92 288.988
478.069 355.749 501.906 362.339
558.08 1.50959 600.923 8.47552
616.268 242.006 615.268 288.006
355.011 33.9211 371.973 36.2013
25.2187 219.987 24.8779 239.998
307 52 307 70
302.294 45.9885 301.872 71.9979
503.724 118.988 504.117 142.998
3.85387 47.0054 4.41312 62.0219
580.008 76.0276 616.923 64.7496
567.009 164.267 597.008 163.213
383.989 67.0774 406.949 70.3597
119.988 291.77 140.998 292.099
592.245 253.006 591.425 287.01
243.41 363.233 272.976 379.044
382.077 406.687 405.014 404.126
361.996 407.941 378.978 406.697
120 173 120 188
312.009 362.136 332.98 360.708
348.025 21.8261 384 26.9982
94 47 94 60
105 163 105 175
409.204 23.3482 435.109 8.18559
534.056 17.6307 578.932 24.4479
637 147 637 160
304 178 304 190
465.999 394.016 479.971 395.315
171.051 370.751 188.915 374.415
438.02 25.8869 455.008 28.9544
97 171 97 186
419.937 40.3138 433.011 42.943
