40 479 40 301
398 48 429 17
197 304 240 261
239 191 256 186
449 93 472 82
571 314 639 317
265 184 325 124
165 282 256 200
293 193 329 157
53 210 86 210
293 140 326 127
88 436 138 386
146 257 204 260
265 180 497 11
138 265 183 263
134 295 192 292
362 197 405 180
411 123 428 120
409 129 440 98
349 209 367 196
334 151 412 101
265 232 279 223
334 229 464 207
328 192 356 163
316 320 346 312
283 165 304 154
90 402 142 361
343 63 361 47
526 260 576 255
314 148 525 0
280 250 307 251
577 95 597 89
293 194 371 142
365 95 386 91
217 282 265 290
310 222 330 214
394 320 424 320
213 225 256 182
367 133 424 126
454 80 465 74
529 287 561 289
89 269 151 270
503 283 554 299
437 324 497 317
325 275 344 256
533 313 605 313
190 272 200 272
126 292 153 267
0 257 13 257
177 305 210 303
333 135 364 121
68 312 116 307
288 252 344 259
438 97 468 70
93 230 106 232
582 272 594 274
151 288 192 291
1 243 41 246
354 134 379 131
591 267 627 267
181 266 221 274
2 217 20 217
204 318 222 316
296 244 309 244
504 132 518 123
183 264 208 264
567 46 608 9
223 207 244 215
367 84 393 62
521 279 599 286
599 46 609 42
76 328 173 212
584 291 619 284
305 274 327 252
454 311 465 312
573 279 619 280
42 98 85 99
212 294 275 248
179 141 218 137
69 392 81 390
85 429 102 416
183 257 217 246
441 89 479 74
469 233 497 233
31 400 73 389
242 257 288 261
384 297 401 299
580 26 606 17
208 262 262 265
13 384 38 361
483 74 496 69
452 329 636 313
3 263 42 248
393 309 405 306
29 195 47 199
68 314 95 313
217 336 233 320
280 187 375 120
452 332 485 333
391 153 412 136
395 138 405 132
68 354 134 336
547 263 566 257
266 224 278 225
302 130 323 117
52 412 126 364
68 316 95 296
533 328 569 334
188 236 247 238
137 216 173 219
472 99 484 87
217 185 256 189
571 239 639 239
461 210 639 210
356 218 374 204
488 57 546 20
154 239 178 241
115 215 144 224
231 168 335 139
509 101 519 93
1 362 38 339
68 289 114 286
130 300 149 300
394 322 406 318
561 245 639 243
144 191 156 187
253 321 270 307
1 478 30 456
293 209 322 216
191 168 201 166
576 320 612 317
270 276 293 254
574 35 606 3
441 415 479 411
133 298 151 297
91 463 109 443
324 175 368 155
344 115 363 108
317 344 346 339
0 242 27 233
601 330 631 332
338 228 349 219
400 119 425 112
1 408 38 373
391 294 434 293
50 215 103 221
497 9 510 1
389 178 404 166
58 199 89 190
587 312 619 310
217 337 252 309
582 274 628 274
90 329 175 278
282 135 294 129
186 244 201 237
68 295 102 290
72 233 99 219
503 90 521 88
518 324 542 324
218 292 261 300
14 185 31 180
149 240 156 228
414 272 462 277
194 178 209 170
383 123 472 78
561 275 579 278
463 101 483 82
127 233 182 200
125 230 167 206
293 139 410 34
218 246 244 247
101 123 134 139
77 420 120 391
185 246 202 248
623 265 633 266
559 374 617 371
478 50 495 39
430 119 433 102
1 317 11 313
536 141 547 141
75 363 92 362
268 170 324 121
296 193 367 156
191 156 204 161
106 178 127 175
69 273 88 263
512 252 575 252
68 340 133 310
356 214 376 199
17 479 31 468
593 36 619 14
274 238 301 217
303 165 365 124
75 405 90 401
627 33 637 26
241 308 286 267
89 255 187 254
505 59 523 44
68 367 142 319
69 256 97 250
528 281 543 285
60 159 85 153
590 262 638 248
59 478 114 428
304 190 349 187
598 253 636 256
407 38 412 23
233 212 247 212
38 479 38 303
545 323 556 325
402 352 403 335
428 132 440 120
183 283 195 285
393 286 420 287
568 54 595 31
492 18 502 12
39 173 40 158
93 163 123 178
477 106 492 97
199 256 221 272
375 324 401 352
300 264 320 245
204 290 233 270
333 189 506 119
40 213 53 214
185 242 213 242
478 290 512 282
72 478 90 451
58 386 77 384
587 324 636 318
189 250 199 250
379 183 400 163
367 100 390 91
465 207 511 207
107 396 127 380
419 53 430 46
208 261 261 298
400 145 400 130
427 281 511 254
114 157 127 154
584 53 600 46
242 258 288 272
306 175 388 147
0 402 22 401
385 70 411 55
97 266 113 257
427 112 484 113
342 367 373 366
244 107 258 104
369 294 380 293
249 366 277 339
598 285 622 282
317 242 327 269
164 300 178 300
148 198 185 199
533 251 545 220
218 301 234 304
68 297 129 263
303 162 363 125
273 177 296 177
173 189 221 169
569 123 585 117
449 123 465 107
402 14 402 0
224 282 236 273
319 108 329 101
194 107 213 105
208 220 236 214
293 221 307 215
255 311 276 310
352 122 362 121
506 40 517 35
4 441 5 422
0 335 28 335
229 2 347 10
44 119 61 125
590 168 610 170
223 203 248 208
308 311 345 274
497 62 530 31
197 159 211 159
334 224 348 228
573 337 622 334
13 380 36 358
440 167 451 164
107 134 129 129
178 280 204 278
338 197 349 188
327 131 351 118
68 288 115 250
244 42 258 8
366 368 407 366
60 229 73 223
581 402 639 398
373 59 388 55
354 199 377 195
316 321 346 315
431 338 464 356
249 361 275 352
454 367 480 363
219 41 243 45
399 25 416 23
310 243 333 245
402 248 416 251
95 158 110 155
532 267 549 271
336 101 359 103
522 47 547 40
109 456 121 455
568 58 580 48
218 253 229 248
392 340 395 312
231 314 270 287
245 340 263 336
0 317 24 317
382 309 395 306
370 40 404 5
255 146 275 138
250 308 268 307
2 236 12 233
231 153 275 165
249 349 265 346
616 109 616 138
414 139 428 129
626 203 639 204
424 378 464 372
450 295 492 283
523 57 547 50
93 378 154 258
298 272 317 276
601 264 638 255
378 299 388 301
265 183 350 174
334 243 363 226
253 56 270 39
575 415 585 415
48 180 69 186
189 272 204 266
92 408 127 405
265 169 299 140
412 178 463 167
570 332 586 331
13 438 36 438
334 154 350 154
343 113 375 106
567 44 581 41
533 294 584 286
605 235 620 230
104 129 115 128
156 218 185 200
40 211 55 212
68 343 84 343
331 240 341 240
87 165 106 160
171 48 210 50
175 274 204 261
334 111 358 97
409 141 411 125
470 48 491 34
449 249 479 253
265 203 277 209
496 378 558 375
319 116 331 109
366 89 393 86
135 292 149 272
369 375 389 397
230 292 278 254
441 285 491 280
394 246 394 232
276 246 286 256
1 131 12 129
326 308 346 302
387 165 404 158
100 377 128 359
313 84 324 81
257 135 273 127
247 166 356 54
88 469 112 461
216 303 234 309
527 233 565 220
440 177 451 175
494 240 522 240
319 297 346 324
156 250 169 239
196 107 231 92
626 8 637 0
376 321 524 279
236 213 249 215
296 277 330 246
47 406 79 394
60 223 80 225
475 251 493 252
127 305 148 307
486 58 511 46
553 353 567 353
430 140 447 140
325 171 335 158
230 301 260 319
100 305 202 259
373 325 407 350
79 241 102 232
582 248 601 249
4 179 20 181
207 198 222 196
345 223 356 224
374 309 385 316
389 13 404 4
379 143 404 138
238 224 248 223
228 106 250 104
334 329 346 328
212 303 283 248
0 250 13 250
124 146 134 145
5 243 38 239
266 221 285 225
573 334 601 332
393 110 458 98
481 78 492 76
249 368 266 366
417 86 452 83
477 326 510 317
468 35 482 32
1 479 22 469
300 274 317 287
265 230 281 246
564 263 628 248
114 454 137 447
36 416 76 401
550 280 584 290
73 404 130 370
628 149 638 149
79 246 79 267
107 354 111 331
185 159 197 156
373 346 385 353
239 135 259 128
69 258 95 252
113 245 139 240
94 343 147 250
125 231 160 231
65 155 79 153
293 205 328 213
396 350 407 351
548 223 564 225
519 365 581 362
605 296 619 295
247 161 257 155
269 331 284 329
518 361 536 360
576 293 586 292
374 332 406 333
525 65 545 63
447 238 463 238
465 247 493 247
40 176 64 181
452 336 478 336
177 159 215 144
567 16 582 10
259 106 284 101
108 396 140 373
145 141 184 135
160 179 176 175
370 362 394 358
82 159 115 153
281 4 286 17
204 323 298 247
252 135 266 127
226 161 249 153
482 270 514 255
570 156 582 154
67 402 67 372
577 117 589 120
8 365 36 365
367 86 405 74
19 331 35 331
601 360 614 360
285 112 306 106
415 76 429 73
441 45 444 23
1 354 26 343
303 235 330 213
325 278 345 282
469 278 484 277
575 281 632 293
496 340 508 310
213 234 240 234
364 81 384 64
38 210 89 191
453 87 467 71
249 345 276 324
230 307 263 284
68 301 86 294
292 162 323 161
449 253 488 269
487 430 499 430
69 279 115 264
212 254 232 253
374 390 407 384
125 415 136 415
416 64 443 5
193 172 241 173
575 40 620 26
134 366 142 343
561 416 574 416
284 110 293 99
440 201 452 193
324 249 350 230
313 149 325 149
265 386 278 373
400 107 424 101
411 301 416 343
536 125 549 116
257 121 271 119
328 302 346 294
433 408 473 407
356 219 371 210
405 292 415 276
469 422 474 436
609 118 610 174
153 305 159 281
40 187 80 180
95 443 131 394
72 295 119 272
0 476 27 455
179 180 200 168
416 204 426 176
504 24 546 14
540 221 603 219
331 31 344 35
298 57 311 51
6 357 16 357
453 313 481 315
402 287 420 289
331 98 341 95
391 201 423 171
591 327 625 325
249 356 264 343
467 424 472 441
418 49 422 32
211 258 232 263
580 9 608 3
209 223 224 216
57 206 78 209
101 251 128 250
101 265 140 258
497 57 513 54
489 363 513 361
326 321 346 341
243 268 288 279
310 221 359 234
395 210 405 211
255 145 303 125
77 404 86 379
69 189 84 190
1 226 20 229
248 345 277 343
392 372 398 359
68 371 68 290
379 343 383 376
81 478 111 448
300 253 310 247
126 232 176 232
70 373 100 363
430 379 469 379
139 272 158 305
440 165 451 162
380 245 396 232
325 302 341 302
454 370 454 356
207 148 254 149
475 164 491 154
216 101 231 95
266 228 301 232
29 158 41 162
0 195 28 195
40 169 52 165
286 209 312 204
328 194 350 191
2 225 19 227
576 282 595 276
100 382 113 378
539 288 559 292
406 301 446 310
393 50 431 41
196 176 239 177
137 129 151 129
440 193 452 185
284 216 309 212
309 315 345 279
533 295 555 302
517 309 529 312
231 303 257 300
310 118 323 118
4 470 29 450
95 446 133 419
387 47 409 53
49 433 74 418
441 155 451 155
88 463 101 454
421 79 453 79
341 224 380 187
522 330 536 336
230 164 248 158
473 84 483 83
575 264 610 253
330 186 348 179
338 198 354 198
372 120 397 119
346 107 372 104
440 207 452 195
464 101 482 85
619 337 636 336
368 404 400 407
344 161 366 152
556 228 579 230
238 227 248 229
371 383 397 380
440 389 473 403
182 142 217 139
68 188 87 188
597 31 612 13
478 249 510 253
452 327 494 321
245 325 262 312
340 365 347 352
425 133 465 114
4 197 44 197
283 256 317 268
248 352 271 375
204 324 235 326
451 242 461 242
405 277 420 282
158 134 171 131
300 65 319 58
120 225 144 227
374 308 415 259
128 233 149 238
25 357 36 356
121 190 142 197
29 263 39 259
222 240 244 199
85 427 95 411
150 212 161 219
215 103 225 102
586 262 626 249
519 148 531 146
265 172 284 168
251 167 260 154
84 74 94 74
379 242 391 233
583 233 620 222
288 211 314 217
404 87 452 80
556 38 556 72
450 293 466 300
13 158 25 160
521 248 533 220
589 234 603 234
91 398 120 378
310 144 327 146
580 24 590 22
403 114 464 99
501 431 525 430
463 390 473 393
587 14 606 4
415 60 440 56
481 344 495 311
204 321 227 323
333 268 344 260
518 349 535 350
94 237 106 238
232 238 284 280
48 220 105 212
494 294 568 272
380 377 406 375
491 87 507 68
194 262 211 245
244 263 266 252
245 327 271 312
490 254 506 257
105 296 124 304
195 243 215 236
277 334 279 371
210 102 237 100
102 300 111 326
336 236 346 237
258 62 279 19
89 244 106 239
79 412 103 413
440 189 457 166
241 158 257 154
334 25 340 43
305 168 319 166
399 89 431 96
595 200 605 200
190 223 205 228
325 285 346 298
45 115 54 153
215 291 253 261
337 132 358 127
75 336 118 295
94 410 136 410
14 444 35 440
440 203 452 203
212 150 219 135
375 402 409 424
502 310 540 323
345 266 345 296
543 405 567 404
624 12 639 8
124 415 136 414
77 149 98 149
309 152 320 150
289 136 347 84
144 269 160 266
567 26 578 23
513 327 531 335
128 227 149 250
486 344 500 310
107 418 124 407
627 203 638 203
259 243 285 224
248 359 277 350
317 266 344 248
395 427 407 402
486 61 504 48
144 296 201 225
292 71 302 69
56 191 66 198
128 175 139 175
373 327 383 334
212 177 232 187
248 375 260 361
10 462 31 435
155 242 201 247
326 326 346 323
373 306 382 292
229 286 258 262
517 266 532 260
160 176 171 176
146 112 165 108
377 188 405 191
383 366 406 343
418 178 430 177
283 269 295 277
479 61 503 85
333 158 345 155
269 175 286 173
525 419 549 418
160 171 197 173
626 33 626 57
1 393 15 393
80 274 89 307
572 328 589 326
0 256 40 241
153 295 163 295
311 325 346 320
450 244 461 245
516 38 532 33
462 164 473 162
218 190 229 189
422 304 435 304
366 290 380 294
402 231 413 232
215 309 225 304
249 362 266 362
344 114 355 114
505 258 540 265
316 343 329 331
195 284 236 255
311 177 329 175
568 95 584 89
462 78 494 64
384 63 438 83
14 443 30 433
506 78 516 71
43 176 81 165
251 249 286 268
215 88 229 85
327 55 340 50
242 181 256 179
576 294 586 293
161 216 173 213
45 132 61 129
299 62 317 65
403 254 415 258
106 176 122 174
504 130 515 124
72 287 120 265
266 217 277 220
380 36 409 36
470 39 490 33
451 419 455 439
114 304 116 329
292 399 319 402
150 194 183 196
618 207 628 207
70 171 119 171
40 209 74 209
493 268 541 244
130 398 131 408
110 356 129 355
12 364 14 341
97 254 125 259
217 332 232 331
520 299 532 298
424 85 478 96
233 219 286 265
99 430 130 418
618 25 630 23
415 313 446 304
309 219 327 208
57 388 57 319
103 390 117 389
487 315 508 313
440 190 452 183
334 298 337 308
118 450 137 431
230 170 242 171
355 200 373 200
578 308 590 311
232 208 247 210
116 264 127 263
347 142 372 144
222 198 244 192
375 391 383 378
63 205 92 206
135 138 151 133
347 70 363 70
403 14 421 15
179 0 207 1
418 74 421 42
311 324 318 314
181 287 207 274
364 248 381 234
22 453 22 396
227 60 239 61
520 308 535 309
92 407 120 402
204 285 219 276
124 343 138 343
313 354 314 366
320 138 334 123
2 331 12 328
382 407 382 419
328 340 330 327
69 272 108 292
536 47 543 27
395 192 414 175
277 187 306 179
579 357 604 356
265 134 291 136
473 245 532 246
431 344 436 332
9 64 22 69
536 129 549 120
549 103 549 122
202 233 225 236
529 114 541 105
221 273 265 247
92 385 105 384
569 131 590 128
512 291 532 284
122 227 134 228
266 222 276 224
402 432 422 431
392 277 419 277
69 275 93 264
419 81 423 35
327 339 328 289
70 112 81 111
61 160 87 170
132 291 157 269
68 169 106 167
419 378 454 388
500 57 501 82
30 171 40 171
312 384 326 381
86 260 128 248
103 445 120 431
427 292 431 282
399 321 400 336
440 181 452 179
68 479 123 460
411 47 431 42
569 109 587 107
581 233 613 219
101 478 125 470
359 149 388 146
28 316 28 293
135 255 145 263
203 251 223 253
502 55 503 98
352 194 366 246
0 147 41 149
452 331 462 329
36 408 95 370
569 106 584 96
43 114 71 114
70 199 88 202
165 106 171 40
213 228 230 228
235 7 288 9
344 242 346 229
609 322 623 322
90 213 149 221
230 326 246 311
116 323 128 301
456 99 464 81
376 141 391 138
598 254 616 248
27 94 38 92
411 46 429 18
335 342 346 325
308 143 318 138
324 347 346 316
357 229 376 237
0 422 34 420
99 228 109 217
356 216 375 201
371 87 385 83
282 95 286 123
120 278 147 283
104 445 122 397
398 56 455 45
511 330 525 327
541 54 547 39
207 98 220 96
442 87 455 86
20 259 21 236
228 118 240 94
21 259 39 262
22 303 39 296
313 52 314 80
453 256 457 292
467 286 471 270
433 28 446 24
425 300 428 310
18 274 32 260
265 185 282 185
629 20 629 2
70 372 99 352
76 438 100 423
4 399 35 391
315 262 326 252
229 159 253 183
531 255 550 236
23 146 37 146
390 333 407 327
467 441 474 419
242 91 248 79
463 104 477 93
545 247 576 221
221 175 249 208
578 212 639 212
364 378 390 369
530 282 546 287
338 212 349 216
569 125 585 115
445 124 466 84
492 96 502 93
84 308 104 299
568 133 583 130
338 207 370 181
326 309 346 297
611 22 623 19
49 438 72 425
314 352 376 385
283 2 323 5
27 255 42 251
514 273 569 283
504 21 526 16
506 102 511 88
116 383 139 384
265 168 275 168
249 360 276 389
569 121 585 111
375 399 434 389
622 288 637 291
5 146 21 146
316 322 337 318
454 323 464 324
249 348 263 338
478 57 506 45
283 163 296 165
108 325 133 311
43 118 55 118
558 113 559 204
217 349 234 333
248 297 261 297
460 311 516 310
245 341 278 314
49 412 85 385
78 417 123 416
395 203 405 194
249 343 277 317
216 94 231 89
615 190 628 189
568 65 578 56
377 375 377 329
227 203 238 204
244 81 254 78
40 202 74 190
102 373 129 370
436 356 460 351
213 230 223 229
10 332 11 304
552 328 552 338
141 341 142 331
507 49 537 41
169 238 174 214
616 317 631 321
0 451 18 450
617 311 634 316
292 136 324 120
360 227 371 220
162 156 177 156
66 478 110 441
3 458 28 449
92 344 109 331
481 252 524 266
258 5 262 20
331 172 342 168
581 204 605 202
135 276 164 255
44 128 59 125
334 14 344 14
569 68 578 53
340 105 355 103
370 165 376 146
71 320 95 304
404 141 405 216
475 70 496 67
502 276 521 277
615 193 628 192
276 234 302 235
469 52 483 48
6 390 20 389
99 469 111 459
338 57 338 47
40 173 76 183
40 139 55 144
264 331 290 327
567 17 579 14
536 304 554 304
365 291 381 270
536 267 583 268
454 273 465 252
388 11 388 21
206 100 228 78
474 304 487 303
398 326 399 343
568 101 579 93
436 73 436 101
496 293 508 287
121 119 164 117
568 50 591 41
440 168 451 167
328 45 339 46
492 157 507 156
383 365 397 371
70 341 94 341
489 321 506 330
400 81 401 58
211 224 228 227
251 264 300 258
513 92 521 70
57 175 81 172
18 296 29 290
490 325 524 314
500 429 600 421
267 318 278 311
377 57 429 117
459 368 502 367
228 202 256 196
90 455 111 438
486 423 513 420
433 325 450 296
267 252 278 253
517 268 537 270
388 409 409 416
265 231 288 231
6 256 32 247
521 283 544 287
319 390 321 355
316 418 317 444
82 391 96 391
214 269 257 226
391 118 410 103
208 212 230 221
321 140 347 133
217 341 233 339
295 65 311 52
381 378 406 399
262 25 280 24
217 344 233 343
331 315 346 300
536 127 542 117
102 154 103 179
34 316 36 306
318 416 319 432
615 359 630 359
343 167 374 158
357 181 370 180
525 61 536 56
486 64 493 34
625 75 626 96
169 206 179 205
62 161 82 156
296 161 308 158
571 102 587 106
486 335 514 334
303 177 343 172
612 355 627 355
236 208 246 205
362 253 366 265
64 203 99 201
334 262 344 253
312 195 312 209
383 113 414 84
71 228 83 228
159 257 187 285
173 276 203 277
410 111 479 94
217 119 227 119
154 268 177 286
262 22 282 21
334 245 372 242
423 319 454 324
568 57 578 48
566 23 587 0
13 290 29 292
514 120 525 110
59 479 65 466
371 77 383 80
463 424 468 441
104 367 127 363
440 170 475 165
75 478 91 467
371 111 417 87
397 301 399 280
325 301 342 286
278 172 290 163
585 113 590 102
245 245 257 242
256 255 317 261
259 294 286 269
110 304 128 272
228 172 249 166
0 430 36 426
627 12 639 10
57 443 72 433
108 118 114 134
130 235 142 233
487 264 502 269
515 91 523 69
453 338 499 338
298 358 298 375
575 35 594 31
462 300 462 288
399 301 401 278
287 85 294 113
235 238 258 243
3 416 20 405
23 249 39 257
477 301 493 299
591 235 620 223
367 88 385 82
566 261 581 263
76 338 86 329
600 219 620 228
43 452 83 420
230 230 240 232
386 173 400 188
403 401 407 391
114 325 141 326
95 427 109 422
357 131 376 125
117 252 128 249
366 82 385 75
117 443 137 429
74 305 120 273
73 253 110 228
507 131 507 168
100 283 115 285
434 65 435 55
69 440 71 428
519 70 519 92
403 271 410 261
91 355 127 361
201 282 211 276
149 280 171 287
199 119 215 121
591 14 611 10
1 134 32 135
424 52 448 55
96 311 110 312
93 229 104 229
282 159 306 154
514 56 526 53
260 339 271 326
339 147 351 143
588 25 611 24
493 341 529 339
479 254 498 261
24 313 25 301
96 411 107 411
80 181 96 179
287 173 309 185
2 243 18 239
449 247 462 247
217 92 228 81
384 462 384 428
472 255 494 277
215 288 225 282
461 237 483 237
281 403 294 390
22 369 35 370
445 370 455 372
84 76 101 94
248 273 268 290
325 286 344 262
244 226 256 241
331 299 341 289
316 108 346 101
532 344 542 348
309 223 330 210
70 431 96 415
519 357 548 356
204 132 244 135
548 126 548 140
357 197 370 183
79 375 102 358
389 219 452 208
345 85 360 80
251 6 280 6
407 70 426 70
110 307 199 227
440 192 452 192
70 376 82 376
500 323 510 323
202 218 217 217
51 194 73 198
142 196 167 197
234 273 255 292
22 253 36 249
571 69 607 71
373 384 377 395
356 50 400 5
611 28 630 20
504 316 515 315
465 108 487 112
252 371 262 370
475 289 490 286
115 343 127 325
66 218 77 217
158 187 172 191
394 407 396 420
382 443 408 426
107 448 117 441
213 231 240 233
432 320 445 314
440 199 452 199
293 186 344 180
252 352 266 352
92 276 111 272
361 238 373 239
315 221 327 224
50 179 85 175
537 273 549 273
342 16 354 6
392 199 397 215
295 279 332 252
421 188 424 177
569 124 579 121
582 361 592 361
340 134 350 132
438 11 439 1
477 281 488 277
50 400 66 398
20 260 31 258
366 93 384 92
379 326 382 315
330 112 351 109
307 35 330 34
101 388 116 386
221 179 231 185
407 236 411 253
70 241 99 218
430 38 430 51
326 331 346 344
511 319 546 320
235 26 238 37
304 330 320 335
308 51 318 49
111 296 153 258
140 213 171 208
411 40 422 30
326 313 346 307
334 126 371 125
139 234 157 234
379 127 389 125
359 187 370 185
324 144 335 143
450 427 464 441
13 333 39 300
1 368 14 368
204 283 253 249
367 102 391 108
384 413 409 419
107 338 126 337
564 422 580 421
406 107 409 127
439 418 439 428
1 210 19 210
296 151 351 151
387 405 390 388
109 348 131 345
76 330 89 319
217 340 232 326
127 135 137 133
255 36 291 0
73 201 96 198
581 32 613 3
2 385 22 371
568 60 579 49
491 261 514 269
207 104 231 93
91 279 126 280
372 376 374 353
224 171 238 171
155 258 164 286
471 26 482 26
584 5 604 3
156 133 166 130
395 204 395 165
568 297 578 296
300 266 321 255
113 468 136 439
519 117 523 107
302 280 330 260
395 379 407 368
296 160 326 164
42 99 53 103
461 221 461 236
331 30 346 33
442 50 444 36
84 72 94 72
155 250 160 238
213 223 239 214
217 223 227 221
492 270 507 264
446 377 475 423
321 385 325 357
308 306 318 305
113 454 135 431
265 392 278 379
179 242 193 238
482 276 499 294
303 284 317 273
88 351 113 354
251 380 276 371
125 421 135 417
222 199 239 194
119 378 140 374
614 59 615 86
88 376 115 378
505 325 528 335
429 299 446 308
115 197 126 208
419 99 431 104
36 392 36 425
478 291 494 295
1 262 38 245
442 127 465 106
222 183 240 181
356 133 360 153
378 71 409 63
440 161 451 160
0 354 27 340
81 333 85 373
79 218 81 191
418 200 419 212
291 174 303 173
379 80 406 85
442 45 461 41
263 157 269 190
141 290 155 281
99 353 120 341
515 320 537 321
602 127 602 99
69 286 89 277
17 266 33 266
308 157 347 159
449 346 461 348
354 358 365 362
200 157 228 157
347 153 358 176
255 41 271 24
425 436 474 430
332 237 343 239
225 98 237 96
320 266 341 263
550 323 576 323
128 274 129 286
157 250 168 247
571 150 601 178
499 277 514 283
484 65 521 55
388 62 399 63
441 110 455 110
483 71 501 71
14 478 32 470
586 414 597 414
357 369 379 380
460 301 462 241
506 114 516 104
426 152 438 151
345 113 377 98
136 242 136 220
478 53 493 50
575 12 608 5
372 151 388 151
136 440 136 424
424 120 426 90
437 397 453 377
520 84 548 72
44 112 59 110
400 204 400 155
93 449 107 439
536 124 541 112
404 244 412 269
294 57 317 58
190 144 217 120
403 262 409 252
11 79 22 80
330 131 343 129
382 64 392 65
345 119 371 105
604 26 616 14
240 314 260 324
83 220 106 234
418 305 430 301
158 263 172 260
383 362 407 360
533 145 550 134
321 326 346 322
154 111 161 123
580 38 590 36
14 459 26 455
196 109 210 95
61 479 100 448
421 127 454 90
73 174 86 177
204 314 218 311
550 141 551 195
621 286 639 281
246 31 257 7
328 196 344 197
118 437 133 437
338 16 343 36
462 156 463 137
25 173 74 207
469 33 471 4
278 402 294 393
0 39 17 58
163 201 179 203
620 260 638 257
229 153 260 152
594 201 604 201
432 117 458 88
14 235 26 241
574 280 607 283
520 32 527 15
250 250 285 279
288 74 298 74
74 287 75 253
412 160 412 182
499 409 523 407
97 442 114 430
237 252 252 253
415 120 440 117
434 298 434 276
609 47 618 23
369 63 392 73
245 335 255 322
326 303 326 339
494 6 518 0
366 91 389 89
433 35 436 2
416 327 431 326
92 463 104 461
518 302 529 288
316 41 328 41
421 162 421 172
444 407 460 414
127 427 137 425
567 223 603 225
206 310 233 344
208 203 227 219
448 357 462 353
477 132 477 176
48 192 68 206
113 256 115 284
390 325 444 309
271 162 285 154
39 135 65 164
546 347 567 348
576 71 594 72
436 299 459 299
520 157 520 185
268 232 291 232
264 36 288 10
374 312 387 291
262 149 281 149
74 175 85 176
197 144 210 135
188 244 198 244
599 271 613 271
1 400 23 400
293 211 303 210
633 272 634 292
624 315 636 319
349 221 372 222
14 330 29 312
475 287 475 263
243 267 268 286
123 289 141 258
75 235 93 231
431 318 446 311
15 397 34 398
333 114 351 92
103 292 113 287
439 392 452 397
167 273 190 260
400 329 403 313
121 336 152 271
178 247 195 249
218 249 232 261
101 299 133 268
481 24 497 4
100 333 132 342
9 415 34 414
407 345 421 339
363 84 391 76
392 64 410 58
263 333 276 320
389 312 410 309
308 139 321 138
555 314 573 319
164 225 176 226
209 222 226 223
369 75 413 79
320 226 330 229
130 325 142 323
66 479 78 470
131 302 136 329
404 91 432 77
0 414 23 413
111 468 123 458
577 14 593 9
190 225 204 239
410 57 414 44
94 241 106 237
402 251 416 255
132 189 144 189
384 409 409 417
604 413 636 410
73 466 80 450
508 233 548 232
595 101 599 87
461 313 486 327
538 298 549 302
432 384 450 380
272 236 285 236
446 396 451 407
399 59 411 57
452 430 460 442
622 192 638 207
84 216 98 218
547 256 575 253
293 201 309 207
468 430 478 431
43 111 69 112
111 260 113 282
7 135 7 120
138 382 139 372
123 407 138 394
423 318 425 308
418 395 454 386
26 210 40 207
222 200 239 203
507 303 515 291
435 117 457 93
17 351 33 329
340 171 359 173
450 112 483 77
503 152 505 206
263 17 267 5
137 271 146 250
600 33 615 19
0 478 21 457
544 225 560 226
308 90 325 85
222 171 235 185
149 281 181 258
274 346 278 375
580 4 604 2
141 245 150 230
318 212 340 220
621 173 635 152
0 230 12 231
222 202 235 197
376 358 391 352
392 161 394 146
568 67 582 54
374 431 387 429
98 300 123 300
102 371 123 335
381 85 391 84
544 229 560 229
265 186 291 178
72 366 96 364
366 92 376 94
400 72 423 72
69 243 84 252
106 371 116 362
270 159 287 150
248 372 261 376
380 129 401 115
419 55 433 52
270 142 308 160
489 269 500 269
164 246 170 228
468 63 477 35
373 307 384 291
624 0 639 0
396 317 406 317
75 12 78 26
545 281 576 291
88 212 117 233
232 100 242 94
538 353 538 305
607 72 608 87
14 412 26 356
293 158 293 192
441 417 473 392
400 88 405 75
102 301 141 306
379 135 397 134
74 321 104 315
604 260 617 255
245 31 254 4
217 327 232 318
1 384 36 361
264 31 274 19
152 238 166 238
587 323 605 318
289 245 308 250
450 152 452 142
190 226 214 250
480 73 516 49
71 335 94 340
491 303 501 294
522 53 541 21
2 380 36 384
152 199 167 200
242 284 263 279
603 233 613 231
367 289 378 284
139 186 155 189
398 126 421 123
282 72 290 85
578 275 588 272
374 429 387 428
585 31 616 30
334 150 353 145
386 416 402 421
199 117 211 116
14 173 27 173
186 167 198 171
402 252 416 256
589 318 610 323
462 360 472 355
171 179 191 184
449 40 462 40
235 279 270 286
379 303 383 292
156 223 169 224
272 153 275 166
367 284 377 283
610 235 620 232
218 81 228 80
212 96 230 87
0 267 11 263
83 357 101 361
379 323 382 312
203 280 219 265
512 257 528 259
132 283 164 269
325 455 325 432
581 320 603 323
376 359 386 358
539 327 568 320
188 235 201 235
153 140 164 139
252 68 258 78
338 364 358 355
594 296 614 287
531 274 573 256
587 257 603 262
474 163 475 139
255 47 284 18
306 277 317 286
81 284 86 298
394 319 399 309
309 229 328 230
80 478 89 455
338 190 338 217
477 280 497 256
86 312 102 312
385 133 401 132
69 266 87 243
598 307 616 305
527 225 537 226
248 343 262 328
75 185 89 179
276 104 286 88
395 399 406 396
393 111 420 87
317 112 329 109
630 273 631 291
106 426 118 418
456 286 467 289
533 290 559 293
14 445 34 442
256 207 256 163
213 259 243 273
162 268 169 256
159 181 178 176
70 233 95 215
465 259 499 256
280 403 303 404
214 181 232 178
127 230 140 230
437 349 460 350
491 278 502 277
538 233 538 223
12 208 34 208
325 289 337 279
491 78 510 80
2 408 12 404
1 470 17 459
637 260 637 273
11 266 11 256
253 60 261 42
494 247 528 248
101 382 123 367
63 214 76 211
236 281 250 294
47 462 63 456
251 69 284 72
258 130 260 140
459 18 476 18
552 321 563 317
484 363 494 362
264 78 282 79
385 341 387 351
88 73 99 81
567 35 578 32
77 401 97 399
522 38 542 38
261 26 276 7
325 292 337 281
180 156 189 167
459 371 473 396
325 281 341 293
325 287 346 303
259 117 271 117
297 252 302 270
426 116 438 113
259 276 278 255
311 216 321 211
8 160 18 160
245 344 277 346
348 130 364 127
77 300 85 333
249 316 263 302
483 241 493 241
48 144 72 155
8 437 28 435
351 404 373 411
530 69 541 62
81 345 94 346
229 107 257 106
437 320 450 314
169 262 201 254
416 209 423 188
334 342 334 330
552 245 576 248
308 91 318 92
182 181 193 175
107 155 128 154
97 463 129 436
124 344 134 335
522 37 543 37
556 351 567 352
226 45 242 47
49 435 75 429
46 190 56 192
220 216 238 219
509 336 520 334
260 328 289 323
261 29 272 28
49 419 77 394
381 242 381 269
99 243 109 247
78 479 80 461
386 148 403 147
22 346 35 346
7 479 7 467
518 325 532 331
533 113 545 104
445 344 457 345
493 329 504 326
50 474 60 466
383 115 400 114
269 53 293 54
457 270 481 269
416 86 440 93
194 301 211 299
374 324 395 339
488 432 500 432
229 192 239 197
527 61 545 59
70 439 85 421
224 249 263 281
625 15 639 2
580 43 591 40
449 375 464 373
329 108 332 118
436 322 456 315
343 155 349 183
69 227 82 227
477 109 540 79
588 231 603 224
309 203 309 192
255 267 265 276
75 19 85 21
211 312 222 312
265 14 272 4
256 122 272 122
517 17 528 15
255 40 266 40
443 418 474 437
515 302 536 302
344 86 361 81
611 46 627 37
286 228 296 230
206 195 216 189
315 186 334 167
101 315 133 323
529 258 556 247
379 137 389 135
141 263 157 290
628 328 628 317
330 6 346 5
138 389 139 376
402 309 412 325
84 462 94 458
117 436 137 428
367 401 377 416
385 124 412 127
586 107 601 97
228 69 238 69
355 209 369 215
223 159 244 166
514 295 524 297
305 167 325 163
258 119 263 144
481 67 508 38
465 282 484 286
389 366 406 363
110 277 123 274
392 139 411 115
478 46 489 37
232 185 250 185
289 73 300 72
259 137 269 135
213 322 232 330
380 72 399 69
266 234 282 246
95 325 110 326
46 224 71 233
541 297 567 297
307 403 319 399
75 328 82 311
381 53 392 51
565 262 579 264
249 340 276 388
628 73 639 66
551 329 563 329
447 96 457 94
87 65 97 81
385 426 386 436
289 278 304 266
420 302 432 299
473 24 475 9
324 181 344 183
320 174 338 159
274 15 284 4
407 95 409 112
489 65 493 53
364 73 388 66
312 233 322 233
300 153 310 140
213 89 228 86
442 165 442 152
378 86 378 55
202 136 212 128
560 233 574 234
440 197 452 189
141 330 142 316
398 340 399 352
397 365 400 376
463 304 473 304
292 131 324 129
90 444 120 418
555 328 571 317
602 276 620 278
49 439 71 418
470 402 474 414
391 397 407 388
428 344 440 345
73 439 98 423
164 119 166 97
398 409 400 421
96 219 112 219
1 286 20 287
579 106 589 100
539 283 561 288
396 411 397 400
49 444 79 420
51 479 61 471
359 191 370 191
550 287 571 292
69 253 108 225
3 467 19 454
375 408 395 388
15 424 34 422
301 99 311 97
7 44 55 120
235 270 257 298
156 259 170 269
8 172 18 171
602 332 615 331
487 75 498 84
264 380 281 399
463 392 473 399
260 135 273 128
25 217 43 217
466 62 471 46
542 308 559 312
88 170 100 169
446 415 469 428
377 234 392 237
227 304 248 319
326 401 330 382
69 283 102 271
622 169 624 201
360 73 373 68
480 287 493 284
13 392 36 378
450 401 460 405
634 308 634 324
459 288 469 291
161 154 163 135
466 90 478 86
233 292 251 309
437 371 454 384
341 210 359 210
245 343 269 342
393 290 420 290
328 170 338 161
609 295 619 289
265 384 276 386
88 205 98 200
237 43 245 65
12 302 22 299
626 81 639 77
132 477 133 455
237 166 249 161
457 295 480 303
121 381 137 378
6 44 12 85
567 31 580 12
462 323 478 320
375 312 393 293
588 2 604 1
104 302 123 293
102 440 118 429
208 208 221 210
238 225 256 237
295 255 305 246
357 71 370 65
102 372 113 360
381 431 384 410
226 168 240 169
133 238 147 252
332 351 347 351
317 288 317 269
358 152 367 136
494 331 532 329
313 338 340 352
266 225 277 228
97 470 122 466
13 185 32 177
398 55 410 51
238 133 248 133
357 221 368 218
483 111 494 112
317 40 320 56
96 289 99 276
401 112 423 105
290 109 307 97
503 123 504 146
326 421 329 461
321 262 355 239
483 158 504 152
514 114 539 114
567 9 568 61
332 117 350 95
389 291 399 279
424 13 441 32
9 181 24 180
464 285 484 289
227 306 272 276
221 261 232 268
537 336 557 334
94 469 105 461
489 152 491 142
46 406 68 388
20 262 35 252
70 216 94 210
436 21 446 19
15 478 29 475
517 73 529 69
631 322 631 341
369 73 381 59
49 442 72 420
135 479 135 443
391 123 405 121
458 255 468 257
385 84 386 112
530 259 546 255
339 44 341 57
560 207 570 207
88 455 102 444
478 74 481 58
6 158 26 158
584 155 601 172
569 108 587 95
550 245 551 275
136 371 139 341
449 54 460 51
411 34 441 15
503 55 519 39
489 49 508 43
388 242 398 232
442 308 455 291
31 274 40 264
38 247 40 286
440 163 451 161
294 343 296 360
105 179 107 159
5 362 6 341
0 245 0 227
249 279 263 289
634 257 635 278
365 130 378 128
372 114 382 110
302 267 325 244
621 245 639 246
217 343 234 330
0 350 12 345
102 118 116 125
605 312 615 313
313 336 317 323
362 47 397 12
30 183 40 182
555 324 555 309
15 388 36 376
577 233 586 223
294 134 297 159
76 219 89 217
241 304 261 286
455 325 456 344
66 468 97 461
342 329 342 359
483 44 498 44
67 440 111 407
87 329 98 331
391 147 403 146
40 172 40 199
303 167 314 173
114 179 115 194
601 198 602 172
255 48 260 38
383 386 396 399
19 347 35 347
95 353 104 342
403 264 416 270
395 141 427 139
84 213 97 211
109 334 120 332
3 459 16 447
411 138 424 131
394 250 394 264
254 158 272 133
417 39 427 38
92 314 95 324
66 150 76 147
307 146 324 127
122 479 124 469
51 403 66 402
316 397 318 415
412 102 427 99
256 36 268 37
301 188 333 160
84 342 101 344
495 87 507 75
250 55 257 70
217 342 232 327
635 308 638 336
449 250 470 256
432 23 442 17
452 207 452 180
229 180 240 179
452 370 473 390
585 266 595 263
37 158 64 185
574 130 601 122
406 377 407 355
172 24 174 0
97 454 113 441
72 355 85 355
523 275 545 280
344 186 354 183
506 107 520 93
414 354 424 354
448 45 465 34
621 305 631 305
340 161 351 150
91 244 110 252
376 402 388 403
391 69 411 63
320 224 331 216
309 217 310 227
375 401 388 402
349 148 378 124
627 113 639 110
74 301 132 284
313 38 319 62
585 107 601 96
402 245 413 241
478 329 481 314
74 199 90 192
451 118 464 110
432 390 445 401
183 269 203 270
227 258 238 251
628 131 628 151
441 301 443 288
569 126 569 138
122 409 137 397
331 281 344 264
317 143 341 130
218 80 229 78
537 256 547 264
278 175 296 172
309 182 321 178
399 99 420 91
414 157 414 182
330 180 335 195
270 267 289 255
126 407 137 400
476 16 488 13
126 265 149 258
393 232 413 231
382 65 392 62
409 39 410 52
160 199 176 215
314 381 314 367
284 235 306 219
585 32 595 33
25 276 36 271
586 295 597 296
577 106 589 98
230 242 267 306
21 412 21 399
253 332 269 333
435 115 436 134
334 142 344 132
527 236 533 223
54 211 73 211
174 174 186 182
427 49 456 44
521 205 531 207
181 301 192 301
253 267 267 275
443 439 461 439
70 319 85 313
421 183 433 172
54 414 64 408
104 123 116 123
217 279 217 293
371 174 390 167
77 437 92 433
8 371 35 332
215 1 234 3
90 433 96 419
235 207 254 201
136 129 147 138
337 233 350 236
42 395 58 395
257 294 268 287
313 371 332 362
274 158 288 156
552 247 562 247
0 333 0 321
160 180 173 185
371 76 385 79
13 386 24 375
219 159 237 168
326 20 341 20
62 162 77 158
213 250 235 252
481 335 486 325
488 292 503 286
497 291 513 284
89 93 103 94
75 389 76 370
432 340 436 325
160 178 172 188
430 23 430 7
608 4 622 0
242 36 245 26
129 394 139 394
47 133 61 131
83 242 97 247
611 26 621 18
209 98 222 95
400 62 410 59
487 289 510 289
50 412 63 396
468 424 482 433
453 262 456 251
65 149 65 166
181 286 192 280
232 220 243 231
116 448 127 438
103 383 105 373
51 439 64 434
544 142 546 119
112 426 128 413
3 462 19 453
55 477 73 471
108 293 118 289
463 241 464 252
110 362 128 357
65 477 77 467
104 125 134 141
545 19 546 0
187 140 200 153
481 87 499 84
501 12 513 0
510 56 510 46
615 197 626 197
116 309 130 310
7 236 17 235
26 394 34 380
81 427 95 417
179 156 192 163
440 419 444 440
301 61 312 55
310 48 320 47
618 370 632 370
393 106 412 99
385 420 411 438
69 262 77 252
526 255 543 244
331 242 345 226
513 113 521 94
230 200 244 197
287 113 307 101
44 457 76 456
435 28 447 27
377 303 381 322
570 134 580 131
495 70 515 68
535 312 548 316
292 247 305 252
539 319 539 308
378 319 390 328
470 34 482 33
257 163 279 152
461 437 461 427
149 116 161 116
204 298 220 306
145 220 165 219
81 28 84 43
609 278 620 279
151 286 167 277
503 268 520 269
188 228 197 243
106 448 133 427
293 149 303 145
20 234 33 240
233 290 248 276
366 96 377 95
302 218 313 218
122 131 133 129
420 292 431 292
519 266 539 260
543 322 557 322
20 210 32 210
549 338 560 335
9 259 30 256
506 91 506 77
571 108 589 97
448 89 461 87
187 135 201 135
217 86 229 84
626 328 639 328
438 352 448 352
345 146 355 144
381 342 394 353
562 257 588 259
409 430 424 436
251 369 272 348
241 160 254 156
600 254 633 261
0 127 10 130
131 391 134 417
464 262 465 277
538 71 548 71
608 282 618 281
119 451 134 438
92 79 100 92
265 202 280 215
88 300 108 298
484 29 490 10
2 416 2 381
123 326 133 319
251 372 269 353
25 247 40 243
342 195 352 195
82 371 106 341
484 274 507 273
308 398 311 386
315 91 315 81
598 16 609 13
85 272 132 287
268 311 278 312
103 412 129 393
45 117 52 130
335 153 343 170
488 159 491 148
89 86 102 97
265 160 271 173
68 379 87 371
574 289 586 291
309 147 320 146
453 115 465 115
168 263 178 271
140 133 150 143
41 136 53 141
203 252 216 258
506 106 518 99
6 410 6 384
266 237 277 240
576 317 589 308
306 133 316 129
256 323 267 315
2 227 2 241
520 318 534 314
288 253 307 256
78 255 91 248
88 274 98 271
74 365 89 356
417 329 420 343
366 84 367 101
261 366 271 355
488 21 493 7
260 125 272 120
310 119 315 133
252 359 263 349
541 289 555 283
273 266 284 273
262 23 273 9
422 6 424 23
54 439 68 425
614 3 638 1
101 314 119 313
213 233 225 233
43 455 53 449
78 295 104 280
538 262 543 274
69 285 91 266
308 258 321 245
456 427 473 425
200 279 209 268
77 204 87 204
13 387 25 375
42 126 48 140
443 152 446 139
228 162 244 155
313 340 318 323
14 62 26 78
356 141 375 134
70 190 80 192
13 388 36 374
417 37 421 26
86 259 112 262
88 349 110 353
77 333 108 331
409 185 421 177
111 311 123 311
10 247 29 236
586 275 589 289
304 124 314 123
18 330 37 306
568 51 573 38
312 385 321 375
623 14 636 2
629 349 639 350
90 413 96 400
591 36 602 33
159 305 176 305
610 224 629 219
260 269 275 280
111 479 122 469
247 318 273 313
435 239 446 239
69 255 69 282
516 262 526 261
0 442 29 437
75 273 87 274
75 402 88 394
533 289 555 289
351 206 367 188
532 62 548 60
11 472 21 465
124 372 134 373
386 324 406 339
380 189 382 177
473 32 477 14
366 259 366 249
238 230 257 231
95 316 116 324
351 436 353 409
507 52 517 50
475 169 475 183
51 399 65 395
464 284 479 286
224 239 234 233
317 36 341 35
593 15 608 6
476 295 488 295
500 114 516 103
275 214 295 216
570 177 571 143
422 170 424 155
76 150 84 160
572 45 588 30
403 268 420 241
375 111 377 121
12 66 22 74
367 362 380 358
89 441 93 430
370 261 371 272
400 35 417 20
56 388 80 379
557 112 557 73
289 87 297 114
105 309 122 302
437 301 461 300
253 277 265 293
529 144 540 143
101 385 113 377
208 207 219 215
566 22 576 20
58 442 69 434
1 232 19 225
111 396 114 407
548 326 559 331
577 126 593 127
380 431 392 440
298 159 310 156
570 227 583 228
49 443 72 439
417 34 420 17
207 292 220 289
233 293 239 303
336 123 344 139
22 367 32 366
454 321 466 322
441 279 441 298
354 139 357 126
336 224 350 199
451 395 465 396
152 210 165 211
27 95 40 94
63 475 73 473
8 376 18 372
366 285 369 295
248 272 267 287
467 96 470 81
172 269 187 260
136 263 143 250
469 10 479 0
625 202 636 201
397 381 400 398
211 303 229 289
262 9 283 12
628 354 639 354
233 280 259 299
97 293 113 296
400 110 402 121
472 382 484 379
213 208 230 222
81 389 83 367
294 171 314 169
627 71 637 64
0 125 10 125
397 2 420 5
438 402 445 390
4 354 22 338
7 329 24 327
626 291 637 293
558 336 572 334
79 455 94 443
82 478 95 465
153 286 188 285
316 309 320 297
119 173 130 173
315 302 325 295
559 314 569 316
20 344 35 338
396 330 398 319
191 161 202 156
12 476 36 444
204 316 222 314
392 276 405 298
521 207 542 207
331 29 342 29
531 253 544 255
346 103 359 102
25 451 36 449
244 285 244 299
528 273 535 262
317 382 331 385
390 132 394 122
285 217 296 218
8 458 16 445
573 19 592 13
474 323 490 331
90 426 100 419
568 403 580 403
25 392 36 383
266 155 269 167
381 138 385 127
438 153 449 151
541 264 553 258
447 383 454 394
186 258 201 252
405 437 409 423
432 358 447 357
29 443 30 463
123 440 127 453
77 177 106 208
392 397 395 387
337 165 347 156
220 235 237 235
260 270 278 270
260 52 283 7
347 163 362 152
122 403 133 396
115 210 115 220
436 305 442 321
384 121 403 123
11 67 22 75
291 184 307 182
540 315 552 319
313 88 328 82
1 333 1 321
524 325 535 326
456 410 476 411
94 336 110 316
120 213 130 208
115 370 133 320
8 274 25 273
91 458 95 447
463 260 486 265
512 294 545 290
450 370 454 383
404 92 410 81
406 118 417 119
571 285 608 295
480 92 496 77
137 325 142 309
232 33 248 33
590 324 603 324
9 266 10 245
278 178 288 182
367 183 373 195
73 254 90 250
483 46 489 34
254 360 267 348
488 100 499 95
59 440 72 431
252 355 263 347
508 205 508 184
280 268 304 284
541 272 552 275
347 202 351 214
49 441 62 428
582 277 592 279
8 457 20 447
380 155 383 138
76 313 87 317
265 156 280 151
317 50 331 32
431 7 441 0
0 475 10 472
379 155 384 143
4 409 19 405
397 411 400 399
14 250 29 247
120 413 132 406
236 211 247 211
274 13 286 14
449 320 464 320
329 400 329 382
124 256 134 261
335 140 347 132
264 389 276 391
259 138 276 137
374 391 374 379
241 311 256 301
88 459 99 450
424 316 436 312
184 242 195 239
522 56 531 40
415 84 429 81
261 31 262 21
601 263 611 260
359 233 373 222
629 205 639 205
505 263 524 255
284 131 299 135
393 349 396 334
537 345 556 350
262 309 276 298
278 180 288 178
235 164 247 160
43 116 54 116
208 274 218 262
508 303 516 291
223 241 239 240
250 70 259 55
279 201 284 212
400 50 401 35
449 257 460 259
572 257 582 261
360 72 379 55
126 479 136 467
74 23 85 34
536 128 547 120
615 318 625 320
70 380 91 363
521 206 521 186
590 310 604 310
298 329 310 331
119 413 136 402
394 416 396 400
548 225 560 225
16 398 28 386
156 225 157 236
108 294 120 290
44 397 54 397
119 266 120 282
386 150 398 143
116 361 126 355
177 274 201 261
326 414 327 429
161 230 161 207
261 278 278 267
29 250 39 247
179 261 192 261
0 295 14 297
419 331 423 344
243 242 256 242
16 330 35 307
403 362 407 346
226 293 237 306
74 17 82 27
318 446 318 427
76 258 87 256
22 315 35 316
13 390 34 390
398 418 409 422
157 305 160 292
250 375 266 368
10 302 23 296
580 260 593 262
93 333 106 337
386 12 400 10
388 309 398 316
404 392 409 410
521 312 535 316
450 438 456 425
131 258 141 255
527 350 537 356
600 50 610 46
248 315 260 303
512 290 523 294
86 289 97 292
0 399 0 389
375 156 375 146
20 236 30 236
589 86 600 83
78 267 89 261
228 49 235 25
616 232 628 232
380 181 393 167
401 14 401 1
354 155 356 166
439 397 449 401
412 303 439 324
98 468 115 461
594 316 608 319
419 314 419 303
426 122 426 109
171 36 172 25
80 359 92 361
230 320 240 321
317 216 327 220
33 349 35 334
240 53 253 57
372 113 384 106
127 445 137 442
530 48 545 36
5 241 16 241
234 266 244 261
89 56 90 68
477 69 492 64
271 179 281 172
163 276 174 270
107 130 108 120
93 296 95 283
296 227 307 219
449 259 471 268
54 410 66 400
252 286 264 280
345 224 355 214
478 47 480 67
351 128 364 122
315 170 326 165
78 248 90 248
427 282 430 298
361 219 373 207
585 14 595 11
325 169 336 168
261 363 276 348
119 418 131 416
350 357 362 362
597 231 616 224
480 379 495 379
596 72 607 68
512 256 523 258
306 262 320 248
479 260 495 263
421 314 423 300
405 96 420 88
456 423 466 428
73 371 83 364
514 119 524 117
568 104 579 97
43 173 53 170
627 256 639 258
357 228 368 219
52 432 68 418
511 295 526 298
118 368 129 336
134 296 144 292
432 373 444 370
14 59 21 70
390 168 390 157
262 10 270 27
119 434 120 446
376 21 387 13
547 265 562 249
304 165 314 166
340 266 341 245
124 271 124 283
204 267 216 265
161 281 171 284
137 245 147 241
340 222 353 209
455 292 467 294
75 288 94 281
74 236 86 229
265 20 271 4
406 84 415 73
22 310 23 294
482 262 497 265
331 314 342 325
252 278 262 269
394 336 396 326
484 61 497 58
112 304 114 323
446 318 446 305
517 265 524 253
337 292 337 304
64 389 80 389
140 347 142 362
374 76 391 71
477 278 491 281
148 250 160 250
255 284 265 277
82 404 89 385
200 275 219 266
204 160 218 159
43 403 54 402
245 278 255 278
418 50 440 46
104 289 104 276
531 69 545 70
106 194 106 175
310 174 323 171
365 113 383 105
428 391 443 402
341 22 342 33
161 187 172 183
210 153 223 152
26 397 36 379
308 307 321 297
535 260 547 262
569 93 585 91
128 241 138 239
480 324 480 335
126 436 137 427
291 176 301 174
599 321 610 325
82 386 91 373
207 268 219 279
449 261 449 246
469 266 474 254
91 334 113 332
82 316 84 305
425 13 438 4
102 430 114 422
