8.03512 0.00245333 0.563539 106.97
11.3951 -0.0385873 -0.529351 186.902
0.0160608 275.285 19.012 274.214
0.000353575 278.858 98.0022 279.103
106.956 285.066 105.863 300.991
105.992 302.002 240.999 303.145
240.987 313.669 255.982 313.956
256.974 349 256.51 264.003
263.293 257.092 264.298 243.021
256.024 284.606 197.995 281.088
108 286.957 238 286.935
239.067 288.021 238.79 302.016
217.426 283.014 215.614 207.009
216.034 205.985 179.009 204.73
178.319 204.979 175.805 285.963
201.78 -0.0031631 197.756 279.996
183.996 14.06 215.993 16.1045
184.033 51.9995 183.307 -0.00428271
183.904 52.6136 197.052 54.6653
198.652 -0.00481558 194.734 282.996
217.19 16.0846 218.332 0.0235739
240.779 284.005 240.443 209.002
242.003 206.892 256.019 207.242
257.447 208.951 255.759 227.979
256.019 228.758 242.003 229.108
0.000214696 282.936 94.0025 283.25
96.3848 285.013 95.7103 304.99
-7.16448e-05 306.706 78.0002 306.687
-0.00137597 328.125 75 328.007
75.9827 333.156 38.0062 332.587
37.9314 334.946 6.0268 332.631
11.0382 380.213 48.0015 379.049
0 387 40 387
4.99326 388.636 44.9994 389.06
0.000730991 392.936 88.9891 393.953
78.9998 392.197 191 392.168
200.009 392.366 240.988 392.92
242.985 391 243.14 376.001
238.216 374.985 237.902 390.998
0.00547934 403.401 262.997 399.811
0 465 16 465
1.9 354 1.9 373
2.02448 373.801 36.9918 372.733
38.6251 373.029 39.3246 333.988
17.1935 373.045 18.654 334.024
2.03302 414.472 474.02 403.888
463.006 403.138 639.015 395.332
3.85955 198.989 2.14045 221.011
24.9876 309.723 77.0066 310.616
76.9997 313.059 37.0008 312.843
0.00298786 419.136 155.994 415.717
14.1474 13.9535 6.68052 150.928
27.8922 141.969 25.6539 222.963
28.3435 152.027 32.2077 103.016
31.9348 101.571 49.9885 100.748
56.8706 -0.00687742 42.2004 275.957
73.9741 57.5262 36.9653 55.7054
75.9991 46.1176 60 46
39.0231 44.769 52.9835 46.165
68.0001 228.853 28.0002 228.814
66.4183 277.974 76.2278 57.0545
74.0224 102.375 45.9868 101.368
60.1091 0.0058229 45.2732 278.015
70.0075 188.167 28.0019 187.787
20.5453 9.02936 16.4007 86.0216
16.9907 464.717 141.986 460.585
142.012 463.356 0.00121498 468.037
21.1525 126.002 21.9661 67.9995
21 228 21 214
21.2995 276.964 23.7447 229.987
0.00292253 297.541 75.9998 298.025
21.5419 334.015 20.8282 359.995
0.0045948 436.195 258.003 430.128
24.6007 275.038 27.9086 223.058
42.026 361.962 43.1138 334.004
-0.00409651 421.685 88.007 420.539
32.2986 0.0201201 25.5634 99.9706
30.9941 100.934 33.9235 55.995
31.9299 140.996 29.5498 185.976
31.8595 147.985 36.8622 102.094
45.9977 184.897 30.983 185.228
37.9234 48.9947 34.4142 99.9597
48 143 34 143
34.4311 350.031 35.4362 335.96
8.10623e-05 400.006 258.01 396.774
37.9632 18.9972 35.9691 44.9207
36.3503 17.9567 37.5494 -0.0300419
39.0243 18.4846 76.9871 20.273
79.6154 -0.0240049 76.8057 44.9879
41.2091 0.0174761 39.7909 16.9825
0.0129471 433.421 434.033 420.072
425.033 419.674 639.009 409.178
48.8807 275.994 51.3768 229.966
53.0211 217.933 67.0156 218.21
53.1431 186.954 55.5563 141.976
55.5751 191.046 53.4249 217.954
65.444 335.033 62.0992 380.007
42.9998 105.087 72.9996 105.163
57.0027 142.892 71.0189 143.242
60.1662 57.954 57.7946 100.933
74 99 59 99
60.3538 364.008 60.9073 339.02
62.837 17.9951 63.3742 -0.0186629
25.0009 408.071 228.007 405.572
59.3682 127.021 59.1084 107.012
51.0017 405.151 269.996 402.661
70.4238 276.02 83.2282 0.010586
73.1371 349.996 72.6278 334.012
77.3058 230.032 80.8105 196.98
74.817 348.988 75.8053 334.053
72.0019 275.164 91.9992 274.931
93.098 275.047 104.77 -0.00976038
85.876 14.9953 84.8141 42.9929
103.428 371.021 104.179 321.018
93.3232 389.022 94.6723 369.045
97.7714 310.995 96.383 368.985
99.211 215.009 97.7431 248.989
100.591 160.978 103.133 113.007
104.814 55.9884 105.086 74.9988
108.012 0.000560284 104.924 65.9964
116.37 -0.0239434 105.616 283.023
110.607 284.083 114.764 203.988
115.002 203.866 151.008 204.294
159.782 61.994 153.66 286.018
154.975 52.2835 141.988 51.1418
140.932 -0.00206232 132.342 282.01
129.376 281.981 138.033 0.00100613
135.985 161.784 151.998 162.098
152.723 162.051 154.355 139.025
153.993 79.0743 140.026 77.7275
114.032 224.981 130.016 225.491
112.923 241.632 128.985 240.726
107.582 304.99 106.429 354.987
112 281 149 281
115.109 161.003 113.688 219.993
104.012 372.748 242.008 370.526
122.308 -0.0311933 114.867 164.994
122.053 10.7686 156.989 12.266
120.034 50.3631 148.009 51.8356
115.934 124.749 132.979 126.244
118.958 84.0656 153.982 85.4508
115.015 206.604 150.002 207.94
129.998 232.897 114.983 233.228
126.95 315.993 127.05 330
130.322 308.009 128.861 359.996
119.14 -0.0068233 118.934 25.9995
132 152.993 117.005 153.257
120.892 333.997 121.242 319.981
135.092 57.7066 121.021 56.7015
138 326.923 163 326.923
139.017 318.475 189.024 316.678
190.003 309.689 140.998 309.227
129.103 188.002 128.772 203.017
133.188 313.006 131.729 359.992
138 353 153 353
140.001 74.9412 154.997 75.1838
154.77 84.9884 156.177 57.0089
144.001 293.61 224.001 293.438
140 314.091 188.998 313.989
153 109 153 122
153.009 282.709 185.008 283.751
155.361 34.0272 154.076 51.081
160 297.006 212 296.918
193.753 331.022 194.413 308.012
167.939 275.998 172.456 97.0115
173.334 278.015 175.564 82.995
177.255 213.983 182.12 4.97951
179.923 87.6318 195.985 86.7264
182.506 208.972 178.536 279.974
178.965 280.793 193.98 281.455
181.125 164.002 180.484 203.992
182.914 87.964 181.652 125.988
183.755 131.947 182.515 160.979
193.983 346.001 194.017 321
189.008 415.32 241.999 413.976
189 307 210 307
196.384 353.027 197.267 308.005
188.012 418.686 235.997 417.844
221.855 332.007 222.068 307.001
202.956 127.539 216.032 128.603
218.723 90.9876 215.497 162.977
217.038 88.4224 192.015 86.7784
199.636 217.038 204.71 132.982
201.17 243.003 200.619 280.009
202.009 80.8087 216.025 81.4595
203.353 88.9811 202.362 123.011
203.653 209.979 201.19 250.012
217.043 55.1836 192.007 53.8658
215.962 70.1657 188.991 69.2821
218.188 8.99523 219.303 52.9923
225.008 304 224.992 342
238.979 321.393 254.995 320.843
239.84 323.001 240.061 362.005
240.833 33.9969 254.939 36.3647
258.454 35.2697 264.962 0.178482
256.225 16.9998 256.37 213
256.017 203.772 241.002 204.103
256.015 178.784 240.002 179.098
239.983 181.772 254.998 182.103
257.084 153.333 242.018 154.286
240.96 156.564 255.031 157.569
256.003 129.982 241 130.02
240.981 132.758 254.997 133.108
255 106 241 106
240.981 108.758 254.997 109.108
256.015 81.784 240.002 82.098
239.971 84.6678 255.029 85.3322
255.957 58.923 242.034 58.2766
239.928 60.6314 254.959 62.3556
241.125 40.9999 241.161 73.9998
240.702 99.9787 241.707 85.9076
241.002 12.8383 256 13.0368
242 255 259 255
257.433 233.025 256.201 254.012
259.618 58.1067 264.96 27.1657
263.087 226.101 265.966 194.997
263.498 192.949 266.417 164.042
263.794 129.996 264.081 115.002
261.859 76.1233 266.32 45.046
258.725 75.9456 261.275 63.0544
255.983 117.792 262.685 84.9358
258.636 145.16 262.481 129.87
259.656 129.93 262.512 115.901
272 343 272 287
291.816 362.002 291.658 344.003
335.042 387.895 466 385.019
450.346 384.991 447.415 273.015
456.394 384.03 448.921 235.004
458.171 207.084 466.098 191.048
360.998 189.082 516.989 193.402
359.805 189.04 360.863 221.005
360.99 221.579 443.998 223.088
444.772 223.017 445.103 208.002
354.011 185.627 639.002 193.923
354.046 182.429 639.006 190.801
429.65 299.897 432.757 258.982
432.875 258.211 448.125 255.789
268.927 288.003 270.273 326.991
270.018 395.32 339.966 391.397
279.993 384.699 265.001 385.051
276.056 404.377 408.007 401.282
282.958 337.76 301.014 338.753
301.474 338.992 300.17 261.997
299.292 261.204 281.794 276.768
281.952 277 282.124 329
249.98 430.537 630.05 414.152
301.886 374.381 323.357 380.809
305.644 180.987 306.083 201.998
306.287 13.0306 307.143 32.9939
310.051 30.9217 308.639 11.9524
307.332 62.0049 307.486 83.0038
308.463 62.1844 331.878 3.34955
311.631 80.9729 310.73 59.9687
307.882 55.5764 328.952 -0.0182419
308.239 112.995 308.068 138
310.746 110.964 311.89 134.958
310.802 168.01 311.575 183.022
309.594 159.758 332.065 122.039
336.629 106.106 330.442 142.906
331.5 94.0218 330.236 65.0333
330.801 42.2145 334.568 28.152
331.521 142.933 333.463 157.94
334.163 165.118 310.567 197.686
307.231 197.437 331.003 165.002
308.514 217.592 334.103 187.087
334.244 196.993 335.041 223.969
337 230 315 252
308.633 251.589 328.692 233.656
308.749 289.005 309.704 340.987
308.147 358.128 309.828 343.093
307.01 110.542 331.067 58.5682
312.366 287.947 315.06 356.998
308.231 33.7277 320.151 0.0534286
309.235 83.6645 330.817 34.4809
309.026 92.0113 329.91 42.9619
313.683 136.833 332.662 100.822
313.975 159.062 315.128 177.992
313.892 27.9669 321.156 4.35577
308.644 139.808 331.143 98.077
309.834 281.737 334.923 265.878
337.15 266.997 338.777 348.004
316.991 412.734 432.993 408.788
319.336 154.984 320.404 177.029
321.002 415.057 400.01 412.292
323.766 109.998 323.948 90.0086
313 253 330 236
322.464 246.967 324.121 270.063
326.751 80.9822 327.249 102.018
334.4 50.9911 335.159 84.9741
339 234 339 263
365.022 369.091 468 367.019
358.155 370.956 357.429 352.022
358.986 348.966 447.997 347.79
340.758 366.019 341.108 352.003
342.914 351.001 343.186 370.012
348.145 -0.00598335 349.303 27.9875
350.996 30.0553 638.981 51.2579
351.893 151.004 352.051 116
352.025 115.489 638.982 129.366
350.974 349.997 351.026 370
350.354 41.001 350.431 91.0009
351.965 93.6365 639.022 109.613
351.072 50.9231 638.989 70.1675
351.065 54.0178 638.993 73.1002
353.101 55.9963 354.31 88.9886
353.919 90.4499 639.029 106.477
353.016 118.674 638.985 132.308
353.977 159.618 638.989 170.303
353.313 184.992 354.354 226.016
356.001 227.944 443.996 230.146
354.863 0.00261402 355.304 23.0133
355.923 24.0983 463.026 31.6324
460.047 3.32754 416.978 0.310596
353.074 26.9957 638.995 48.0617
354.59 120.012 355.577 155.012
355.946 156.436 638.995 167.146
356.317 58.9892 357.269 86.9909
356.121 57.233 491.037 66.461
491.44 66.9771 492.843 93.9562
465.089 65.9884 467.821 87.0232
356.983 87.3031 471.026 93.5321
366.057 129.352 433.012 131.66
433.83 131.99 434.079 152.999
433.996 153.206 419.001 152.919
410.077 155 410.077 130
382.546 129.969 383.933 154.004
356.656 187.006 357.233 222.013
358.982 225.005 639 229.981
445.3 216.997 446.004 291
357.002 262.776 431.005 263.517
355.405 265.026 359.151 350.037
359 308.037 497.002 307.549
358.985 114.99 359.14 99.9911
358.061 121.656 475.001 126.98
486.881 150.904 484.494 128.946
359.186 132.988 358.914 151.999
357.998 311.799 447 312.046
365.082 277.488 379.043 279.732
392.187 304.66 414.791 298.262
414.964 299.119 436.77 305.756
358.989 124.266 482.974 129.595
366.73 315.008 367.683 348.009
371.091 348.035 369.745 313.048
379.108 13.9973 378.758 -0.0189466
378.588 82.0155 377.761 60.009
380.01 143.16 359.965 144.461
380.814 60.0025 381.186 88.0108
380.982 283.453 427.999 282.912
399.772 282.983 400.103 297.998
401.935 298.792 425.774 291.283
382.778 190.987 383.286 220.995
380.995 287.167 425 286.919
380.98 374.236 439.992 372.698
384.745 191.013 386.189 219.991
384.112 267.145 386.549 282.074
373.986 143.687 401.022 142.509
395.804 301.625 379.81 296.607
370.003 279.147 428 278.985
390 391 412 391
400.495 324.951 401.057 341.965
401.732 7.95165 402.924 26.005
402.758 313.011 404.212 344.99
404.836 6.00192 405.069 25.9992
405.285 80.9839 404.214 61.988
406.996 3.11659 440.961 4.21356
427.391 5.98412 428.245 26.9901
406.72 62.0147 408.138 88.9928
409.906 192.004 411.192 220.991
411.005 205.783 424.998 206.083
412.786 313.005 413.5 347.01
413.003 401.036 427.975 399.715
404.005 391.152 449.991 389.706
425 355 446 355
426.916 6.17344 452.002 7.97449
452.41 8.03804 450.366 30.034
431.271 27.981 429.871 8.00906
430.177 62.9911 431.538 90.0233
431 357 446 357
433.997 410.943 403.013 412.306
432.857 63.0516 434.074 89.9967
436.989 133.653 458.967 132.958
460.17 133.942 461.312 156.985
480.008 157.77 429.999 156.03
437 135 437 155
436.558 191.973 437.947 221.003
439.251 192.028 440.364 222.024
438.018 398.649 574.023 394.839
444.003 136.964 458.975 138.285
453.046 0.453243 638.981 16.2229
457.213 83.984 455.787 65.016
454.992 223.609 545.003 224.733
521.953 222.882 537.803 216.51
542.29 219.641 556.992 212.982
455.005 287.217 468.998 286.917
500.017 281.377 453.93 283.444
453.205 299.697 472.962 293.873
453.97 302.907 468.993 297.98
454.573 207.27 461.245 193.116
457.962 323.824 472.024 324.466
435.999 311.849 639.009 309.884
457 329 472 329
457.022 407.657 483.992 406.771
458.335 65.0417 460.025 91.9985
461.002 5.95018 500.989 7.32449
501.814 7.02494 500.896 36.9662
489.194 8.99538 489.766 33.0056
463.99 151.343 483.001 151.057
467.128 222.993 465.719 198.016
482.019 78.2421 468.003 77.8917
482 263.834 452 263.917
467.994 391.164 585.996 391.793
574.993 390.856 621.985 388.672
546.015 380.87 585.003 380.179
478.032 15.6796 462.981 14.1966
458.025 395.791 486.965 394.876
450.999 230.033 638.996 233.205
491.985 305.059 468.975 299.097
477.975 443.595 635.002 434.026
635.047 436.777 476.02 446.331
487.056 0.350109 638.964 13.4163
491.17 222.992 489.777 195.011
521.641 340.007 522.128 364.998
504.002 389.163 543 389.087
551.839 12.9304 554.076 39.9107
486.011 129.738 537.008 131.801
536.627 134.045 539.752 160.03
507.965 405.208 486.008 406.184
569.617 72.9608 571.269 98.9829
570.971 99.4778 639.026 103.566
511.014 80.5583 528.996 81.1262
532.716 96.9589 531.281 71.9838
510.021 82.7665 525.985 84.1751
518.98 375.8 539.975 373.749
525.178 363.011 524.918 343.001
528.067 341.929 529.327 360.978
527.022 223.075 551.051 216.178
537.117 449.428 552.104 452.492
536.989 296.844 570.966 294.504
579.124 298.543 612.739 290.86
565.204 343.981 563.796 329.019
532.995 461.948 551.005 460.052
555.036 307.045 626.014 305.787
558.704 161.025 556.048 128.996
561.942 160.916 559.266 130.887
546.992 316.897 572.991 314.882
535.948 388.023 638.974 382.505
565.513 14.9554 567.606 39.0342
567.949 39.6825 608.022 42.7055
559.801 99.1867 557.602 85.062
560.039 131.239 638.985 135.287
530.005 193.811 639.011 196.562
639.003 264.432 546 264.013
560.392 362.992 560.079 347.018
550.037 69.5109 638.982 76.2402
564.094 159.993 562.044 132.07
563.96 161.023 639.001 163.975
549.09 216.247 581.196 204.537
564.991 225.457 639.003 226.863
566.022 12.7392 639.005 18.9388
569.082 223.995 567.727 200.957
568.78 273.042 572.969 295.006
562.991 134.184 584.985 135.293
585.658 134.936 588.186 160.982
572.559 13.9478 574.898 39.0095
575.046 14.9956 577.351 38.9663
576.003 281.813 592.999 282.076
571.011 278.694 610.997 280.087
578.744 82.0211 580.145 98.988
580.719 77.0238 582.59 99.0349
591.322 196.049 593.418 225.042
597.881 41.0113 595.5 15.9525
614.96 366.48 638.961 368.474
598.046 16.9956 600.351 40.9663
600.684 50.0566 602.832 100.007
603.653 75.0332 606.042 99.9959
568.006 197.746 635.994 199.261
636.723 198.949 638.355 221.975
605.006 401.143 638.988 399.715
606.897 135.009 609.244 161.979
611.829 162.014 609.642 135.029
612.856 200.014 615.22 224.979
602.005 379.095 631 378.972
608.013 403.295 638.995 401.892
617.499 225.041 615.424 199.965
617.856 18.0136 620.22 42.9791
620.556 19.0492 623.219 43.0865
623.456 341.918 620.786 327.038
623.974 76.0024 626.32 101.971
626.567 76.0404 628.992 102.001
629.817 136.017 632.325 162.97
632.463 136.052 634.95 162.005
